season,date,game_id,play_id,neutral,half,home,away,home_name,away_name,home_timeouts,away_timeouts,home_score,away_score,score_diff,team_id,event_team,game_secs_remaining,half_secs_remaining,play_length,desc,shot_outcome,free_throw,three_pt,shot_desc,loc_x,loc_y,shooter_id,shooter,assist,substitution,poss_before,poss_after,poss_number
2016-17,2016-11-11,1688577,1,0,1,Purdue,McNeese State,Boilermakers,Cowboys,4,4,0,0,0,1490,McNeese State,NA,NA,NA,Starting Lineup - Jamaya Burr,NA,FALSE,FALSE,NA,NA,NA,NA,NA,NA,1,NA,NA,NA
2016-17,2016-11-11,1688577,1,0,1,Purdue,McNeese State,Boilermakers,Cowboys,4,4,0,0,0,1577,Purdue,NA,NA,NA,Starting Lineup - Vincent Edwards,NA,FALSE,FALSE,NA,NA,NA,NA,NA,NA,1,NA,NA,NA
2016-17,2016-11-11,1688577,1,0,1,Purdue,McNeese State,Boilermakers,Cowboys,4,4,0,0,0,1577,Purdue,NA,NA,NA,Starting Lineup - Isaac Haas,NA,FALSE,FALSE,NA,NA,NA,NA,NA,NA,1,NA,NA,NA
2016-17,2016-11-11,1688577,1,0,1,Purdue,McNeese State,Boilermakers,Cowboys,4,4,0,0,0,1577,Purdue,NA,NA,NA,Starting Lineup - Dakota Mathias,NA,FALSE,FALSE,NA,NA,NA,NA,NA,NA,1,NA,NA,NA
2016-17,2016-11-11,1688577,1,0,1,Purdue,McNeese State,Boilermakers,Cowboys,4,4,0,0,0,1577,Purdue,NA,NA,NA,Starting Lineup - P.J. Thompson,NA,FALSE,FALSE,NA,NA,NA,NA,NA,NA,1,NA,NA,NA
2016-17,2016-11-11,1688577,1,0,1,Purdue,McNeese State,Boilermakers,Cowboys,4,4,0,0,0,1490,McNeese State,NA,NA,NA,Starting Lineup - Stephen Ugochukwu,NA,FALSE,FALSE,NA,NA,NA,NA,NA,NA,1,NA,NA,NA
2016-17,2016-11-11,1688577,1,0,1,Purdue,McNeese State,Boilermakers,Cowboys,4,4,0,0,0,1577,Purdue,NA,NA,NA,Starting Lineup - Caleb Swanigan,NA,FALSE,FALSE,NA,NA,NA,NA,NA,NA,1,NA,NA,NA
2016-17,2016-11-11,1688577,1,0,1,Purdue,McNeese State,Boilermakers,Cowboys,4,4,0,0,0,1490,McNeese State,NA,NA,NA,Starting Lineup - James Harvey,NA,FALSE,FALSE,NA,NA,NA,NA,NA,NA,1,NA,NA,NA
2016-17,2016-11-11,1688577,1,0,1,Purdue,McNeese State,Boilermakers,Cowboys,4,4,0,0,0,1490,McNeese State,NA,NA,NA,Starting Lineup - Jarren Greenwood,NA,FALSE,FALSE,NA,NA,NA,NA,NA,NA,1,NA,NA,NA
2016-17,2016-11-11,1688577,1,0,1,Purdue,McNeese State,Boilermakers,Cowboys,4,4,0,0,0,1490,McNeese State,NA,NA,NA,Starting Lineup - Howard Thomas,NA,FALSE,FALSE,NA,NA,NA,NA,NA,NA,1,NA,NA,NA
2016-17,2016-11-11,1688577,2,0,1,Purdue,McNeese State,Boilermakers,Cowboys,4,4,0,0,0,NA,NA,2400,1200,NA,Start of the 1st Half,NA,FALSE,FALSE,NA,NA,NA,NA,NA,NA,0,NA,McNeese State,1
2016-17,2016-11-11,1688577,4,0,1,Purdue,McNeese State,Boilermakers,Cowboys,4,4,0,0,0,1490,McNeese State,2389,1189,11,James Harvey misses a 3-point jump shot from 25 feet out.,missed,FALSE,TRUE,Jump Shot,16.9,28.65,896265,James Harvey,NA,0,McNeese State,McNeese State,1
2016-17,2016-11-11,1688577,5,0,1,Purdue,McNeese State,Boilermakers,Cowboys,4,4,0,0,0,1490,McNeese State,2389,1189,0,Howard Thomas with an offensive rebound.,NA,FALSE,FALSE,NA,NA,NA,NA,NA,NA,0,McNeese State,McNeese State,1
2016-17,2016-11-11,1688577,6,0,1,Purdue,McNeese State,Boilermakers,Cowboys,4,4,0,0,0,1490,McNeese State,2374,1174,15,Stephen Ugochukwu misses a layup.,missed,FALSE,FALSE,Layup Shot,25,5.25,851963,Stephen Ugochukwu,NA,0,McNeese State,McNeese State,1
2016-17,2016-11-11,1688577,7,0,1,Purdue,McNeese State,Boilermakers,Cowboys,4,4,0,0,0,1490,McNeese State,2374,1174,0,Howard Thomas with an offensive rebound.,NA,FALSE,FALSE,NA,NA,NA,NA,NA,NA,0,McNeese State,McNeese State,1
2016-17,2016-11-11,1688577,9,0,1,Purdue,McNeese State,Boilermakers,Cowboys,4,4,0,2,-2,1490,McNeese State,2350,1150,24,Howard Thomas makes a jump shot from 14 feet out. Jacob Ledoux with the assist.,made,FALSE,FALSE,Jump Shot,11,10.25,956807,Howard Thomas,Jacob Ledoux,0,McNeese State,Purdue,1
2016-17,2016-11-11,1688577,10,0,1,Purdue,McNeese State,Boilermakers,Cowboys,4,4,0,2,-2,1490,McNeese State,2348,1148,2,Personal foul committed by Stephen Ugochukwu.,NA,FALSE,FALSE,NA,NA,NA,NA,NA,NA,0,Purdue,Purdue,2
2016-17,2016-11-11,1688577,11,0,1,Purdue,McNeese State,Boilermakers,Cowboys,4,4,0,2,-2,1490,McNeese State,2348,1148,0,Personal foul committed by James Harvey.,NA,FALSE,FALSE,NA,NA,NA,NA,NA,NA,0,Purdue,Purdue,2
2016-17,2016-11-11,1688577,12,0,1,Purdue,McNeese State,Boilermakers,Cowboys,4,4,1,2,-1,1577,Purdue,2348,1148,0,Isaac Haas makes free throw 1 of 2.,made,TRUE,FALSE,NA,NA,NA,NA,NA,NA,0,Purdue,Purdue,2
2016-17,2016-11-11,1688577,13,0,1,Purdue,McNeese State,Boilermakers,Cowboys,4,4,2,2,0,1577,Purdue,2348,1148,0,Isaac Haas makes free throw 2 of 2.,made,TRUE,FALSE,NA,NA,NA,NA,NA,NA,0,Purdue,McNeese State,2
2016-17,2016-11-11,1688577,15,0,1,Purdue,McNeese State,Boilermakers,Cowboys,4,4,2,5,-3,1490,McNeese State,2331,1131,17,Jarren Greenwood makes a 3-point jump shot from 22 feet out.,made,FALSE,TRUE,Jump Shot,12.5,23.55,896268,Jarren Greenwood,NA,0,McNeese State,Purdue,3
2016-17,2016-11-11,1688577,16,0,1,Purdue,McNeese State,Boilermakers,Cowboys,4,4,2,5,-3,1577,Purdue,2322,1122,9,Isaac Haas misses a jump shot from 16 feet out.,missed,FALSE,FALSE,Jump Shot,12.5,15.549999999999997,844085,Isaac Haas,NA,0,Purdue,Purdue,4
2016-17,2016-11-11,1688577,17,0,1,Purdue,McNeese State,Boilermakers,Cowboys,4,4,2,5,-3,1490,McNeese State,2322,1122,0,Howard Thomas with a defensive rebound.,NA,FALSE,FALSE,NA,NA,NA,NA,NA,NA,0,Purdue,McNeese State,4
2016-17,2016-11-11,1688577,18,0,1,Purdue,McNeese State,Boilermakers,Cowboys,4,4,2,5,-3,1490,McNeese State,2312,1112,10,Howard Thomas misses a jump shot from 17 feet out.,missed,FALSE,FALSE,Jump Shot,25.3,22.65,956807,Howard Thomas,NA,0,McNeese State,McNeese State,5
2016-17,2016-11-11,1688577,19,0,1,Purdue,McNeese State,Boilermakers,Cowboys,4,4,2,5,-3,1577,Purdue,2312,1112,0,Dakota Mathias with a defensive rebound.,NA,FALSE,FALSE,NA,NA,NA,NA,NA,NA,0,McNeese State,Purdue,5
2016-17,2016-11-11,1688577,20,0,1,Purdue,McNeese State,Boilermakers,Cowboys,4,4,4,5,-1,1577,Purdue,2300,1100,12,Isaac Haas makes a layup. Vincent Edwards with the assist.,made,FALSE,FALSE,Layup Shot,26,6.25,844085,Isaac Haas,Vincent Edwards,0,Purdue,McNeese State,6
2016-17,2016-11-11,1688577,21,0,1,Purdue,McNeese State,Boilermakers,Cowboys,4,4,4,5,-1,1490,McNeese State,2276,1076,24,Jamaya Burr misses a jump shot from 17 feet out.,missed,FALSE,FALSE,Jump Shot,17.3,20.15,794040,Jamaya Burr,NA,0,McNeese State,McNeese State,7
2016-17,2016-11-11,1688577,22,0,1,Purdue,McNeese State,Boilermakers,Cowboys,4,4,4,5,-1,1577,Purdue,2276,1076,0,Isaac Haas with a defensive rebound.,NA,FALSE,FALSE,NA,NA,NA,NA,NA,NA,0,McNeese State,Purdue,7
2016-17,2016-11-11,1688577,24,0,1,Purdue,McNeese State,Boilermakers,Cowboys,4,4,4,5,-1,1577,Purdue,2265,1065,11,Vincent Edwards with a turnover - Lost Ball,NA,FALSE,FALSE,NA,NA,NA,NA,NA,NA,0,Purdue,McNeese State,8
2016-17,2016-11-11,1688577,26,0,1,Purdue,McNeese State,Boilermakers,Cowboys,4,4,4,5,-1,1490,McNeese State,2247,1047,18,Howard Thomas misses a jump shot from 12 feet out.,missed,FALSE,FALSE,Jump Shot,36.5,8.75,956807,Howard Thomas,NA,0,McNeese State,McNeese State,9
2016-17,2016-11-11,1688577,27,0,1,Purdue,McNeese State,Boilermakers,Cowboys,4,4,4,5,-1,1577,Purdue,2247,1047,0,Caleb Swanigan with a defensive rebound.,NA,FALSE,FALSE,NA,NA,NA,NA,NA,NA,0,McNeese State,Purdue,9
2016-17,2016-11-11,1688577,28,0,1,Purdue,McNeese State,Boilermakers,Cowboys,4,4,4,5,-1,1577,Purdue,2233,1033,14,Vincent Edwards misses a 3-point jump shot from 24 feet out.,missed,FALSE,TRUE,Jump Shot,12.299999999999997,26.049999999999997,844084,Vincent Edwards,NA,0,Purdue,Purdue,10
2016-17,2016-11-11,1688577,29,0,1,Purdue,McNeese State,Boilermakers,Cowboys,4,4,4,5,-1,1490,McNeese State,2233,1033,0,Jarren Greenwood with a defensive rebound.,NA,FALSE,FALSE,NA,NA,NA,NA,NA,NA,0,Purdue,McNeese State,10
2016-17,2016-11-11,1688577,31,0,1,Purdue,McNeese State,Boilermakers,Cowboys,4,4,4,5,-1,1490,McNeese State,2222,1022,11,James Harvey misses a jump shot from 15 feet out.,missed,FALSE,FALSE,Jump Shot,13,13.25,896265,James Harvey,NA,0,McNeese State,McNeese State,11
2016-17,2016-11-11,1688577,32,0,1,Purdue,McNeese State,Boilermakers,Cowboys,4,4,4,5,-1,1577,Purdue,2222,1022,0,P.J. Thompson with a defensive rebound.,NA,FALSE,FALSE,NA,NA,NA,NA,NA,NA,0,McNeese State,Purdue,11
2016-17,2016-11-11,1688577,41,0,1,Purdue,McNeese State,Boilermakers,Cowboys,4,4,6,5,1,1577,Purdue,2206,1006,16,Vincent Edwards makes a jump shot from 16 feet out.,made,FALSE,FALSE,Jump Shot,10.100000000000001,10.950000000000003,844084,Vincent Edwards,NA,0,Purdue,McNeese State,12
2016-17,2016-11-11,1688577,42,0,1,Purdue,McNeese State,Boilermakers,Cowboys,4,4,6,5,1,1490,McNeese State,2197,997,9,Stephen Ugochukwu misses a jump shot from 10 feet out.,missed,FALSE,FALSE,Jump Shot,17.3,11.75,851963,Stephen Ugochukwu,NA,0,McNeese State,McNeese State,13
2016-17,2016-11-11,1688577,43,0,1,Purdue,McNeese State,Boilermakers,Cowboys,4,4,6,5,1,1577,Purdue,2197,997,0,Caleb Swanigan with a defensive rebound.,NA,FALSE,FALSE,NA,NA,NA,NA,NA,NA,0,McNeese State,Purdue,13
2016-17,2016-11-11,1688577,50,0,1,Purdue,McNeese State,Boilermakers,Cowboys,4,4,6,5,1,1490,McNeese State,2191,991,6,Personal foul committed by Stephen Ugochukwu.,NA,FALSE,FALSE,NA,NA,NA,NA,NA,NA,0,Purdue,Purdue,14
2016-17,2016-11-11,1688577,54,0,1,Purdue,McNeese State,Boilermakers,Cowboys,4,4,6,5,1,1577,Purdue,2181,981,10,P.J. Thompson misses a 3-point jump shot from 25 feet out.,missed,FALSE,TRUE,Jump Shot,15.200000000000003,27.75,844102,P.J. Thompson,NA,0,Purdue,Purdue,14
2016-17,2016-11-11,1688577,55,0,1,Purdue,McNeese State,Boilermakers,Cowboys,4,4,6,5,1,1577,Purdue,2181,981,0,Caleb Swanigan with an offensive rebound.,NA,FALSE,FALSE,NA,NA,NA,NA,NA,NA,0,Purdue,Purdue,14
2016-17,2016-11-11,1688577,56,0,1,Purdue,McNeese State,Boilermakers,Cowboys,4,4,6,5,1,1577,Purdue,2181,981,0,Howard Thomas blocks a P.J. Thompson jump shot from 12 feet out.,missed,FALSE,FALSE,Jump Shot,16,13.25,844102,P.J. Thompson,NA,0,Purdue,Purdue,14
2016-17,2016-11-11,1688577,56.5,0,1,Purdue,McNeese State,Boilermakers,Cowboys,4,4,6,5,1,1490,McNeese State,2181,981,0,Howard Thomas with a defensive rebound.,NA,FALSE,FALSE,NA,NA,NA,NA,NA,NA,0,Purdue,McNeese State,14
2016-17,2016-11-11,1688577,57,0,1,Purdue,McNeese State,Boilermakers,Cowboys,4,4,6,8,-2,1490,McNeese State,2161,961,20,James Harvey makes a 3-point jump shot from 24 feet out. Jamaya Burr with the assist.,made,FALSE,TRUE,Jump Shot,24,29.25,896265,James Harvey,Jamaya Burr,0,McNeese State,Purdue,15
2016-17,2016-11-11,1688577,59,0,1,Purdue,McNeese State,Boilermakers,Cowboys,4,4,6,8,-2,1577,Purdue,2161,961,0,Vincent Edwards with a turnover - Lost Ball,NA,FALSE,FALSE,NA,NA,NA,NA,NA,NA,0,Purdue,McNeese State,16
2016-17,2016-11-11,1688577,61,0,1,Purdue,McNeese State,Boilermakers,Cowboys,4,4,6,8,-2,1490,McNeese State,2153,953,8,Isaac Haas steals the ball from Adrian Brown.,NA,FALSE,FALSE,NA,NA,NA,NA,NA,NA,0,McNeese State,Purdue,17
2016-17,2016-11-11,1688577,62,0,1,Purdue,McNeese State,Boilermakers,Cowboys,4,4,6,8,-2,1577,Purdue,2134,934,19,Caleb Swanigan misses a jump shot from 16 feet out.,missed,FALSE,FALSE,Jump Shot,15.100000000000001,18.25,882772,Caleb Swanigan,NA,0,Purdue,Purdue,18
2016-17,2016-11-11,1688577,63,0,1,Purdue,McNeese State,Boilermakers,Cowboys,4,4,6,8,-2,1490,McNeese State,2134,934,0,Adrian Brown with a defensive rebound.,NA,FALSE,FALSE,NA,NA,NA,NA,NA,NA,0,Purdue,McNeese State,18
2016-17,2016-11-11,1688577,65,0,1,Purdue,McNeese State,Boilermakers,Cowboys,4,4,6,8,-2,1490,McNeese State,2125,925,9,Jamaya Burr misses a layup.,missed,FALSE,FALSE,Layup Shot,25,5.25,794040,Jamaya Burr,NA,0,McNeese State,McNeese State,19
2016-17,2016-11-11,1688577,79,0,1,Purdue,McNeese State,Boilermakers,Cowboys,4,4,6,8,-2,1490,McNeese State,2104,904,21,Jarren Greenwood misses a 3-point jump shot from 24 feet out.,missed,FALSE,TRUE,Jump Shot,8.899999999999999,23.05,896268,Jarren Greenwood,NA,0,McNeese State,McNeese State,19
2016-17,2016-11-11,1688577,80,0,1,Purdue,McNeese State,Boilermakers,Cowboys,4,4,6,8,-2,1577,Purdue,2104,904,0,Vincent Edwards with a defensive rebound.,NA,FALSE,FALSE,NA,NA,NA,NA,NA,NA,0,McNeese State,Purdue,19
2016-17,2016-11-11,1688577,90,0,1,Purdue,McNeese State,Boilermakers,Cowboys,4,4,6,8,-2,1577,Purdue,2068,868,36,Caleb Swanigan with a turnover - Lost Ball,NA,FALSE,FALSE,NA,NA,NA,NA,NA,NA,0,Purdue,McNeese State,20
2016-17,2016-11-11,1688577,92,0,1,Purdue,McNeese State,Boilermakers,Cowboys,4,4,6,10,-4,1490,McNeese State,2045,845,23,Jamaya Burr makes a jump shot from 11 feet out.,made,FALSE,FALSE,Jump Shot,15.4,11.15,794040,Jamaya Burr,NA,0,McNeese State,Purdue,21
2016-17,2016-11-11,1688577,93,0,1,Purdue,McNeese State,Boilermakers,Cowboys,4,4,6,10,-4,1577,Purdue,2032,832,13,Caleb Swanigan misses a 3-point jump shot from 24 feet out.,missed,FALSE,TRUE,Jump Shot,24.9,28.950000000000003,882772,Caleb Swanigan,NA,0,Purdue,Purdue,22
2016-17,2016-11-11,1688577,94,0,1,Purdue,McNeese State,Boilermakers,Cowboys,4,4,6,10,-4,1490,McNeese State,2032,832,0,Jamaya Burr with a defensive rebound.,NA,FALSE,FALSE,NA,NA,NA,NA,NA,NA,0,Purdue,McNeese State,22
2016-17,2016-11-11,1688577,95,0,1,Purdue,McNeese State,Boilermakers,Cowboys,4,4,6,10,-4,1490,McNeese State,2016,816,16,Jarren Greenwood misses a jump shot from 10 feet out.,missed,FALSE,FALSE,Jump Shot,20.2,14.55,896268,Jarren Greenwood,NA,0,McNeese State,McNeese State,23
2016-17,2016-11-11,1688577,96,0,1,Purdue,McNeese State,Boilermakers,Cowboys,4,4,6,10,-4,1577,Purdue,2016,816,0,Vincent Edwards with a defensive rebound.,NA,FALSE,FALSE,NA,NA,NA,NA,NA,NA,0,McNeese State,Purdue,23
2016-17,2016-11-11,1688577,97,0,1,Purdue,McNeese State,Boilermakers,Cowboys,4,4,6,10,-4,1577,Purdue,2007,807,9,Adrian Brown steals the ball from Vincent Edwards.,NA,FALSE,FALSE,NA,NA,NA,NA,NA,NA,0,Purdue,McNeese State,24
2016-17,2016-11-11,1688577,98,0,1,Purdue,McNeese State,Boilermakers,Cowboys,4,4,6,10,-4,1490,McNeese State,2002,802,5,Jamaya Burr misses a layup.,missed,FALSE,FALSE,Layup Shot,25,5.25,794040,Jamaya Burr,NA,0,McNeese State,McNeese State,25
2016-17,2016-11-11,1688577,99,0,1,Purdue,McNeese State,Boilermakers,Cowboys,4,4,6,10,-4,1577,Purdue,2002,802,0,Vincent Edwards with a defensive rebound.,NA,FALSE,FALSE,NA,NA,NA,NA,NA,NA,0,McNeese State,Purdue,25
2016-17,2016-11-11,1688577,104,0,1,Purdue,McNeese State,Boilermakers,Cowboys,4,4,6,10,-4,1577,Purdue,1977,777,25,Caleb Swanigan misses a layup.,missed,FALSE,FALSE,Layup Shot,26,6.25,882772,Caleb Swanigan,NA,0,Purdue,Purdue,26
2016-17,2016-11-11,1688577,105,0,1,Purdue,McNeese State,Boilermakers,Cowboys,4,4,6,10,-4,1490,McNeese State,1977,777,0,Howard Thomas with a defensive rebound.,NA,FALSE,FALSE,NA,NA,NA,NA,NA,NA,0,Purdue,McNeese State,26
2016-17,2016-11-11,1688577,107,0,1,Purdue,McNeese State,Boilermakers,Cowboys,4,4,6,10,-4,1490,McNeese State,1964,764,13,Jamaya Burr with a turnover - Bad Pass,NA,FALSE,FALSE,NA,NA,NA,NA,NA,NA,0,McNeese State,Purdue,27
2016-17,2016-11-11,1688577,109,0,1,Purdue,McNeese State,Boilermakers,Cowboys,4,4,6,10,-4,1577,Purdue,1962,762,2,Carsen Edwards misses a 3-point jump shot from 26 feet out.,missed,FALSE,TRUE,Jump Shot,11.799999999999997,27.049999999999997,945110,Carsen Edwards,NA,0,Purdue,Purdue,28
2016-17,2016-11-11,1688577,110,0,1,Purdue,McNeese State,Boilermakers,Cowboys,4,4,6,10,-4,1577,Purdue,1962,762,0,Caleb Swanigan with an offensive rebound.,NA,FALSE,FALSE,NA,NA,NA,NA,NA,NA,0,Purdue,Purdue,28
2016-17,2016-11-11,1688577,111,0,1,Purdue,McNeese State,Boilermakers,Cowboys,4,4,8,10,-2,1577,Purdue,1951,751,11,Carsen Edwards makes a layup. Caleb Swanigan with the assist.,made,FALSE,FALSE,Layup Shot,25,5.25,945110,Carsen Edwards,Caleb Swanigan,0,Purdue,McNeese State,28
2016-17,2016-11-11,1688577,112,0,1,Purdue,McNeese State,Boilermakers,Cowboys,4,4,8,10,-2,1490,McNeese State,1930,730,21,Adrian Brown misses a jump shot from 15 feet out.,missed,FALSE,FALSE,Jump Shot,12.2,12.45,896270,Adrian Brown,NA,0,McNeese State,McNeese State,29
2016-17,2016-11-11,1688577,113,0,1,Purdue,McNeese State,Boilermakers,Cowboys,4,4,8,10,-2,1577,Purdue,1930,730,0,Spike Albrecht with a defensive rebound.,NA,FALSE,FALSE,NA,NA,NA,NA,NA,NA,0,McNeese State,Purdue,29
2016-17,2016-11-11,1688577,114,0,1,Purdue,McNeese State,Boilermakers,Cowboys,4,4,10,10,0,1577,Purdue,1916,716,14,Caleb Swanigan dunks.,made,FALSE,FALSE,Dunk Shot,25,5.25,882772,Caleb Swanigan,NA,0,Purdue,McNeese State,30
2016-17,2016-11-11,1688577,115,0,1,Purdue,McNeese State,Boilermakers,Cowboys,4,4,10,13,-3,1490,McNeese State,1906,706,10,James Harvey makes a 3-point jump shot from 25 feet out. Jamaya Burr with the assist.,made,FALSE,TRUE,Jump Shot,14.5,27.95,896265,James Harvey,Jamaya Burr,0,McNeese State,Purdue,31
2016-17,2016-11-11,1688577,116,0,1,Purdue,McNeese State,Boilermakers,Cowboys,4,4,13,13,0,1577,Purdue,1888,688,18,Spike Albrecht makes a 3-point jump shot from 23 feet out. Caleb Swanigan with the assist.,made,FALSE,TRUE,Jump Shot,6.700000000000003,19.75,698980,Spike Albrecht,Caleb Swanigan,0,Purdue,McNeese State,32
2016-17,2016-11-11,1688577,118,0,1,Purdue,McNeese State,Boilermakers,Cowboys,4,4,13,15,-2,1490,McNeese State,1869,669,19,James Harvey makes a jump shot from 14 feet out.,made,FALSE,FALSE,Jump Shot,38.5,9.95,896265,James Harvey,NA,0,McNeese State,McNeese State,33
2016-17,2016-11-11,1688577,128,0,1,Purdue,McNeese State,Boilermakers,Cowboys,4,4,13,15,-2,1577,Purdue,1869,669,0,Shooting foul committed by Spike Albrecht.,NA,FALSE,FALSE,NA,NA,NA,NA,NA,NA,0,McNeese State,McNeese State,33
2016-17,2016-11-11,1688577,129,0,1,Purdue,McNeese State,Boilermakers,Cowboys,4,4,13,15,-2,NA,NA,1869,669,0,Official TV timeout.,NA,FALSE,FALSE,NA,NA,NA,NA,NA,NA,0,NA,NA,NA
2016-17,2016-11-11,1688577,130,0,1,Purdue,McNeese State,Boilermakers,Cowboys,4,4,13,16,-3,1490,McNeese State,1869,669,0,James Harvey makes free throw 1 of 1.,made,TRUE,FALSE,NA,NA,NA,NA,NA,NA,0,McNeese State,Purdue,33
2016-17,2016-11-11,1688577,132,0,1,Purdue,McNeese State,Boilermakers,Cowboys,4,4,13,16,-3,1577,Purdue,1853,653,16,Carsen Edwards misses a 3-point jump shot from 25 feet out.,missed,FALSE,TRUE,Jump Shot,8.899999999999999,24.849999999999994,945110,Carsen Edwards,NA,0,Purdue,Purdue,34
2016-17,2016-11-11,1688577,133,0,1,Purdue,McNeese State,Boilermakers,Cowboys,4,4,13,16,-3,1490,McNeese State,1853,653,0,Kalob Ledoux with a defensive rebound.,NA,FALSE,FALSE,NA,NA,NA,NA,NA,NA,0,Purdue,McNeese State,34
2016-17,2016-11-11,1688577,134,0,1,Purdue,McNeese State,Boilermakers,Cowboys,4,4,13,16,-3,1490,McNeese State,1845,645,8,James Harvey misses a jump shot from 13 feet out.,missed,FALSE,FALSE,Jump Shot,38,7.25,896265,James Harvey,NA,0,McNeese State,McNeese State,35
2016-17,2016-11-11,1688577,135,0,1,Purdue,McNeese State,Boilermakers,Cowboys,4,4,13,16,-3,1577,Purdue,1845,645,0,Vincent Edwards with a defensive rebound.,NA,FALSE,FALSE,NA,NA,NA,NA,NA,NA,0,McNeese State,Purdue,35
2016-17,2016-11-11,1688577,149,0,1,Purdue,McNeese State,Boilermakers,Cowboys,4,4,13,16,-3,1490,McNeese State,1834,634,11,Shooting foul committed by Kalob Ledoux.,NA,FALSE,FALSE,NA,NA,NA,NA,NA,NA,0,Purdue,Purdue,36
2016-17,2016-11-11,1688577,150,0,1,Purdue,McNeese State,Boilermakers,Cowboys,4,4,13,16,-3,1577,Purdue,1834,634,0,Carsen Edwards misses free throw 1 of 2.,missed,TRUE,FALSE,NA,NA,NA,NA,NA,NA,0,Purdue,Purdue,36
2016-17,2016-11-11,1688577,152,0,1,Purdue,McNeese State,Boilermakers,Cowboys,4,4,14,16,-2,1577,Purdue,1834,634,0,Carsen Edwards makes free throw 2 of 2.,made,TRUE,FALSE,NA,NA,NA,NA,NA,NA,0,Purdue,McNeese State,36
2016-17,2016-11-11,1688577,154,0,1,Purdue,McNeese State,Boilermakers,Cowboys,4,4,14,19,-5,1490,McNeese State,1819,619,15,Kalob Ledoux makes a 3-point jump shot from 24 feet out. Jarren Greenwood with the assist.,made,FALSE,TRUE,Jump Shot,15.2,27.05,956803,Kalob Ledoux,Jarren Greenwood,0,McNeese State,Purdue,37
2016-17,2016-11-11,1688577,155,0,1,Purdue,McNeese State,Boilermakers,Cowboys,4,4,14,19,-5,1577,Purdue,1802,602,17,Jacob Ledoux steals the ball from Spike Albrecht.,NA,FALSE,FALSE,NA,NA,NA,NA,NA,NA,0,Purdue,McNeese State,38
2016-17,2016-11-11,1688577,158,0,1,Purdue,McNeese State,Boilermakers,Cowboys,4,4,14,19,-5,1490,McNeese State,1793,593,9,Jacob Ledoux misses a jump shot from 13 feet out.,missed,FALSE,FALSE,Jump Shot,14.7,13.65,956805,Jacob Ledoux,NA,0,McNeese State,McNeese State,39
2016-17,2016-11-11,1688577,159,0,1,Purdue,McNeese State,Boilermakers,Cowboys,4,4,14,19,-5,1490,McNeese State,1793,593,0,Jacob Ledoux with an offensive rebound.,NA,FALSE,FALSE,NA,NA,NA,NA,NA,NA,0,McNeese State,McNeese State,39
2016-17,2016-11-11,1688577,160,0,1,Purdue,McNeese State,Boilermakers,Cowboys,4,4,14,19,-5,1490,McNeese State,1782,582,11,Jacob Ledoux misses a jump shot from 15 feet out.,missed,FALSE,FALSE,Jump Shot,12.5,12.65,956805,Jacob Ledoux,NA,0,McNeese State,McNeese State,39
2016-17,2016-11-11,1688577,161,0,1,Purdue,McNeese State,Boilermakers,Cowboys,4,4,14,19,-5,1577,Purdue,1782,582,0,Dakota Mathias with a defensive rebound.,NA,FALSE,FALSE,NA,NA,NA,NA,NA,NA,0,McNeese State,Purdue,39
2016-17,2016-11-11,1688577,162,0,1,Purdue,McNeese State,Boilermakers,Cowboys,4,4,16,19,-3,1577,Purdue,1774,574,8,Vincent Edwards makes a layup.,made,FALSE,FALSE,Layup Shot,26,6.25,844084,Vincent Edwards,NA,0,Purdue,McNeese State,40
2016-17,2016-11-11,1688577,163,0,1,Purdue,McNeese State,Boilermakers,Cowboys,4,4,16,19,-3,1490,McNeese State,1761,561,13,Lance Potier misses a 3-point jump shot from 24 feet out.,missed,FALSE,TRUE,Jump Shot,25.3,29.35,794042,Lance Potier,NA,0,McNeese State,McNeese State,41
2016-17,2016-11-11,1688577,164,0,1,Purdue,McNeese State,Boilermakers,Cowboys,4,4,16,19,-3,1577,Purdue,1761,561,0,Dakota Mathias with a defensive rebound.,NA,FALSE,FALSE,NA,NA,NA,NA,NA,NA,0,McNeese State,Purdue,41
2016-17,2016-11-11,1688577,166,0,1,Purdue,McNeese State,Boilermakers,Cowboys,4,4,16,19,-3,1577,Purdue,1746,546,15,P.J. Thompson misses a 3-point jump shot from 23 feet out.,missed,FALSE,TRUE,Jump Shot,9.600000000000001,21.849999999999994,844102,P.J. Thompson,NA,0,Purdue,Purdue,42
2016-17,2016-11-11,1688577,170,0,1,Purdue,McNeese State,Boilermakers,Cowboys,4,4,16,19,-3,1490,McNeese State,1739,539,7,Personal foul committed by Lance Potier.,NA,FALSE,FALSE,NA,NA,NA,NA,NA,NA,0,Purdue,Purdue,42
2016-17,2016-11-11,1688577,171,0,1,Purdue,McNeese State,Boilermakers,Cowboys,4,4,18,19,-1,1577,Purdue,1739,539,0,Caleb Swanigan makes a jump shot from 15 feet out. P.J. Thompson with the assist.,made,FALSE,FALSE,Jump Shot,11.100000000000001,11.450000000000003,882772,Caleb Swanigan,Thompson,0,Purdue,Purdue,42
2016-17,2016-11-11,1688577,172,0,1,Purdue,McNeese State,Boilermakers,Cowboys,4,4,18,19,-1,1490,McNeese State,1739,539,0,Shooting foul committed by Lance Potier.,NA,FALSE,FALSE,NA,NA,NA,NA,NA,NA,0,Purdue,Purdue,42
2016-17,2016-11-11,1688577,173,0,1,Purdue,McNeese State,Boilermakers,Cowboys,4,4,19,19,0,1577,Purdue,1739,539,0,Caleb Swanigan makes free throw 1 of 1.,made,TRUE,FALSE,NA,NA,NA,NA,NA,NA,0,Purdue,McNeese State,42
2016-17,2016-11-11,1688577,181,0,1,Purdue,McNeese State,Boilermakers,Cowboys,4,4,19,22,-3,1490,McNeese State,1730,530,9,Kalob Ledoux makes a 3-point jump shot from 25 feet out.,made,FALSE,TRUE,Jump Shot,12.2,26.45,956803,Kalob Ledoux,NA,0,McNeese State,Purdue,43
2016-17,2016-11-11,1688577,183,0,1,Purdue,McNeese State,Boilermakers,Cowboys,4,4,19,22,-3,1490,McNeese State,1716,516,14,Personal foul committed by Howard Thomas.,NA,FALSE,FALSE,NA,NA,NA,NA,NA,NA,0,Purdue,Purdue,44
2016-17,2016-11-11,1688577,184,0,1,Purdue,McNeese State,Boilermakers,Cowboys,4,4,20,22,-2,1577,Purdue,1716,516,0,Caleb Swanigan makes free throw 1 of 2.,made,TRUE,FALSE,NA,NA,NA,NA,NA,NA,0,Purdue,Purdue,44
2016-17,2016-11-11,1688577,185,0,1,Purdue,McNeese State,Boilermakers,Cowboys,4,4,20,22,-2,1577,Purdue,1716,516,0,Caleb Swanigan misses free throw 2 of 2.,missed,TRUE,FALSE,NA,NA,NA,NA,NA,NA,0,Purdue,Purdue,44
2016-17,2016-11-11,1688577,186,0,1,Purdue,McNeese State,Boilermakers,Cowboys,4,4,20,22,-2,1577,Purdue,1716,516,0,Vincent Edwards with an offensive rebound.,NA,FALSE,FALSE,NA,NA,NA,NA,NA,NA,0,Purdue,Purdue,44
2016-17,2016-11-11,1688577,188,0,1,Purdue,McNeese State,Boilermakers,Cowboys,4,4,22,22,0,1577,Purdue,1715,515,1,Vincent Edwards makes a jump shot from 13 feet out.,made,FALSE,FALSE,Jump Shot,13,10.450000000000003,844084,Vincent Edwards,NA,0,Purdue,McNeese State,44
2016-17,2016-11-11,1688577,189,0,1,Purdue,McNeese State,Boilermakers,Cowboys,4,4,22,22,0,1490,McNeese State,1699,499,16,Howard Thomas misses a jump shot from 16 feet out.,missed,FALSE,FALSE,Jump Shot,40.4,7.35,956807,Howard Thomas,NA,0,McNeese State,McNeese State,45
2016-17,2016-11-11,1688577,190,0,1,Purdue,McNeese State,Boilermakers,Cowboys,4,4,22,22,0,1577,Purdue,1699,499,0,Caleb Swanigan with a defensive rebound.,NA,FALSE,FALSE,NA,NA,NA,NA,NA,NA,0,McNeese State,Purdue,45
2016-17,2016-11-11,1688577,191,0,1,Purdue,McNeese State,Boilermakers,Cowboys,4,4,24,22,2,1577,Purdue,1692,492,7,Isaac Haas makes a layup. Caleb Swanigan with the assist.,made,FALSE,FALSE,Layup Shot,25,5.25,844085,Isaac Haas,Caleb Swanigan,0,Purdue,McNeese State,46
2016-17,2016-11-11,1688577,198,0,1,Purdue,McNeese State,Boilermakers,Cowboys,4,4,24,22,2,1490,McNeese State,1665,465,27,Kalob Ledoux misses a jump shot from 15 feet out.,missed,FALSE,FALSE,Jump Shot,37.5,14.35,956803,Kalob Ledoux,NA,0,McNeese State,McNeese State,47
2016-17,2016-11-11,1688577,199,0,1,Purdue,McNeese State,Boilermakers,Cowboys,4,4,24,22,2,1577,Purdue,1665,465,0,Caleb Swanigan with a defensive rebound.,NA,FALSE,FALSE,NA,NA,NA,NA,NA,NA,0,McNeese State,Purdue,47
2016-17,2016-11-11,1688577,200,0,1,Purdue,McNeese State,Boilermakers,Cowboys,4,4,24,22,2,1577,Purdue,1655,455,10,P.J. Thompson misses a 3-point jump shot from 25 feet out.,missed,FALSE,TRUE,Jump Shot,9.899999999999999,25.049999999999997,844102,P.J. Thompson,NA,0,Purdue,Purdue,48
2016-17,2016-11-11,1688577,201,0,1,Purdue,McNeese State,Boilermakers,Cowboys,4,4,24,22,2,1577,Purdue,1655,455,0,Caleb Swanigan with an offensive rebound.,NA,FALSE,FALSE,NA,NA,NA,NA,NA,NA,0,Purdue,Purdue,48
2016-17,2016-11-11,1688577,209,0,1,Purdue,McNeese State,Boilermakers,Cowboys,4,4,24,22,2,1490,McNeese State,1651,451,4,Personal foul committed by Howard Thomas.,NA,FALSE,FALSE,NA,NA,NA,NA,NA,NA,0,Purdue,Purdue,48
2016-17,2016-11-11,1688577,210,0,1,Purdue,McNeese State,Boilermakers,Cowboys,4,4,25,22,3,1577,Purdue,1651,451,0,Caleb Swanigan makes free throw 1 of 2.,made,TRUE,FALSE,NA,NA,NA,NA,NA,NA,0,Purdue,Purdue,48
2016-17,2016-11-11,1688577,211,0,1,Purdue,McNeese State,Boilermakers,Cowboys,4,4,26,22,4,1577,Purdue,1651,451,0,Caleb Swanigan makes free throw 2 of 2.,made,TRUE,FALSE,NA,NA,NA,NA,NA,NA,0,Purdue,McNeese State,48
2016-17,2016-11-11,1688577,226,0,1,Purdue,McNeese State,Boilermakers,Cowboys,4,4,26,22,4,1490,McNeese State,1633,433,18,James Harvey misses a 3-point jump shot from 23 feet out.,missed,FALSE,TRUE,Jump Shot,20.5,28.25,896265,James Harvey,NA,0,McNeese State,McNeese State,49
2016-17,2016-11-11,1688577,227,0,1,Purdue,McNeese State,Boilermakers,Cowboys,4,4,26,22,4,1577,Purdue,1633,433,0,P.J. Thompson with a defensive rebound.,NA,FALSE,FALSE,NA,NA,NA,NA,NA,NA,0,McNeese State,Purdue,49
2016-17,2016-11-11,1688577,228,0,1,Purdue,McNeese State,Boilermakers,Cowboys,4,4,26,22,4,1577,Purdue,1625,425,8,Dakota Mathias misses a jump shot from 17 feet out.,missed,FALSE,FALSE,Jump Shot,37.2,16.849999999999994,844097,Dakota Mathias,NA,0,Purdue,Purdue,50
2016-17,2016-11-11,1688577,229,0,1,Purdue,McNeese State,Boilermakers,Cowboys,4,4,26,22,4,1577,Purdue,1625,425,0,Caleb Swanigan with an offensive rebound.,NA,FALSE,FALSE,NA,NA,NA,NA,NA,NA,0,Purdue,Purdue,50
2016-17,2016-11-11,1688577,231,0,1,Purdue,McNeese State,Boilermakers,Cowboys,4,4,26,22,4,1490,McNeese State,1612,412,13,Shooting foul committed by Richard Laku.,NA,FALSE,FALSE,NA,NA,NA,NA,NA,NA,0,Purdue,Purdue,50
2016-17,2016-11-11,1688577,232,0,1,Purdue,McNeese State,Boilermakers,Cowboys,4,4,27,22,5,1577,Purdue,1612,412,0,Caleb Swanigan makes free throw 1 of 2.,made,TRUE,FALSE,NA,NA,NA,NA,NA,NA,0,Purdue,Purdue,50
2016-17,2016-11-11,1688577,233,0,1,Purdue,McNeese State,Boilermakers,Cowboys,4,4,28,22,6,1577,Purdue,1612,412,0,Caleb Swanigan makes free throw 2 of 2.,made,TRUE,FALSE,NA,NA,NA,NA,NA,NA,0,Purdue,McNeese State,50
2016-17,2016-11-11,1688577,235,0,1,Purdue,McNeese State,Boilermakers,Cowboys,4,4,28,22,6,1490,McNeese State,1588,388,24,Isaac Haas blocks a James Harvey 3-point jump shot from 25 feet out.,missed,FALSE,TRUE,Jump Shot,8,23.25,896265,James Harvey,NA,0,McNeese State,McNeese State,51
2016-17,2016-11-11,1688577,236,0,1,Purdue,McNeese State,Boilermakers,Cowboys,4,4,28,22,6,1577,Purdue,1588,388,0,Caleb Swanigan with a defensive rebound.,NA,FALSE,FALSE,NA,NA,NA,NA,NA,NA,0,McNeese State,Purdue,51
2016-17,2016-11-11,1688577,237,0,1,Purdue,McNeese State,Boilermakers,Cowboys,4,4,30,22,8,1577,Purdue,1580,380,8,Dakota Mathias makes a layup. Vincent Edwards with the assist.,made,FALSE,FALSE,Layup Shot,26,6.25,844097,Dakota Mathias,Vincent Edwards,0,Purdue,McNeese State,52
2016-17,2016-11-11,1688577,242,0,1,Purdue,McNeese State,Boilermakers,Cowboys,4,4,30,22,8,1490,McNeese State,1534,334,46,Caleb Swanigan blocks a Howard Thomas jump shot from 16 feet out.,missed,FALSE,FALSE,Jump Shot,11,12.25,956807,Howard Thomas,NA,0,McNeese State,McNeese State,53
2016-17,2016-11-11,1688577,243,0,1,Purdue,McNeese State,Boilermakers,Cowboys,4,4,30,22,8,1577,Purdue,1534,334,0,Vincent Edwards with a defensive rebound.,NA,FALSE,FALSE,NA,NA,NA,NA,NA,NA,0,McNeese State,Purdue,53
2016-17,2016-11-11,1688577,244,0,1,Purdue,McNeese State,Boilermakers,Cowboys,4,4,30,22,8,1577,Purdue,1534,334,0,Spike Albrecht misses a jump shot from 11 feet out.,missed,FALSE,FALSE,Jump Shot,16.200000000000003,11.650000000000006,698980,Spike Albrecht,NA,0,Purdue,Purdue,54
2016-17,2016-11-11,1688577,245,0,1,Purdue,McNeese State,Boilermakers,Cowboys,4,4,30,22,8,1577,Purdue,1534,334,0,Caleb Swanigan with an offensive rebound.,NA,FALSE,FALSE,NA,NA,NA,NA,NA,NA,0,Purdue,Purdue,54
2016-17,2016-11-11,1688577,247,0,1,Purdue,McNeese State,Boilermakers,Cowboys,4,4,32,22,10,1577,Purdue,1534,334,0,Caleb Swanigan makes a layup.,made,FALSE,FALSE,Layup Shot,25,5.25,882772,Caleb Swanigan,NA,0,Purdue,Purdue,54
2016-17,2016-11-11,1688577,249,0,1,Purdue,McNeese State,Boilermakers,Cowboys,4,4,32,22,10,1490,McNeese State,1528,328,6,Shooting foul committed by Howard Thomas.,NA,FALSE,FALSE,NA,NA,NA,NA,NA,NA,0,Purdue,Purdue,54
2016-17,2016-11-11,1688577,250,0,1,Purdue,McNeese State,Boilermakers,Cowboys,4,4,33,22,11,1577,Purdue,1528,328,0,Caleb Swanigan makes free throw 1 of 1.,made,TRUE,FALSE,NA,NA,NA,NA,NA,NA,0,Purdue,McNeese State,54
2016-17,2016-11-11,1688577,253,0,1,Purdue,McNeese State,Boilermakers,Cowboys,4,4,33,22,11,1577,Purdue,1523,323,5,Personal foul committed by Carsen Edwards.,NA,FALSE,FALSE,NA,NA,NA,NA,NA,NA,0,McNeese State,McNeese State,55
2016-17,2016-11-11,1688577,256,0,1,Purdue,McNeese State,Boilermakers,Cowboys,4,4,33,22,11,1490,McNeese State,1489,289,34,Adrian Brown misses a jump shot from 13 feet out.,missed,FALSE,FALSE,Jump Shot,13.2,11.45,896270,Adrian Brown,NA,0,McNeese State,McNeese State,55
2016-17,2016-11-11,1688577,257,0,1,Purdue,McNeese State,Boilermakers,Cowboys,4,4,33,22,11,1577,Purdue,1489,289,0,Spike Albrecht with a defensive rebound.,NA,FALSE,FALSE,NA,NA,NA,NA,NA,NA,0,McNeese State,Purdue,55
2016-17,2016-11-11,1688577,259,0,1,Purdue,McNeese State,Boilermakers,Cowboys,4,4,36,22,14,1577,Purdue,1488,288,1,Vincent Edwards makes a 3-point jump shot from 23 feet out. Spike Albrecht with the assist.,made,FALSE,TRUE,Jump Shot,9,22.25,844084,Vincent Edwards,Spike Albrecht,0,Purdue,McNeese State,56
2016-17,2016-11-11,1688577,260,0,1,Purdue,McNeese State,Boilermakers,Cowboys,4,4,36,25,11,1490,McNeese State,1459,259,29,Jamaya Burr makes a 3-point jump shot from 26 feet out. James Harvey with the assist.,made,FALSE,TRUE,Jump Shot,13.9,28.45,794040,Jamaya Burr,James Harvey,0,McNeese State,Purdue,57
2016-17,2016-11-11,1688577,262,0,1,Purdue,McNeese State,Boilermakers,Cowboys,4,4,38,25,13,1577,Purdue,1439,239,20,Caleb Swanigan makes a layup. Dakota Mathias with the assist.,made,FALSE,FALSE,Layup Shot,25,5.25,882772,Caleb Swanigan,Dakota Mathias,0,Purdue,Purdue,58
2016-17,2016-11-11,1688577,263,0,1,Purdue,McNeese State,Boilermakers,Cowboys,4,4,38,25,13,1490,McNeese State,1435,235,4,Shooting foul committed by LaBarrius Hill.,NA,FALSE,FALSE,NA,NA,NA,NA,NA,NA,0,Purdue,Purdue,58
2016-17,2016-11-11,1688577,264,0,1,Purdue,McNeese State,Boilermakers,Cowboys,4,4,38,25,13,1577,Purdue,1435,235,0,Caleb Swanigan misses free throw 1 of 1.,missed,TRUE,FALSE,NA,NA,NA,NA,NA,NA,0,Purdue,Purdue,58
2016-17,2016-11-11,1688577,265,0,1,Purdue,McNeese State,Boilermakers,Cowboys,4,4,38,25,13,1490,McNeese State,1435,235,0,LaBarrius Hill with a defensive rebound.,NA,FALSE,FALSE,NA,NA,NA,NA,NA,NA,0,Purdue,McNeese State,58
2016-17,2016-11-11,1688577,268,0,1,Purdue,McNeese State,Boilermakers,Cowboys,4,4,38,28,10,1490,McNeese State,1433,233,2,Kalob Ledoux makes a 3-point jump shot from 23 feet out. Jarren Greenwood with the assist.,made,FALSE,TRUE,Jump Shot,10.5,23.65,956803,Kalob Ledoux,Jarren Greenwood,0,McNeese State,Purdue,59
2016-17,2016-11-11,1688577,273,0,1,Purdue,McNeese State,Boilermakers,Cowboys,4,4,38,28,10,1490,McNeese State,1418,218,15,Personal foul committed by LaBarrius Hill.,NA,FALSE,FALSE,NA,NA,NA,NA,NA,NA,0,Purdue,Purdue,60
2016-17,2016-11-11,1688577,274,0,1,Purdue,McNeese State,Boilermakers,Cowboys,4,4,38,28,10,NA,NA,1418,218,0,Official TV timeout.,NA,FALSE,FALSE,NA,NA,NA,NA,NA,NA,0,NA,NA,NA
2016-17,2016-11-11,1688577,275,0,1,Purdue,McNeese State,Boilermakers,Cowboys,4,4,39,28,11,1577,Purdue,1418,218,0,Caleb Swanigan makes free throw 1 of 2.,made,TRUE,FALSE,NA,NA,NA,NA,NA,NA,0,Purdue,Purdue,60
2016-17,2016-11-11,1688577,276,0,1,Purdue,McNeese State,Boilermakers,Cowboys,4,4,40,28,12,1577,Purdue,1418,218,0,Caleb Swanigan makes free throw 2 of 2.,made,TRUE,FALSE,NA,NA,NA,NA,NA,NA,0,Purdue,McNeese State,60
2016-17,2016-11-11,1688577,280,0,1,Purdue,McNeese State,Boilermakers,Cowboys,4,4,40,30,10,1490,McNeese State,1382,182,36,Adrian Brown makes a jump shot from 17 feet out. Kalob Ledoux with the assist.,made,FALSE,FALSE,Jump Shot,12,16.25,896270,Adrian Brown,Kalob Ledoux,0,McNeese State,Purdue,61
2016-17,2016-11-11,1688577,310,0,1,Purdue,McNeese State,Boilermakers,Cowboys,4,4,40,30,10,1490,McNeese State,1368,168,14,Shooting foul committed by Adrian Brown.,NA,FALSE,FALSE,NA,NA,NA,NA,NA,NA,0,Purdue,Purdue,62
2016-17,2016-11-11,1688577,311,0,1,Purdue,McNeese State,Boilermakers,Cowboys,4,4,41,30,11,1577,Purdue,1368,168,0,Isaac Haas makes free throw 1 of 2.,made,TRUE,FALSE,NA,NA,NA,NA,NA,NA,0,Purdue,Purdue,62
2016-17,2016-11-11,1688577,312,0,1,Purdue,McNeese State,Boilermakers,Cowboys,4,4,41,30,11,1577,Purdue,1368,168,0,Isaac Haas misses free throw 2 of 2.,missed,TRUE,FALSE,NA,NA,NA,NA,NA,NA,0,Purdue,Purdue,62
2016-17,2016-11-11,1688577,313,0,1,Purdue,McNeese State,Boilermakers,Cowboys,4,4,41,30,11,1577,Purdue,1368,168,0,Dakota Mathias with an offensive rebound.,NA,FALSE,FALSE,NA,NA,NA,NA,NA,NA,0,Purdue,Purdue,62
2016-17,2016-11-11,1688577,316,0,1,Purdue,McNeese State,Boilermakers,Cowboys,4,4,41,30,11,1577,Purdue,1365,165,3,Isaac Haas with a turnover - Lost Ball,NA,FALSE,FALSE,NA,NA,NA,NA,NA,NA,0,Purdue,McNeese State,62
2016-17,2016-11-11,1688577,318,0,1,Purdue,McNeese State,Boilermakers,Cowboys,4,4,41,30,11,1490,McNeese State,1356,156,9,Isaac Haas blocks a Kalob Ledoux layup.,missed,FALSE,FALSE,Layup Shot,25,5.25,956803,Kalob Ledoux,NA,0,McNeese State,McNeese State,63
2016-17,2016-11-11,1688577,319,0,1,Purdue,McNeese State,Boilermakers,Cowboys,4,4,41,30,11,1577,Purdue,1356,156,0,Vincent Edwards with a defensive rebound.,NA,FALSE,FALSE,NA,NA,NA,NA,NA,NA,0,McNeese State,Purdue,63
2016-17,2016-11-11,1688577,323,0,1,Purdue,McNeese State,Boilermakers,Cowboys,4,4,41,30,11,1490,McNeese State,1347,147,9,Shooting foul committed by Adrian Brown.,NA,FALSE,FALSE,NA,NA,NA,NA,NA,NA,0,Purdue,Purdue,64
2016-17,2016-11-11,1688577,324,0,1,Purdue,McNeese State,Boilermakers,Cowboys,4,4,41,30,11,1577,Purdue,1347,147,0,Isaac Haas misses free throw 1 of 2.,missed,TRUE,FALSE,NA,NA,NA,NA,NA,NA,0,Purdue,Purdue,64
2016-17,2016-11-11,1688577,326,0,1,Purdue,McNeese State,Boilermakers,Cowboys,4,4,42,30,12,1577,Purdue,1347,147,0,Isaac Haas makes free throw 2 of 2.,made,TRUE,FALSE,NA,NA,NA,NA,NA,NA,0,Purdue,McNeese State,64
2016-17,2016-11-11,1688577,328,0,1,Purdue,McNeese State,Boilermakers,Cowboys,4,4,42,30,12,1490,McNeese State,1335,135,12,Jamaya Burr misses a jump shot from 12 feet out.,missed,FALSE,FALSE,Jump Shot,14.9,10.95,794040,Jamaya Burr,NA,0,McNeese State,McNeese State,65
2016-17,2016-11-11,1688577,337.5,0,1,Purdue,McNeese State,Boilermakers,Cowboys,4,4,42,30,12,1577,Purdue,1289,89,46,Shooting foul committed by Spike Albrecht.,NA,FALSE,FALSE,NA,NA,NA,NA,NA,NA,0,McNeese State,McNeese State,65
2016-17,2016-11-11,1688577,341.75,0,1,Purdue,McNeese State,Boilermakers,Cowboys,4,4,42,31,11,1490,McNeese State,1289,89,0,Jamaya Burr makes free throw 1 of 2.,made,TRUE,FALSE,NA,NA,NA,NA,NA,NA,0,McNeese State,McNeese State,65
2016-17,2016-11-11,1688577,343.875,0,1,Purdue,McNeese State,Boilermakers,Cowboys,4,4,42,32,10,1490,McNeese State,1289,89,0,Jamaya Burr makes free throw 2 of 2.,made,TRUE,FALSE,NA,NA,NA,NA,NA,NA,0,McNeese State,Purdue,65
2016-17,2016-11-11,1688577,344.9375,0,1,Purdue,McNeese State,Boilermakers,Cowboys,4,4,42,32,10,1577,Purdue,1286,86,3,Caleb Swanigan misses a jump shot from 16 feet out.,missed,FALSE,FALSE,Jump Shot,12,13.25,882772,Caleb Swanigan,NA,0,Purdue,Purdue,66
2016-17,2016-11-11,1688577,345.46875,0,1,Purdue,McNeese State,Boilermakers,Cowboys,4,4,42,32,10,1490,McNeese State,1286,86,0,Adrian Brown with a defensive rebound.,NA,FALSE,FALSE,NA,NA,NA,NA,NA,NA,0,Purdue,McNeese State,66
2016-17,2016-11-11,1688577,346,0,1,Purdue,McNeese State,Boilermakers,Cowboys,4,4,42,32,10,1577,Purdue,1285,85,1,Caleb Swanigan misses a jump shot from 12 feet out.,missed,FALSE,FALSE,Jump Shot,35.3,12.150000000000006,882772,Caleb Swanigan,NA,0,Purdue,Purdue,67
2016-17,2016-11-11,1688577,347,0,1,Purdue,McNeese State,Boilermakers,Cowboys,4,4,42,32,10,1577,Purdue,1285,85,0,Isaac Haas with an offensive rebound.,NA,FALSE,FALSE,NA,NA,NA,NA,NA,NA,0,Purdue,Purdue,67
2016-17,2016-11-11,1688577,348,0,1,Purdue,McNeese State,Boilermakers,Cowboys,4,4,42,32,10,1577,Purdue,1277,77,8,Isaac Haas misses a jump shot from 10 feet out.,missed,FALSE,FALSE,Jump Shot,23.7,14.849999999999994,844085,Isaac Haas,NA,0,Purdue,Purdue,67
2016-17,2016-11-11,1688577,349,0,1,Purdue,McNeese State,Boilermakers,Cowboys,4,4,42,32,10,1577,Purdue,1277,77,0,Vincent Edwards with an offensive rebound.,NA,FALSE,FALSE,NA,NA,NA,NA,NA,NA,0,Purdue,Purdue,67
2016-17,2016-11-11,1688577,350,0,1,Purdue,McNeese State,Boilermakers,Cowboys,4,4,42,32,10,1577,Purdue,1267,67,10,Vincent Edwards misses a jump shot from 12 feet out.,missed,FALSE,FALSE,Jump Shot,14.399999999999999,9.75,844084,Vincent Edwards,NA,0,Purdue,Purdue,67
2016-17,2016-11-11,1688577,351,0,1,Purdue,McNeese State,Boilermakers,Cowboys,4,4,42,32,10,1577,Purdue,1267,67,0,Vincent Edwards with an offensive rebound.,NA,FALSE,FALSE,NA,NA,NA,NA,NA,NA,0,Purdue,Purdue,67
2016-17,2016-11-11,1688577,369.5,0,1,Purdue,McNeese State,Boilermakers,Cowboys,4,4,45,32,13,1577,Purdue,1266,66,1,Dakota Mathias makes a 3-point jump shot from 25 feet out. P.J. Thompson with the assist.,made,FALSE,TRUE,Jump Shot,9,24.25,844097,Dakota Mathias,Thompson,0,Purdue,McNeese State,67
2016-17,2016-11-11,1688577,388,0,1,Purdue,McNeese State,Boilermakers,Cowboys,4,4,47,32,15,1577,Purdue,1262,62,4,Vincent Edwards makes a jump shot from 11 feet out.,made,FALSE,FALSE,Jump Shot,14.899999999999999,9.549999999999997,844084,Vincent Edwards,NA,0,Purdue,McNeese State,68
2016-17,2016-11-11,1688577,415,0,1,Purdue,McNeese State,Boilermakers,Cowboys,4,4,47,32,15,1490,McNeese State,1238,38,24,James Harvey misses a jump shot from 14 feet out.,missed,FALSE,FALSE,Jump Shot,12.3,10.45,896265,James Harvey,NA,0,McNeese State,Purdue,69
2016-17,2016-11-11,1688577,419,0,1,Purdue,McNeese State,Boilermakers,Cowboys,4,4,47,32,15,1577,Purdue,1227,27,11,Dakota Mathias misses a 3-point jump shot from 24 feet out.,missed,FALSE,TRUE,Jump Shot,9,23.25,844097,Dakota Mathias,NA,0,Purdue,Purdue,70
2016-17,2016-11-11,1688577,420,0,1,Purdue,McNeese State,Boilermakers,Cowboys,4,4,47,32,15,1490,McNeese State,1227,27,0,Howard Thomas with a defensive rebound.,NA,FALSE,FALSE,NA,NA,NA,NA,NA,NA,0,Purdue,McNeese State,70
2016-17,2016-11-11,1688577,421,0,1,Purdue,McNeese State,Boilermakers,Cowboys,4,4,47,32,15,NA,NA,1200,0,27,End of the 1st Half,NA,FALSE,FALSE,NA,NA,NA,NA,NA,NA,0,NA,NA,NA
2016-17,2016-11-11,1688577,435,0,2,Purdue,McNeese State,Boilermakers,Cowboys,4,4,47,32,15,NA,NA,1200,1200,0,Start of the 2nd Half,NA,FALSE,FALSE,NA,NA,NA,NA,NA,NA,0,NA,Purdue,71
2016-17,2016-11-11,1688577,437,0,2,Purdue,McNeese State,Boilermakers,Cowboys,4,4,47,32,15,1577,Purdue,1198,1198,2,Vincent Edwards misses a jump shot from 12 feet out.,missed,FALSE,FALSE,Jump Shot,15.200000000000003,12.849999999999994,844084,Vincent Edwards,NA,0,Purdue,Purdue,72
2016-17,2016-11-11,1688577,438,0,2,Purdue,McNeese State,Boilermakers,Cowboys,4,4,47,32,15,1577,Purdue,1198,1198,0,Isaac Haas with an offensive rebound.,NA,FALSE,FALSE,NA,NA,NA,NA,NA,NA,0,Purdue,Purdue,72
2016-17,2016-11-11,1688577,439,0,2,Purdue,McNeese State,Boilermakers,Cowboys,4,4,49,32,17,1577,Purdue,1187,1187,11,Isaac Haas makes a jump shot from 11 feet out.,made,FALSE,FALSE,Jump Shot,14.200000000000003,8.75,844085,Isaac Haas,NA,0,Purdue,McNeese State,72
2016-17,2016-11-11,1688577,441,0,2,Purdue,McNeese State,Boilermakers,Cowboys,4,4,49,32,17,1577,Purdue,1164,1164,23,Shooting foul committed by Isaac Haas.,NA,FALSE,FALSE,NA,NA,NA,NA,NA,NA,0,McNeese State,McNeese State,73
2016-17,2016-11-11,1688577,442,0,2,Purdue,McNeese State,Boilermakers,Cowboys,4,4,49,33,16,1490,McNeese State,1164,1164,0,Howard Thomas makes free throw 1 of 2.,made,TRUE,FALSE,NA,NA,NA,NA,NA,NA,0,McNeese State,McNeese State,73
2016-17,2016-11-11,1688577,443,0,2,Purdue,McNeese State,Boilermakers,Cowboys,4,4,49,34,15,1490,McNeese State,1164,1164,0,Howard Thomas makes free throw 1 of 2.,made,TRUE,FALSE,NA,NA,NA,NA,NA,NA,0,McNeese State,McNeese State,73
2016-17,2016-11-11,1688577,445,0,2,Purdue,McNeese State,Boilermakers,Cowboys,4,4,49,34,15,1577,Purdue,1151,1151,13,Dakota Mathias misses a 3-point jump shot from 23 feet out.,missed,FALSE,TRUE,Jump Shot,9.299999999999997,22.549999999999997,844097,Dakota Mathias,NA,0,Purdue,Purdue,73
2016-17,2016-11-11,1688577,446,0,2,Purdue,McNeese State,Boilermakers,Cowboys,4,4,49,34,15,1577,Purdue,1151,1151,0,Caleb Swanigan with an offensive rebound.,NA,FALSE,FALSE,NA,NA,NA,NA,NA,NA,0,Purdue,Purdue,73
2016-17,2016-11-11,1688577,447,0,2,Purdue,McNeese State,Boilermakers,Cowboys,4,4,52,34,18,1577,Purdue,1141,1141,10,Vincent Edwards makes a 3-point jump shot from 24 feet out. Caleb Swanigan with the assist.,made,FALSE,TRUE,Jump Shot,3,15.049999999999997,844084,Vincent Edwards,Caleb Swanigan,0,Purdue,McNeese State,73
2016-17,2016-11-11,1688577,465,0,2,Purdue,McNeese State,Boilermakers,Cowboys,4,3,52,34,18,1490,McNeese State,1131,1131,10,Cowboys take a full timeout.,NA,FALSE,FALSE,NA,NA,NA,NA,NA,NA,0,NA,NA,NA
2016-17,2016-11-11,1688577,467,0,2,Purdue,McNeese State,Boilermakers,Cowboys,4,3,52,34,18,1490,McNeese State,1127,1127,4,Stephen Ugochukwu misses a 3-point jump shot from 27 feet out.,missed,FALSE,TRUE,Jump Shot,14,29.45,851963,Stephen Ugochukwu,NA,0,McNeese State,McNeese State,74
2016-17,2016-11-11,1688577,468,0,2,Purdue,McNeese State,Boilermakers,Cowboys,4,3,52,34,18,1490,McNeese State,1127,1127,0,Howard Thomas with an offensive rebound.,NA,FALSE,FALSE,NA,NA,NA,NA,NA,NA,0,McNeese State,McNeese State,74
2016-17,2016-11-11,1688577,469,0,2,Purdue,McNeese State,Boilermakers,Cowboys,4,3,52,34,18,1490,McNeese State,1118,1118,9,Jarren Greenwood misses a 3-point jump shot from 23 feet out.,missed,FALSE,TRUE,Jump Shot,5.399999999999999,16.75,896268,Jarren Greenwood,NA,0,McNeese State,McNeese State,74
2016-17,2016-11-11,1688577,470,0,2,Purdue,McNeese State,Boilermakers,Cowboys,4,3,52,34,18,1577,Purdue,1118,1118,0,Caleb Swanigan with a defensive rebound.,NA,FALSE,FALSE,NA,NA,NA,NA,NA,NA,0,McNeese State,Purdue,74
2016-17,2016-11-11,1688577,474,0,2,Purdue,McNeese State,Boilermakers,Cowboys,4,3,52,34,18,1577,Purdue,1102,1102,16,Caleb Swanigan with a turnover - Bad Pass,NA,FALSE,FALSE,NA,NA,NA,NA,NA,NA,0,Purdue,McNeese State,75
2016-17,2016-11-11,1688577,476,0,2,Purdue,McNeese State,Boilermakers,Cowboys,4,3,52,36,16,1490,McNeese State,1099,1099,3,Jarren Greenwood makes a layup.,made,FALSE,FALSE,Layup Shot,25,5.25,896268,Jarren Greenwood,NA,0,McNeese State,Purdue,76
2016-17,2016-11-11,1688577,477,0,2,Purdue,McNeese State,Boilermakers,Cowboys,4,3,55,36,19,1577,Purdue,1089,1089,10,Vincent Edwards makes a 3-point jump shot from 24 feet out.,made,FALSE,TRUE,Jump Shot,7.100000000000001,21.450000000000003,844084,Vincent Edwards,NA,0,Purdue,McNeese State,77
2016-17,2016-11-11,1688577,478,0,2,Purdue,McNeese State,Boilermakers,Cowboys,4,3,55,36,19,1490,McNeese State,1053,1053,36,Jamaya Burr misses a jump shot from 14 feet out.,missed,FALSE,FALSE,Jump Shot,13.9,13.45,794040,Jamaya Burr,NA,0,McNeese State,McNeese State,78
2016-17,2016-11-11,1688577,479,0,2,Purdue,McNeese State,Boilermakers,Cowboys,4,3,55,36,19,1577,Purdue,1053,1053,0,Caleb Swanigan with a defensive rebound.,NA,FALSE,FALSE,NA,NA,NA,NA,NA,NA,0,McNeese State,Purdue,78
2016-17,2016-11-11,1688577,480,0,2,Purdue,McNeese State,Boilermakers,Cowboys,4,3,57,36,21,1577,Purdue,1043,1043,10,Caleb Swanigan makes a layup.,made,FALSE,FALSE,Layup Shot,25,5.25,882772,Caleb Swanigan,NA,0,Purdue,McNeese State,79
2016-17,2016-11-11,1688577,481,0,2,Purdue,McNeese State,Boilermakers,Cowboys,4,3,57,38,19,1490,McNeese State,1017,1017,26,Howard Thomas makes a jump shot from 19 feet out.,made,FALSE,FALSE,Jump Shot,37,20.25,956807,Howard Thomas,NA,0,McNeese State,Purdue,80
2016-17,2016-11-11,1688577,483,0,2,Purdue,McNeese State,Boilermakers,Cowboys,4,3,57,38,19,1577,Purdue,988,988,29,Vincent Edwards misses a 3-point jump shot from 26 feet out.,missed,FALSE,TRUE,Jump Shot,10.600000000000001,26.950000000000003,844084,Vincent Edwards,NA,0,Purdue,Purdue,81
2016-17,2016-11-11,1688577,484,0,2,Purdue,McNeese State,Boilermakers,Cowboys,4,3,57,38,19,1490,McNeese State,988,988,0,Jamaya Burr with a defensive rebound.,NA,FALSE,FALSE,NA,NA,NA,NA,NA,NA,0,Purdue,McNeese State,81
2016-17,2016-11-11,1688577,486,0,2,Purdue,McNeese State,Boilermakers,Cowboys,4,3,57,38,19,1490,McNeese State,975,975,13,Isaac Haas blocks a Stephen Ugochukwu jump shot from 10 feet out.,missed,FALSE,FALSE,Jump Shot,17,11.25,851963,Stephen Ugochukwu,NA,0,McNeese State,McNeese State,82
2016-17,2016-11-11,1688577,487,0,2,Purdue,McNeese State,Boilermakers,Cowboys,4,3,57,38,19,1490,McNeese State,975,975,0,James Harvey with an offensive rebound.,NA,FALSE,FALSE,NA,NA,NA,NA,NA,NA,0,McNeese State,McNeese State,82
2016-17,2016-11-11,1688577,488,0,2,Purdue,McNeese State,Boilermakers,Cowboys,4,3,57,38,19,1490,McNeese State,975,975,0,Personal foul committed by Stephen Ugochukwu.,NA,FALSE,FALSE,NA,NA,NA,NA,NA,NA,0,Purdue,Purdue,82
2016-17,2016-11-11,1688577,490,0,2,Purdue,McNeese State,Boilermakers,Cowboys,4,3,59,38,21,1577,Purdue,972,972,3,Caleb Swanigan makes a jump shot from 13 feet out. Vincent Edwards with the assist.,made,FALSE,FALSE,Jump Shot,14.5,12.450000000000003,882772,Caleb Swanigan,Vincent Edwards,0,Purdue,McNeese State,82
2016-17,2016-11-11,1688577,491,0,2,Purdue,McNeese State,Boilermakers,Cowboys,4,3,59,38,21,1490,McNeese State,965,965,7,Stephen Ugochukwu misses a 3-point jump shot from 23 feet out.,missed,FALSE,TRUE,Jump Shot,8.2,21.45,851963,Stephen Ugochukwu,NA,0,McNeese State,McNeese State,83
2016-17,2016-11-11,1688577,492,0,2,Purdue,McNeese State,Boilermakers,Cowboys,4,3,59,38,21,1577,Purdue,965,965,0,Vincent Edwards with a defensive rebound.,NA,FALSE,FALSE,NA,NA,NA,NA,NA,NA,0,McNeese State,Purdue,83
2016-17,2016-11-11,1688577,499,0,2,Purdue,McNeese State,Boilermakers,Cowboys,4,3,59,38,21,1490,McNeese State,962,962,3,Personal foul committed by Jarren Greenwood.,NA,FALSE,FALSE,NA,NA,NA,NA,NA,NA,0,Purdue,Purdue,84
2016-17,2016-11-11,1688577,501,0,2,Purdue,McNeese State,Boilermakers,Cowboys,4,3,62,38,24,1577,Purdue,959,959,3,Dakota Mathias makes a 3-point jump shot from 24 feet out. Spike Albrecht with the assist.,made,FALSE,TRUE,Jump Shot,10,25.25,844097,Dakota Mathias,Spike Albrecht,0,Purdue,McNeese State,84
2016-17,2016-11-11,1688577,505,0,2,Purdue,McNeese State,Boilermakers,Cowboys,4,3,62,38,24,1490,McNeese State,934,934,25,James Harvey misses a 3-point jump shot from 23 feet out.,missed,FALSE,TRUE,Jump Shot,6.399999999999999,19.15,896265,James Harvey,NA,0,McNeese State,McNeese State,85
2016-17,2016-11-11,1688577,506,0,2,Purdue,McNeese State,Boilermakers,Cowboys,4,3,62,38,24,1577,Purdue,934,934,0,Caleb Swanigan with a defensive rebound.,NA,FALSE,FALSE,NA,NA,NA,NA,NA,NA,0,McNeese State,Purdue,85
2016-17,2016-11-11,1688577,511,0,2,Purdue,McNeese State,Boilermakers,Cowboys,4,3,62,38,24,1490,McNeese State,926,926,8,Personal foul committed by Stephen Ugochukwu.,NA,FALSE,FALSE,NA,NA,NA,NA,NA,NA,0,Purdue,Purdue,86
2016-17,2016-11-11,1688577,512,0,2,Purdue,McNeese State,Boilermakers,Cowboys,4,3,62,38,24,NA,NA,926,926,0,Official TV timeout.,NA,FALSE,FALSE,NA,NA,NA,NA,NA,NA,0,NA,NA,NA
2016-17,2016-11-11,1688577,513,0,2,Purdue,McNeese State,Boilermakers,Cowboys,4,3,63,38,25,1577,Purdue,926,926,0,Dakota Mathias makes free throw 1 of 2.,made,TRUE,FALSE,NA,NA,NA,NA,NA,NA,0,Purdue,Purdue,86
2016-17,2016-11-11,1688577,514,0,2,Purdue,McNeese State,Boilermakers,Cowboys,4,3,64,38,26,1577,Purdue,926,926,0,Dakota Mathias makes free throw 2 of 2.,made,TRUE,FALSE,NA,NA,NA,NA,NA,NA,0,Purdue,McNeese State,86
2016-17,2016-11-11,1688577,525,0,2,Purdue,McNeese State,Boilermakers,Cowboys,4,2,64,38,26,1490,McNeese State,910,910,16,Cowboys take a full timeout.,NA,FALSE,FALSE,NA,NA,NA,NA,NA,NA,0,NA,NA,NA
2016-17,2016-11-11,1688577,527,0,2,Purdue,McNeese State,Boilermakers,Cowboys,4,2,64,40,24,1490,McNeese State,907,907,3,Jamaya Burr makes a layup.,made,FALSE,FALSE,Layup Shot,26,6.25,794040,Jamaya Burr,NA,0,McNeese State,Purdue,87
2016-17,2016-11-11,1688577,540,0,2,Purdue,McNeese State,Boilermakers,Cowboys,4,2,64,40,24,1577,Purdue,884,884,23,Offensive foul committed by Caleb Swanigan.,NA,FALSE,FALSE,NA,NA,NA,NA,NA,NA,0,Purdue,Purdue,88
2016-17,2016-11-11,1688577,541,0,2,Purdue,McNeese State,Boilermakers,Cowboys,4,2,64,40,24,1577,Purdue,884,884,0,Caleb Swanigan with a turnover,NA,FALSE,FALSE,NA,NA,NA,NA,NA,NA,0,Purdue,McNeese State,88
2016-17,2016-11-11,1688577,543,0,2,Purdue,McNeese State,Boilermakers,Cowboys,4,2,64,43,21,1490,McNeese State,862,862,22,James Harvey makes a 3-point jump shot from 26 feet out. Jarren Greenwood with the assist.,made,FALSE,TRUE,Jump Shot,5.699999999999999,22.65,896265,James Harvey,Jarren Greenwood,0,McNeese State,Purdue,89
2016-17,2016-11-11,1688577,546,0,2,Purdue,McNeese State,Boilermakers,Cowboys,4,2,66,43,23,1577,Purdue,845,845,17,Carsen Edwards makes a layup. Dakota Mathias with the assist.,made,FALSE,FALSE,Layup Shot,25,5.25,945110,Carsen Edwards,Dakota Mathias,0,Purdue,McNeese State,90
2016-17,2016-11-11,1688577,548,0,2,Purdue,McNeese State,Boilermakers,Cowboys,4,2,66,43,23,1490,McNeese State,830,830,15,Jamaya Burr with a turnover - Lost Ball,NA,FALSE,FALSE,NA,NA,NA,NA,NA,NA,0,McNeese State,Purdue,91
2016-17,2016-11-11,1688577,550,0,2,Purdue,McNeese State,Boilermakers,Cowboys,4,2,66,43,23,1577,Purdue,827,827,3,Carsen Edwards misses a 3-point jump shot from 25 feet out.,missed,FALSE,TRUE,Jump Shot,8.600000000000001,24.549999999999997,945110,Carsen Edwards,NA,0,Purdue,Purdue,92
2016-17,2016-11-11,1688577,551,0,2,Purdue,McNeese State,Boilermakers,Cowboys,4,2,66,43,23,1490,McNeese State,827,827,0,Kalob Ledoux with a defensive rebound.,NA,FALSE,FALSE,NA,NA,NA,NA,NA,NA,0,Purdue,McNeese State,92
2016-17,2016-11-11,1688577,552,0,2,Purdue,McNeese State,Boilermakers,Cowboys,4,2,66,43,23,1490,McNeese State,798,798,29,Vincent Edwards steals the ball from Kalob Ledoux.,NA,FALSE,FALSE,NA,NA,NA,NA,NA,NA,0,McNeese State,Purdue,93
2016-17,2016-11-11,1688577,553,0,2,Purdue,McNeese State,Boilermakers,Cowboys,4,2,66,43,23,1577,Purdue,791,791,7,Vincent Edwards misses a dunk.,missed,FALSE,FALSE,Dunk Shot,26,6.25,844084,Vincent Edwards,NA,0,Purdue,Purdue,94
2016-17,2016-11-11,1688577,554,0,2,Purdue,McNeese State,Boilermakers,Cowboys,4,2,66,43,23,1577,Purdue,791,791,0,Carsen Edwards with an offensive rebound.,NA,FALSE,FALSE,NA,NA,NA,NA,NA,NA,0,Purdue,Purdue,94
2016-17,2016-11-11,1688577,555,0,2,Purdue,McNeese State,Boilermakers,Cowboys,4,2,68,43,25,1577,Purdue,785,785,6,Carsen Edwards makes a layup. Caleb Swanigan with the assist.,made,FALSE,FALSE,Layup Shot,25,5.25,945110,Carsen Edwards,Caleb Swanigan,0,Purdue,McNeese State,94
2016-17,2016-11-11,1688577,563,0,2,Purdue,McNeese State,Boilermakers,Cowboys,4,2,68,45,23,1490,McNeese State,781,781,4,Kalob Ledoux makes a layup. Jarren Greenwood with the assist.,made,FALSE,FALSE,Layup Shot,25,5.25,956803,Kalob Ledoux,Jarren Greenwood,0,McNeese State,McNeese State,95
2016-17,2016-11-11,1688577,564,0,2,Purdue,McNeese State,Boilermakers,Cowboys,4,2,68,45,23,1577,Purdue,781,781,0,Shooting foul committed by Spike Albrecht.,NA,FALSE,FALSE,NA,NA,NA,NA,NA,NA,0,McNeese State,McNeese State,95
2016-17,2016-11-11,1688577,565,0,2,Purdue,McNeese State,Boilermakers,Cowboys,4,2,68,46,22,1490,McNeese State,781,781,0,Kalob Ledoux makes free throw 1 of 1.,made,TRUE,FALSE,NA,NA,NA,NA,NA,NA,0,McNeese State,Purdue,95
2016-17,2016-11-11,1688577,567,0,2,Purdue,McNeese State,Boilermakers,Cowboys,4,2,68,46,22,1577,Purdue,760,760,21,James Harvey blocks a Carsen Edwards jump shot from 10 feet out.,missed,FALSE,FALSE,Jump Shot,16.1,9.450000000000003,945110,Carsen Edwards,NA,0,Purdue,Purdue,96
2016-17,2016-11-11,1688577,568,0,2,Purdue,McNeese State,Boilermakers,Cowboys,4,2,68,46,22,1577,Purdue,760,760,0,Isaac Haas with an offensive rebound.,NA,FALSE,FALSE,NA,NA,NA,NA,NA,NA,0,Purdue,Purdue,96
2016-17,2016-11-11,1688577,569,0,2,Purdue,McNeese State,Boilermakers,Cowboys,4,2,70,46,24,1577,Purdue,751,751,9,Isaac Haas makes a jump shot from 11 feet out. Caleb Swanigan with the assist.,made,FALSE,FALSE,Jump Shot,14,9.25,844085,Isaac Haas,Caleb Swanigan,0,Purdue,McNeese State,96
2016-17,2016-11-11,1688577,570,0,2,Purdue,McNeese State,Boilermakers,Cowboys,4,2,70,46,24,1490,McNeese State,745,745,6,Kalob Ledoux misses a 3-point jump shot from 23 feet out.,missed,FALSE,TRUE,Jump Shot,7.100000000000001,19.95,956803,Kalob Ledoux,NA,0,McNeese State,McNeese State,97
2016-17,2016-11-11,1688577,571,0,2,Purdue,McNeese State,Boilermakers,Cowboys,4,2,70,46,24,1577,Purdue,745,745,0,Isaac Haas with a defensive rebound.,NA,FALSE,FALSE,NA,NA,NA,NA,NA,NA,0,McNeese State,Purdue,97
2016-17,2016-11-11,1688577,572,0,2,Purdue,McNeese State,Boilermakers,Cowboys,4,2,72,46,26,1577,Purdue,732,732,13,Isaac Haas makes a layup. Carsen Edwards with the assist.,made,FALSE,FALSE,Layup Shot,25,5.25,844085,Isaac Haas,Carsen Edwards,0,Purdue,McNeese State,98
2016-17,2016-11-11,1688577,573,0,2,Purdue,McNeese State,Boilermakers,Cowboys,4,2,72,48,24,1490,McNeese State,703,703,29,Howard Thomas makes a jump shot from 15 feet out.,made,FALSE,FALSE,Jump Shot,11.8,13.35,956807,Howard Thomas,NA,0,McNeese State,Purdue,99
2016-17,2016-11-11,1688577,575,0,2,Purdue,McNeese State,Boilermakers,Cowboys,4,2,74,48,26,1577,Purdue,687,687,16,Carsen Edwards makes a layup. Isaac Haas with the assist.,made,FALSE,FALSE,Layup Shot,25,5.25,945110,Carsen Edwards,Isaac Haas,0,Purdue,McNeese State,100
2016-17,2016-11-11,1688577,576,0,2,Purdue,McNeese State,Boilermakers,Cowboys,4,2,74,48,26,1577,Purdue,680,680,7,Personal foul committed by Spike Albrecht.,NA,FALSE,FALSE,NA,NA,NA,NA,NA,NA,0,McNeese State,McNeese State,101
2016-17,2016-11-11,1688577,577,0,2,Purdue,McNeese State,Boilermakers,Cowboys,4,2,74,48,26,NA,NA,680,680,0,Official TV timeout.,NA,FALSE,FALSE,NA,NA,NA,NA,NA,NA,0,NA,NA,NA
2016-17,2016-11-11,1688577,578,0,2,Purdue,McNeese State,Boilermakers,Cowboys,4,2,74,49,25,1490,McNeese State,680,680,0,Jamaya Burr makes free throw 1 of 1.,made,TRUE,FALSE,NA,NA,NA,NA,NA,NA,0,McNeese State,Purdue,101
2016-17,2016-11-11,1688577,579,0,2,Purdue,McNeese State,Boilermakers,Cowboys,4,2,74,50,24,1490,McNeese State,680,680,0,Jamaya Burr makes free throw 2 of 2.,made,TRUE,FALSE,NA,NA,NA,NA,NA,NA,0,McNeese State,Purdue,102
2016-17,2016-11-11,1688577,581,0,2,Purdue,McNeese State,Boilermakers,Cowboys,4,2,76,50,26,1577,Purdue,678,678,2,Isaac Haas dunks. Carsen Edwards with the assist.,made,FALSE,FALSE,Dunk Shot,25,5.25,844085,Isaac Haas,Carsen Edwards,0,Purdue,McNeese State,103
2016-17,2016-11-11,1688577,582,0,2,Purdue,McNeese State,Boilermakers,Cowboys,4,2,76,50,26,1490,McNeese State,667,667,11,Richard Laku misses a 3-point jump shot from 29 feet out.,missed,FALSE,TRUE,Jump Shot,5.5,26.05,896266,Richard Laku,NA,0,McNeese State,McNeese State,104
2016-17,2016-11-11,1688577,583,0,2,Purdue,McNeese State,Boilermakers,Cowboys,4,2,76,50,26,1490,McNeese State,667,667,0,Richard Laku with an offensive rebound.,NA,FALSE,FALSE,NA,NA,NA,NA,NA,NA,0,McNeese State,McNeese State,104
2016-17,2016-11-11,1688577,584,0,2,Purdue,McNeese State,Boilermakers,Cowboys,4,2,76,50,26,1490,McNeese State,659,659,8,Kalob Ledoux misses a 3-point jump shot from 24 feet out.,missed,FALSE,TRUE,Jump Shot,5.899999999999999,19.15,956803,Kalob Ledoux,NA,0,McNeese State,Purdue,104
2016-17,2016-11-11,1688577,586,0,2,Purdue,McNeese State,Boilermakers,Cowboys,4,2,78,50,28,1577,Purdue,646,646,13,Isaac Haas dunks. P.J. Thompson with the assist.,made,FALSE,FALSE,Dunk Shot,26,6.25,844085,Isaac Haas,Thompson,0,Purdue,McNeese State,105
2016-17,2016-11-11,1688577,587,0,2,Purdue,McNeese State,Boilermakers,Cowboys,4,2,78,50,28,1490,McNeese State,632,632,14,Kalob Ledoux misses a 3-point jump shot from 24 feet out.,missed,FALSE,TRUE,Jump Shot,6.199999999999999,19.45,956803,Kalob Ledoux,NA,0,McNeese State,McNeese State,106
2016-17,2016-11-11,1688577,588,0,2,Purdue,McNeese State,Boilermakers,Cowboys,4,2,78,50,28,1577,Purdue,632,632,0,Carsen Edwards with a defensive rebound.,NA,FALSE,FALSE,NA,NA,NA,NA,NA,NA,0,McNeese State,Purdue,106
2016-17,2016-11-11,1688577,589,0,2,Purdue,McNeese State,Boilermakers,Cowboys,4,2,78,50,28,1577,Purdue,622,622,10,Dakota Mathias misses a layup.,missed,FALSE,FALSE,Layup Shot,26,6.25,844097,Dakota Mathias,NA,0,Purdue,Purdue,107
2016-17,2016-11-11,1688577,590,0,2,Purdue,McNeese State,Boilermakers,Cowboys,4,2,78,50,28,1577,Purdue,622,622,0,Carsen Edwards with an offensive rebound.,NA,FALSE,FALSE,NA,NA,NA,NA,NA,NA,0,Purdue,Purdue,107
2016-17,2016-11-11,1688577,591,0,2,Purdue,McNeese State,Boilermakers,Cowboys,4,2,80,50,30,1577,Purdue,613,613,9,Carsen Edwards makes a layup. Vincent Edwards with the assist.,made,FALSE,FALSE,Layup Shot,26,6.25,945110,Carsen Edwards,Vincent Edwards,0,Purdue,McNeese State,107
2016-17,2016-11-11,1688577,592,0,2,Purdue,McNeese State,Boilermakers,Cowboys,4,2,80,50,30,1490,McNeese State,604,604,9,Carsen Edwards steals the ball from Jarren Greenwood.,NA,FALSE,FALSE,NA,NA,NA,NA,NA,NA,0,McNeese State,Purdue,108
2016-17,2016-11-11,1688577,593,0,2,Purdue,McNeese State,Boilermakers,Cowboys,4,2,80,50,30,1577,Purdue,599,599,5,Carsen Edwards misses a layup.,missed,FALSE,FALSE,Layup Shot,26,6.25,945110,Carsen Edwards,NA,0,Purdue,Purdue,109
2016-17,2016-11-11,1688577,594,0,2,Purdue,McNeese State,Boilermakers,Cowboys,4,2,80,50,30,1577,Purdue,599,599,0,Dakota Mathias with an offensive rebound.,NA,FALSE,FALSE,NA,NA,NA,NA,NA,NA,0,Purdue,Purdue,109
2016-17,2016-11-11,1688577,595,0,2,Purdue,McNeese State,Boilermakers,Cowboys,4,2,80,50,30,1577,Purdue,591,591,8,Carsen Edwards misses a 3-point jump shot from 23 feet out.,missed,FALSE,TRUE,Jump Shot,6.899999999999999,20.150000000000006,945110,Carsen Edwards,NA,0,Purdue,Purdue,109
2016-17,2016-11-11,1688577,596,0,2,Purdue,McNeese State,Boilermakers,Cowboys,4,2,80,50,30,1490,McNeese State,591,591,0,Howard Thomas with a defensive rebound.,NA,FALSE,FALSE,NA,NA,NA,NA,NA,NA,0,Purdue,McNeese State,109
2016-17,2016-11-11,1688577,597,0,2,Purdue,McNeese State,Boilermakers,Cowboys,4,2,80,50,30,1490,McNeese State,582,582,9,Richard Laku misses a 3-point jump shot from 23 feet out.,missed,FALSE,TRUE,Jump Shot,6,18.55,896266,Richard Laku,NA,0,McNeese State,McNeese State,110
2016-17,2016-11-11,1688577,598,0,2,Purdue,McNeese State,Boilermakers,Cowboys,4,2,80,50,30,1577,Purdue,582,582,0,Caleb Swanigan with a defensive rebound.,NA,FALSE,FALSE,NA,NA,NA,NA,NA,NA,0,McNeese State,Purdue,110
2016-17,2016-11-11,1688577,610,0,2,Purdue,McNeese State,Boilermakers,Cowboys,4,2,82,50,32,1577,Purdue,582,582,0,Caleb Swanigan dunks. Dakota Mathias with the assist.,made,FALSE,FALSE,Dunk Shot,25,5.25,882772,Caleb Swanigan,Dakota Mathias,0,Purdue,McNeese State,111
2016-17,2016-11-11,1688577,611,0,2,Purdue,McNeese State,Boilermakers,Cowboys,4,1,82,50,32,1490,McNeese State,582,582,0,Cowboys take a full timeout.,NA,FALSE,FALSE,NA,NA,NA,NA,NA,NA,0,NA,NA,NA
2016-17,2016-11-11,1688577,613,0,2,Purdue,McNeese State,Boilermakers,Cowboys,4,1,82,50,32,1490,McNeese State,578,578,4,Carsen Edwards steals the ball from Jacob Ledoux.,NA,FALSE,FALSE,NA,NA,NA,NA,NA,NA,0,McNeese State,Purdue,112
2016-17,2016-11-11,1688577,614,0,2,Purdue,McNeese State,Boilermakers,Cowboys,4,1,84,50,34,1577,Purdue,571,571,7,Carsen Edwards makes a layup.,made,FALSE,FALSE,Layup Shot,25,5.25,945110,Carsen Edwards,NA,0,Purdue,McNeese State,113
2016-17,2016-11-11,1688577,627,0,2,Purdue,McNeese State,Boilermakers,Cowboys,4,1,84,50,34,1490,McNeese State,548,548,23,James Harvey misses a 3-point jump shot from 25 feet out.,missed,FALSE,TRUE,Jump Shot,5,20.15,896265,James Harvey,NA,0,McNeese State,McNeese State,114
2016-17,2016-11-11,1688577,628,0,2,Purdue,McNeese State,Boilermakers,Cowboys,4,1,84,50,34,1577,Purdue,548,548,0,Caleb Swanigan with a defensive rebound.,NA,FALSE,FALSE,NA,NA,NA,NA,NA,NA,0,McNeese State,Purdue,114
2016-17,2016-11-11,1688577,629,0,2,Purdue,McNeese State,Boilermakers,Cowboys,4,1,87,50,37,1577,Purdue,531,531,17,Dakota Mathias makes a 3-point jump shot from 23 feet out.,made,FALSE,TRUE,Jump Shot,11.100000000000001,24.049999999999997,844097,Dakota Mathias,NA,0,Purdue,McNeese State,115
2016-17,2016-11-11,1688577,630,0,2,Purdue,McNeese State,Boilermakers,Cowboys,4,1,87,50,37,1490,McNeese State,518,518,13,James Harvey misses a 3-point jump shot from 23 feet out.,missed,FALSE,TRUE,Jump Shot,8,20.25,896265,James Harvey,NA,0,McNeese State,McNeese State,116
2016-17,2016-11-11,1688577,631,0,2,Purdue,McNeese State,Boilermakers,Cowboys,4,1,87,50,37,1577,Purdue,518,518,0,Caleb Swanigan with a defensive rebound.,NA,FALSE,FALSE,NA,NA,NA,NA,NA,NA,0,McNeese State,Purdue,116
2016-17,2016-11-11,1688577,635,0,2,Purdue,McNeese State,Boilermakers,Cowboys,4,1,90,50,40,1577,Purdue,478,478,40,P.J. Thompson makes a 3-point jump shot from 26 feet out.,made,FALSE,TRUE,Jump Shot,8.600000000000001,24.849999999999994,844102,P.J. Thompson,NA,0,Purdue,McNeese State,117
2016-17,2016-11-11,1688577,638,0,2,Purdue,McNeese State,Boilermakers,Cowboys,4,1,90,50,40,1490,McNeese State,471,471,7,Richard Laku misses a jump shot from 16 feet out.,missed,FALSE,FALSE,Jump Shot,12,14.65,896266,Richard Laku,NA,0,McNeese State,McNeese State,118
2016-17,2016-11-11,1688577,639,0,2,Purdue,McNeese State,Boilermakers,Cowboys,4,1,90,50,40,1577,Purdue,471,471,0,Vincent Edwards with a defensive rebound.,NA,FALSE,FALSE,NA,NA,NA,NA,NA,NA,0,McNeese State,Purdue,118
2016-17,2016-11-11,1688577,642,0,2,Purdue,McNeese State,Boilermakers,Cowboys,4,1,90,50,40,1490,McNeese State,466,466,5,Personal foul committed by Richard Laku.,NA,FALSE,FALSE,NA,NA,NA,NA,NA,NA,0,Purdue,Purdue,119
2016-17,2016-11-11,1688577,643,0,2,Purdue,McNeese State,Boilermakers,Cowboys,4,1,90,50,40,NA,NA,466,466,0,Official TV timeout.,NA,FALSE,FALSE,NA,NA,NA,NA,NA,NA,0,NA,NA,NA
2016-17,2016-11-11,1688577,646,0,2,Purdue,McNeese State,Boilermakers,Cowboys,4,1,90,50,40,1577,Purdue,466,466,0,Carsen Edwards misses free throw 1 of 2.,missed,TRUE,FALSE,NA,NA,NA,NA,NA,NA,0,Purdue,Purdue,119
2016-17,2016-11-11,1688577,648,0,2,Purdue,McNeese State,Boilermakers,Cowboys,4,1,90,50,40,1577,Purdue,466,466,0,Carsen Edwards misses free throw 1 of 2.,missed,TRUE,FALSE,NA,NA,NA,NA,NA,NA,0,Purdue,Purdue,119
2016-17,2016-11-11,1688577,649,0,2,Purdue,McNeese State,Boilermakers,Cowboys,4,1,90,50,40,1490,McNeese State,466,466,0,Richard Laku with a defensive rebound.,NA,FALSE,FALSE,NA,NA,NA,NA,NA,NA,0,Purdue,McNeese State,119
2016-17,2016-11-11,1688577,651,0,2,Purdue,McNeese State,Boilermakers,Cowboys,4,1,90,50,40,1490,McNeese State,464,464,2,Richard Laku misses a 3-point jump shot from 25 feet out.,missed,FALSE,TRUE,Jump Shot,8.2,23.55,896266,Richard Laku,NA,0,McNeese State,McNeese State,120
2016-17,2016-11-11,1688577,652,0,2,Purdue,McNeese State,Boilermakers,Cowboys,4,1,90,50,40,1490,McNeese State,464,464,0,LaBarrius Hill with an offensive rebound.,NA,FALSE,FALSE,NA,NA,NA,NA,NA,NA,0,McNeese State,McNeese State,120
2016-17,2016-11-11,1688577,653,0,2,Purdue,McNeese State,Boilermakers,Cowboys,4,1,90,50,40,1490,McNeese State,454,454,10,LaBarrius Hill misses a jump shot from 17 feet out.,missed,FALSE,FALSE,Jump Shot,8.600000000000001,9.75,956806,LaBarrius Hill,NA,0,McNeese State,McNeese State,120
2016-17,2016-11-11,1688577,654,0,2,Purdue,McNeese State,Boilermakers,Cowboys,4,1,90,50,40,1490,McNeese State,454,454,0,Jacob Ledoux with an offensive rebound.,NA,FALSE,FALSE,NA,NA,NA,NA,NA,NA,0,McNeese State,McNeese State,120
2016-17,2016-11-11,1688577,655,0,2,Purdue,McNeese State,Boilermakers,Cowboys,4,1,90,50,40,1490,McNeese State,446,446,8,Jacob Ledoux misses a 3-point jump shot from 23 feet out.,missed,FALSE,TRUE,Jump Shot,4.300000000000001,16.05,956805,Jacob Ledoux,NA,0,McNeese State,McNeese State,120
2016-17,2016-11-11,1688577,656,0,2,Purdue,McNeese State,Boilermakers,Cowboys,4,1,90,50,40,1577,Purdue,446,446,0,P.J. Thompson with a defensive rebound.,NA,FALSE,FALSE,NA,NA,NA,NA,NA,NA,0,McNeese State,Purdue,120
2016-17,2016-11-11,1688577,657,0,2,Purdue,McNeese State,Boilermakers,Cowboys,4,1,90,50,40,1577,Purdue,437,437,9,Richard Laku steals the ball from P.J. Thompson.,NA,FALSE,FALSE,NA,NA,NA,NA,NA,NA,0,Purdue,McNeese State,121
2016-17,2016-11-11,1688577,658,0,2,Purdue,McNeese State,Boilermakers,Cowboys,4,1,90,52,38,1490,McNeese State,432,432,5,Jamaya Burr makes a jump shot from 12 feet out. Jacob Ledoux with the assist.,made,FALSE,FALSE,Jump Shot,13.5,9.95,794040,Jamaya Burr,Jacob Ledoux,0,McNeese State,Purdue,122
2016-17,2016-11-11,1688577,659,0,2,Purdue,McNeese State,Boilermakers,Cowboys,4,1,92,52,40,1577,Purdue,422,422,10,Carsen Edwards makes a jump shot from 6 feet out. P.J. Thompson with the assist.,made,FALSE,FALSE,Jump Shot,24.4,11.25,945110,Carsen Edwards,Thompson,0,Purdue,McNeese State,123
2016-17,2016-11-11,1688577,670,0,2,Purdue,McNeese State,Boilermakers,Cowboys,4,1,92,53,39,1490,McNeese State,371,371,51,James Harvey makes free throw 1 of 2.,made,TRUE,FALSE,NA,NA,NA,NA,NA,NA,0,McNeese State,McNeese State,124
2016-17,2016-11-11,1688577,672,0,2,Purdue,McNeese State,Boilermakers,Cowboys,4,1,94,53,41,1577,Purdue,367,367,4,Isaac Haas makes a jump shot from 13 feet out.,made,FALSE,FALSE,Jump Shot,14.700000000000003,13.150000000000006,844085,Isaac Haas,NA,0,Purdue,McNeese State,124
2016-17,2016-11-11,1688577,673,0,2,Purdue,McNeese State,Boilermakers,Cowboys,4,1,94,53,41,1490,McNeese State,360,360,7,Grady Eifert steals the ball from Jacob Ledoux.,NA,FALSE,FALSE,NA,NA,NA,NA,NA,NA,0,McNeese State,Purdue,125
2016-17,2016-11-11,1688577,674,0,2,Purdue,McNeese State,Boilermakers,Cowboys,4,1,94,53,41,1577,Purdue,346,346,14,Jacob Ledoux steals the ball from Carsen Edwards.,NA,FALSE,FALSE,NA,NA,NA,NA,NA,NA,0,Purdue,McNeese State,126
2016-17,2016-11-11,1688577,675,0,2,Purdue,McNeese State,Boilermakers,Cowboys,4,1,94,55,39,1490,McNeese State,335,335,11,James Harvey makes a layup.,made,FALSE,FALSE,Layup Shot,25,5.25,896265,James Harvey,NA,0,McNeese State,Purdue,127
2016-17,2016-11-11,1688577,677,0,2,Purdue,McNeese State,Boilermakers,Cowboys,4,1,94,55,39,1490,McNeese State,327,327,8,Personal foul committed by Adrian Brown.,NA,FALSE,FALSE,NA,NA,NA,NA,NA,NA,0,Purdue,Purdue,128
2016-17,2016-11-11,1688577,678,0,2,Purdue,McNeese State,Boilermakers,Cowboys,4,1,95,55,40,1577,Purdue,327,327,0,Spike Albrecht makes free throw 1 of 2.,made,TRUE,FALSE,NA,NA,NA,NA,NA,NA,0,Purdue,Purdue,128
2016-17,2016-11-11,1688577,680,0,2,Purdue,McNeese State,Boilermakers,Cowboys,4,1,95,55,40,1490,McNeese State,322,322,5,Stephen Ugochukwu misses a 3-point jump shot from 25 feet out.,missed,FALSE,TRUE,Jump Shot,8.899999999999999,24.75,851963,Stephen Ugochukwu,NA,0,McNeese State,McNeese State,128
2016-17,2016-11-11,1688577,681,0,2,Purdue,McNeese State,Boilermakers,Cowboys,4,1,95,55,40,1577,Purdue,322,322,0,Isaac Haas with a defensive rebound.,NA,FALSE,FALSE,NA,NA,NA,NA,NA,NA,0,McNeese State,Purdue,128
2016-17,2016-11-11,1688577,682,0,2,Purdue,McNeese State,Boilermakers,Cowboys,4,1,97,55,42,1577,Purdue,313,313,9,Isaac Haas dunks. Carsen Edwards with the assist.,made,FALSE,FALSE,Dunk Shot,25,5.25,844085,Isaac Haas,Carsen Edwards,0,Purdue,McNeese State,129
2016-17,2016-11-11,1688577,683,0,2,Purdue,McNeese State,Boilermakers,Cowboys,4,1,97,55,42,1490,McNeese State,305,305,8,Jacob Ledoux misses a 3-point jump shot from 23 feet out.,missed,FALSE,TRUE,Jump Shot,6.899999999999999,19.25,956805,Jacob Ledoux,NA,0,McNeese State,McNeese State,130
2016-17,2016-11-11,1688577,684,0,2,Purdue,McNeese State,Boilermakers,Cowboys,4,1,97,55,42,1577,Purdue,305,305,0,Isaac Haas with a defensive rebound.,NA,FALSE,FALSE,NA,NA,NA,NA,NA,NA,0,McNeese State,Purdue,130
2016-17,2016-11-11,1688577,715,0,2,Purdue,McNeese State,Boilermakers,Cowboys,4,1,98,55,43,1577,Purdue,255,255,50,Spike Albrecht makes free throw 1 of 1.,made,TRUE,FALSE,NA,NA,NA,NA,NA,NA,0,Purdue,Purdue,131
2016-17,2016-11-11,1688577,716,0,2,Purdue,McNeese State,Boilermakers,Cowboys,4,1,98,55,43,1490,McNeese State,255,255,0,Shooting foul committed by Jacob Ledoux.,NA,FALSE,FALSE,NA,NA,NA,NA,NA,NA,0,Purdue,Purdue,131
2016-17,2016-11-11,1688577,717,0,2,Purdue,McNeese State,Boilermakers,Cowboys,4,1,99,55,44,1577,Purdue,255,255,0,Vincent Edwards makes free throw 1 of 2.,made,TRUE,FALSE,NA,NA,NA,NA,NA,NA,0,Purdue,Purdue,131
2016-17,2016-11-11,1688577,718,0,2,Purdue,McNeese State,Boilermakers,Cowboys,4,1,100,55,45,1577,Purdue,255,255,0,Vincent Edwards makes free throw 1 of 2.,made,TRUE,FALSE,NA,NA,NA,NA,NA,NA,0,Purdue,Purdue,131
2016-17,2016-11-11,1688577,720,0,2,Purdue,McNeese State,Boilermakers,Cowboys,4,1,100,55,45,1490,McNeese State,251,251,4,Kalob Ledoux misses a 3-point jump shot from 24 feet out.,missed,FALSE,TRUE,Jump Shot,9.8,24.05,956803,Kalob Ledoux,NA,0,McNeese State,McNeese State,131
2016-17,2016-11-11,1688577,721,0,2,Purdue,McNeese State,Boilermakers,Cowboys,4,1,100,55,45,1577,Purdue,251,251,0,Spike Albrecht with a defensive rebound.,NA,FALSE,FALSE,NA,NA,NA,NA,NA,NA,0,McNeese State,Purdue,131
2016-17,2016-11-11,1688577,722,0,2,Purdue,McNeese State,Boilermakers,Cowboys,4,1,100,55,45,1577,Purdue,239,239,12,Jacob Ledoux steals the ball from Spike Albrecht.,NA,FALSE,FALSE,NA,NA,NA,NA,NA,NA,0,Purdue,McNeese State,132
2016-17,2016-11-11,1688577,723,0,2,Purdue,McNeese State,Boilermakers,Cowboys,4,1,100,57,43,1490,McNeese State,228,228,11,Jacob Ledoux dunks. Jamaya Burr with the assist.,made,FALSE,FALSE,Dunk Shot,26,6.25,956805,Jacob Ledoux,Jamaya Burr,0,McNeese State,Purdue,133
2016-17,2016-11-11,1688577,726,0,2,Purdue,McNeese State,Boilermakers,Cowboys,4,1,100,57,43,1577,Purdue,220,220,8,Spike Albrecht misses a 3-point jump shot from 24 feet out.,missed,FALSE,TRUE,Jump Shot,8.100000000000001,21.650000000000006,698980,Spike Albrecht,NA,0,Purdue,Purdue,134
2016-17,2016-11-11,1688577,727,0,2,Purdue,McNeese State,Boilermakers,Cowboys,4,1,100,57,43,1577,Purdue,220,220,0,Carsen Edwards with an offensive rebound.,NA,FALSE,FALSE,NA,NA,NA,NA,NA,NA,0,Purdue,Purdue,134
2016-17,2016-11-11,1688577,730,0,2,Purdue,McNeese State,Boilermakers,Cowboys,4,1,100,57,43,1577,Purdue,207,207,13,Jon McKeeman with a turnover - Lost Ball,NA,FALSE,FALSE,NA,NA,NA,NA,NA,NA,0,Purdue,McNeese State,134
2016-17,2016-11-11,1688577,733,0,2,Purdue,McNeese State,Boilermakers,Cowboys,4,1,100,57,43,NA,NA,202,202,5,Official TV timeout.,NA,FALSE,FALSE,NA,NA,NA,NA,NA,NA,0,NA,NA,NA
2016-17,2016-11-11,1688577,735,0,2,Purdue,McNeese State,Boilermakers,Cowboys,4,1,100,59,41,1490,McNeese State,190,190,12,Kalob Ledoux makes a jump shot from 16 feet out.,made,FALSE,FALSE,Jump Shot,9.6,10.55,956803,Kalob Ledoux,NA,0,McNeese State,Purdue,135
2016-17,2016-11-11,1688577,736,0,2,Purdue,McNeese State,Boilermakers,Cowboys,4,1,103,59,44,1577,Purdue,181,181,9,Carsen Edwards makes a 3-point jump shot from 23 feet out.,made,FALSE,TRUE,Jump Shot,6.399999999999999,18.950000000000003,945110,Carsen Edwards,NA,0,Purdue,McNeese State,136
2016-17,2016-11-11,1688577,739,0,2,Purdue,McNeese State,Boilermakers,Cowboys,4,1,103,59,44,1490,McNeese State,175,175,6,Kalob Ledoux misses a 3-point jump shot from 23 feet out.,missed,FALSE,TRUE,Jump Shot,40.9,22.55,956803,Kalob Ledoux,NA,0,McNeese State,McNeese State,137
2016-17,2016-11-11,1688577,740,0,2,Purdue,McNeese State,Boilermakers,Cowboys,4,1,103,59,44,1490,McNeese State,175,175,0,Richard Laku with an offensive rebound.,NA,FALSE,FALSE,NA,NA,NA,NA,NA,NA,0,McNeese State,McNeese State,137
2016-17,2016-11-11,1688577,744,0,2,Purdue,McNeese State,Boilermakers,Cowboys,4,1,103,59,44,1577,Purdue,164,164,11,Personal foul committed by Tommy Luce.,NA,FALSE,FALSE,NA,NA,NA,NA,NA,NA,0,McNeese State,McNeese State,137
2016-17,2016-11-11,1688577,749,0,2,Purdue,McNeese State,Boilermakers,Cowboys,4,1,103,59,44,1490,McNeese State,156,156,8,Offensive foul committed by Adrian Brown.,NA,FALSE,FALSE,NA,NA,NA,NA,NA,NA,0,McNeese State,McNeese State,137
2016-17,2016-11-11,1688577,750,0,2,Purdue,McNeese State,Boilermakers,Cowboys,4,1,103,59,44,1490,McNeese State,156,156,0,Adrian Brown with a turnover,NA,FALSE,FALSE,NA,NA,NA,NA,NA,NA,0,McNeese State,Purdue,137
2016-17,2016-11-11,1688577,752,0,2,Purdue,McNeese State,Boilermakers,Cowboys,4,1,103,59,44,1577,Purdue,153,153,3,Tommy Luce misses a 3-point jump shot from 23 feet out.,missed,FALSE,TRUE,Jump Shot,6.200000000000003,18.75,945116,Tommy Luce,NA,0,Purdue,Purdue,138
2016-17,2016-11-11,1688577,753,0,2,Purdue,McNeese State,Boilermakers,Cowboys,4,1,103,59,44,1490,McNeese State,153,153,0,Richard Laku with a defensive rebound.,NA,FALSE,FALSE,NA,NA,NA,NA,NA,NA,0,Purdue,McNeese State,138
2016-17,2016-11-11,1688577,753.125,0,2,Purdue,McNeese State,Boilermakers,Cowboys,4,1,103,59,44,1490,McNeese State,143,143,10,Adrian Brown misses a jump shot from 13 feet out.,missed,FALSE,FALSE,Jump Shot,36,11.25,896270,Adrian Brown,NA,0,McNeese State,McNeese State,139
2016-17,2016-11-11,1688577,753.1875,0,2,Purdue,McNeese State,Boilermakers,Cowboys,4,1,103,59,44,1577,Purdue,143,143,0,Carsen Edwards with a defensive rebound.,NA,FALSE,FALSE,NA,NA,NA,NA,NA,NA,0,McNeese State,Purdue,139
2016-17,2016-11-11,1688577,753.25,0,2,Purdue,McNeese State,Boilermakers,Cowboys,4,1,103,59,44,1490,McNeese State,143,143,0,Kalob Ledoux misses a jump shot from 14 feet out.,missed,FALSE,FALSE,Jump Shot,35,14.25,956803,Kalob Ledoux,NA,0,McNeese State,McNeese State,140
2016-17,2016-11-11,1688577,753.375,0,2,Purdue,McNeese State,Boilermakers,Cowboys,4,1,103,59,44,1577,Purdue,143,143,0,Grady Eifert with a defensive rebound.,NA,FALSE,FALSE,NA,NA,NA,NA,NA,NA,0,McNeese State,Purdue,140
2016-17,2016-11-11,1688577,753.5,0,2,Purdue,McNeese State,Boilermakers,Cowboys,4,1,103,59,44,1490,McNeese State,143,143,0,Stephen Ugochukwu misses a jump shot from 14 feet out.,missed,FALSE,FALSE,Jump Shot,15,16.25,851963,Stephen Ugochukwu,NA,0,McNeese State,McNeese State,141
2016-17,2016-11-11,1688577,753.75,0,2,Purdue,McNeese State,Boilermakers,Cowboys,4,1,103,59,44,1577,Purdue,143,143,0,Isaac Haas with a defensive rebound.,NA,FALSE,FALSE,NA,NA,NA,NA,NA,NA,0,McNeese State,Purdue,141
2016-17,2016-11-11,1688577,754,0,2,Purdue,McNeese State,Boilermakers,Cowboys,4,1,103,61,42,1490,McNeese State,143,143,0,Jamaya Burr makes a layup. LaBarrius Hill with the assist.,made,FALSE,FALSE,Layup Shot,26,6.25,794040,Jamaya Burr,LaBarrius Hill,0,McNeese State,Purdue,142
2016-17,2016-11-11,1688577,758,0,2,Purdue,McNeese State,Boilermakers,Cowboys,4,1,103,61,42,1490,McNeese State,123,123,20,Personal foul committed by Jamaya Burr.,NA,FALSE,FALSE,NA,NA,NA,NA,NA,NA,0,Purdue,Purdue,143
2016-17,2016-11-11,1688577,758.125,0,2,Purdue,McNeese State,Boilermakers,Cowboys,4,1,103,61,42,1490,McNeese State,123,123,0,James Harvey misses a jump shot from 20 feet out.,missed,FALSE,FALSE,Jump Shot,6,11.25,896265,James Harvey,NA,0,McNeese State,McNeese State,143
2016-17,2016-11-11,1688577,758.1875,0,2,Purdue,McNeese State,Boilermakers,Cowboys,4,1,103,61,42,1577,Purdue,123,123,0,Caleb Swanigan with a defensive rebound.,NA,FALSE,FALSE,NA,NA,NA,NA,NA,NA,0,McNeese State,Purdue,143
2016-17,2016-11-11,1688577,758.25,0,2,Purdue,McNeese State,Boilermakers,Cowboys,4,1,103,61,42,1490,McNeese State,123,123,0,Jamaya Burr misses a jump shot from 16 feet out.,missed,FALSE,FALSE,Jump Shot,12,14.25,794040,Jamaya Burr,NA,0,McNeese State,McNeese State,144
2016-17,2016-11-11,1688577,758.375,0,2,Purdue,McNeese State,Boilermakers,Cowboys,4,1,103,61,42,1577,Purdue,123,123,0,Caleb Swanigan with a defensive rebound.,NA,FALSE,FALSE,NA,NA,NA,NA,NA,NA,0,McNeese State,Purdue,144
2016-17,2016-11-11,1688577,758.5,0,2,Purdue,McNeese State,Boilermakers,Cowboys,4,1,103,61,42,1490,McNeese State,123,123,0,James Harvey misses a jump shot from 17 feet out.,missed,FALSE,FALSE,Jump Shot,10,12.25,896265,James Harvey,NA,0,McNeese State,McNeese State,145
2016-17,2016-11-11,1688577,758.75,0,2,Purdue,McNeese State,Boilermakers,Cowboys,4,1,103,61,42,1577,Purdue,123,123,0,Caleb Swanigan with a defensive rebound.,NA,FALSE,FALSE,NA,NA,NA,NA,NA,NA,0,McNeese State,Purdue,145
2016-17,2016-11-11,1688577,759,0,2,Purdue,McNeese State,Boilermakers,Cowboys,4,1,104,61,43,1577,Purdue,123,123,0,Spike Albrecht makes free throw 1 of 2.,made,TRUE,FALSE,NA,NA,NA,NA,NA,NA,0,Purdue,Purdue,146
2016-17,2016-11-11,1688577,760,0,2,Purdue,McNeese State,Boilermakers,Cowboys,4,1,105,61,44,1577,Purdue,123,123,0,Spike Albrecht makes free throw 2 of 2.,made,TRUE,FALSE,NA,NA,NA,NA,NA,NA,0,Purdue,McNeese State,146
2016-17,2016-11-11,1688577,762,0,2,Purdue,McNeese State,Boilermakers,Cowboys,4,1,105,61,44,1490,McNeese State,119,119,4,Jon McKeeman steals the ball from Adrian Brown.,NA,FALSE,FALSE,NA,NA,NA,NA,NA,NA,0,McNeese State,Purdue,147
2016-17,2016-11-11,1688577,764,0,2,Purdue,McNeese State,Boilermakers,Cowboys,4,1,105,61,44,1577,Purdue,108,108,11,Carsen Edwards with a turnover - Lost Ball,NA,FALSE,FALSE,NA,NA,NA,NA,NA,NA,0,Purdue,McNeese State,148
2016-17,2016-11-11,1688577,766,0,2,Purdue,McNeese State,Boilermakers,Cowboys,4,1,105,61,44,1490,McNeese State,105,105,3,Jamaya Burr misses a 3-point jump shot from 24 feet out.,missed,FALSE,TRUE,Jump Shot,7.899999999999999,21.65,794040,Jamaya Burr,NA,0,McNeese State,McNeese State,149
2016-17,2016-11-11,1688577,767,0,2,Purdue,McNeese State,Boilermakers,Cowboys,4,1,105,61,44,1490,McNeese State,105,105,0,Jacob Ledoux with an offensive rebound.,NA,FALSE,FALSE,NA,NA,NA,NA,NA,NA,0,McNeese State,McNeese State,149
2016-17,2016-11-11,1688577,768,0,2,Purdue,McNeese State,Boilermakers,Cowboys,4,1,105,63,42,1490,McNeese State,95,95,10,Jacob Ledoux makes a layup.,made,FALSE,FALSE,Layup Shot,25,5.25,956805,Jacob Ledoux,NA,0,McNeese State,Purdue,149
2016-17,2016-11-11,1688577,769,0,2,Purdue,McNeese State,Boilermakers,Cowboys,4,1,107,63,44,1577,Purdue,83,83,12,Grady Eifert makes a jump shot from 10 feet out. Carsen Edwards with the assist.,made,FALSE,FALSE,Jump Shot,17.1,10.549999999999997,882765,Grady Eifert,Carsen Edwards,0,Purdue,McNeese State,150
2016-17,2016-11-11,1688577,770,0,2,Purdue,McNeese State,Boilermakers,Cowboys,4,1,107,65,42,1490,McNeese State,66,66,17,Kalob Ledoux makes a jump shot from 16 feet out. Jamaya Burr with the assist.,made,FALSE,FALSE,Jump Shot,9.4,9.25,956803,Kalob Ledoux,Jamaya Burr,0,McNeese State,Purdue,151
2016-17,2016-11-11,1688577,772,0,2,Purdue,McNeese State,Boilermakers,Cowboys,4,1,107,65,42,1490,McNeese State,49,49,17,Personal foul committed by Richard Laku.,NA,FALSE,FALSE,NA,NA,NA,NA,NA,NA,0,Purdue,Purdue,152
2016-17,2016-11-11,1688577,773,0,2,Purdue,McNeese State,Boilermakers,Cowboys,4,1,107,65,42,1577,Purdue,49,49,0,Carsen Edwards misses free throw 1 of 2.,missed,TRUE,FALSE,NA,NA,NA,NA,NA,NA,0,Purdue,Purdue,152
2016-17,2016-11-11,1688577,775,0,2,Purdue,McNeese State,Boilermakers,Cowboys,4,1,107,65,42,1577,Purdue,49,49,0,Carsen Edwards misses free throw 2 of 2.,missed,TRUE,FALSE,NA,NA,NA,NA,NA,NA,0,Purdue,Purdue,152
2016-17,2016-11-11,1688577,776,0,2,Purdue,McNeese State,Boilermakers,Cowboys,4,1,107,65,42,1490,McNeese State,49,49,0,Richard Laku with a defensive rebound.,NA,FALSE,FALSE,NA,NA,NA,NA,NA,NA,0,Purdue,McNeese State,152
2016-17,2016-11-11,1688577,778,0,2,Purdue,McNeese State,Boilermakers,Cowboys,4,1,107,65,42,1490,McNeese State,39,39,10,Richard Laku misses a 3-point jump shot from 23 feet out.,missed,FALSE,TRUE,Jump Shot,10.3,22.35,896266,Richard Laku,NA,0,McNeese State,McNeese State,153
2016-17,2016-11-11,1688577,779,0,2,Purdue,McNeese State,Boilermakers,Cowboys,4,1,107,65,42,1577,Purdue,39,39,0,Carsen Edwards with a defensive rebound.,NA,FALSE,FALSE,NA,NA,NA,NA,NA,NA,0,McNeese State,Purdue,153
2016-17,2016-11-11,1688577,780,0,2,Purdue,McNeese State,Boilermakers,Cowboys,4,1,109,65,44,1577,Purdue,27,27,12,Jon McKeeman makes a layup. Carsen Edwards with the assist.,made,FALSE,FALSE,Layup Shot,25,5.25,728665,Jon McKeeman,Carsen Edwards,0,Purdue,McNeese State,154
2016-17,2016-11-11,1688577,781,0,2,Purdue,McNeese State,Boilermakers,Cowboys,4,1,109,65,44,NA,NA,0,0,27,End of the 2nd Half,NA,FALSE,FALSE,NA,NA,NA,NA,NA,NA,0,NA,NA,NA
2016-17,2016-11-11,1688577,804,0,2,Purdue,McNeese State,Boilermakers,Cowboys,4,1,109,65,44,NA,NA,0,0,0,End of the Game,NA,FALSE,FALSE,NA,NA,NA,NA,NA,NA,0,McNeese State,McNeese State,NA
