season,date,game_id,play_id,neutral,half,home,away,home_name,away_name,home_timeouts,away_timeouts,home_score,away_score,score_diff,team_id,event_team,game_secs_remaining,half_secs_remaining,play_length,desc,shot_outcome,free_throw,three_pt,shot_desc,loc_x,loc_y,shooter_id,shooter,assist,substitution,poss_before,poss_after,poss_number
2016-17,2016-11-25,1688043,1,1,1,Boston College,Kansas State,Eagles,Wildcats,4,4,0,0,0,1317,Boston College,NA,NA,NA,Starting Lineup - Connar Tava,NA,FALSE,FALSE,NA,NA,NA,NA,NA,NA,1,NA,NA,NA
2016-17,2016-11-25,1688043,1,1,1,Boston College,Kansas State,Eagles,Wildcats,4,4,0,0,0,1317,Boston College,NA,NA,NA,Starting Lineup - Mo Jeffers,NA,FALSE,FALSE,NA,NA,NA,NA,NA,NA,1,NA,NA,NA
2016-17,2016-11-25,1688043,1,1,1,Boston College,Kansas State,Eagles,Wildcats,4,4,0,0,0,1457,Kansas State,NA,NA,NA,Starting Lineup - D.J. Johnson,NA,FALSE,FALSE,NA,NA,NA,NA,NA,NA,1,NA,NA,NA
2016-17,2016-11-25,1688043,1,1,1,Boston College,Kansas State,Eagles,Wildcats,4,4,0,0,0,1457,Kansas State,NA,NA,NA,Starting Lineup - Wesley Iwundu,NA,FALSE,FALSE,NA,NA,NA,NA,NA,NA,1,NA,NA,NA
2016-17,2016-11-25,1688043,1,1,1,Boston College,Kansas State,Eagles,Wildcats,4,4,0,0,0,1457,Kansas State,NA,NA,NA,Starting Lineup - Barry Brown,NA,FALSE,FALSE,NA,NA,NA,NA,NA,NA,1,NA,NA,NA
2016-17,2016-11-25,1688043,1,1,1,Boston College,Kansas State,Eagles,Wildcats,4,4,0,0,0,1457,Kansas State,NA,NA,NA,Starting Lineup - Kamau Stokes,NA,FALSE,FALSE,NA,NA,NA,NA,NA,NA,1,NA,NA,NA
2016-17,2016-11-25,1688043,1,1,1,Boston College,Kansas State,Eagles,Wildcats,4,4,0,0,0,1457,Kansas State,NA,NA,NA,Starting Lineup - Dean Wade,NA,FALSE,FALSE,NA,NA,NA,NA,NA,NA,1,NA,NA,NA
2016-17,2016-11-25,1688043,1,1,1,Boston College,Kansas State,Eagles,Wildcats,4,4,0,0,0,1317,Boston College,NA,NA,NA,Starting Lineup - Jerome Robinson,NA,FALSE,FALSE,NA,NA,NA,NA,NA,NA,1,NA,NA,NA
2016-17,2016-11-25,1688043,1,1,1,Boston College,Kansas State,Eagles,Wildcats,4,4,0,0,0,1317,Boston College,NA,NA,NA,Starting Lineup - A.J. Turner,NA,FALSE,FALSE,NA,NA,NA,NA,NA,NA,1,NA,NA,NA
2016-17,2016-11-25,1688043,1,1,1,Boston College,Kansas State,Eagles,Wildcats,4,4,0,0,0,1317,Boston College,NA,NA,NA,Starting Lineup - Ky Bowman,NA,FALSE,FALSE,NA,NA,NA,NA,NA,NA,1,NA,NA,NA
2016-17,2016-11-25,1688043,2,1,1,Boston College,Kansas State,Eagles,Wildcats,4,4,0,0,0,NA,NA,2400,1200,NA,Start of the 1st Half,NA,FALSE,FALSE,NA,NA,NA,NA,NA,NA,0,NA,Kansas State,1
2016-17,2016-11-25,1688043,7,1,1,Boston College,Kansas State,Eagles,Wildcats,4,4,0,0,0,1317,Boston College,2383,1183,17,Shooting foul committed by Jerome Robinson.,NA,FALSE,FALSE,NA,NA,NA,NA,NA,NA,0,Kansas State,Kansas State,1
2016-17,2016-11-25,1688043,8.5,1,1,Boston College,Kansas State,Eagles,Wildcats,4,4,0,0,0,1457,Kansas State,2383,1183,0,D.J. Johnson misses free throw 1 of 2.,missed,TRUE,FALSE,NA,NA,NA,NA,NA,NA,0,Kansas State,Kansas State,1
2016-17,2016-11-25,1688043,9,1,1,Boston College,Kansas State,Eagles,Wildcats,4,4,0,1,-1,1457,Kansas State,2383,1183,0,D.J. Johnson makes free throw 2 of 2.,made,TRUE,FALSE,NA,NA,NA,NA,NA,NA,0,Kansas State,Boston College,1
2016-17,2016-11-25,1688043,16,1,1,Boston College,Kansas State,Eagles,Wildcats,4,4,0,1,-1,1457,Kansas State,2365,1165,18,Personal foul committed by Wes Iwundu.,NA,FALSE,FALSE,NA,NA,NA,NA,NA,NA,0,Boston College,Boston College,2
2016-17,2016-11-25,1688043,38,1,1,Boston College,Kansas State,Eagles,Wildcats,4,4,0,1,-1,1457,Kansas State,2332,1132,33,Barry Brown Jr. misses a 3-point jump shot from 23 feet out.,missed,FALSE,TRUE,Jump Shot,47,11.25,880670,Barry Brown Jr.,NA,0,Kansas State,Boston College,2
2016-17,2016-11-25,1688043,39,1,1,Boston College,Kansas State,Eagles,Wildcats,4,4,0,1,-1,1317,Boston College,2319,1119,13,Jerome Robinson misses a 3-point jump shot from 24 feet out.,missed,FALSE,TRUE,Jump Shot,37.7,25.549999999999997,893002,Jerome Robinson,NA,0,Boston College,Kansas State,3
2016-17,2016-11-25,1688043,49,1,1,Boston College,Kansas State,Eagles,Wildcats,4,4,0,1,-1,1457,Kansas State,2251,1051,68,Barry Brown Jr. misses a jump shot from 17 feet out.,missed,FALSE,FALSE,Jump Shot,37.2,17.75,880670,Barry Brown Jr.,NA,0,Kansas State,Boston College,4
2016-17,2016-11-25,1688043,54,1,1,Boston College,Kansas State,Eagles,Wildcats,4,4,2,1,1,1317,Boston College,2213,1013,38,Mo Jeffers makes a jump shot from 16 feet out.,made,FALSE,FALSE,Jump Shot,13.200000000000003,16.549999999999997,703456,Mo Jeffers,NA,0,Boston College,Kansas State,5
2016-17,2016-11-25,1688043,54.5,1,1,Boston College,Kansas State,Eagles,Wildcats,4,4,2,1,1,1317,Boston College,2211,1011,2,Personal foul committed by Connar Tava.,NA,FALSE,FALSE,NA,NA,NA,NA,NA,NA,0,Kansas State,Kansas State,6
2016-17,2016-11-25,1688043,55,1,1,Boston College,Kansas State,Eagles,Wildcats,4,4,2,1,1,1457,Kansas State,2206,1006,5,Dean Wade misses a 3-point jump shot from 23 feet out.,missed,FALSE,TRUE,Jump Shot,1.6000000000000014,5.15,880677,Dean Wade,NA,0,Kansas State,Kansas State,6
2016-17,2016-11-25,1688043,72,1,1,Boston College,Kansas State,Eagles,Wildcats,4,4,2,1,1,1457,Kansas State,2206,1006,0,Wes Iwundu misses a 3-point jump shot from 23 feet out.,missed,FALSE,TRUE,Jump Shot,3.5,12.15,793863,Wes Iwundu,NA,0,Kansas State,Kansas State,6
2016-17,2016-11-25,1688043,74,1,1,Boston College,Kansas State,Eagles,Wildcats,4,4,2,3,-1,1457,Kansas State,2190,990,16,Dean Wade makes a jump shot from 3 feet out.,made,FALSE,FALSE,Jump Shot,27.1,7.05,880677,Dean Wade,NA,0,Kansas State,Boston College,6
2016-17,2016-11-25,1688043,77,1,1,Boston College,Kansas State,Eagles,Wildcats,4,4,4,3,1,1317,Boston College,2169,969,21,Jerome Robinson makes a jump shot from 17 feet out.,made,FALSE,FALSE,Jump Shot,8.399999999999999,7.150000000000006,893002,Jerome Robinson,NA,0,Boston College,Kansas State,7
2016-17,2016-11-25,1688043,82,1,1,Boston College,Kansas State,Eagles,Wildcats,4,4,4,3,1,1457,Kansas State,2147,947,22,Barry Brown Jr. misses a 3-point jump shot from 24 feet out.,missed,FALSE,TRUE,Jump Shot,47.2,13.95,880670,Barry Brown Jr.,NA,0,Kansas State,Boston College,8
2016-17,2016-11-25,1688043,84,1,1,Boston College,Kansas State,Eagles,Wildcats,4,4,4,3,1,1457,Kansas State,2142,942,5,Personal foul committed by D.J. Johnson.,NA,FALSE,FALSE,NA,NA,NA,NA,NA,NA,0,Boston College,Boston College,9
2016-17,2016-11-25,1688043,85,1,1,Boston College,Kansas State,Eagles,Wildcats,4,4,4,3,1,NA,NA,2142,942,0,Official TV timeout.,NA,FALSE,FALSE,NA,NA,NA,NA,NA,NA,0,NA,NA,NA
2016-17,2016-11-25,1688043,87,1,1,Boston College,Kansas State,Eagles,Wildcats,4,4,4,3,1,1317,Boston College,2142,942,0,Mo Jeffers misses a jump shot from 16 feet out.,missed,FALSE,FALSE,Jump Shot,11,13.650000000000006,703456,Mo Jeffers,NA,0,Boston College,Boston College,9
2016-17,2016-11-25,1688043,88,1,1,Boston College,Kansas State,Eagles,Wildcats,4,4,4,3,1,1317,Boston College,2142,942,0,Ky Bowman misses a jump shot from 18 feet out.,missed,FALSE,FALSE,Jump Shot,13,19.150000000000006,950056,Ky Bowman,NA,0,Boston College,Kansas State,9
2016-17,2016-11-25,1688043,95,1,1,Boston College,Kansas State,Eagles,Wildcats,4,4,4,3,1,1457,Kansas State,2115,915,27,D.J. Johnson misses a jump shot from 5 feet out.,missed,FALSE,FALSE,Jump Shot,22,8.85,713141,D.J. Johnson,NA,0,Kansas State,Kansas State,10
2016-17,2016-11-25,1688043,97,1,1,Boston College,Kansas State,Eagles,Wildcats,4,4,4,3,1,1457,Kansas State,2105,905,10,Kamau Stokes misses a layup.,missed,FALSE,FALSE,Layup Shot,26,6.25,880676,Kamau Stokes,NA,0,Kansas State,Kansas State,10
2016-17,2016-11-25,1688043,98,1,1,Boston College,Kansas State,Eagles,Wildcats,4,4,4,5,-1,1457,Kansas State,2099,899,6,D.J. Johnson makes a tip shot from 3 feet out.,made,FALSE,FALSE,Tip Shot,22.5,7.55,713141,D.J. Johnson,NA,0,Kansas State,Boston College,10
2016-17,2016-11-25,1688043,106,1,1,Boston College,Kansas State,Eagles,Wildcats,4,4,4,5,-1,1457,Kansas State,2071,871,28,Xavier Sneed misses a 3-point jump shot from 22 feet out.,missed,FALSE,TRUE,Jump Shot,6.699999999999999,17.95,944187,Xavier Sneed,NA,0,Kansas State,Kansas State,11
2016-17,2016-11-25,1688043,110,1,1,Boston College,Kansas State,Eagles,Wildcats,4,4,4,5,-1,1457,Kansas State,2060,860,11,Kamau Stokes misses a 3-point jump shot from 23 feet out.,missed,FALSE,TRUE,Jump Shot,45.7,14.65,880676,Kamau Stokes,NA,0,Kansas State,Kansas State,11
2016-17,2016-11-25,1688043,111,1,1,Boston College,Kansas State,Eagles,Wildcats,4,4,4,5,-1,1317,Boston College,2060,860,0,Personal foul committed by Garland Owens.,NA,FALSE,FALSE,NA,NA,NA,NA,NA,NA,0,Kansas State,Kansas State,11
2016-17,2016-11-25,1688043,117,1,1,Boston College,Kansas State,Eagles,Wildcats,4,4,4,5,-1,1457,Kansas State,2038,838,22,Barry Brown Jr. misses a layup.,missed,FALSE,FALSE,Layup Shot,25,5.25,880670,Barry Brown Jr.,NA,0,Kansas State,Boston College,11
2016-17,2016-11-25,1688043,120,1,1,Boston College,Kansas State,Eagles,Wildcats,4,4,4,5,-1,1457,Kansas State,2022,822,16,Personal foul committed by Carlbe Ervin II.,NA,FALSE,FALSE,NA,NA,NA,NA,NA,NA,0,Boston College,Boston College,12
2016-17,2016-11-25,1688043,124,1,1,Boston College,Kansas State,Eagles,Wildcats,4,4,4,5,-1,1457,Kansas State,2014,814,8,Personal foul committed by Carlbe Ervin II.,NA,FALSE,FALSE,NA,NA,NA,NA,NA,NA,0,Boston College,Boston College,12
2016-17,2016-11-25,1688043,128,1,1,Boston College,Kansas State,Eagles,Wildcats,4,4,4,5,-1,1457,Kansas State,1987,787,27,Dean Wade misses a hook shot from 8 feet out.,missed,FALSE,FALSE,Hook Shot,23.9,13.45,880677,Dean Wade,NA,0,Kansas State,Boston College,12
2016-17,2016-11-25,1688043,130,1,1,Boston College,Kansas State,Eagles,Wildcats,4,4,7,5,2,1317,Boston College,1977,777,10,Ky Bowman makes a 3-point jump shot from 24 feet out.,made,FALSE,TRUE,Jump Shot,7.100000000000001,20.450000000000003,950056,Ky Bowman,NA,0,Boston College,Kansas State,13
2016-17,2016-11-25,1688043,134,1,1,Boston College,Kansas State,Eagles,Wildcats,4,4,7,7,0,1457,Kansas State,1951,751,26,Isaiah Maurice makes a jump shot from 16 feet out.,made,FALSE,FALSE,Jump Shot,39.2,12.85,880674,Isaiah Maurice,NA,0,Kansas State,Boston College,14
2016-17,2016-11-25,1688043,137,1,1,Boston College,Kansas State,Eagles,Wildcats,4,4,7,7,0,1317,Boston College,1932,732,19,Jordan Chatman misses a 3-point jump shot from 24 feet out.,missed,FALSE,TRUE,Jump Shot,15.200000000000003,26.75,850086,Jordan Chatman,NA,0,Boston College,Boston College,15
2016-17,2016-11-25,1688043,139,1,1,Boston College,Kansas State,Eagles,Wildcats,4,4,7,7,0,1317,Boston College,1923,723,9,Ky Bowman misses a jump shot from 11 feet out.,missed,FALSE,FALSE,Jump Shot,14.200000000000003,6.049999999999997,950056,Ky Bowman,NA,0,Boston College,Kansas State,15
2016-17,2016-11-25,1688043,144,1,1,Boston College,Kansas State,Eagles,Wildcats,4,4,7,7,0,1317,Boston College,1910,710,13,Personal foul committed by Garland Owens.,NA,FALSE,FALSE,NA,NA,NA,NA,NA,NA,0,Kansas State,Kansas State,16
2016-17,2016-11-25,1688043,145,1,1,Boston College,Kansas State,Eagles,Wildcats,4,4,7,7,0,NA,NA,1910,710,0,Official TV timeout.,NA,FALSE,FALSE,NA,NA,NA,NA,NA,NA,0,NA,NA,NA
2016-17,2016-11-25,1688043,155,1,1,Boston College,Kansas State,Eagles,Wildcats,4,4,7,7,0,1317,Boston College,1885,685,25,Shooting foul committed by Nik Popovic.,NA,FALSE,FALSE,NA,NA,NA,NA,NA,NA,0,Kansas State,Kansas State,16
2016-17,2016-11-25,1688043,156,1,1,Boston College,Kansas State,Eagles,Wildcats,4,4,7,8,-1,1457,Kansas State,1885,685,0,Barry Brown Jr. makes free throw 1 of 2.,made,TRUE,FALSE,NA,NA,NA,NA,NA,NA,0,Kansas State,Kansas State,16
2016-17,2016-11-25,1688043,157,1,1,Boston College,Kansas State,Eagles,Wildcats,4,4,7,9,-2,1457,Kansas State,1885,685,0,Barry Brown Jr. makes free throw 2 of 2.,made,TRUE,FALSE,NA,NA,NA,NA,NA,NA,0,Kansas State,Boston College,16
2016-17,2016-11-25,1688043,160,1,1,Boston College,Kansas State,Eagles,Wildcats,4,4,7,9,-2,1317,Boston College,1877,677,8,Personal foul committed by Ky Bowman.,NA,FALSE,FALSE,NA,NA,NA,NA,NA,NA,0,Kansas State,Kansas State,17
2016-17,2016-11-25,1688043,169,1,1,Boston College,Kansas State,Eagles,Wildcats,4,4,7,9,-2,1317,Boston College,1845,645,32,Connar Tava misses a 3-point jump shot from 23 feet out.,missed,FALSE,TRUE,Jump Shot,5.399999999999999,16.849999999999994,695110,Connar Tava,NA,0,Boston College,Boston College,17
2016-17,2016-11-25,1688043,172,1,1,Boston College,Kansas State,Eagles,Wildcats,4,4,7,9,-2,1457,Kansas State,1831,631,14,Personal foul committed by D.J. Johnson.,NA,FALSE,FALSE,NA,NA,NA,NA,NA,NA,0,Boston College,Boston College,17
2016-17,2016-11-25,1688043,176,1,1,Boston College,Kansas State,Eagles,Wildcats,4,4,7,9,-2,1317,Boston College,1814,614,17,Nik Popovic misses a 3-point jump shot from 23 feet out.,missed,FALSE,TRUE,Jump Shot,20,27.75,950058,Nik Popovic,NA,0,Boston College,Kansas State,17
2016-17,2016-11-25,1688043,178,1,1,Boston College,Kansas State,Eagles,Wildcats,4,4,7,9,-2,1457,Kansas State,1800,600,14,Dean Wade misses a jump shot from 17 feet out.,missed,FALSE,FALSE,Jump Shot,41.6,8.75,880677,Dean Wade,NA,0,Kansas State,Boston College,18
2016-17,2016-11-25,1688043,180,1,1,Boston College,Kansas State,Eagles,Wildcats,4,4,7,9,-2,1317,Boston College,1793,593,7,Ky Bowman misses a 3-point jump shot from 24 feet out.,missed,FALSE,TRUE,Jump Shot,12.200000000000003,25.049999999999997,950056,Ky Bowman,NA,0,Boston College,Kansas State,19
2016-17,2016-11-25,1688043,183,1,1,Boston College,Kansas State,Eagles,Wildcats,4,4,7,9,-2,1317,Boston College,1784,584,9,Shooting foul committed by Jordan Chatman.,NA,FALSE,FALSE,NA,NA,NA,NA,NA,NA,0,Kansas State,Kansas State,20
2016-17,2016-11-25,1688043,184,1,1,Boston College,Kansas State,Eagles,Wildcats,4,4,7,9,-2,1457,Kansas State,1784,584,0,Barry Brown Jr. misses free throw 1 of 2.,missed,TRUE,FALSE,NA,NA,NA,NA,NA,NA,0,Kansas State,Kansas State,20
2016-17,2016-11-25,1688043,185,1,1,Boston College,Kansas State,Eagles,Wildcats,4,4,7,10,-3,1457,Kansas State,1784,584,0,Barry Brown Jr. makes free throw 2 of 2.,made,TRUE,FALSE,NA,NA,NA,NA,NA,NA,0,Kansas State,Boston College,20
2016-17,2016-11-25,1688043,191,1,1,Boston College,Kansas State,Eagles,Wildcats,4,4,7,10,-3,1457,Kansas State,1750,550,34,Barry Brown Jr. misses a 3-point jump shot from 23 feet out.,missed,FALSE,TRUE,Jump Shot,46.7,12.15,880670,Barry Brown Jr.,NA,0,Kansas State,Boston College,21
2016-17,2016-11-25,1688043,192,1,1,Boston College,Kansas State,Eagles,Wildcats,4,4,7,10,-3,1317,Boston College,1741,541,9,Jerome Robinson misses a layup.,missed,FALSE,FALSE,Layup Shot,25,5.25,893002,Jerome Robinson,NA,0,Boston College,Boston College,22
2016-17,2016-11-25,1688043,193,1,1,Boston College,Kansas State,Eagles,Wildcats,4,4,7,10,-3,1317,Boston College,1735,535,6,Connar Tava misses a tip shot from 2 feet out.,missed,FALSE,FALSE,Tip Shot,25.1,7.150000000000006,695110,Connar Tava,NA,0,Boston College,Kansas State,22
2016-17,2016-11-25,1688043,195,1,1,Boston College,Kansas State,Eagles,Wildcats,4,4,7,10,-3,1457,Kansas State,1719,519,16,Isaiah Maurice misses a jump shot from 20 feet out.,missed,FALSE,FALSE,Jump Shot,34.1,22.55,880674,Isaiah Maurice,NA,0,Kansas State,Boston College,23
2016-17,2016-11-25,1688043,198,1,1,Boston College,Kansas State,Eagles,Wildcats,4,4,7,10,-3,1457,Kansas State,1707,507,12,Shooting foul committed by Isaiah Maurice.,NA,FALSE,FALSE,NA,NA,NA,NA,NA,NA,0,Boston College,Boston College,24
2016-17,2016-11-25,1688043,199,1,1,Boston College,Kansas State,Eagles,Wildcats,4,3,7,10,-3,1457,Kansas State,1707,507,0,Wildcats take a 30-second timeout.,NA,FALSE,FALSE,NA,NA,NA,NA,NA,NA,0,NA,NA,NA
2016-17,2016-11-25,1688043,200,1,1,Boston College,Kansas State,Eagles,Wildcats,4,3,8,10,-2,1317,Boston College,1707,507,0,Jerome Robinson makes free throw 1 of 2.,made,TRUE,FALSE,NA,NA,NA,NA,NA,NA,0,Boston College,Boston College,24
2016-17,2016-11-25,1688043,201,1,1,Boston College,Kansas State,Eagles,Wildcats,4,3,8,10,-2,1317,Boston College,1707,507,0,Jerome Robinson misses free throw 2 of 2.,missed,TRUE,FALSE,NA,NA,NA,NA,NA,NA,0,Boston College,Kansas State,24
2016-17,2016-11-25,1688043,206,1,1,Boston College,Kansas State,Eagles,Wildcats,4,3,8,12,-4,1457,Kansas State,1692,492,15,Xavier Sneed makes a jump shot from 11 feet out.,made,FALSE,FALSE,Jump Shot,16.8,13.15,944187,Xavier Sneed,NA,0,Kansas State,Boston College,25
2016-17,2016-11-25,1688043,208,1,1,Boston College,Kansas State,Eagles,Wildcats,4,3,8,12,-4,1317,Boston College,1677,477,15,Jerome Robinson misses a jump shot from 6 feet out.,missed,FALSE,FALSE,Jump Shot,20.2,8.049999999999997,893002,Jerome Robinson,NA,0,Boston College,Kansas State,26
2016-17,2016-11-25,1688043,209,1,1,Boston College,Kansas State,Eagles,Wildcats,4,3,8,14,-6,1457,Kansas State,1664,464,13,Xavier Sneed dunks.,made,FALSE,FALSE,Dunk Shot,25,5.25,944187,Xavier Sneed,NA,0,Kansas State,Boston College,27
2016-17,2016-11-25,1688043,214,1,1,Boston College,Kansas State,Eagles,Wildcats,4,3,8,14,-6,1317,Boston College,1636,436,28,Personal foul committed by Ty Graves.,NA,FALSE,FALSE,NA,NA,NA,NA,NA,NA,0,Kansas State,Kansas State,28
2016-17,2016-11-25,1688043,215,1,1,Boston College,Kansas State,Eagles,Wildcats,4,3,8,14,-6,1457,Kansas State,1636,436,0,Kamau Stokes misses free throw 1 of 1.,missed,TRUE,FALSE,NA,NA,NA,NA,NA,NA,0,Kansas State,Kansas State,28
2016-17,2016-11-25,1688043,221,1,1,Boston College,Kansas State,Eagles,Wildcats,3,3,8,14,-6,1317,Boston College,1629,429,7,Eagles take a 30-second timeout.,NA,FALSE,FALSE,NA,NA,NA,NA,NA,NA,0,NA,NA,NA
2016-17,2016-11-25,1688043,226,1,1,Boston College,Kansas State,Eagles,Wildcats,3,3,8,14,-6,1457,Kansas State,1607,407,22,Xavier Sneed misses a 3-point jump shot from 23 feet out.,missed,FALSE,TRUE,Jump Shot,1.6000000000000014,5.85,944187,Xavier Sneed,NA,0,Kansas State,Boston College,28
2016-17,2016-11-25,1688043,230,1,1,Boston College,Kansas State,Eagles,Wildcats,3,3,8,14,-6,1317,Boston College,1592,392,15,Jerome Robinson misses a layup.,missed,FALSE,FALSE,Layup Shot,25,5.25,893002,Jerome Robinson,NA,0,Boston College,Kansas State,29
2016-17,2016-11-25,1688043,231,1,1,Boston College,Kansas State,Eagles,Wildcats,3,3,8,14,-6,1317,Boston College,1592,392,0,Personal foul committed by Jerome Robinson.,NA,FALSE,FALSE,NA,NA,NA,NA,NA,NA,0,Kansas State,Kansas State,30
2016-17,2016-11-25,1688043,232,1,1,Boston College,Kansas State,Eagles,Wildcats,3,3,8,15,-7,1457,Kansas State,1592,392,0,Brian Patrick makes free throw 1 of 2.,made,TRUE,FALSE,NA,NA,NA,NA,NA,NA,0,Kansas State,Kansas State,30
2016-17,2016-11-25,1688043,233,1,1,Boston College,Kansas State,Eagles,Wildcats,3,3,8,16,-8,1457,Kansas State,1592,392,0,Brian Patrick makes free throw 2 of 2.,made,TRUE,FALSE,NA,NA,NA,NA,NA,NA,0,Kansas State,Boston College,30
2016-17,2016-11-25,1688043,247,1,1,Boston College,Kansas State,Eagles,Wildcats,3,3,8,16,-8,1457,Kansas State,1566,366,26,Barry Brown Jr. misses a layup.,missed,FALSE,FALSE,Layup Shot,25,5.25,880670,Barry Brown Jr.,NA,0,Kansas State,Boston College,31
2016-17,2016-11-25,1688043,248,1,1,Boston College,Kansas State,Eagles,Wildcats,3,3,8,16,-8,1457,Kansas State,1566,366,0,Personal foul committed by Brian Patrick.,NA,FALSE,FALSE,NA,NA,NA,NA,NA,NA,0,Boston College,Boston College,32
2016-17,2016-11-25,1688043,249,1,1,Boston College,Kansas State,Eagles,Wildcats,3,3,9,16,-7,1317,Boston College,1566,366,0,Ky Bowman makes free throw 1 of 2.,made,TRUE,FALSE,NA,NA,NA,NA,NA,NA,0,Boston College,Boston College,32
2016-17,2016-11-25,1688043,250,1,1,Boston College,Kansas State,Eagles,Wildcats,3,3,9,16,-7,1317,Boston College,1566,366,0,Ky Bowman misses free throw 2 of 2.,missed,TRUE,FALSE,NA,NA,NA,NA,NA,NA,0,Boston College,Boston College,32
2016-17,2016-11-25,1688043,253,1,1,Boston College,Kansas State,Eagles,Wildcats,3,3,9,16,-7,1317,Boston College,1562,362,4,Nik Popovic misses a hook shot from 7 feet out.,missed,FALSE,FALSE,Hook Shot,25.1,12.150000000000006,950058,Nik Popovic,NA,0,Boston College,Kansas State,32
2016-17,2016-11-25,1688043,255,1,1,Boston College,Kansas State,Eagles,Wildcats,3,3,9,18,-9,1457,Kansas State,1548,348,14,Dean Wade dunks.,made,FALSE,FALSE,Dunk Shot,26,6.25,880677,Dean Wade,NA,0,Kansas State,Boston College,33
2016-17,2016-11-25,1688043,258,1,1,Boston College,Kansas State,Eagles,Wildcats,3,3,12,18,-6,1317,Boston College,1526,326,22,Garland Owens makes a 3-point jump shot from 23 feet out.,made,FALSE,TRUE,Jump Shot,47.4,7.849999999999994,746237,Garland Owens,NA,0,Boston College,Kansas State,34
2016-17,2016-11-25,1688043,268,1,1,Boston College,Kansas State,Eagles,Wildcats,3,3,12,18,-6,1317,Boston College,1496,296,30,Shooting foul committed by Nik Popovic.,NA,FALSE,FALSE,NA,NA,NA,NA,NA,NA,0,Kansas State,Kansas State,35
2016-17,2016-11-25,1688043,269,1,1,Boston College,Kansas State,Eagles,Wildcats,3,3,12,19,-7,1457,Kansas State,1496,296,0,Barry Brown Jr. makes free throw 1 of 2.,made,TRUE,FALSE,NA,NA,NA,NA,NA,NA,0,Kansas State,Kansas State,35
2016-17,2016-11-25,1688043,270,1,1,Boston College,Kansas State,Eagles,Wildcats,3,3,12,20,-8,1457,Kansas State,1496,296,0,Barry Brown Jr. makes free throw 2 of 2.,made,TRUE,FALSE,NA,NA,NA,NA,NA,NA,0,Kansas State,Boston College,35
2016-17,2016-11-25,1688043,273,1,1,Boston College,Kansas State,Eagles,Wildcats,3,3,15,20,-5,1317,Boston College,1480,280,16,A.J. Turner makes a 3-point jump shot from 24 feet out.,made,FALSE,TRUE,Jump Shot,12,25.349999999999994,893004,A.J. Turner,NA,0,Boston College,Kansas State,36
2016-17,2016-11-25,1688043,282,1,1,Boston College,Kansas State,Eagles,Wildcats,3,3,17,20,-3,1317,Boston College,1448,248,32,Ky Bowman makes a layup.,made,FALSE,FALSE,Layup Shot,26,6.25,950056,Ky Bowman,NA,0,Boston College,Kansas State,37
2016-17,2016-11-25,1688043,285,1,1,Boston College,Kansas State,Eagles,Wildcats,3,3,17,22,-5,1457,Kansas State,1419,219,29,Isaiah Maurice makes a layup.,made,FALSE,FALSE,Layup Shot,25,5.25,880674,Isaiah Maurice,NA,0,Kansas State,Boston College,38
2016-17,2016-11-25,1688043,288,1,1,Boston College,Kansas State,Eagles,Wildcats,3,3,17,24,-7,1457,Kansas State,1396,196,23,Barry Brown Jr. makes a layup.,made,FALSE,FALSE,Layup Shot,26,6.25,880670,Barry Brown Jr.,NA,0,Kansas State,Boston College,39
2016-17,2016-11-25,1688043,291,1,1,Boston College,Kansas State,Eagles,Wildcats,3,3,17,26,-9,1457,Kansas State,1372,172,24,Isaiah Maurice makes a jump shot from 16 feet out.,made,FALSE,FALSE,Jump Shot,8.899999999999999,6.65,880674,Isaiah Maurice,NA,0,Kansas State,Boston College,40
2016-17,2016-11-25,1688043,293,1,1,Boston College,Kansas State,Eagles,Wildcats,2,3,17,26,-9,1317,Boston College,1367,167,5,Eagles take a 30-second timeout.,NA,FALSE,FALSE,NA,NA,NA,NA,NA,NA,0,NA,NA,NA
2016-17,2016-11-25,1688043,297,1,1,Boston College,Kansas State,Eagles,Wildcats,2,3,17,26,-9,1457,Kansas State,1357,157,10,Personal foul committed by Dean Wade.,NA,FALSE,FALSE,NA,NA,NA,NA,NA,NA,0,Boston College,Boston College,41
2016-17,2016-11-25,1688043,298,1,1,Boston College,Kansas State,Eagles,Wildcats,2,3,18,26,-8,1317,Boston College,1357,157,0,Connar Tava makes free throw 1 of 2.,made,TRUE,FALSE,NA,NA,NA,NA,NA,NA,0,Boston College,Boston College,41
2016-17,2016-11-25,1688043,299,1,1,Boston College,Kansas State,Eagles,Wildcats,2,3,19,26,-7,1317,Boston College,1357,157,0,Connar Tava makes free throw 2 of 2.,made,TRUE,FALSE,NA,NA,NA,NA,NA,NA,0,Boston College,Kansas State,41
2016-17,2016-11-25,1688043,309,1,1,Boston College,Kansas State,Eagles,Wildcats,2,3,19,26,-7,1317,Boston College,1331,131,26,Personal foul committed by Connar Tava.,NA,FALSE,FALSE,NA,NA,NA,NA,NA,NA,0,Kansas State,Kansas State,42
2016-17,2016-11-25,1688043,310,1,1,Boston College,Kansas State,Eagles,Wildcats,2,3,19,27,-8,1457,Kansas State,1331,131,0,Barry Brown Jr. makes free throw 1 of 2.,made,TRUE,FALSE,NA,NA,NA,NA,NA,NA,0,Kansas State,Kansas State,42
2016-17,2016-11-25,1688043,311,1,1,Boston College,Kansas State,Eagles,Wildcats,2,3,19,27,-8,1457,Kansas State,1331,131,0,Barry Brown Jr. misses free throw 2 of 2.,missed,TRUE,FALSE,NA,NA,NA,NA,NA,NA,0,Kansas State,Boston College,42
2016-17,2016-11-25,1688043,315,1,1,Boston College,Kansas State,Eagles,Wildcats,2,3,22,27,-5,1317,Boston College,1312,112,19,Jerome Robinson makes a 3-point jump shot from 23 feet out.,made,FALSE,TRUE,Jump Shot,16.6,26.950000000000003,893002,Jerome Robinson,NA,0,Boston College,Kansas State,43
2016-17,2016-11-25,1688043,319,1,1,Boston College,Kansas State,Eagles,Wildcats,2,3,22,29,-7,1457,Kansas State,1286,86,26,Dean Wade makes a jump shot from 17 feet out.,made,FALSE,FALSE,Jump Shot,21.5,21.85,880677,Dean Wade,NA,0,Kansas State,Boston College,44
2016-17,2016-11-25,1688043,326,1,1,Boston College,Kansas State,Eagles,Wildcats,2,3,22,29,-7,1457,Kansas State,1256,56,30,Xavier Sneed misses a 3-point jump shot from 23 feet out.,missed,FALSE,TRUE,Jump Shot,2.1000000000000014,8.75,944187,Xavier Sneed,NA,0,Kansas State,Boston College,45
2016-17,2016-11-25,1688043,328,1,1,Boston College,Kansas State,Eagles,Wildcats,2,3,22,29,-7,1317,Boston College,1246,46,10,Ky Bowman misses a jump shot from 20 feet out.,missed,FALSE,FALSE,Jump Shot,11,19.75,950056,Ky Bowman,NA,0,Boston College,Kansas State,46
2016-17,2016-11-25,1688043,330,1,1,Boston College,Kansas State,Eagles,Wildcats,2,3,22,29,-7,1317,Boston College,1239,39,7,Personal foul committed by Jerome Robinson.,NA,FALSE,FALSE,NA,NA,NA,NA,NA,NA,0,Kansas State,Kansas State,47
2016-17,2016-11-25,1688043,331,1,1,Boston College,Kansas State,Eagles,Wildcats,2,3,22,30,-8,1457,Kansas State,1239,39,0,Xavier Sneed makes free throw 1 of 2.,made,TRUE,FALSE,NA,NA,NA,NA,NA,NA,0,Kansas State,Kansas State,47
2016-17,2016-11-25,1688043,332,1,1,Boston College,Kansas State,Eagles,Wildcats,2,3,22,31,-9,1457,Kansas State,1239,39,0,Xavier Sneed makes free throw 2 of 2.,made,TRUE,FALSE,NA,NA,NA,NA,NA,NA,0,Kansas State,Boston College,47
2016-17,2016-11-25,1688043,338,1,1,Boston College,Kansas State,Eagles,Wildcats,2,3,22,31,-9,1317,Boston College,1211,11,28,Jordan Chatman misses a jump shot from 19 feet out.,missed,FALSE,FALSE,Jump Shot,27.8,24.049999999999997,850086,Jordan Chatman,NA,0,Boston College,Boston College,48
2016-17,2016-11-25,1688043,343,1,1,Boston College,Kansas State,Eagles,Wildcats,2,3,22,31,-9,1457,Kansas State,1205,5,6,Personal foul committed by Isaiah Maurice.,NA,FALSE,FALSE,NA,NA,NA,NA,NA,NA,0,Boston College,Boston College,48
2016-17,2016-11-25,1688043,345,1,1,Boston College,Kansas State,Eagles,Wildcats,2,3,22,31,-9,1317,Boston College,1200,0,5,Ky Bowman misses a jump shot from 17 feet out.,missed,FALSE,FALSE,Jump Shot,41.6,7.150000000000006,950056,Ky Bowman,NA,0,Boston College,Kansas State,48
2016-17,2016-11-25,1688043,346,1,1,Boston College,Kansas State,Eagles,Wildcats,2,3,22,31,-9,NA,NA,1200,0,0,End of the 1st Half,NA,FALSE,FALSE,NA,NA,NA,NA,NA,NA,0,NA,NA,NA
2016-17,2016-11-25,1688043,347,1,2,Boston College,Kansas State,Eagles,Wildcats,4,4,22,31,-9,NA,NA,1200,1200,0,Start of the 2nd Half,NA,FALSE,FALSE,NA,NA,NA,NA,NA,NA,0,NA,Kansas State,49
2016-17,2016-11-25,1688043,354,1,2,Boston College,Kansas State,Eagles,Wildcats,4,4,22,31,-9,1457,Kansas State,1170,1170,30,Wes Iwundu misses a 3-point jump shot from 23 feet out.,missed,FALSE,TRUE,Jump Shot,6,18.95,793863,Wes Iwundu,NA,0,Kansas State,Boston College,50
2016-17,2016-11-25,1688043,360,1,2,Boston College,Kansas State,Eagles,Wildcats,4,4,22,31,-9,1457,Kansas State,1148,1148,22,Personal foul committed by Barry Brown Jr..,NA,FALSE,FALSE,NA,NA,NA,NA,NA,NA,0,Boston College,Boston College,51
2016-17,2016-11-25,1688043,363,1,2,Boston College,Kansas State,Eagles,Wildcats,4,4,25,31,-6,1317,Boston College,1136,1136,12,Jerome Robinson makes a 3-point jump shot from 24 feet out.,made,FALSE,TRUE,Jump Shot,15.399999999999999,26.950000000000003,893002,Jerome Robinson,NA,0,Boston College,Kansas State,51
2016-17,2016-11-25,1688043,366,1,2,Boston College,Kansas State,Eagles,Wildcats,4,4,25,33,-8,1457,Kansas State,1120,1120,16,Wes Iwundu makes a layup.,made,FALSE,FALSE,Layup Shot,25,5.25,793863,Wes Iwundu,NA,0,Kansas State,Boston College,52
2016-17,2016-11-25,1688043,370,1,2,Boston College,Kansas State,Eagles,Wildcats,4,4,25,33,-8,1317,Boston College,1094,1094,26,Ky Bowman misses a 3-point jump shot from 22 feet out.,missed,FALSE,TRUE,Jump Shot,8.799999999999997,20.849999999999994,950056,Ky Bowman,NA,0,Boston College,Kansas State,53
2016-17,2016-11-25,1688043,372,1,2,Boston College,Kansas State,Eagles,Wildcats,4,4,25,33,-8,1317,Boston College,1089,1089,5,Personal foul committed by Mo Jeffers.,NA,FALSE,FALSE,NA,NA,NA,NA,NA,NA,0,Kansas State,Kansas State,54
2016-17,2016-11-25,1688043,374,1,2,Boston College,Kansas State,Eagles,Wildcats,4,4,25,33,-8,1317,Boston College,1088,1088,1,Mo Jeffers misses a jump shot from 17 feet out.,missed,FALSE,FALSE,Jump Shot,12,16.049999999999997,703456,Mo Jeffers,NA,0,Boston College,Boston College,54
2016-17,2016-11-25,1688043,378,1,2,Boston College,Kansas State,Eagles,Wildcats,4,4,27,33,-6,1317,Boston College,1064,1064,24,Connar Tava makes a jump shot from 5 feet out.,made,FALSE,FALSE,Jump Shot,22,9.75,695110,Connar Tava,NA,0,Boston College,Kansas State,54
2016-17,2016-11-25,1688043,381,1,2,Boston College,Kansas State,Eagles,Wildcats,4,4,27,33,-6,1457,Kansas State,1050,1050,14,Wes Iwundu misses a 3-point jump shot from 22 feet out.,missed,FALSE,TRUE,Jump Shot,39,22.65,793863,Wes Iwundu,NA,0,Kansas State,Kansas State,55
2016-17,2016-11-25,1688043,382,1,2,Boston College,Kansas State,Eagles,Wildcats,4,4,27,33,-6,1317,Boston College,1050,1050,0,Personal foul committed by Mo Jeffers.,NA,FALSE,FALSE,NA,NA,NA,NA,NA,NA,0,Kansas State,Kansas State,55
2016-17,2016-11-25,1688043,385,1,2,Boston College,Kansas State,Eagles,Wildcats,4,4,27,36,-9,1457,Kansas State,1044,1044,6,Kamau Stokes makes a 3-point jump shot from 22 feet out.,made,FALSE,TRUE,Jump Shot,47.2,4.95,880676,Kamau Stokes,NA,0,Kansas State,Boston College,55
2016-17,2016-11-25,1688043,387.5,1,2,Boston College,Kansas State,Eagles,Wildcats,4,4,27,36,-9,1317,Boston College,1029,1029,15,Ky Bowman misses a 3-point jump shot from 23 feet out.,missed,FALSE,TRUE,Jump Shot,2,4.25,950056,Ky Bowman,NA,0,Boston College,Kansas State,56
2016-17,2016-11-25,1688043,388.75,1,2,Boston College,Kansas State,Eagles,Wildcats,4,4,27,36,-9,1457,Kansas State,1029,1029,0,Isaiah Maurice misses a jump shot from 17 feet out.,missed,FALSE,FALSE,Jump Shot,8,10.25,880674,Isaiah Maurice,NA,0,Kansas State,Boston College,57
2016-17,2016-11-25,1688043,389.375,1,2,Boston College,Kansas State,Eagles,Wildcats,4,4,27,36,-9,1317,Boston College,1029,1029,0,Jerome Robinson misses a jump shot from 17 feet out.,missed,FALSE,FALSE,Jump Shot,35,19.25,893002,Jerome Robinson,NA,0,Boston College,Boston College,58
2016-17,2016-11-25,1688043,397,1,2,Boston College,Kansas State,Eagles,Wildcats,4,4,27,36,-9,1457,Kansas State,1025,1025,4,Personal foul committed by D.J. Johnson.,NA,FALSE,FALSE,NA,NA,NA,NA,NA,NA,0,Boston College,Boston College,58
2016-17,2016-11-25,1688043,422,1,2,Boston College,Kansas State,Eagles,Wildcats,4,4,27,36,-9,1457,Kansas State,973,973,52,Personal foul committed by Kamau Stokes.,NA,FALSE,FALSE,NA,NA,NA,NA,NA,NA,0,Boston College,Boston College,58
2016-17,2016-11-25,1688043,423,1,2,Boston College,Kansas State,Eagles,Wildcats,4,4,27,36,-9,1317,Boston College,973,973,0,Personal foul committed by Johncarlos Reyes.,NA,FALSE,FALSE,NA,NA,NA,NA,NA,NA,0,Kansas State,Kansas State,58
2016-17,2016-11-25,1688043,425,1,2,Boston College,Kansas State,Eagles,Wildcats,4,4,27,36,-9,1457,Kansas State,961,961,12,Wes Iwundu misses a jump shot from 10 feet out.,missed,FALSE,FALSE,Jump Shot,16.4,10.45,793863,Wes Iwundu,NA,0,Kansas State,Boston College,58
2016-17,2016-11-25,1688043,426,1,2,Boston College,Kansas State,Eagles,Wildcats,4,4,29,36,-7,1317,Boston College,952,952,9,Ty Graves makes a layup.,made,FALSE,FALSE,Layup Shot,26,6.25,950060,Ty Graves,NA,0,Boston College,Kansas State,59
2016-17,2016-11-25,1688043,429,1,2,Boston College,Kansas State,Eagles,Wildcats,4,4,29,36,-7,1457,Kansas State,939,939,13,Wes Iwundu misses a layup.,missed,FALSE,FALSE,Layup Shot,26,6.25,793863,Wes Iwundu,NA,0,Kansas State,Boston College,60
2016-17,2016-11-25,1688043,432,1,2,Boston College,Kansas State,Eagles,Wildcats,4,4,29,36,-7,1457,Kansas State,939,939,0,Personal foul committed by Isaiah Maurice.,NA,FALSE,FALSE,NA,NA,NA,NA,NA,NA,0,Boston College,Boston College,61
2016-17,2016-11-25,1688043,433,1,2,Boston College,Kansas State,Eagles,Wildcats,4,4,29,36,-7,NA,NA,935,935,4,Official TV timeout.,NA,FALSE,FALSE,NA,NA,NA,NA,NA,NA,0,NA,NA,NA
2016-17,2016-11-25,1688043,437,1,2,Boston College,Kansas State,Eagles,Wildcats,4,4,29,36,-7,1317,Boston College,913,913,22,Jerome Robinson misses a layup.,missed,FALSE,FALSE,Layup Shot,25,5.25,893002,Jerome Robinson,NA,0,Boston College,Boston College,61
2016-17,2016-11-25,1688043,438,1,2,Boston College,Kansas State,Eagles,Wildcats,4,4,31,36,-5,1317,Boston College,907,907,6,Connar Tava makes a layup.,made,FALSE,FALSE,Layup Shot,26,6.25,695110,Connar Tava,NA,0,Boston College,Kansas State,61
2016-17,2016-11-25,1688043,442,1,2,Boston College,Kansas State,Eagles,Wildcats,4,4,31,39,-8,1457,Kansas State,882,882,25,Kamau Stokes makes a 3-point jump shot from 25 feet out.,made,FALSE,TRUE,Jump Shot,6.699999999999999,22.15,880676,Kamau Stokes,NA,0,Kansas State,Boston College,62
2016-17,2016-11-25,1688043,446,1,2,Boston College,Kansas State,Eagles,Wildcats,4,4,31,39,-8,1317,Boston College,868,868,14,Personal foul committed by Johncarlos Reyes.,NA,FALSE,FALSE,NA,NA,NA,NA,NA,NA,0,Kansas State,Kansas State,63
2016-17,2016-11-25,1688043,449,1,2,Boston College,Kansas State,Eagles,Wildcats,4,4,31,42,-11,1457,Kansas State,864,864,4,Barry Brown Jr. makes a 3-point jump shot from 23 feet out.,made,FALSE,TRUE,Jump Shot,48.2,5.45,880670,Barry Brown Jr.,NA,0,Kansas State,Boston College,63
2016-17,2016-11-25,1688043,451,1,2,Boston College,Kansas State,Eagles,Wildcats,4,4,31,42,-11,1317,Boston College,846,846,18,Ty Graves misses a 3-point jump shot from 24 feet out.,missed,FALSE,TRUE,Jump Shot,43.8,19.650000000000006,950060,Ty Graves,NA,0,Boston College,Boston College,64
2016-17,2016-11-25,1688043,460,1,2,Boston College,Kansas State,Eagles,Wildcats,4,4,31,42,-11,1457,Kansas State,815,815,31,Personal foul committed by Dean Wade.,NA,FALSE,FALSE,NA,NA,NA,NA,NA,NA,0,Boston College,Boston College,64
2016-17,2016-11-25,1688043,465,1,2,Boston College,Kansas State,Eagles,Wildcats,4,4,31,42,-11,1317,Boston College,800,800,15,Shooting foul committed by Jordan Chatman.,NA,FALSE,FALSE,NA,NA,NA,NA,NA,NA,0,Kansas State,Kansas State,64
2016-17,2016-11-25,1688043,466,1,2,Boston College,Kansas State,Eagles,Wildcats,4,4,31,43,-12,1457,Kansas State,800,800,0,Xavier Sneed makes free throw 1 of 2.,made,TRUE,FALSE,NA,NA,NA,NA,NA,NA,0,Kansas State,Kansas State,64
2016-17,2016-11-25,1688043,467,1,2,Boston College,Kansas State,Eagles,Wildcats,4,4,31,44,-13,1457,Kansas State,800,800,0,Xavier Sneed makes free throw 2 of 2.,made,TRUE,FALSE,NA,NA,NA,NA,NA,NA,0,Kansas State,Boston College,64
2016-17,2016-11-25,1688043,474,1,2,Boston College,Kansas State,Eagles,Wildcats,4,4,34,44,-10,1317,Boston College,768,768,32,Jordan Chatman makes a 3-point jump shot from 23 feet out.,made,FALSE,TRUE,Jump Shot,45.5,15.650000000000006,850086,Jordan Chatman,NA,0,Boston College,Kansas State,65
2016-17,2016-11-25,1688043,478,1,2,Boston College,Kansas State,Eagles,Wildcats,4,4,34,44,-10,1457,Kansas State,749,749,19,Wes Iwundu misses a jump shot from 4 feet out.,missed,FALSE,FALSE,Jump Shot,27.5,8.85,793863,Wes Iwundu,NA,0,Kansas State,Kansas State,66
2016-17,2016-11-25,1688043,479,1,2,Boston College,Kansas State,Eagles,Wildcats,4,4,34,44,-10,1317,Boston College,749,749,0,Shooting foul committed by Garland Owens.,NA,FALSE,FALSE,NA,NA,NA,NA,NA,NA,0,Kansas State,Kansas State,66
2016-17,2016-11-25,1688043,480,1,2,Boston College,Kansas State,Eagles,Wildcats,4,4,34,44,-10,1457,Kansas State,749,749,0,Wes Iwundu misses free throw 1 of 2.,missed,TRUE,FALSE,NA,NA,NA,NA,NA,NA,0,Kansas State,Kansas State,66
2016-17,2016-11-25,1688043,481,1,2,Boston College,Kansas State,Eagles,Wildcats,4,4,34,44,-10,1457,Kansas State,749,749,0,Wes Iwundu misses free throw 2 of 2.,missed,TRUE,FALSE,NA,NA,NA,NA,NA,NA,0,Kansas State,Boston College,66
2016-17,2016-11-25,1688043,486,1,2,Boston College,Kansas State,Eagles,Wildcats,4,4,34,44,-10,1317,Boston College,727,727,22,Ty Graves misses a layup.,missed,FALSE,FALSE,Layup Shot,25,5.25,950060,Ty Graves,NA,0,Boston College,Kansas State,67
2016-17,2016-11-25,1688043,488.5,1,2,Boston College,Kansas State,Eagles,Wildcats,4,4,34,44,-10,1457,Kansas State,721,721,6,Carlbe Ervin II misses free throw 1 of 1.,missed,TRUE,FALSE,NA,NA,NA,NA,NA,NA,0,Kansas State,Kansas State,68
2016-17,2016-11-25,1688043,491,1,2,Boston College,Kansas State,Eagles,Wildcats,4,4,34,44,-10,1317,Boston College,719,719,2,Shooting foul committed by Jordan Chatman.,NA,FALSE,FALSE,NA,NA,NA,NA,NA,NA,0,Kansas State,Kansas State,68
2016-17,2016-11-25,1688043,497,1,2,Boston College,Kansas State,Eagles,Wildcats,4,4,34,44,-10,1457,Kansas State,698,698,21,Barry Brown Jr. misses a 3-point jump shot from 23 feet out.,missed,FALSE,TRUE,Jump Shot,2.5,5.85,880670,Barry Brown Jr.,NA,0,Kansas State,Boston College,68
2016-17,2016-11-25,1688043,499,1,2,Boston College,Kansas State,Eagles,Wildcats,4,4,35,44,-9,1317,Boston College,698,698,0,Jerome Robinson makes free throw 1 of 1.,made,TRUE,FALSE,NA,NA,NA,NA,NA,NA,0,Boston College,Kansas State,69
2016-17,2016-11-25,1688043,503,1,2,Boston College,Kansas State,Eagles,Wildcats,4,4,35,47,-12,1457,Kansas State,677,677,21,Carlbe Ervin II makes a 3-point jump shot from 24 feet out.,made,FALSE,TRUE,Jump Shot,9.4,23.65,880672,Carlbe Ervin II,NA,0,Kansas State,Boston College,70
2016-17,2016-11-25,1688043,506,1,2,Boston College,Kansas State,Eagles,Wildcats,4,4,35,49,-14,1457,Kansas State,655,655,22,Xavier Sneed dunks.,made,FALSE,FALSE,Dunk Shot,25,5.25,944187,Xavier Sneed,NA,0,Kansas State,Boston College,71
2016-17,2016-11-25,1688043,510,1,2,Boston College,Kansas State,Eagles,Wildcats,4,4,35,49,-14,1457,Kansas State,635,635,20,Personal foul committed by Wes Iwundu.,NA,FALSE,FALSE,NA,NA,NA,NA,NA,NA,0,Boston College,Boston College,72
2016-17,2016-11-25,1688043,514,1,2,Boston College,Kansas State,Eagles,Wildcats,4,4,35,49,-14,1317,Boston College,624,624,11,Jerome Robinson misses a jump shot from 18 feet out.,missed,FALSE,FALSE,Jump Shot,24.7,23.549999999999997,893002,Jerome Robinson,NA,0,Boston College,Kansas State,72
2016-17,2016-11-25,1688043,515,1,2,Boston College,Kansas State,Eagles,Wildcats,4,4,35,49,-14,1317,Boston College,624,624,0,Personal foul committed by Mo Jeffers.,NA,FALSE,FALSE,NA,NA,NA,NA,NA,NA,0,Kansas State,Kansas State,73
2016-17,2016-11-25,1688043,516,1,2,Boston College,Kansas State,Eagles,Wildcats,4,4,35,49,-14,1457,Kansas State,624,624,0,Kamau Stokes misses free throw 1 of 1.,missed,TRUE,FALSE,NA,NA,NA,NA,NA,NA,0,Kansas State,Boston College,73
2016-17,2016-11-25,1688043,520,1,2,Boston College,Kansas State,Eagles,Wildcats,4,4,35,49,-14,1457,Kansas State,613,613,11,Personal foul committed by Xavier Sneed.,NA,FALSE,FALSE,NA,NA,NA,NA,NA,NA,0,Boston College,Boston College,74
2016-17,2016-11-25,1688043,521,1,2,Boston College,Kansas State,Eagles,Wildcats,4,4,35,49,-14,1317,Boston College,613,613,0,Johncarlos Reyes misses free throw 1 of 1.,missed,TRUE,FALSE,NA,NA,NA,NA,NA,NA,0,Boston College,Kansas State,74
2016-17,2016-11-25,1688043,528,1,2,Boston College,Kansas State,Eagles,Wildcats,4,4,35,52,-17,1457,Kansas State,585,585,28,Xavier Sneed makes a 3-point jump shot from 24 feet out.,made,FALSE,TRUE,Jump Shot,23.2,28.95,944187,Xavier Sneed,NA,0,Kansas State,Boston College,75
2016-17,2016-11-25,1688043,531,1,2,Boston College,Kansas State,Eagles,Wildcats,4,4,37,52,-15,1317,Boston College,569,569,16,Connar Tava makes a jump shot from 2 feet out.,made,FALSE,FALSE,Jump Shot,24.1,7.150000000000006,695110,Connar Tava,NA,0,Boston College,Kansas State,76
2016-17,2016-11-25,1688043,534,1,2,Boston College,Kansas State,Eagles,Wildcats,4,4,37,52,-15,1317,Boston College,548,548,21,Ky Bowman misses a layup.,missed,FALSE,FALSE,Layup Shot,25,5.25,950056,Ky Bowman,NA,0,Boston College,Kansas State,77
2016-17,2016-11-25,1688043,536,1,2,Boston College,Kansas State,Eagles,Wildcats,4,4,37,52,-15,1457,Kansas State,525,525,23,Xavier Sneed misses a 3-point jump shot from 25 feet out.,missed,FALSE,TRUE,Jump Shot,15.2,28.25,944187,Xavier Sneed,NA,0,Kansas State,Boston College,78
2016-17,2016-11-25,1688043,538,1,2,Boston College,Kansas State,Eagles,Wildcats,4,4,37,52,-15,1457,Kansas State,518,518,7,Personal foul committed by Xavier Sneed.,NA,FALSE,FALSE,NA,NA,NA,NA,NA,NA,0,Boston College,Boston College,79
2016-17,2016-11-25,1688043,539,1,2,Boston College,Kansas State,Eagles,Wildcats,4,4,38,52,-14,1317,Boston College,518,518,0,Connar Tava makes free throw 1 of 2.,made,TRUE,FALSE,NA,NA,NA,NA,NA,NA,0,Boston College,Boston College,79
2016-17,2016-11-25,1688043,540,1,2,Boston College,Kansas State,Eagles,Wildcats,4,4,38,52,-14,1317,Boston College,518,518,0,Connar Tava misses free throw 2 of 2.,missed,TRUE,FALSE,NA,NA,NA,NA,NA,NA,0,Boston College,Boston College,79
2016-17,2016-11-25,1688043,548,1,2,Boston College,Kansas State,Eagles,Wildcats,4,4,38,52,-14,1457,Kansas State,495,495,23,Personal foul committed by Dean Wade.,NA,FALSE,FALSE,NA,NA,NA,NA,NA,NA,0,Boston College,Boston College,79
2016-17,2016-11-25,1688043,549,1,2,Boston College,Kansas State,Eagles,Wildcats,4,4,39,52,-13,1317,Boston College,492,492,3,Connar Tava makes free throw 1 of 2.,made,TRUE,FALSE,NA,NA,NA,NA,NA,NA,0,Boston College,Boston College,79
2016-17,2016-11-25,1688043,550,1,2,Boston College,Kansas State,Eagles,Wildcats,4,4,40,52,-12,1317,Boston College,492,492,0,Connar Tava makes free throw 2 of 2.,made,TRUE,FALSE,NA,NA,NA,NA,NA,NA,0,Boston College,Kansas State,79
2016-17,2016-11-25,1688043,556,1,2,Boston College,Kansas State,Eagles,Wildcats,4,4,40,54,-14,1457,Kansas State,474,474,18,D.J. Johnson makes a jump shot from 6 feet out.,made,FALSE,FALSE,Jump Shot,29.5,8.85,713141,D.J. Johnson,NA,0,Kansas State,Boston College,80
2016-17,2016-11-25,1688043,558,1,2,Boston College,Kansas State,Eagles,Wildcats,4,4,42,54,-12,1317,Boston College,455,455,19,Johncarlos Reyes dunks.,made,FALSE,FALSE,Dunk Shot,25,5.25,893005,Johncarlos Reyes,NA,0,Boston College,Kansas State,81
2016-17,2016-11-25,1688043,561,1,2,Boston College,Kansas State,Eagles,Wildcats,4,4,42,54,-12,1457,Kansas State,430,430,25,Kamau Stokes misses a 3-point jump shot from 23 feet out.,missed,FALSE,TRUE,Jump Shot,12,24.25,880676,Kamau Stokes,NA,0,Kansas State,Boston College,82
2016-17,2016-11-25,1688043,563,1,2,Boston College,Kansas State,Eagles,Wildcats,4,4,44,54,-10,1317,Boston College,424,424,6,Ky Bowman makes a layup.,made,FALSE,FALSE,Layup Shot,26,6.25,950056,Ky Bowman,NA,0,Boston College,Kansas State,83
2016-17,2016-11-25,1688043,566,1,2,Boston College,Kansas State,Eagles,Wildcats,4,4,44,56,-12,1457,Kansas State,406,406,18,D.J. Johnson makes a jump shot from 3 feet out.,made,FALSE,FALSE,Jump Shot,22.7,7.35,713141,D.J. Johnson,NA,0,Kansas State,Kansas State,84
2016-17,2016-11-25,1688043,567,1,2,Boston College,Kansas State,Eagles,Wildcats,4,4,44,56,-12,1317,Boston College,406,406,0,Shooting foul committed by Johncarlos Reyes.,NA,FALSE,FALSE,NA,NA,NA,NA,NA,NA,0,Kansas State,Kansas State,84
2016-17,2016-11-25,1688043,568,1,2,Boston College,Kansas State,Eagles,Wildcats,4,4,44,56,-12,1457,Kansas State,406,406,0,D.J. Johnson misses free throw 1 of 1.,missed,TRUE,FALSE,NA,NA,NA,NA,NA,NA,0,Kansas State,Boston College,84
2016-17,2016-11-25,1688043,574,1,2,Boston College,Kansas State,Eagles,Wildcats,4,4,44,56,-12,1317,Boston College,393,393,13,Ky Bowman misses a jump shot from 7 feet out.,missed,FALSE,FALSE,Jump Shot,28.7,10.75,950056,Ky Bowman,NA,0,Boston College,Kansas State,85
2016-17,2016-11-25,1688043,576,1,2,Boston College,Kansas State,Eagles,Wildcats,4,4,44,56,-12,1457,Kansas State,373,373,20,D.J. Johnson misses a jump shot from 5 feet out.,missed,FALSE,FALSE,Jump Shot,21.9,9.55,713141,D.J. Johnson,NA,0,Kansas State,Boston College,86
2016-17,2016-11-25,1688043,580,1,2,Boston College,Kansas State,Eagles,Wildcats,4,4,44,56,-12,1317,Boston College,355,355,18,A.J. Turner misses a 3-point jump shot from 23 feet out.,missed,FALSE,TRUE,Jump Shot,46.9,11.75,893004,A.J. Turner,NA,0,Boston College,Kansas State,87
2016-17,2016-11-25,1688043,581,1,2,Boston College,Kansas State,Eagles,Wildcats,4,3,44,56,-12,1457,Kansas State,355,355,0,Wildcats take a 30-second timeout.,NA,FALSE,FALSE,NA,NA,NA,NA,NA,NA,0,NA,NA,NA
2016-17,2016-11-25,1688043,590,1,2,Boston College,Kansas State,Eagles,Wildcats,4,3,44,58,-14,1457,Kansas State,327,327,28,Wes Iwundu makes a jump shot from 6 feet out.,made,FALSE,FALSE,Jump Shot,25.3,11.25,793863,Wes Iwundu,NA,0,Kansas State,Boston College,88
2016-17,2016-11-25,1688043,593,1,2,Boston College,Kansas State,Eagles,Wildcats,4,3,44,58,-14,1457,Kansas State,313,313,14,Shooting foul committed by Barry Brown Jr..,NA,FALSE,FALSE,NA,NA,NA,NA,NA,NA,0,Boston College,Boston College,89
2016-17,2016-11-25,1688043,594,1,2,Boston College,Kansas State,Eagles,Wildcats,4,3,45,58,-13,1317,Boston College,313,313,0,Jerome Robinson makes free throw 1 of 2.,made,TRUE,FALSE,NA,NA,NA,NA,NA,NA,0,Boston College,Boston College,89
2016-17,2016-11-25,1688043,595,1,2,Boston College,Kansas State,Eagles,Wildcats,4,3,45,58,-13,1317,Boston College,313,313,0,Jerome Robinson misses free throw 2 of 2.,missed,TRUE,FALSE,NA,NA,NA,NA,NA,NA,0,Boston College,Kansas State,89
2016-17,2016-11-25,1688043,603,1,2,Boston College,Kansas State,Eagles,Wildcats,4,3,45,61,-16,1457,Kansas State,282,282,31,Dean Wade makes a 3-point jump shot from 22 feet out.,made,FALSE,TRUE,Jump Shot,3.1000000000000014,10.25,880677,Dean Wade,NA,0,Kansas State,Boston College,90
2016-17,2016-11-25,1688043,607,1,2,Boston College,Kansas State,Eagles,Wildcats,4,3,45,61,-16,1317,Boston College,250,250,32,Jerome Robinson misses a 3-point jump shot from 27 feet out.,missed,FALSE,TRUE,Jump Shot,33.9,31.15,893002,Jerome Robinson,NA,0,Boston College,Boston College,91
2016-17,2016-11-25,1688043,610,1,2,Boston College,Kansas State,Eagles,Wildcats,4,3,45,61,-16,1457,Kansas State,245,245,5,Shooting foul committed by D.J. Johnson.,NA,FALSE,FALSE,NA,NA,NA,NA,NA,NA,0,Boston College,Boston College,91
2016-17,2016-11-25,1688043,612.5,1,2,Boston College,Kansas State,Eagles,Wildcats,4,3,47,61,-14,1317,Boston College,245,245,0,Ky Bowman makes a jump shot from 4 feet out.,made,FALSE,FALSE,Jump Shot,27,9.25,950056,Ky Bowman,NA,0,Boston College,Kansas State,91
2016-17,2016-11-25,1688043,617,1,2,Boston College,Kansas State,Eagles,Wildcats,4,3,48,61,-13,1317,Boston College,228,228,17,Ky Bowman makes free throw 1 of 1.,made,TRUE,FALSE,NA,NA,NA,NA,NA,NA,0,Boston College,Kansas State,92
2016-17,2016-11-25,1688043,626,1,2,Boston College,Kansas State,Eagles,Wildcats,4,3,48,63,-15,1457,Kansas State,228,228,0,Kamau Stokes makes a jump shot from 6 feet out.,made,FALSE,FALSE,Jump Shot,18.8,6.05,880676,Kamau Stokes,NA,0,Kansas State,Boston College,93
2016-17,2016-11-25,1688043,627,1,2,Boston College,Kansas State,Eagles,Wildcats,4,3,48,63,-15,NA,NA,228,228,0,Official TV timeout.,NA,FALSE,FALSE,NA,NA,NA,NA,NA,NA,0,NA,NA,NA
2016-17,2016-11-25,1688043,630.5,1,2,Boston College,Kansas State,Eagles,Wildcats,4,3,49,63,-14,1317,Boston College,206,206,22,Ky Bowman makes free throw 1 of 2.,made,TRUE,FALSE,NA,NA,NA,NA,NA,NA,0,Boston College,Boston College,94
2016-17,2016-11-25,1688043,632.25,1,2,Boston College,Kansas State,Eagles,Wildcats,4,3,50,63,-13,1317,Boston College,206,206,0,Ky Bowman makes free throw 2 of 2.,made,TRUE,FALSE,NA,NA,NA,NA,NA,NA,0,Boston College,Kansas State,94
2016-17,2016-11-25,1688043,634,1,2,Boston College,Kansas State,Eagles,Wildcats,4,3,50,63,-13,1457,Kansas State,202,202,4,Personal foul committed by Kamau Stokes.,NA,FALSE,FALSE,NA,NA,NA,NA,NA,NA,0,Boston College,Boston College,95
2016-17,2016-11-25,1688043,646,1,2,Boston College,Kansas State,Eagles,Wildcats,4,3,50,65,-15,1457,Kansas State,177,177,25,Dean Wade dunks.,made,FALSE,FALSE,Dunk Shot,26,6.25,880677,Dean Wade,NA,0,Kansas State,Boston College,95
2016-17,2016-11-25,1688043,662,1,2,Boston College,Kansas State,Eagles,Wildcats,4,3,50,65,-15,1317,Boston College,146,146,31,Jerome Robinson misses a 3-point jump shot from 23 feet out.,missed,FALSE,TRUE,Jump Shot,24.4,28.650000000000006,893002,Jerome Robinson,NA,0,Boston College,Kansas State,96
2016-17,2016-11-25,1688043,665,1,2,Boston College,Kansas State,Eagles,Wildcats,4,3,50,68,-18,1457,Kansas State,121,121,25,Xavier Sneed makes a 3-point jump shot from 23 feet out.,made,FALSE,TRUE,Jump Shot,1.8000000000000007,6.85,944187,Xavier Sneed,NA,0,Kansas State,Boston College,97
2016-17,2016-11-25,1688043,668,1,2,Boston College,Kansas State,Eagles,Wildcats,4,3,50,68,-18,1457,Kansas State,107,107,14,Shooting foul committed by Dean Wade.,NA,FALSE,FALSE,NA,NA,NA,NA,NA,NA,0,Boston College,Boston College,98
2016-17,2016-11-25,1688043,669,1,2,Boston College,Kansas State,Eagles,Wildcats,4,3,51,68,-17,1317,Boston College,107,107,0,Mo Jeffers makes free throw 1 of 2.,made,TRUE,FALSE,NA,NA,NA,NA,NA,NA,0,Boston College,Boston College,98
2016-17,2016-11-25,1688043,670,1,2,Boston College,Kansas State,Eagles,Wildcats,4,3,51,68,-17,1317,Boston College,107,107,0,Mo Jeffers misses free throw 2 of 2.,missed,TRUE,FALSE,NA,NA,NA,NA,NA,NA,0,Boston College,Kansas State,98
2016-17,2016-11-25,1688043,674,1,2,Boston College,Kansas State,Eagles,Wildcats,4,3,51,69,-18,1457,Kansas State,105,105,2,Wes Iwundu makes free throw 1 of 2.,made,TRUE,FALSE,NA,NA,NA,NA,NA,NA,0,Kansas State,Kansas State,99
2016-17,2016-11-25,1688043,675,1,2,Boston College,Kansas State,Eagles,Wildcats,4,3,51,70,-19,1457,Kansas State,105,105,0,Wes Iwundu makes free throw 2 of 2.,made,TRUE,FALSE,NA,NA,NA,NA,NA,NA,0,Kansas State,Boston College,99
2016-17,2016-11-25,1688043,678,1,2,Boston College,Kansas State,Eagles,Wildcats,4,3,51,70,-19,1317,Boston College,97,97,8,A.J. Turner misses a jump shot from 8 feet out.,missed,FALSE,FALSE,Jump Shot,24.6,13.150000000000006,893004,A.J. Turner,NA,0,Boston College,Kansas State,100
2016-17,2016-11-25,1688043,681,1,2,Boston College,Kansas State,Eagles,Wildcats,4,3,51,72,-21,1457,Kansas State,70,70,27,Wes Iwundu dunks.,made,FALSE,FALSE,Dunk Shot,25,5.25,793863,Wes Iwundu,NA,0,Kansas State,Boston College,101
2016-17,2016-11-25,1688043,682,1,2,Boston College,Kansas State,Eagles,Wildcats,4,3,51,72,-21,1457,Kansas State,70,70,0,Technical foul committed by Wes Iwundu.,NA,FALSE,FALSE,NA,NA,NA,NA,NA,NA,0,Boston College,Boston College,102
2016-17,2016-11-25,1688043,683,1,2,Boston College,Kansas State,Eagles,Wildcats,4,3,52,72,-20,1317,Boston College,70,70,0,Ty Graves makes free throw 1 of 1.,made,TRUE,FALSE,NA,NA,NA,NA,NA,NA,0,Boston College,Kansas State,102
2016-17,2016-11-25,1688043,685,1,2,Boston College,Kansas State,Eagles,Wildcats,4,3,54,72,-18,1317,Boston College,66,66,4,Johncarlos Reyes dunks.,made,FALSE,FALSE,Dunk Shot,25,5.25,893005,Johncarlos Reyes,NA,0,Boston College,Kansas State,103
2016-17,2016-11-25,1688043,690,1,2,Boston College,Kansas State,Eagles,Wildcats,4,2,54,72,-18,1457,Kansas State,52,52,14,Wildcats take a 30-second timeout.,NA,FALSE,FALSE,NA,NA,NA,NA,NA,NA,0,NA,NA,NA
2016-17,2016-11-25,1688043,697,1,2,Boston College,Kansas State,Eagles,Wildcats,4,2,54,72,-18,1317,Boston College,16,16,36,Ty Graves misses a jump shot from 18 feet out.,missed,FALSE,FALSE,Jump Shot,20.5,23.150000000000006,950060,Ty Graves,NA,0,Boston College,NA,104
2016-17,2016-11-25,1688043,699,1,2,Boston College,Kansas State,Eagles,Wildcats,4,2,54,72,-18,NA,NA,0,0,16,End of the 2nd Half,NA,FALSE,FALSE,NA,NA,NA,NA,NA,NA,0,NA,NA,NA
2016-17,2016-11-25,1688043,700,1,2,Boston College,Kansas State,Eagles,Wildcats,4,2,54,72,-18,NA,NA,0,0,0,End of the Game,NA,FALSE,FALSE,NA,NA,NA,NA,NA,NA,0,Kansas State,Kansas State,NA
