season,date,game_id,play_id,neutral,half,home,away,home_name,away_name,home_timeouts,away_timeouts,home_score,away_score,score_diff,team_id,event_team,game_secs_remaining,half_secs_remaining,play_length,desc,shot_outcome,free_throw,three_pt,shot_desc,loc_x,loc_y,shooter_id,shooter,assist,substitution,poss_before,poss_after,poss_number
2012-13,2013-01-05,1252907,1,0,1,TCU,Texas Tech,Horned Frogs,Red Raiders,4,4,0,0,0,1643,TCU,NA,NA,NA,Starting Lineup - Garlon Green,NA,FALSE,FALSE,NA,NA,NA,NA,NA,NA,1,NA,NA,NA
2012-13,2013-01-05,1252907,1,0,1,TCU,Texas Tech,Horned Frogs,Red Raiders,4,4,0,0,0,1643,TCU,NA,NA,NA,Starting Lineup - Devonta Abron,NA,FALSE,FALSE,NA,NA,NA,NA,NA,NA,1,NA,NA,NA
2012-13,2013-01-05,1252907,1,0,1,TCU,Texas Tech,Horned Frogs,Red Raiders,4,4,0,0,0,1643,TCU,NA,NA,NA,Starting Lineup - Kyan Anderson,NA,FALSE,FALSE,NA,NA,NA,NA,NA,NA,1,NA,NA,NA
2012-13,2013-01-05,1252907,1,0,1,TCU,Texas Tech,Horned Frogs,Red Raiders,4,4,0,0,0,1643,TCU,NA,NA,NA,Starting Lineup - Nate Butler Lind,NA,FALSE,FALSE,NA,NA,NA,NA,NA,NA,1,NA,NA,NA
2012-13,2013-01-05,1252907,1,0,1,TCU,Texas Tech,Horned Frogs,Red Raiders,4,4,0,0,0,1643,TCU,NA,NA,NA,Starting Lineup - Adrick McKinney,NA,FALSE,FALSE,NA,NA,NA,NA,NA,NA,1,NA,NA,NA
2012-13,2013-01-05,1252907,1,0,1,TCU,Texas Tech,Horned Frogs,Red Raiders,4,4,0,0,0,1656,Texas Tech,NA,NA,NA,Starting Lineup - Dejan Kravic,NA,FALSE,FALSE,NA,NA,NA,NA,NA,NA,1,NA,NA,NA
2012-13,2013-01-05,1252907,1,0,1,TCU,Texas Tech,Horned Frogs,Red Raiders,4,4,0,0,0,1656,Texas Tech,NA,NA,NA,Starting Lineup - Jordan Tolbert,NA,FALSE,FALSE,NA,NA,NA,NA,NA,NA,1,NA,NA,NA
2012-13,2013-01-05,1252907,1,0,1,TCU,Texas Tech,Horned Frogs,Red Raiders,4,4,0,0,0,1656,Texas Tech,NA,NA,NA,Starting Lineup - Josh Gray,NA,FALSE,FALSE,NA,NA,NA,NA,NA,NA,1,NA,NA,NA
2012-13,2013-01-05,1252907,1,0,1,TCU,Texas Tech,Horned Frogs,Red Raiders,4,4,0,0,0,1656,Texas Tech,NA,NA,NA,Starting Lineup - Dusty Hannahs,NA,FALSE,FALSE,NA,NA,NA,NA,NA,NA,1,NA,NA,NA
2012-13,2013-01-05,1252907,1,0,1,TCU,Texas Tech,Horned Frogs,Red Raiders,4,4,0,0,0,1656,Texas Tech,NA,NA,NA,Starting Lineup - Trency Jackson,NA,FALSE,FALSE,NA,NA,NA,NA,NA,NA,1,NA,NA,NA
2012-13,2013-01-05,1252907,2,0,1,TCU,Texas Tech,Horned Frogs,Red Raiders,4,4,0,0,0,NA,NA,2400,1200,NA,Start of the 1st Half,NA,FALSE,FALSE,NA,NA,NA,NA,NA,NA,0,NA,Texas Tech,1
2012-13,2013-01-05,1252907,19,0,1,TCU,Texas Tech,Horned Frogs,Red Raiders,4,4,0,2,-2,1656,Texas Tech,2379,1179,21,Josh Gray makes a layup.,made,FALSE,FALSE,Layup Shot,26,6.25,708918,Josh Gray,NA,0,Texas Tech,TCU,1
2012-13,2013-01-05,1252907,35,0,1,TCU,Texas Tech,Horned Frogs,Red Raiders,4,4,0,2,-2,1643,TCU,2335,1135,44,Devonta Abron misses a layup.,missed,FALSE,FALSE,Layup Shot,25,5.25,610331,Devonta Abron,NA,0,TCU,TCU,2
2012-13,2013-01-05,1252907,36,0,1,TCU,Texas Tech,Horned Frogs,Red Raiders,4,4,0,2,-2,1643,TCU,2335,1135,0,Adrick McKinney with an offensive rebound.,NA,FALSE,FALSE,NA,NA,NA,NA,NA,NA,0,TCU,TCU,2
2012-13,2013-01-05,1252907,37,0,1,TCU,Texas Tech,Horned Frogs,Red Raiders,4,4,2,2,0,1643,TCU,2334,1134,1,Adrick McKinney makes a tip shot from 3 feet out.,made,FALSE,FALSE,Tip Shot,26.1,7.75,610694,Adrick McKinney,NA,0,TCU,Texas Tech,2
2012-13,2013-01-05,1252907,41,0,1,TCU,Texas Tech,Horned Frogs,Red Raiders,4,4,2,2,0,1656,Texas Tech,2331,1131,3,Kyan Anderson steals the ball from Josh Gray.,NA,FALSE,FALSE,NA,NA,NA,NA,NA,NA,0,Texas Tech,TCU,3
2012-13,2013-01-05,1252907,54,0,1,TCU,Texas Tech,Horned Frogs,Red Raiders,4,4,2,2,0,1643,TCU,2316,1116,15,Garlon Green misses a jump shot from 15 feet out.,missed,FALSE,FALSE,Jump Shot,26.6,20.450000000000003,512614,Garlon Green,NA,0,TCU,TCU,4
2012-13,2013-01-05,1252907,55,0,1,TCU,Texas Tech,Horned Frogs,Red Raiders,4,4,2,2,0,1643,TCU,2316,1116,0,Garlon Green with an offensive rebound.,NA,FALSE,FALSE,NA,NA,NA,NA,NA,NA,0,TCU,TCU,4
2012-13,2013-01-05,1252907,56.5,0,1,TCU,Texas Tech,Horned Frogs,Red Raiders,4,4,2,2,0,1656,Texas Tech,2301,1101,15,Nate Butler Lind steals the ball from Josh Gray.,NA,FALSE,FALSE,NA,NA,NA,NA,NA,NA,0,Texas Tech,TCU,4
2012-13,2013-01-05,1252907,58,0,1,TCU,Texas Tech,Horned Frogs,Red Raiders,4,4,2,2,0,1643,TCU,2299,1099,2,Jordan Tolbert blocks a Adrick McKinney layup.,missed,FALSE,FALSE,Layup Shot,26,6.25,610694,Adrick McKinney,NA,0,TCU,TCU,5
2012-13,2013-01-05,1252907,59,0,1,TCU,Texas Tech,Horned Frogs,Red Raiders,4,4,2,2,0,1656,Texas Tech,2299,1099,0,Dejan Kravic with a defensive rebound.,NA,FALSE,FALSE,NA,NA,NA,NA,NA,NA,0,TCU,Texas Tech,5
2012-13,2013-01-05,1252907,60,0,1,TCU,Texas Tech,Horned Frogs,Red Raiders,4,4,4,2,2,1643,TCU,2292,1092,7,Adrick McKinney makes a jump shot from 12 feet out. Kyan Anderson with the assist.,made,FALSE,FALSE,Jump Shot,34,12.25,610694,Adrick McKinney,Kyan Anderson,0,TCU,Texas Tech,6
2012-13,2013-01-05,1252907,61,0,1,TCU,Texas Tech,Horned Frogs,Red Raiders,4,4,4,4,0,1656,Texas Tech,2273,1073,19,Jordan Tolbert makes a jump shot from 7 feet out. Dusty Hannahs with the assist.,made,FALSE,FALSE,Jump Shot,24.7,12.45,616442,Jordan Tolbert,Dusty Hannahs,0,Texas Tech,TCU,7
2012-13,2013-01-05,1252907,65,0,1,TCU,Texas Tech,Horned Frogs,Red Raiders,4,4,4,4,0,1643,TCU,2239,1039,34,Adrick McKinney misses a jump shot from 8 feet out.,missed,FALSE,FALSE,Jump Shot,24.6,13.150000000000006,610694,Adrick McKinney,NA,0,TCU,TCU,8
2012-13,2013-01-05,1252907,66,0,1,TCU,Texas Tech,Horned Frogs,Red Raiders,4,4,4,4,0,1643,TCU,2239,1039,0,Devonta Abron with an offensive rebound.,NA,FALSE,FALSE,NA,NA,NA,NA,NA,NA,0,TCU,TCU,8
2012-13,2013-01-05,1252907,67,0,1,TCU,Texas Tech,Horned Frogs,Red Raiders,4,4,6,4,2,1643,TCU,2236,1036,3,Devonta Abron makes a jump shot from 4 feet out.,made,FALSE,FALSE,Jump Shot,27.6,8.75,610331,Devonta Abron,NA,0,TCU,TCU,8
2012-13,2013-01-05,1252907,68,0,1,TCU,Texas Tech,Horned Frogs,Red Raiders,4,4,6,4,2,1656,Texas Tech,2236,1036,0,Shooting foul committed by Dejan Kravic.,NA,FALSE,FALSE,NA,NA,NA,NA,NA,NA,0,TCU,TCU,8
2012-13,2013-01-05,1252907,69,0,1,TCU,Texas Tech,Horned Frogs,Red Raiders,4,4,6,4,2,1643,TCU,2236,1036,0,Devonta Abron misses free throw 1 of 1.,missed,TRUE,FALSE,NA,NA,NA,NA,NA,NA,0,TCU,TCU,8
2012-13,2013-01-05,1252907,70,0,1,TCU,Texas Tech,Horned Frogs,Red Raiders,4,4,6,4,2,1656,Texas Tech,2236,1036,0,Josh Gray with a defensive rebound.,NA,FALSE,FALSE,NA,NA,NA,NA,NA,NA,0,TCU,Texas Tech,8
2012-13,2013-01-05,1252907,76,0,1,TCU,Texas Tech,Horned Frogs,Red Raiders,4,4,6,4,2,1656,Texas Tech,2208,1008,28,Jaye Crockett misses a 3-point jump shot from 24 feet out.,missed,FALSE,TRUE,Jump Shot,14,26.25,512056,Jaye Crockett,NA,0,Texas Tech,Texas Tech,9
2012-13,2013-01-05,1252907,77,0,1,TCU,Texas Tech,Horned Frogs,Red Raiders,4,4,6,4,2,1656,Texas Tech,2208,1008,0,Josh Gray with an offensive rebound.,NA,FALSE,FALSE,NA,NA,NA,NA,NA,NA,0,Texas Tech,Texas Tech,9
2012-13,2013-01-05,1252907,79,0,1,TCU,Texas Tech,Horned Frogs,Red Raiders,4,4,6,4,2,1656,Texas Tech,2193,993,15,Devonta Abron blocks a Jordan Tolbert jump shot from 7 feet out.,missed,FALSE,FALSE,Jump Shot,20.2,10.25,616442,Jordan Tolbert,NA,0,Texas Tech,Texas Tech,9
2012-13,2013-01-05,1252907,88,0,1,TCU,Texas Tech,Horned Frogs,Red Raiders,4,4,6,7,-1,1656,Texas Tech,2190,990,3,Dusty Hannahs makes a 3-point jump shot from 24 feet out. Trency Jackson with the assist.,made,FALSE,TRUE,Jump Shot,5.5,18.75,708919,Dusty Hannahs,Trency Jackson,0,Texas Tech,TCU,9
2012-13,2013-01-05,1252907,92,0,1,TCU,Texas Tech,Horned Frogs,Red Raiders,4,4,6,7,-1,1643,TCU,2158,958,32,Nate Butler Lind with a turnover - Traveling,NA,FALSE,FALSE,NA,NA,NA,NA,NA,NA,0,TCU,Texas Tech,10
2012-13,2013-01-05,1252907,93,0,1,TCU,Texas Tech,Horned Frogs,Red Raiders,4,4,6,7,-1,NA,NA,2158,958,0,Official TV timeout.,NA,FALSE,FALSE,NA,NA,NA,NA,NA,NA,0,NA,NA,NA
2012-13,2013-01-05,1252907,102,0,1,TCU,Texas Tech,Horned Frogs,Red Raiders,4,4,6,9,-3,1656,Texas Tech,2140,940,18,Jaye Crockett makes a layup. Daylen Robinson with the assist.,made,FALSE,FALSE,Layup Shot,25,5.25,512056,Jaye Crockett,Daylen Robinson,0,Texas Tech,TCU,11
2012-13,2013-01-05,1252907,103,0,1,TCU,Texas Tech,Horned Frogs,Red Raiders,4,4,8,9,-1,1643,TCU,2122,922,18,Devonta Abron makes a jump shot from 20 feet out. Kyan Anderson with the assist.,made,FALSE,FALSE,Jump Shot,33,23.25,610331,Devonta Abron,Kyan Anderson,0,TCU,Texas Tech,12
2012-13,2013-01-05,1252907,107,0,1,TCU,Texas Tech,Horned Frogs,Red Raiders,4,4,8,9,-1,1656,Texas Tech,2106,906,16,Devonta Abron blocks a Jordan Tolbert jump shot from 18 feet out.,missed,FALSE,FALSE,Jump Shot,12.5,18.25,616442,Jordan Tolbert,NA,0,Texas Tech,Texas Tech,13
2012-13,2013-01-05,1252907,108,0,1,TCU,Texas Tech,Horned Frogs,Red Raiders,4,4,8,9,-1,1643,TCU,2106,906,0,Devonta Abron with a defensive rebound.,NA,FALSE,FALSE,NA,NA,NA,NA,NA,NA,0,Texas Tech,TCU,13
2012-13,2013-01-05,1252907,119,0,1,TCU,Texas Tech,Horned Frogs,Red Raiders,4,4,8,9,-1,1643,TCU,2084,884,22,Trency Jackson steals the ball from Nate Butler Lind.,NA,FALSE,FALSE,NA,NA,NA,NA,NA,NA,0,TCU,Texas Tech,14
2012-13,2013-01-05,1252907,122,0,1,TCU,Texas Tech,Horned Frogs,Red Raiders,4,4,8,9,-1,1656,Texas Tech,2078,878,6,Devonta Abron blocks a Trency Jackson jump shot from 11 feet out.,missed,FALSE,FALSE,Jump Shot,14,8.25,708920,Trency Jackson,NA,0,Texas Tech,Texas Tech,15
2012-13,2013-01-05,1252907,125,0,1,TCU,Texas Tech,Horned Frogs,Red Raiders,4,4,8,11,-3,1656,Texas Tech,2077,877,1,Jaye Crockett dunks. Trency Jackson with the assist.,made,FALSE,FALSE,Dunk Shot,26,6.25,512056,Jaye Crockett,Trency Jackson,0,Texas Tech,TCU,15
2012-13,2013-01-05,1252907,133.25,0,1,TCU,Texas Tech,Horned Frogs,Red Raiders,4,4,8,11,-3,1643,TCU,2058,858,19,Daylen Robinson steals the ball from Connell Crossland.,NA,FALSE,FALSE,NA,NA,NA,NA,NA,NA,0,TCU,Texas Tech,16
2012-13,2013-01-05,1252907,136,0,1,TCU,Texas Tech,Horned Frogs,Red Raiders,4,4,8,11,-3,1643,TCU,2053,853,5,Personal foul committed by Kyan Anderson.,NA,FALSE,FALSE,NA,NA,NA,NA,NA,NA,0,Texas Tech,Texas Tech,17
2012-13,2013-01-05,1252907,138,0,1,TCU,Texas Tech,Horned Frogs,Red Raiders,4,4,8,11,-3,1656,Texas Tech,2022,822,31,Dejan Kravic misses a jump shot from 11 feet out.,missed,FALSE,FALSE,Jump Shot,22.2,15.85,616434,Dejan Kravic,NA,0,Texas Tech,Texas Tech,17
2012-13,2013-01-05,1252907,139,0,1,TCU,Texas Tech,Horned Frogs,Red Raiders,4,4,8,11,-3,1643,TCU,2022,822,0,Devonta Abron with a defensive rebound.,NA,FALSE,FALSE,NA,NA,NA,NA,NA,NA,0,Texas Tech,TCU,17
2012-13,2013-01-05,1252907,142,0,1,TCU,Texas Tech,Horned Frogs,Red Raiders,4,4,8,11,-3,1643,TCU,2002,802,20,Devonta Abron with a turnover - Traveling,NA,FALSE,FALSE,NA,NA,NA,NA,NA,NA,0,TCU,Texas Tech,18
2012-13,2013-01-05,1252907,153,0,1,TCU,Texas Tech,Horned Frogs,Red Raiders,4,4,8,13,-5,1656,Texas Tech,1991,791,11,Dejan Kravic makes a layup. Jaye Crockett with the assist.,made,FALSE,FALSE,Layup Shot,26,6.25,616434,Dejan Kravic,Jaye Crockett,0,Texas Tech,TCU,19
2012-13,2013-01-05,1252907,158,0,1,TCU,Texas Tech,Horned Frogs,Red Raiders,4,4,8,13,-5,1643,TCU,1975,775,16,Kyan Anderson misses a layup.,missed,FALSE,FALSE,Layup Shot,25,5.25,610688,Kyan Anderson,NA,0,TCU,TCU,20
2012-13,2013-01-05,1252907,159,0,1,TCU,Texas Tech,Horned Frogs,Red Raiders,4,4,8,13,-5,1656,Texas Tech,1975,775,0,Trency Jackson with a defensive rebound.,NA,FALSE,FALSE,NA,NA,NA,NA,NA,NA,0,TCU,Texas Tech,20
2012-13,2013-01-05,1252907,160,0,1,TCU,Texas Tech,Horned Frogs,Red Raiders,4,4,8,13,-5,1656,Texas Tech,1970,770,5,Jaye Crockett misses a layup.,missed,FALSE,FALSE,Layup Shot,25,5.25,512056,Jaye Crockett,NA,0,Texas Tech,Texas Tech,21
2012-13,2013-01-05,1252907,160.5,0,1,TCU,Texas Tech,Horned Frogs,Red Raiders,4,4,8,13,-5,1656,Texas Tech,1970,770,0,Ty Nurse with an offensive rebound.,NA,FALSE,FALSE,NA,NA,NA,NA,NA,NA,0,Texas Tech,Texas Tech,21
2012-13,2013-01-05,1252907,161,0,1,TCU,Texas Tech,Horned Frogs,Red Raiders,4,4,8,15,-7,1656,Texas Tech,1968,768,2,Ty Nurse makes a layup.,made,FALSE,FALSE,Layup Shot,25,5.25,616439,Ty Nurse,NA,0,Texas Tech,TCU,21
2012-13,2013-01-05,1252907,163,0,1,TCU,Texas Tech,Horned Frogs,Red Raiders,3,4,8,15,-7,1643,TCU,1965,765,3,Horned Frogs take a 30-second timeout.,NA,FALSE,FALSE,NA,NA,NA,NA,NA,NA,0,NA,NA,NA
2012-13,2013-01-05,1252907,174,0,1,TCU,Texas Tech,Horned Frogs,Red Raiders,3,4,8,15,-7,1656,Texas Tech,1940,740,25,"Shooting foul committed by Jamal Williams, Jr..",NA,FALSE,FALSE,NA,NA,NA,NA,NA,NA,0,TCU,TCU,22
2012-13,2013-01-05,1252907,177,0,1,TCU,Texas Tech,Horned Frogs,Red Raiders,3,4,9,15,-6,1643,TCU,1940,740,0,Garlon Green makes free throw 1 of 2.,made,TRUE,FALSE,NA,NA,NA,NA,NA,NA,0,TCU,TCU,22
2012-13,2013-01-05,1252907,178,0,1,TCU,Texas Tech,Horned Frogs,Red Raiders,3,4,10,15,-5,1643,TCU,1940,740,0,Garlon Green makes free throw 2 of 2.,made,TRUE,FALSE,NA,NA,NA,NA,NA,NA,0,TCU,Texas Tech,22
2012-13,2013-01-05,1252907,180,0,1,TCU,Texas Tech,Horned Frogs,Red Raiders,3,4,10,18,-8,1656,Texas Tech,1913,713,27,Ty Nurse makes a 3-point jump shot from 22 feet out. Josh Gray with the assist.,made,FALSE,TRUE,Jump Shot,47.2,6.85,616439,Ty Nurse,Josh Gray,0,Texas Tech,TCU,23
2012-13,2013-01-05,1252907,181,0,1,TCU,Texas Tech,Horned Frogs,Red Raiders,3,4,10,18,-8,1643,TCU,1876,676,37,Nate Butler Lind misses a jump shot from 15 feet out.,missed,FALSE,FALSE,Jump Shot,31.2,19.450000000000003,610692,Nate Butler Lind,NA,0,TCU,TCU,24
2012-13,2013-01-05,1252907,182,0,1,TCU,Texas Tech,Horned Frogs,Red Raiders,3,4,10,18,-8,1643,TCU,1876,676,0,Connell Crossland with an offensive rebound.,NA,FALSE,FALSE,NA,NA,NA,NA,NA,NA,0,TCU,TCU,24
2012-13,2013-01-05,1252907,185,0,1,TCU,Texas Tech,Horned Frogs,Red Raiders,3,4,10,18,-8,1656,Texas Tech,1867,667,9,Personal foul committed by Jaye Crockett.,NA,FALSE,FALSE,NA,NA,NA,NA,NA,NA,0,TCU,TCU,24
2012-13,2013-01-05,1252907,186,0,1,TCU,Texas Tech,Horned Frogs,Red Raiders,3,4,10,18,-8,NA,NA,1867,667,0,Official TV timeout.,NA,FALSE,FALSE,NA,NA,NA,NA,NA,NA,0,NA,NA,NA
2012-13,2013-01-05,1252907,198,0,1,TCU,Texas Tech,Horned Frogs,Red Raiders,3,4,10,18,-8,1643,TCU,1861,661,6,Jaye Crockett blocks a Connell Crossland layup.,missed,FALSE,FALSE,Layup Shot,25,5.25,610693,Connell Crossland,NA,0,TCU,TCU,24
2012-13,2013-01-05,1252907,215,0,1,TCU,Texas Tech,Horned Frogs,Red Raiders,3,4,10,18,-8,1643,TCU,1845,645,16,Adrick McKinney with a turnover - Lost Ball,NA,FALSE,FALSE,NA,NA,NA,NA,NA,NA,0,TCU,Texas Tech,24
2012-13,2013-01-05,1252907,220,0,1,TCU,Texas Tech,Horned Frogs,Red Raiders,3,4,10,18,-8,1656,Texas Tech,1834,634,11,Jaye Crockett with a turnover - Traveling,NA,FALSE,FALSE,NA,NA,NA,NA,NA,NA,0,Texas Tech,TCU,25
2012-13,2013-01-05,1252907,222,0,1,TCU,Texas Tech,Horned Frogs,Red Raiders,3,4,10,18,-8,1643,TCU,1822,622,12,Jaye Crockett steals the ball from Connell Crossland.,NA,FALSE,FALSE,NA,NA,NA,NA,NA,NA,0,TCU,Texas Tech,26
2012-13,2013-01-05,1252907,223,0,1,TCU,Texas Tech,Horned Frogs,Red Raiders,3,4,10,18,-8,1656,Texas Tech,1807,607,15,"Jamal Williams, Jr. misses a 3-point jump shot from 25 feet out.",missed,FALSE,TRUE,Jump Shot,39.9,24.85,708924,"Jamal Williams, Jr.",NA,0,Texas Tech,Texas Tech,27
2012-13,2013-01-05,1252907,224,0,1,TCU,Texas Tech,Horned Frogs,Red Raiders,3,4,10,18,-8,1643,TCU,1807,607,0,Connell Crossland with a defensive rebound.,NA,FALSE,FALSE,NA,NA,NA,NA,NA,NA,0,Texas Tech,TCU,27
2012-13,2013-01-05,1252907,233,0,1,TCU,Texas Tech,Horned Frogs,Red Raiders,3,4,10,18,-8,1643,TCU,1790,590,17,Jaye Crockett steals the ball from Garlon Green.,NA,FALSE,FALSE,NA,NA,NA,NA,NA,NA,0,TCU,Texas Tech,28
2012-13,2013-01-05,1252907,239,0,1,TCU,Texas Tech,Horned Frogs,Red Raiders,3,4,10,18,-8,1643,TCU,1785,585,5,Personal foul committed by Kyan Anderson.,NA,FALSE,FALSE,NA,NA,NA,NA,NA,NA,0,Texas Tech,Texas Tech,29
2012-13,2013-01-05,1252907,243,0,1,TCU,Texas Tech,Horned Frogs,Red Raiders,3,4,10,18,-8,1643,TCU,1773,573,12,Personal foul committed by Devonta Abron.,NA,FALSE,FALSE,NA,NA,NA,NA,NA,NA,0,Texas Tech,Texas Tech,29
2012-13,2013-01-05,1252907,245,0,1,TCU,Texas Tech,Horned Frogs,Red Raiders,3,4,10,19,-9,1656,Texas Tech,1773,573,0,Jordan Tolbert makes free throw 1 of 2.,made,TRUE,FALSE,NA,NA,NA,NA,NA,NA,0,Texas Tech,Texas Tech,29
2012-13,2013-01-05,1252907,246,0,1,TCU,Texas Tech,Horned Frogs,Red Raiders,3,4,10,19,-9,1656,Texas Tech,1773,573,0,Jordan Tolbert misses free throw 2 of 2.,missed,TRUE,FALSE,NA,NA,NA,NA,NA,NA,0,Texas Tech,Texas Tech,29
2012-13,2013-01-05,1252907,247,0,1,TCU,Texas Tech,Horned Frogs,Red Raiders,3,4,10,19,-9,1643,TCU,1773,573,0,Devonta Abron with a defensive rebound.,NA,FALSE,FALSE,NA,NA,NA,NA,NA,NA,0,Texas Tech,TCU,29
2012-13,2013-01-05,1252907,258,0,1,TCU,Texas Tech,Horned Frogs,Red Raiders,3,4,10,19,-9,1643,TCU,1758,558,15,Garlon Green with a turnover - Out of Bounds,NA,FALSE,FALSE,NA,NA,NA,NA,NA,NA,0,TCU,Texas Tech,30
2012-13,2013-01-05,1252907,262,0,1,TCU,Texas Tech,Horned Frogs,Red Raiders,3,4,10,21,-11,1656,Texas Tech,1749,549,9,Jaye Crockett dunks. Josh Gray with the assist.,made,FALSE,FALSE,Dunk Shot,25,5.25,512056,Jaye Crockett,Josh Gray,0,Texas Tech,TCU,31
2012-13,2013-01-05,1252907,264,0,1,TCU,Texas Tech,Horned Frogs,Red Raiders,2,4,10,21,-11,1643,TCU,1746,546,3,Horned Frogs take a 30-second timeout.,NA,FALSE,FALSE,NA,NA,NA,NA,NA,NA,0,NA,NA,NA
2012-13,2013-01-05,1252907,272,0,1,TCU,Texas Tech,Horned Frogs,Red Raiders,2,4,10,21,-11,1643,TCU,1732,532,14,Garlon Green misses a jump shot from 5 feet out.,missed,FALSE,FALSE,Jump Shot,28.3,9.450000000000003,512614,Garlon Green,NA,0,TCU,TCU,32
2012-13,2013-01-05,1252907,273,0,1,TCU,Texas Tech,Horned Frogs,Red Raiders,2,4,10,21,-11,1656,Texas Tech,1732,532,0,Jordan Tolbert with a defensive rebound.,NA,FALSE,FALSE,NA,NA,NA,NA,NA,NA,0,TCU,Texas Tech,32
2012-13,2013-01-05,1252907,279.5,0,1,TCU,Texas Tech,Horned Frogs,Red Raiders,2,4,10,21,-11,1656,Texas Tech,1697,497,35,Garlon Green blocks a Trency Jackson jump shot from 10 feet out.,missed,FALSE,FALSE,Jump Shot,20,13.25,708920,Trency Jackson,NA,0,Texas Tech,Texas Tech,33
2012-13,2013-01-05,1252907,280.25,0,1,TCU,Texas Tech,Horned Frogs,Red Raiders,2,4,10,21,-11,1643,TCU,1697,497,0,Garlon Green with a defensive rebound.,NA,FALSE,FALSE,NA,NA,NA,NA,NA,NA,0,Texas Tech,TCU,33
2012-13,2013-01-05,1252907,281,0,1,TCU,Texas Tech,Horned Frogs,Red Raiders,2,4,10,21,-11,1656,Texas Tech,1680,480,17,Personal foul committed by Jaye Crockett.,NA,FALSE,FALSE,NA,NA,NA,NA,NA,NA,0,TCU,TCU,34
2012-13,2013-01-05,1252907,287,0,1,TCU,Texas Tech,Horned Frogs,Red Raiders,2,3,10,21,-11,1656,Texas Tech,1680,480,0,Red Raiders take a 30-second timeout.,NA,FALSE,FALSE,NA,NA,NA,NA,NA,NA,0,NA,NA,NA
2012-13,2013-01-05,1252907,290,0,1,TCU,Texas Tech,Horned Frogs,Red Raiders,2,3,10,21,-11,1656,Texas Tech,1661,461,19,Shooting foul committed by Jordan Tolbert.,NA,FALSE,FALSE,NA,NA,NA,NA,NA,NA,0,TCU,TCU,34
2012-13,2013-01-05,1252907,291,0,1,TCU,Texas Tech,Horned Frogs,Red Raiders,2,3,10,21,-11,NA,NA,1661,461,0,Official TV timeout.,NA,FALSE,FALSE,NA,NA,NA,NA,NA,NA,0,NA,NA,NA
2012-13,2013-01-05,1252907,292,0,1,TCU,Texas Tech,Horned Frogs,Red Raiders,2,3,11,21,-10,1643,TCU,1661,461,0,Adrick McKinney makes free throw 1 of 2.,made,TRUE,FALSE,NA,NA,NA,NA,NA,NA,0,TCU,TCU,34
2012-13,2013-01-05,1252907,293,0,1,TCU,Texas Tech,Horned Frogs,Red Raiders,2,3,11,21,-10,1643,TCU,1661,461,0,Adrick McKinney misses free throw 2 of 2.,missed,TRUE,FALSE,NA,NA,NA,NA,NA,NA,0,TCU,TCU,34
2012-13,2013-01-05,1252907,294,0,1,TCU,Texas Tech,Horned Frogs,Red Raiders,2,3,11,21,-10,1656,Texas Tech,1661,461,0,Jordan Tolbert with a defensive rebound.,NA,FALSE,FALSE,NA,NA,NA,NA,NA,NA,0,TCU,Texas Tech,34
2012-13,2013-01-05,1252907,301,0,1,TCU,Texas Tech,Horned Frogs,Red Raiders,2,3,11,21,-10,1656,Texas Tech,1643,443,18,Adrick McKinney steals the ball from Dusty Hannahs.,NA,FALSE,FALSE,NA,NA,NA,NA,NA,NA,0,Texas Tech,TCU,35
2012-13,2013-01-05,1252907,302,0,1,TCU,Texas Tech,Horned Frogs,Red Raiders,2,3,11,21,-10,1643,TCU,1612,412,31,Adrick McKinney misses a jump shot from 14 feet out.,missed,FALSE,FALSE,Jump Shot,35.5,14.849999999999994,610694,Adrick McKinney,NA,0,TCU,TCU,36
2012-13,2013-01-05,1252907,303,0,1,TCU,Texas Tech,Horned Frogs,Red Raiders,2,3,11,21,-10,1656,Texas Tech,1612,412,0,Dejan Kravic with a defensive rebound.,NA,FALSE,FALSE,NA,NA,NA,NA,NA,NA,0,TCU,Texas Tech,36
2012-13,2013-01-05,1252907,304,0,1,TCU,Texas Tech,Horned Frogs,Red Raiders,2,3,11,23,-12,1656,Texas Tech,1604,404,8,Josh Gray makes a layup.,made,FALSE,FALSE,Layup Shot,26,6.25,708918,Josh Gray,NA,0,Texas Tech,TCU,37
2012-13,2013-01-05,1252907,306,0,1,TCU,Texas Tech,Horned Frogs,Red Raiders,2,3,14,23,-9,1643,TCU,1590,390,14,Garlon Green makes a 3-point jump shot from 24 feet out. Devonta Abron with the assist.,made,FALSE,TRUE,Jump Shot,9.600000000000001,23.849999999999994,512614,Garlon Green,Devonta Abron,0,TCU,Texas Tech,38
2012-13,2013-01-05,1252907,308,0,1,TCU,Texas Tech,Horned Frogs,Red Raiders,2,3,14,23,-9,1656,Texas Tech,1562,362,28,Josh Gray misses a layup.,missed,FALSE,FALSE,Layup Shot,25,5.25,708918,Josh Gray,NA,0,Texas Tech,Texas Tech,39
2012-13,2013-01-05,1252907,309,0,1,TCU,Texas Tech,Horned Frogs,Red Raiders,2,3,14,23,-9,1656,Texas Tech,1562,362,0,Jordan Tolbert with an offensive rebound.,NA,FALSE,FALSE,NA,NA,NA,NA,NA,NA,0,Texas Tech,Texas Tech,39
2012-13,2013-01-05,1252907,311,0,1,TCU,Texas Tech,Horned Frogs,Red Raiders,2,3,14,23,-9,1656,Texas Tech,1560,360,2,Jordan Tolbert misses a tip shot from 3 feet out.,missed,FALSE,FALSE,Tip Shot,23.2,7.15,616442,Jordan Tolbert,NA,0,Texas Tech,Texas Tech,39
2012-13,2013-01-05,1252907,312,0,1,TCU,Texas Tech,Horned Frogs,Red Raiders,2,3,14,23,-9,1643,TCU,1560,360,0,Nate Butler Lind with a defensive rebound.,NA,FALSE,FALSE,NA,NA,NA,NA,NA,NA,0,Texas Tech,TCU,39
2012-13,2013-01-05,1252907,315,0,1,TCU,Texas Tech,Horned Frogs,Red Raiders,2,3,16,23,-7,1643,TCU,1548,348,12,Devonta Abron makes a jump shot from 17 feet out.,made,FALSE,FALSE,Jump Shot,24.7,22.650000000000006,610331,Devonta Abron,NA,0,TCU,Texas Tech,40
2012-13,2013-01-05,1252907,316,0,1,TCU,Texas Tech,Horned Frogs,Red Raiders,2,3,16,26,-10,1656,Texas Tech,1525,325,23,"Dusty Hannahs makes a 3-point jump shot from 27 feet out. Jamal Williams, Jr. with the assist.",made,FALSE,TRUE,Jump Shot,7.199999999999999,25.35,708919,Dusty Hannahs,"Jamal Williams, Jr.",0,Texas Tech,TCU,41
2012-13,2013-01-05,1252907,317,0,1,TCU,Texas Tech,Horned Frogs,Red Raiders,2,3,16,26,-10,1643,TCU,1504,304,21,Connell Crossland misses a jump shot from 16 feet out.,missed,FALSE,FALSE,Jump Shot,12,14.349999999999994,610693,Connell Crossland,NA,0,TCU,TCU,42
2012-13,2013-01-05,1252907,318,0,1,TCU,Texas Tech,Horned Frogs,Red Raiders,2,3,16,26,-10,1656,Texas Tech,1504,304,0,Dejan Kravic with a defensive rebound.,NA,FALSE,FALSE,NA,NA,NA,NA,NA,NA,0,TCU,Texas Tech,42
2012-13,2013-01-05,1252907,319,0,1,TCU,Texas Tech,Horned Frogs,Red Raiders,2,3,16,26,-10,1656,Texas Tech,1500,300,4,"Garlon Green blocks a Jamal Williams, Jr. layup.",missed,FALSE,FALSE,Layup Shot,26,6.25,708924,"Jamal Williams, Jr.",NA,0,Texas Tech,Texas Tech,43
2012-13,2013-01-05,1252907,319.5,0,1,TCU,Texas Tech,Horned Frogs,Red Raiders,2,3,16,26,-10,1643,TCU,1500,300,0,Garlon Green with a defensive rebound.,NA,FALSE,FALSE,NA,NA,NA,NA,NA,NA,0,Texas Tech,TCU,43
2012-13,2013-01-05,1252907,320,0,1,TCU,Texas Tech,Horned Frogs,Red Raiders,2,3,18,26,-8,1643,TCU,1493,293,7,Connell Crossland makes a layup. Kyan Anderson with the assist.,made,FALSE,FALSE,Layup Shot,25,5.25,610693,Connell Crossland,Kyan Anderson,0,TCU,Texas Tech,44
2012-13,2013-01-05,1252907,322,0,1,TCU,Texas Tech,Horned Frogs,Red Raiders,2,3,18,26,-8,1656,Texas Tech,1488,288,5,Dejan Kravic with a turnover - Out of Bounds,NA,FALSE,FALSE,NA,NA,NA,NA,NA,NA,0,Texas Tech,TCU,45
2012-13,2013-01-05,1252907,338,0,1,TCU,Texas Tech,Horned Frogs,Red Raiders,2,3,20,26,-6,1643,TCU,1462,262,26,Devonta Abron makes a layup. Nate Butler Lind with the assist.,made,FALSE,FALSE,Layup Shot,26,6.25,610331,Devonta Abron,Nate Butler Lind,0,TCU,Texas Tech,46
2012-13,2013-01-05,1252907,342,0,1,TCU,Texas Tech,Horned Frogs,Red Raiders,2,2,20,26,-6,1656,Texas Tech,1449,249,13,Red Raiders take a 30-second timeout.,NA,FALSE,FALSE,NA,NA,NA,NA,NA,NA,0,NA,NA,NA
2012-13,2013-01-05,1252907,348,0,1,TCU,Texas Tech,Horned Frogs,Red Raiders,2,2,20,26,-6,1656,Texas Tech,1434,234,15,Jordan Tolbert misses a layup.,missed,FALSE,FALSE,Layup Shot,26,6.25,616442,Jordan Tolbert,NA,0,Texas Tech,Texas Tech,47
2012-13,2013-01-05,1252907,351,0,1,TCU,Texas Tech,Horned Frogs,Red Raiders,2,2,20,26,-6,1656,Texas Tech,1434,234,0,Jordan Tolbert with an offensive rebound.,NA,FALSE,FALSE,NA,NA,NA,NA,NA,NA,0,Texas Tech,Texas Tech,47
2012-13,2013-01-05,1252907,354,0,1,TCU,Texas Tech,Horned Frogs,Red Raiders,2,2,20,26,-6,1656,Texas Tech,1430,230,4,Jordan Tolbert misses a layup.,missed,FALSE,FALSE,Layup Shot,26,6.25,616442,Jordan Tolbert,NA,0,Texas Tech,Texas Tech,47
2012-13,2013-01-05,1252907,355,0,1,TCU,Texas Tech,Horned Frogs,Red Raiders,2,2,20,26,-6,1643,TCU,1430,230,0,Garlon Green with a defensive rebound.,NA,FALSE,FALSE,NA,NA,NA,NA,NA,NA,0,Texas Tech,TCU,47
2012-13,2013-01-05,1252907,358,0,1,TCU,Texas Tech,Horned Frogs,Red Raiders,2,2,20,26,-6,1643,TCU,1398,198,32,Kyan Anderson misses a layup.,missed,FALSE,FALSE,Layup Shot,25,5.25,610688,Kyan Anderson,NA,0,TCU,TCU,48
2012-13,2013-01-05,1252907,359,0,1,TCU,Texas Tech,Horned Frogs,Red Raiders,2,2,20,26,-6,1656,Texas Tech,1398,198,0,Jordan Tolbert with a defensive rebound.,NA,FALSE,FALSE,NA,NA,NA,NA,NA,NA,0,TCU,Texas Tech,48
2012-13,2013-01-05,1252907,362.5,0,1,TCU,Texas Tech,Horned Frogs,Red Raiders,2,2,20,26,-6,1656,Texas Tech,1382,182,16,Kyan Anderson steals the ball from Daylen Robinson.,NA,FALSE,FALSE,NA,NA,NA,NA,NA,NA,0,Texas Tech,TCU,49
2012-13,2013-01-05,1252907,363,0,1,TCU,Texas Tech,Horned Frogs,Red Raiders,2,2,20,26,-6,NA,NA,1382,182,0,Official TV timeout.,NA,FALSE,FALSE,NA,NA,NA,NA,NA,NA,0,NA,NA,NA
2012-13,2013-01-05,1252907,374,0,1,TCU,Texas Tech,Horned Frogs,Red Raiders,2,2,22,26,-4,1643,TCU,1351,151,31,Adrick McKinney makes a jump shot from 7 feet out.,made,FALSE,FALSE,Jump Shot,30.5,9.549999999999997,610694,Adrick McKinney,NA,0,TCU,Texas Tech,50
2012-13,2013-01-05,1252907,375,0,1,TCU,Texas Tech,Horned Frogs,Red Raiders,2,2,22,26,-4,1656,Texas Tech,1318,118,33,Trency Jackson misses a jump shot from 14 feet out.,missed,FALSE,FALSE,Jump Shot,11.6,7.85,708920,Trency Jackson,NA,0,Texas Tech,Texas Tech,51
2012-13,2013-01-05,1252907,376,0,1,TCU,Texas Tech,Horned Frogs,Red Raiders,2,2,22,26,-4,1643,TCU,1318,118,0,Adrick McKinney with a defensive rebound.,NA,FALSE,FALSE,NA,NA,NA,NA,NA,NA,0,Texas Tech,TCU,51
2012-13,2013-01-05,1252907,379,0,1,TCU,Texas Tech,Horned Frogs,Red Raiders,2,2,22,26,-4,1656,Texas Tech,1300,100,18,Personal foul committed by Trency Jackson.,NA,FALSE,FALSE,NA,NA,NA,NA,NA,NA,0,TCU,TCU,52
2012-13,2013-01-05,1252907,386,0,1,TCU,Texas Tech,Horned Frogs,Red Raiders,2,2,22,26,-4,1643,TCU,1290,90,10,Offensive foul committed by Nate Butler Lind.,NA,FALSE,FALSE,NA,NA,NA,NA,NA,NA,0,TCU,TCU,52
2012-13,2013-01-05,1252907,387,0,1,TCU,Texas Tech,Horned Frogs,Red Raiders,2,2,22,26,-4,1643,TCU,1290,90,0,Nate Butler Lind with a turnover,NA,FALSE,FALSE,NA,NA,NA,NA,NA,NA,0,TCU,Texas Tech,52
2012-13,2013-01-05,1252907,393,0,1,TCU,Texas Tech,Horned Frogs,Red Raiders,2,2,22,26,-4,1656,Texas Tech,1266,66,24,Dejan Kravic with a turnover - Traveling,NA,FALSE,FALSE,NA,NA,NA,NA,NA,NA,0,Texas Tech,TCU,53
2012-13,2013-01-05,1252907,416,0,1,TCU,Texas Tech,Horned Frogs,Red Raiders,2,2,22,26,-4,1643,TCU,1247,47,19,Kyan Anderson with a turnover - Traveling,NA,FALSE,FALSE,NA,NA,NA,NA,NA,NA,0,TCU,Texas Tech,54
2012-13,2013-01-05,1252907,422,0,1,TCU,Texas Tech,Horned Frogs,Red Raiders,2,2,22,26,-4,1656,Texas Tech,1233,33,14,Dusty Hannahs misses a jump shot from 12 feet out.,missed,FALSE,FALSE,Jump Shot,30.5,16.05,708919,Dusty Hannahs,NA,0,Texas Tech,Texas Tech,55
2012-13,2013-01-05,1252907,423,0,1,TCU,Texas Tech,Horned Frogs,Red Raiders,2,2,22,26,-4,1643,TCU,1233,33,0,Connell Crossland with a defensive rebound.,NA,FALSE,FALSE,NA,NA,NA,NA,NA,NA,0,Texas Tech,TCU,55
2012-13,2013-01-05,1252907,425,0,1,TCU,Texas Tech,Horned Frogs,Red Raiders,2,2,22,26,-4,1643,TCU,1212,12,21,Garlon Green misses a jump shot from 12 feet out.,missed,FALSE,FALSE,Jump Shot,27,16.25,512614,Garlon Green,NA,0,TCU,TCU,56
2012-13,2013-01-05,1252907,426,0,1,TCU,Texas Tech,Horned Frogs,Red Raiders,2,2,22,26,-4,1656,Texas Tech,1212,12,0,Trency Jackson with a defensive rebound.,NA,FALSE,FALSE,NA,NA,NA,NA,NA,NA,0,TCU,Texas Tech,56
2012-13,2013-01-05,1252907,427,0,1,TCU,Texas Tech,Horned Frogs,Red Raiders,2,2,22,29,-7,1656,Texas Tech,1206,6,6,Dusty Hannahs makes a 3-point jump shot from 24 feet out. Trency Jackson with the assist.,made,FALSE,TRUE,Jump Shot,9,22.25,708919,Dusty Hannahs,Trency Jackson,0,Texas Tech,TCU,57
2012-13,2013-01-05,1252907,428,0,1,TCU,Texas Tech,Horned Frogs,Red Raiders,2,2,22,29,-7,NA,NA,1200,0,6,End of the 1st Half,NA,FALSE,FALSE,NA,NA,NA,NA,NA,NA,0,NA,NA,NA
2012-13,2013-01-05,1252907,436,0,2,TCU,Texas Tech,Horned Frogs,Red Raiders,4,4,22,29,-7,NA,NA,1200,1200,0,Start of the 2nd Half,NA,FALSE,FALSE,NA,NA,NA,NA,NA,NA,0,NA,TCU,58
2012-13,2013-01-05,1252907,442,0,2,TCU,Texas Tech,Horned Frogs,Red Raiders,4,4,22,29,-7,1643,TCU,1184,1184,16,Garlon Green misses a jump shot from 8 feet out.,missed,FALSE,FALSE,Jump Shot,27.8,12.650000000000006,512614,Garlon Green,NA,0,TCU,TCU,59
2012-13,2013-01-05,1252907,443,0,2,TCU,Texas Tech,Horned Frogs,Red Raiders,4,4,22,29,-7,1656,Texas Tech,1184,1184,0,Josh Gray with a defensive rebound.,NA,FALSE,FALSE,NA,NA,NA,NA,NA,NA,0,TCU,Texas Tech,59
2012-13,2013-01-05,1252907,444,0,2,TCU,Texas Tech,Horned Frogs,Red Raiders,4,4,22,29,-7,1656,Texas Tech,1179,1179,5,Kyan Anderson steals the ball from Josh Gray.,NA,FALSE,FALSE,NA,NA,NA,NA,NA,NA,0,Texas Tech,TCU,60
2012-13,2013-01-05,1252907,444.5,0,2,TCU,Texas Tech,Horned Frogs,Red Raiders,4,4,22,29,-7,1643,TCU,1175,1175,4,Kyan Anderson misses a layup.,missed,FALSE,FALSE,Layup Shot,25,5.25,610688,Kyan Anderson,NA,0,TCU,TCU,61
2012-13,2013-01-05,1252907,444.75,0,2,TCU,Texas Tech,Horned Frogs,Red Raiders,4,4,22,29,-7,1643,TCU,1175,1175,0,Devonta Abron with an offensive rebound.,NA,FALSE,FALSE,NA,NA,NA,NA,NA,NA,0,TCU,TCU,61
2012-13,2013-01-05,1252907,445,0,2,TCU,Texas Tech,Horned Frogs,Red Raiders,4,4,24,29,-5,1643,TCU,1173,1173,2,Devonta Abron makes a layup.,made,FALSE,FALSE,Layup Shot,26,6.25,610331,Devonta Abron,NA,0,TCU,Texas Tech,61
2012-13,2013-01-05,1252907,445.5,0,2,TCU,Texas Tech,Horned Frogs,Red Raiders,4,4,24,29,-5,1656,Texas Tech,1168,1168,5,Josh Gray misses a layup.,missed,FALSE,FALSE,Layup Shot,25,5.25,708918,Josh Gray,NA,0,Texas Tech,Texas Tech,62
2012-13,2013-01-05,1252907,445.75,0,2,TCU,Texas Tech,Horned Frogs,Red Raiders,4,4,24,29,-5,1656,Texas Tech,1168,1168,0,Jordan Tolbert with an offensive rebound.,NA,FALSE,FALSE,NA,NA,NA,NA,NA,NA,0,Texas Tech,Texas Tech,62
2012-13,2013-01-05,1252907,446,0,2,TCU,Texas Tech,Horned Frogs,Red Raiders,4,4,24,31,-7,1656,Texas Tech,1166,1166,2,Jordan Tolbert makes a layup.,made,FALSE,FALSE,Layup Shot,25,5.25,616442,Jordan Tolbert,NA,0,Texas Tech,TCU,62
2012-13,2013-01-05,1252907,449,0,2,TCU,Texas Tech,Horned Frogs,Red Raiders,4,4,24,31,-7,1656,Texas Tech,1131,1131,35,Shooting foul committed by Dusty Hannahs.,NA,FALSE,FALSE,NA,NA,NA,NA,NA,NA,0,TCU,TCU,63
2012-13,2013-01-05,1252907,455,0,2,TCU,Texas Tech,Horned Frogs,Red Raiders,4,4,25,31,-6,1643,TCU,1131,1131,0,Nate Butler Lind makes free throw 1 of 2.,made,TRUE,FALSE,NA,NA,NA,NA,NA,NA,0,TCU,TCU,63
2012-13,2013-01-05,1252907,456,0,2,TCU,Texas Tech,Horned Frogs,Red Raiders,4,4,26,31,-5,1643,TCU,1131,1131,0,Nate Butler Lind makes free throw 2 of 2.,made,TRUE,FALSE,NA,NA,NA,NA,NA,NA,0,TCU,Texas Tech,63
2012-13,2013-01-05,1252907,460,0,2,TCU,Texas Tech,Horned Frogs,Red Raiders,4,4,26,31,-5,1656,Texas Tech,1119,1119,12,Dejan Kravic misses a jump shot from 7 feet out.,missed,FALSE,FALSE,Jump Shot,27.1,12.15,616434,Dejan Kravic,NA,0,Texas Tech,Texas Tech,64
2012-13,2013-01-05,1252907,461,0,2,TCU,Texas Tech,Horned Frogs,Red Raiders,4,4,26,31,-5,1656,Texas Tech,1119,1119,0,Jordan Tolbert with an offensive rebound.,NA,FALSE,FALSE,NA,NA,NA,NA,NA,NA,0,Texas Tech,Texas Tech,64
2012-13,2013-01-05,1252907,462,0,2,TCU,Texas Tech,Horned Frogs,Red Raiders,4,4,26,33,-7,1656,Texas Tech,1115,1115,4,Jordan Tolbert dunks.,made,FALSE,FALSE,Dunk Shot,25,5.25,616442,Jordan Tolbert,NA,0,Texas Tech,TCU,64
2012-13,2013-01-05,1252907,464,0,2,TCU,Texas Tech,Horned Frogs,Red Raiders,4,4,28,33,-5,1643,TCU,1092,1092,23,Devonta Abron makes a layup. Kyan Anderson with the assist.,made,FALSE,FALSE,Layup Shot,25,5.25,610331,Devonta Abron,Kyan Anderson,0,TCU,TCU,65
2012-13,2013-01-05,1252907,465,0,2,TCU,Texas Tech,Horned Frogs,Red Raiders,4,4,28,33,-5,1656,Texas Tech,1092,1092,0,Shooting foul committed by Jordan Tolbert.,NA,FALSE,FALSE,NA,NA,NA,NA,NA,NA,0,TCU,TCU,65
2012-13,2013-01-05,1252907,466,0,2,TCU,Texas Tech,Horned Frogs,Red Raiders,4,4,29,33,-4,1643,TCU,1092,1092,0,Devonta Abron makes free throw 1 of 1.,made,TRUE,FALSE,NA,NA,NA,NA,NA,NA,0,TCU,Texas Tech,65
2012-13,2013-01-05,1252907,471,0,2,TCU,Texas Tech,Horned Frogs,Red Raiders,4,4,29,33,-4,1656,Texas Tech,1065,1065,27,Josh Gray with a turnover - Double Dribble,NA,FALSE,FALSE,NA,NA,NA,NA,NA,NA,0,Texas Tech,TCU,66
2012-13,2013-01-05,1252907,473,0,2,TCU,Texas Tech,Horned Frogs,Red Raiders,4,4,29,33,-4,1643,TCU,1057,1057,8,Kyan Anderson misses a 3-point jump shot from 25 feet out.,missed,FALSE,TRUE,Jump Shot,42.9,22.349999999999994,610688,Kyan Anderson,NA,0,TCU,TCU,67
2012-13,2013-01-05,1252907,474,0,2,TCU,Texas Tech,Horned Frogs,Red Raiders,4,4,29,33,-4,1643,TCU,1057,1057,0,Adrick McKinney with an offensive rebound.,NA,FALSE,FALSE,NA,NA,NA,NA,NA,NA,0,TCU,TCU,67
2012-13,2013-01-05,1252907,475,0,2,TCU,Texas Tech,Horned Frogs,Red Raiders,4,4,29,33,-4,1643,TCU,1052,1052,5,Adrick McKinney misses a layup.,missed,FALSE,FALSE,Layup Shot,25,5.25,610694,Adrick McKinney,NA,0,TCU,TCU,67
2012-13,2013-01-05,1252907,476,0,2,TCU,Texas Tech,Horned Frogs,Red Raiders,4,4,29,33,-4,1643,TCU,1052,1052,0,Adrick McKinney with an offensive rebound.,NA,FALSE,FALSE,NA,NA,NA,NA,NA,NA,0,TCU,TCU,67
2012-13,2013-01-05,1252907,480,0,2,TCU,Texas Tech,Horned Frogs,Red Raiders,4,4,29,33,-4,1656,Texas Tech,1050,1050,2,Shooting foul committed by Daylen Robinson.,NA,FALSE,FALSE,NA,NA,NA,NA,NA,NA,0,TCU,TCU,67
2012-13,2013-01-05,1252907,481,0,2,TCU,Texas Tech,Horned Frogs,Red Raiders,4,4,30,33,-3,1643,TCU,1050,1050,0,Adrick McKinney makes free throw 1 of 2.,made,TRUE,FALSE,NA,NA,NA,NA,NA,NA,0,TCU,TCU,67
2012-13,2013-01-05,1252907,484,0,2,TCU,Texas Tech,Horned Frogs,Red Raiders,4,4,30,33,-3,1643,TCU,1050,1050,0,Adrick McKinney misses free throw 2 of 2.,missed,TRUE,FALSE,NA,NA,NA,NA,NA,NA,0,TCU,TCU,67
2012-13,2013-01-05,1252907,485,0,2,TCU,Texas Tech,Horned Frogs,Red Raiders,4,4,30,33,-3,1656,Texas Tech,1050,1050,0,Jaye Crockett with a defensive rebound.,NA,FALSE,FALSE,NA,NA,NA,NA,NA,NA,0,TCU,Texas Tech,67
2012-13,2013-01-05,1252907,496,0,2,TCU,Texas Tech,Horned Frogs,Red Raiders,4,4,30,33,-3,1656,Texas Tech,1038,1038,12,Dusty Hannahs misses a 3-point jump shot from 24 feet out.,missed,FALSE,TRUE,Jump Shot,32.7,28.15,708919,Dusty Hannahs,NA,0,Texas Tech,Texas Tech,68
2012-13,2013-01-05,1252907,499,0,2,TCU,Texas Tech,Horned Frogs,Red Raiders,4,4,30,33,-3,1656,Texas Tech,1031,1031,7,Adrick McKinney steals the ball from Dusty Hannahs.,NA,FALSE,FALSE,NA,NA,NA,NA,NA,NA,0,Texas Tech,TCU,68
2012-13,2013-01-05,1252907,503,0,2,TCU,Texas Tech,Horned Frogs,Red Raiders,4,4,30,33,-3,1643,TCU,1007,1007,24,Devonta Abron misses a jump shot from 9 feet out.,missed,FALSE,FALSE,Jump Shot,33.8,7.75,610331,Devonta Abron,NA,0,TCU,TCU,69
2012-13,2013-01-05,1252907,504,0,2,TCU,Texas Tech,Horned Frogs,Red Raiders,4,4,30,33,-3,1656,Texas Tech,1007,1007,0,Jaye Crockett with a defensive rebound.,NA,FALSE,FALSE,NA,NA,NA,NA,NA,NA,0,TCU,Texas Tech,69
2012-13,2013-01-05,1252907,509,0,2,TCU,Texas Tech,Horned Frogs,Red Raiders,4,4,30,33,-3,1656,Texas Tech,1002,1002,5,Dusty Hannahs with a turnover - Traveling,NA,FALSE,FALSE,NA,NA,NA,NA,NA,NA,0,Texas Tech,TCU,70
2012-13,2013-01-05,1252907,512,0,2,TCU,Texas Tech,Horned Frogs,Red Raiders,4,4,30,33,-3,1643,TCU,987,987,15,Garlon Green misses a 3-point jump shot from 24 feet out.,missed,FALSE,TRUE,Jump Shot,1.6000000000000014,7.849999999999994,512614,Garlon Green,NA,0,TCU,Texas Tech,71
2012-13,2013-01-05,1252907,516,0,2,TCU,Texas Tech,Horned Frogs,Red Raiders,4,4,30,33,-3,1643,TCU,986,986,1,Personal foul committed by Devonta Abron.,NA,FALSE,FALSE,NA,NA,NA,NA,NA,NA,0,Texas Tech,Texas Tech,72
2012-13,2013-01-05,1252907,519,0,2,TCU,Texas Tech,Horned Frogs,Red Raiders,4,4,30,35,-5,1656,Texas Tech,968,968,18,Jaye Crockett makes a jump shot from 14 feet out.,made,FALSE,FALSE,Jump Shot,34.3,16.25,512056,Jaye Crockett,NA,0,Texas Tech,TCU,72
2012-13,2013-01-05,1252907,522,0,2,TCU,Texas Tech,Horned Frogs,Red Raiders,4,4,30,35,-5,1656,Texas Tech,949,949,19,Personal foul committed by Jordan Tolbert.,NA,FALSE,FALSE,NA,NA,NA,NA,NA,NA,0,TCU,TCU,73
2012-13,2013-01-05,1252907,523,0,2,TCU,Texas Tech,Horned Frogs,Red Raiders,4,4,30,35,-5,NA,NA,949,949,0,Official TV timeout.,NA,FALSE,FALSE,NA,NA,NA,NA,NA,NA,0,NA,NA,NA
2012-13,2013-01-05,1252907,529,0,2,TCU,Texas Tech,Horned Frogs,Red Raiders,4,4,30,35,-5,1643,TCU,949,949,0,Devonta Abron misses free throw 1 of 2.,missed,TRUE,FALSE,NA,NA,NA,NA,NA,NA,0,TCU,TCU,73
2012-13,2013-01-05,1252907,531,0,2,TCU,Texas Tech,Horned Frogs,Red Raiders,4,4,31,35,-4,1643,TCU,949,949,0,Devonta Abron makes free throw 2 of 2.,made,TRUE,FALSE,NA,NA,NA,NA,NA,NA,0,TCU,Texas Tech,73
2012-13,2013-01-05,1252907,539,0,2,TCU,Texas Tech,Horned Frogs,Red Raiders,4,4,31,35,-4,1643,TCU,937,937,12,Personal foul committed by Garlon Green.,NA,FALSE,FALSE,NA,NA,NA,NA,NA,NA,0,Texas Tech,Texas Tech,74
2012-13,2013-01-05,1252907,541,0,2,TCU,Texas Tech,Horned Frogs,Red Raiders,4,4,31,37,-6,1656,Texas Tech,936,936,1,Dejan Kravic makes a layup. Trency Jackson with the assist.,made,FALSE,FALSE,Layup Shot,25,5.25,616434,Dejan Kravic,Trency Jackson,0,Texas Tech,TCU,74
2012-13,2013-01-05,1252907,552,0,2,TCU,Texas Tech,Horned Frogs,Red Raiders,4,4,31,37,-6,1643,TCU,917,917,19,Adrick McKinney misses a jump shot from 8 feet out.,missed,FALSE,FALSE,Jump Shot,30.2,11.150000000000006,610694,Adrick McKinney,NA,0,TCU,TCU,75
2012-13,2013-01-05,1252907,561,0,2,TCU,Texas Tech,Horned Frogs,Red Raiders,4,4,31,37,-6,1643,TCU,903,903,14,Dejan Kravic blocks a Garlon Green jump shot from 8 feet out.,missed,FALSE,FALSE,Jump Shot,31,9.25,512614,Garlon Green,NA,0,TCU,TCU,75
2012-13,2013-01-05,1252907,569,0,2,TCU,Texas Tech,Horned Frogs,Red Raiders,4,4,31,37,-6,1643,TCU,894,894,9,Adrick McKinney misses a layup.,missed,FALSE,FALSE,Layup Shot,25,5.25,610694,Adrick McKinney,NA,0,TCU,TCU,75
2012-13,2013-01-05,1252907,570,0,2,TCU,Texas Tech,Horned Frogs,Red Raiders,4,4,31,37,-6,1643,TCU,894,894,0,Adrick McKinney with an offensive rebound.,NA,FALSE,FALSE,NA,NA,NA,NA,NA,NA,0,TCU,TCU,75
2012-13,2013-01-05,1252907,573,0,2,TCU,Texas Tech,Horned Frogs,Red Raiders,4,4,31,37,-6,1656,Texas Tech,890,890,4,Personal foul committed by Dejan Kravic.,NA,FALSE,FALSE,NA,NA,NA,NA,NA,NA,0,TCU,TCU,75
2012-13,2013-01-05,1252907,585,0,2,TCU,Texas Tech,Horned Frogs,Red Raiders,4,4,31,37,-6,1643,TCU,882,882,8,Dejan Kravic blocks a Connell Crossland layup.,missed,FALSE,FALSE,Layup Shot,26,6.25,610693,Connell Crossland,NA,0,TCU,TCU,75
2012-13,2013-01-05,1252907,591,0,2,TCU,Texas Tech,Horned Frogs,Red Raiders,4,4,33,37,-4,1643,TCU,866,866,16,Garlon Green makes a jump shot from 16 feet out.,made,FALSE,FALSE,Jump Shot,13.700000000000003,17.25,512614,Garlon Green,NA,0,TCU,Texas Tech,75
2012-13,2013-01-05,1252907,592,0,2,TCU,Texas Tech,Horned Frogs,Red Raiders,4,4,33,40,-7,1656,Texas Tech,840,840,26,Trency Jackson makes a 3-point jump shot from 23 feet out. Daylen Robinson with the assist.,made,FALSE,TRUE,Jump Shot,7.899999999999999,20.95,708920,Trency Jackson,Daylen Robinson,0,Texas Tech,TCU,76
2012-13,2013-01-05,1252907,593,0,2,TCU,Texas Tech,Horned Frogs,Red Raiders,4,4,33,40,-7,1643,TCU,802,802,38,Kyan Anderson misses a 3-point jump shot from 25 feet out.,missed,FALSE,TRUE,Jump Shot,25.4,29.950000000000003,610688,Kyan Anderson,NA,0,TCU,TCU,77
2012-13,2013-01-05,1252907,594,0,2,TCU,Texas Tech,Horned Frogs,Red Raiders,4,4,33,40,-7,1656,Texas Tech,802,802,0,Daylen Robinson with a defensive rebound.,NA,FALSE,FALSE,NA,NA,NA,NA,NA,NA,0,TCU,Texas Tech,77
2012-13,2013-01-05,1252907,595,0,2,TCU,Texas Tech,Horned Frogs,Red Raiders,4,4,33,40,-7,1656,Texas Tech,776,776,26,Dejan Kravic misses a hook shot from 9 feet out.,missed,FALSE,FALSE,Hook Shot,18.3,11.65,616434,Dejan Kravic,NA,0,Texas Tech,Texas Tech,78
2012-13,2013-01-05,1252907,596,0,2,TCU,Texas Tech,Horned Frogs,Red Raiders,4,4,33,40,-7,1643,TCU,776,776,0,Adrick McKinney with a defensive rebound.,NA,FALSE,FALSE,NA,NA,NA,NA,NA,NA,0,Texas Tech,TCU,78
2012-13,2013-01-05,1252907,597,0,2,TCU,Texas Tech,Horned Frogs,Red Raiders,4,4,33,40,-7,1643,TCU,768,768,8,Kyan Anderson misses a jump shot from 7 feet out.,missed,FALSE,FALSE,Jump Shot,20,9.25,610688,Kyan Anderson,NA,0,TCU,TCU,79
2012-13,2013-01-05,1252907,598,0,2,TCU,Texas Tech,Horned Frogs,Red Raiders,4,4,33,40,-7,1656,Texas Tech,768,768,0,Daylen Robinson with a defensive rebound.,NA,FALSE,FALSE,NA,NA,NA,NA,NA,NA,0,TCU,Texas Tech,79
2012-13,2013-01-05,1252907,601,0,2,TCU,Texas Tech,Horned Frogs,Red Raiders,4,4,33,40,-7,1643,TCU,762,762,6,Shooting foul committed by Connell Crossland.,NA,FALSE,FALSE,NA,NA,NA,NA,NA,NA,0,Texas Tech,Texas Tech,80
2012-13,2013-01-05,1252907,604,0,2,TCU,Texas Tech,Horned Frogs,Red Raiders,4,4,33,41,-8,1656,Texas Tech,762,762,0,Trency Jackson makes free throw 1 of 2.,made,TRUE,FALSE,NA,NA,NA,NA,NA,NA,0,Texas Tech,Texas Tech,80
2012-13,2013-01-05,1252907,605,0,2,TCU,Texas Tech,Horned Frogs,Red Raiders,4,4,33,42,-9,1656,Texas Tech,762,762,0,Trency Jackson makes free throw 2 of 2.,made,TRUE,FALSE,NA,NA,NA,NA,NA,NA,0,Texas Tech,TCU,80
2012-13,2013-01-05,1252907,607,0,2,TCU,Texas Tech,Horned Frogs,Red Raiders,4,4,33,42,-9,1643,TCU,746,746,16,Garlon Green misses a jump shot from 14 feet out.,missed,FALSE,FALSE,Jump Shot,25.6,19.650000000000006,512614,Garlon Green,NA,0,TCU,TCU,81
2012-13,2013-01-05,1252907,608,0,2,TCU,Texas Tech,Horned Frogs,Red Raiders,4,4,33,42,-9,1643,TCU,746,746,0,Connell Crossland with an offensive rebound.,NA,FALSE,FALSE,NA,NA,NA,NA,NA,NA,0,TCU,TCU,81
2012-13,2013-01-05,1252907,609,0,2,TCU,Texas Tech,Horned Frogs,Red Raiders,4,4,35,42,-7,1643,TCU,741,741,5,Connell Crossland makes a layup.,made,FALSE,FALSE,Layup Shot,26,6.25,610693,Connell Crossland,NA,0,TCU,Texas Tech,81
2012-13,2013-01-05,1252907,613,0,2,TCU,Texas Tech,Horned Frogs,Red Raiders,4,4,35,42,-7,1656,Texas Tech,712,712,29,Josh Gray with a turnover - Bad Pass,NA,FALSE,FALSE,NA,NA,NA,NA,NA,NA,0,Texas Tech,TCU,82
2012-13,2013-01-05,1252907,614,0,2,TCU,Texas Tech,Horned Frogs,Red Raiders,4,4,35,42,-7,NA,NA,712,712,0,Official TV timeout.,NA,FALSE,FALSE,NA,NA,NA,NA,NA,NA,0,NA,NA,NA
2012-13,2013-01-05,1252907,618,0,2,TCU,Texas Tech,Horned Frogs,Red Raiders,4,4,35,42,-7,1643,TCU,707,707,5,Josh Gray steals the ball from Chris Zurcher.,NA,FALSE,FALSE,NA,NA,NA,NA,NA,NA,0,TCU,Texas Tech,83
2012-13,2013-01-05,1252907,619,0,2,TCU,Texas Tech,Horned Frogs,Red Raiders,4,4,35,44,-9,1656,Texas Tech,700,700,7,Josh Gray makes a layup.,made,FALSE,FALSE,Layup Shot,26,6.25,708918,Josh Gray,NA,0,Texas Tech,TCU,84
2012-13,2013-01-05,1252907,625,0,2,TCU,Texas Tech,Horned Frogs,Red Raiders,4,4,35,44,-9,1656,Texas Tech,688,688,12,Personal foul committed by Josh Gray.,NA,FALSE,FALSE,NA,NA,NA,NA,NA,NA,0,TCU,TCU,85
2012-13,2013-01-05,1252907,633,0,2,TCU,Texas Tech,Horned Frogs,Red Raiders,4,4,35,44,-9,1656,Texas Tech,672,672,16,Shooting foul committed by Jaye Crockett.,NA,FALSE,FALSE,NA,NA,NA,NA,NA,NA,0,TCU,TCU,85
2012-13,2013-01-05,1252907,634,0,2,TCU,Texas Tech,Horned Frogs,Red Raiders,4,4,36,44,-8,1643,TCU,672,672,0,Garlon Green makes free throw 1 of 2.,made,TRUE,FALSE,NA,NA,NA,NA,NA,NA,0,TCU,TCU,85
2012-13,2013-01-05,1252907,635,0,2,TCU,Texas Tech,Horned Frogs,Red Raiders,4,4,37,44,-7,1643,TCU,672,672,0,Garlon Green makes free throw 2 of 2.,made,TRUE,FALSE,NA,NA,NA,NA,NA,NA,0,TCU,Texas Tech,85
2012-13,2013-01-05,1252907,638,0,2,TCU,Texas Tech,Horned Frogs,Red Raiders,4,4,37,44,-7,1656,Texas Tech,640,640,32,Offensive foul committed by Josh Gray.,NA,FALSE,FALSE,NA,NA,NA,NA,NA,NA,0,Texas Tech,Texas Tech,86
2012-13,2013-01-05,1252907,639,0,2,TCU,Texas Tech,Horned Frogs,Red Raiders,4,4,37,44,-7,1656,Texas Tech,640,640,0,Josh Gray with a turnover,NA,FALSE,FALSE,NA,NA,NA,NA,NA,NA,0,Texas Tech,TCU,86
2012-13,2013-01-05,1252907,641,0,2,TCU,Texas Tech,Horned Frogs,Red Raiders,4,4,37,44,-7,1643,TCU,630,630,10,Dejan Kravic steals the ball from Nate Butler Lind.,NA,FALSE,FALSE,NA,NA,NA,NA,NA,NA,0,TCU,Texas Tech,87
2012-13,2013-01-05,1252907,642,0,2,TCU,Texas Tech,Horned Frogs,Red Raiders,4,4,37,46,-9,1656,Texas Tech,610,610,20,Josh Gray makes a layup.,made,FALSE,FALSE,Layup Shot,26,6.25,708918,Josh Gray,NA,0,Texas Tech,TCU,88
2012-13,2013-01-05,1252907,644,0,2,TCU,Texas Tech,Horned Frogs,Red Raiders,4,4,37,46,-9,1643,TCU,589,589,21,Kyan Anderson with a turnover - Bad Pass,NA,FALSE,FALSE,NA,NA,NA,NA,NA,NA,0,TCU,Texas Tech,89
2012-13,2013-01-05,1252907,645,0,2,TCU,Texas Tech,Horned Frogs,Red Raiders,3,4,37,46,-9,1643,TCU,589,589,0,Horned Frogs take a 30-second timeout.,NA,FALSE,FALSE,NA,NA,NA,NA,NA,NA,0,NA,NA,NA
2012-13,2013-01-05,1252907,658,0,2,TCU,Texas Tech,Horned Frogs,Red Raiders,3,4,37,46,-9,1656,Texas Tech,576,576,13,Josh Gray misses a jump shot from 9 feet out.,missed,FALSE,FALSE,Jump Shot,32.2,10.25,708918,Josh Gray,NA,0,Texas Tech,Texas Tech,90
2012-13,2013-01-05,1252907,659,0,2,TCU,Texas Tech,Horned Frogs,Red Raiders,3,4,37,46,-9,1643,TCU,576,576,0,Adrick McKinney with a defensive rebound.,NA,FALSE,FALSE,NA,NA,NA,NA,NA,NA,0,Texas Tech,TCU,90
2012-13,2013-01-05,1252907,661,0,2,TCU,Texas Tech,Horned Frogs,Red Raiders,3,4,37,46,-9,1643,TCU,562,562,14,Jordan Tolbert blocks a Chris Zurcher layup.,missed,FALSE,FALSE,Layup Shot,26,6.25,633401,Chris Zurcher,NA,0,TCU,TCU,91
2012-13,2013-01-05,1252907,676,0,2,TCU,Texas Tech,Horned Frogs,Red Raiders,3,4,37,46,-9,1643,TCU,550,550,12,Garlon Green misses a jump shot from 11 feet out.,missed,FALSE,FALSE,Jump Shot,31.9,13.450000000000003,512614,Garlon Green,NA,0,TCU,TCU,91
2012-13,2013-01-05,1252907,677,0,2,TCU,Texas Tech,Horned Frogs,Red Raiders,3,4,37,46,-9,1656,Texas Tech,550,550,0,Trency Jackson with a defensive rebound.,NA,FALSE,FALSE,NA,NA,NA,NA,NA,NA,0,TCU,Texas Tech,91
2012-13,2013-01-05,1252907,682,0,2,TCU,Texas Tech,Horned Frogs,Red Raiders,3,4,37,48,-11,1656,Texas Tech,529,529,21,Jordan Tolbert makes a jump shot from 3 feet out. Daylen Robinson with the assist.,made,FALSE,FALSE,Jump Shot,26,8.25,616442,Jordan Tolbert,Daylen Robinson,0,Texas Tech,TCU,92
2012-13,2013-01-05,1252907,683,0,2,TCU,Texas Tech,Horned Frogs,Red Raiders,3,4,37,48,-11,1643,TCU,505,505,24,Daylen Robinson steals the ball from Devonta Abron.,NA,FALSE,FALSE,NA,NA,NA,NA,NA,NA,0,TCU,Texas Tech,93
2012-13,2013-01-05,1252907,684,0,2,TCU,Texas Tech,Horned Frogs,Red Raiders,3,4,37,50,-13,1656,Texas Tech,497,497,8,Trency Jackson makes a layup.,made,FALSE,FALSE,Layup Shot,25,5.25,708920,Trency Jackson,NA,0,Texas Tech,TCU,94
2012-13,2013-01-05,1252907,689.5,0,2,TCU,Texas Tech,Horned Frogs,Red Raiders,3,4,37,50,-13,1656,Texas Tech,477,477,20,Personal foul committed by Daylen Robinson.,NA,FALSE,FALSE,NA,NA,NA,NA,NA,NA,0,TCU,TCU,95
2012-13,2013-01-05,1252907,692,0,2,TCU,Texas Tech,Horned Frogs,Red Raiders,3,4,37,50,-13,NA,NA,477,477,0,Official TV timeout.,NA,FALSE,FALSE,NA,NA,NA,NA,NA,NA,0,NA,NA,NA
2012-13,2013-01-05,1252907,695,0,2,TCU,Texas Tech,Horned Frogs,Red Raiders,3,4,38,50,-12,1643,TCU,477,477,0,Kyan Anderson makes free throw 1 of 2.,made,TRUE,FALSE,NA,NA,NA,NA,NA,NA,0,TCU,TCU,95
2012-13,2013-01-05,1252907,696,0,2,TCU,Texas Tech,Horned Frogs,Red Raiders,3,4,39,50,-11,1643,TCU,477,477,0,Kyan Anderson makes free throw 2 of 2.,made,TRUE,FALSE,NA,NA,NA,NA,NA,NA,0,TCU,Texas Tech,95
2012-13,2013-01-05,1252907,700,0,2,TCU,Texas Tech,Horned Frogs,Red Raiders,3,4,39,50,-11,1643,TCU,464,464,13,Shooting foul committed by Devonta Abron.,NA,FALSE,FALSE,NA,NA,NA,NA,NA,NA,0,Texas Tech,Texas Tech,96
2012-13,2013-01-05,1252907,701,0,2,TCU,Texas Tech,Horned Frogs,Red Raiders,3,4,39,51,-12,1656,Texas Tech,464,464,0,Jordan Tolbert makes free throw 1 of 2.,made,TRUE,FALSE,NA,NA,NA,NA,NA,NA,0,Texas Tech,Texas Tech,96
2012-13,2013-01-05,1252907,702,0,2,TCU,Texas Tech,Horned Frogs,Red Raiders,3,4,39,52,-13,1656,Texas Tech,464,464,0,Jordan Tolbert makes free throw 2 of 2.,made,TRUE,FALSE,NA,NA,NA,NA,NA,NA,0,Texas Tech,TCU,96
2012-13,2013-01-05,1252907,704,0,2,TCU,Texas Tech,Horned Frogs,Red Raiders,3,4,39,52,-13,1643,TCU,443,443,21,Adrick McKinney misses a jump shot from 8 feet out.,missed,FALSE,FALSE,Jump Shot,19.5,11.450000000000003,610694,Adrick McKinney,NA,0,TCU,TCU,97
2012-13,2013-01-05,1252907,705,0,2,TCU,Texas Tech,Horned Frogs,Red Raiders,3,4,39,52,-13,1656,Texas Tech,443,443,0,Jaye Crockett with a defensive rebound.,NA,FALSE,FALSE,NA,NA,NA,NA,NA,NA,0,TCU,Texas Tech,97
2012-13,2013-01-05,1252907,706,0,2,TCU,Texas Tech,Horned Frogs,Red Raiders,3,4,39,52,-13,1656,Texas Tech,425,425,18,Jaye Crockett misses a jump shot from 15 feet out.,missed,FALSE,FALSE,Jump Shot,33.6,17.55,512056,Jaye Crockett,NA,0,Texas Tech,Texas Tech,98
2012-13,2013-01-05,1252907,707,0,2,TCU,Texas Tech,Horned Frogs,Red Raiders,3,4,39,52,-13,1643,TCU,425,425,0,Nate Butler Lind with a defensive rebound.,NA,FALSE,FALSE,NA,NA,NA,NA,NA,NA,0,Texas Tech,TCU,98
2012-13,2013-01-05,1252907,708,0,2,TCU,Texas Tech,Horned Frogs,Red Raiders,3,4,41,52,-11,1643,TCU,416,416,9,Nate Butler Lind makes a jump shot from 14 feet out.,made,FALSE,FALSE,Jump Shot,22.5,19.25,610692,Nate Butler Lind,NA,0,TCU,Texas Tech,99
2012-13,2013-01-05,1252907,709,0,2,TCU,Texas Tech,Horned Frogs,Red Raiders,3,4,41,54,-13,1656,Texas Tech,381,381,35,Jaye Crockett dunks. Daylen Robinson with the assist.,made,FALSE,FALSE,Dunk Shot,25,5.25,512056,Jaye Crockett,Daylen Robinson,0,Texas Tech,TCU,100
2012-13,2013-01-05,1252907,712,0,2,TCU,Texas Tech,Horned Frogs,Red Raiders,3,4,41,54,-13,1643,TCU,359,359,22,Adrick McKinney with a turnover - Traveling,NA,FALSE,FALSE,NA,NA,NA,NA,NA,NA,0,TCU,Texas Tech,101
2012-13,2013-01-05,1252907,713,0,2,TCU,Texas Tech,Horned Frogs,Red Raiders,2,4,41,54,-13,1643,TCU,359,359,0,Horned Frogs take a 30-second timeout.,NA,FALSE,FALSE,NA,NA,NA,NA,NA,NA,0,NA,NA,NA
2012-13,2013-01-05,1252907,724,0,2,TCU,Texas Tech,Horned Frogs,Red Raiders,2,4,41,54,-13,1656,Texas Tech,345,345,14,Nate Butler Lind steals the ball from Daylen Robinson.,NA,FALSE,FALSE,NA,NA,NA,NA,NA,NA,0,Texas Tech,TCU,102
2012-13,2013-01-05,1252907,725,0,2,TCU,Texas Tech,Horned Frogs,Red Raiders,2,4,41,54,-13,1643,TCU,333,333,12,Nate Butler Lind misses a 3-point jump shot from 23 feet out.,missed,FALSE,TRUE,Jump Shot,6,18.25,610692,Nate Butler Lind,NA,0,TCU,TCU,103
2012-13,2013-01-05,1252907,726,0,2,TCU,Texas Tech,Horned Frogs,Red Raiders,2,4,41,54,-13,1656,Texas Tech,333,333,0,Daylen Robinson with a defensive rebound.,NA,FALSE,FALSE,NA,NA,NA,NA,NA,NA,0,TCU,Texas Tech,103
2012-13,2013-01-05,1252907,727,0,2,TCU,Texas Tech,Horned Frogs,Red Raiders,2,4,41,57,-16,1656,Texas Tech,319,319,14,Dusty Hannahs makes a 3-point jump shot from 24 feet out. Daylen Robinson with the assist.,made,FALSE,TRUE,Jump Shot,44.3,19.65,708919,Dusty Hannahs,Daylen Robinson,0,Texas Tech,TCU,104
2012-13,2013-01-05,1252907,728,0,2,TCU,Texas Tech,Horned Frogs,Red Raiders,2,4,41,57,-16,1643,TCU,302,302,17,Kyan Anderson misses a 3-point jump shot from 24 feet out.,missed,FALSE,TRUE,Jump Shot,3.299999999999997,14.650000000000006,610688,Kyan Anderson,NA,0,TCU,TCU,105
2012-13,2013-01-05,1252907,729,0,2,TCU,Texas Tech,Horned Frogs,Red Raiders,2,4,41,57,-16,1643,TCU,302,302,0,Connell Crossland with an offensive rebound.,NA,FALSE,FALSE,NA,NA,NA,NA,NA,NA,0,TCU,TCU,105
2012-13,2013-01-05,1252907,730,0,2,TCU,Texas Tech,Horned Frogs,Red Raiders,2,4,41,57,-16,1643,TCU,297,297,5,Kyan Anderson misses a 3-point jump shot from 23 feet out.,missed,FALSE,TRUE,Jump Shot,4.799999999999997,16.549999999999997,610688,Kyan Anderson,NA,0,TCU,TCU,105
2012-13,2013-01-05,1252907,731,0,2,TCU,Texas Tech,Horned Frogs,Red Raiders,2,4,41,57,-16,1656,Texas Tech,297,297,0,Jordan Tolbert with a defensive rebound.,NA,FALSE,FALSE,NA,NA,NA,NA,NA,NA,0,TCU,Texas Tech,105
2012-13,2013-01-05,1252907,733,0,2,TCU,Texas Tech,Horned Frogs,Red Raiders,2,4,41,57,-16,1656,Texas Tech,280,280,17,Offensive foul committed by Dusty Hannahs.,NA,FALSE,FALSE,NA,NA,NA,NA,NA,NA,0,Texas Tech,Texas Tech,106
2012-13,2013-01-05,1252907,734,0,2,TCU,Texas Tech,Horned Frogs,Red Raiders,2,4,41,57,-16,1656,Texas Tech,280,280,0,Dusty Hannahs with a turnover,NA,FALSE,FALSE,NA,NA,NA,NA,NA,NA,0,Texas Tech,TCU,106
2012-13,2013-01-05,1252907,752,0,2,TCU,Texas Tech,Horned Frogs,Red Raiders,2,4,41,57,-16,1643,TCU,263,263,17,Kyan Anderson misses a jump shot from 18 feet out.,missed,FALSE,FALSE,Jump Shot,39.2,17.049999999999997,610688,Kyan Anderson,NA,0,TCU,TCU,107
2012-13,2013-01-05,1252907,753,0,2,TCU,Texas Tech,Horned Frogs,Red Raiders,2,4,41,57,-16,1656,Texas Tech,263,263,0,Jordan Tolbert with a defensive rebound.,NA,FALSE,FALSE,NA,NA,NA,NA,NA,NA,0,TCU,Texas Tech,107
2012-13,2013-01-05,1252907,755,0,2,TCU,Texas Tech,Horned Frogs,Red Raiders,2,4,41,57,-16,1656,Texas Tech,240,240,23,Dejan Kravic misses a jump shot from 10 feet out.,missed,FALSE,FALSE,Jump Shot,27.1,15.35,616434,Dejan Kravic,NA,0,Texas Tech,Texas Tech,108
2012-13,2013-01-05,1252907,756,0,2,TCU,Texas Tech,Horned Frogs,Red Raiders,2,4,41,57,-16,1643,TCU,240,240,0,Devonta Abron with a defensive rebound.,NA,FALSE,FALSE,NA,NA,NA,NA,NA,NA,0,Texas Tech,TCU,108
2012-13,2013-01-05,1252907,757,0,2,TCU,Texas Tech,Horned Frogs,Red Raiders,2,4,43,57,-14,1643,TCU,234,234,6,Connell Crossland makes a layup. Kyan Anderson with the assist.,made,FALSE,FALSE,Layup Shot,25,5.25,610693,Connell Crossland,Kyan Anderson,0,TCU,Texas Tech,109
2012-13,2013-01-05,1252907,758,0,2,TCU,Texas Tech,Horned Frogs,Red Raiders,2,4,43,57,-14,1656,Texas Tech,212,212,22,Ty Nurse misses a 3-point jump shot from 22 feet out.,missed,FALSE,TRUE,Jump Shot,44.8,15.55,616439,Ty Nurse,NA,0,Texas Tech,Texas Tech,110
2012-13,2013-01-05,1252907,759,0,2,TCU,Texas Tech,Horned Frogs,Red Raiders,2,4,43,57,-14,1643,TCU,212,212,0,Connell Crossland with a defensive rebound.,NA,FALSE,FALSE,NA,NA,NA,NA,NA,NA,0,Texas Tech,TCU,110
2012-13,2013-01-05,1252907,762,0,2,TCU,Texas Tech,Horned Frogs,Red Raiders,2,4,43,57,-14,1656,Texas Tech,204,204,8,Shooting foul committed by Dejan Kravic.,NA,FALSE,FALSE,NA,NA,NA,NA,NA,NA,0,TCU,TCU,111
2012-13,2013-01-05,1252907,763,0,2,TCU,Texas Tech,Horned Frogs,Red Raiders,2,4,43,57,-14,NA,NA,204,204,0,Official TV timeout.,NA,FALSE,FALSE,NA,NA,NA,NA,NA,NA,0,NA,NA,NA
2012-13,2013-01-05,1252907,764,0,2,TCU,Texas Tech,Horned Frogs,Red Raiders,2,4,44,57,-13,1643,TCU,204,204,0,Kyan Anderson makes free throw 1 of 2.,made,TRUE,FALSE,NA,NA,NA,NA,NA,NA,0,TCU,TCU,111
2012-13,2013-01-05,1252907,765,0,2,TCU,Texas Tech,Horned Frogs,Red Raiders,2,4,45,57,-12,1643,TCU,204,204,0,Kyan Anderson makes free throw 2 of 2.,made,TRUE,FALSE,NA,NA,NA,NA,NA,NA,0,TCU,Texas Tech,111
2012-13,2013-01-05,1252907,769,0,2,TCU,Texas Tech,Horned Frogs,Red Raiders,2,4,45,57,-12,1643,TCU,192,192,12,Personal foul committed by Nate Butler Lind.,NA,FALSE,FALSE,NA,NA,NA,NA,NA,NA,0,Texas Tech,Texas Tech,112
2012-13,2013-01-05,1252907,771,0,2,TCU,Texas Tech,Horned Frogs,Red Raiders,2,4,45,57,-12,1656,Texas Tech,172,172,20,Connell Crossland blocks a Trency Jackson layup.,missed,FALSE,FALSE,Layup Shot,26,6.25,708920,Trency Jackson,NA,0,Texas Tech,Texas Tech,112
2012-13,2013-01-05,1252907,772,0,2,TCU,Texas Tech,Horned Frogs,Red Raiders,2,4,45,57,-12,1643,TCU,172,172,0,Nate Butler Lind with a defensive rebound.,NA,FALSE,FALSE,NA,NA,NA,NA,NA,NA,0,Texas Tech,TCU,112
2012-13,2013-01-05,1252907,776,0,2,TCU,Texas Tech,Horned Frogs,Red Raiders,2,4,45,57,-12,1643,TCU,143,143,29,Jordan Tolbert blocks a Connell Crossland jump shot from 10 feet out.,missed,FALSE,FALSE,Jump Shot,32,13.25,610693,Connell Crossland,NA,0,TCU,TCU,113
2012-13,2013-01-05,1252907,777,0,2,TCU,Texas Tech,Horned Frogs,Red Raiders,2,4,45,57,-12,1643,TCU,143,143,0,Devonta Abron with an offensive rebound.,NA,FALSE,FALSE,NA,NA,NA,NA,NA,NA,0,TCU,TCU,113
2012-13,2013-01-05,1252907,778,0,2,TCU,Texas Tech,Horned Frogs,Red Raiders,2,4,47,57,-10,1643,TCU,138,138,5,Devonta Abron makes a layup.,made,FALSE,FALSE,Layup Shot,26,6.25,610331,Devonta Abron,NA,0,TCU,Texas Tech,113
2012-13,2013-01-05,1252907,781,0,2,TCU,Texas Tech,Horned Frogs,Red Raiders,2,4,47,57,-10,1643,TCU,132,132,6,Personal foul committed by Nate Butler Lind.,NA,FALSE,FALSE,NA,NA,NA,NA,NA,NA,0,Texas Tech,Texas Tech,114
2012-13,2013-01-05,1252907,793,0,2,TCU,Texas Tech,Horned Frogs,Red Raiders,2,4,47,57,-10,1643,TCU,110,110,22,Shooting foul committed by Connell Crossland.,NA,FALSE,FALSE,NA,NA,NA,NA,NA,NA,0,Texas Tech,Texas Tech,114
2012-13,2013-01-05,1252907,794,0,2,TCU,Texas Tech,Horned Frogs,Red Raiders,2,4,47,58,-11,1656,Texas Tech,110,110,0,Jaye Crockett makes free throw 1 of 2.,made,TRUE,FALSE,NA,NA,NA,NA,NA,NA,0,Texas Tech,Texas Tech,114
2012-13,2013-01-05,1252907,795,0,2,TCU,Texas Tech,Horned Frogs,Red Raiders,2,4,47,58,-11,1656,Texas Tech,110,110,0,Jaye Crockett misses free throw 2 of 2.,missed,TRUE,FALSE,NA,NA,NA,NA,NA,NA,0,Texas Tech,Texas Tech,114
2012-13,2013-01-05,1252907,796,0,2,TCU,Texas Tech,Horned Frogs,Red Raiders,2,4,47,58,-11,1643,TCU,110,110,0,Connell Crossland with a defensive rebound.,NA,FALSE,FALSE,NA,NA,NA,NA,NA,NA,0,Texas Tech,TCU,114
2012-13,2013-01-05,1252907,799,0,2,TCU,Texas Tech,Horned Frogs,Red Raiders,2,4,49,58,-9,1643,TCU,104,104,6,Kyan Anderson makes a layup.,made,FALSE,FALSE,Layup Shot,26,6.25,610688,Kyan Anderson,NA,0,TCU,Texas Tech,115
2012-13,2013-01-05,1252907,801,0,2,TCU,Texas Tech,Horned Frogs,Red Raiders,2,4,49,58,-9,1656,Texas Tech,94,94,10,Devonta Abron blocks a Jordan Tolbert layup.,missed,FALSE,FALSE,Layup Shot,26,6.25,616442,Jordan Tolbert,NA,0,Texas Tech,Texas Tech,116
2012-13,2013-01-05,1252907,805,0,2,TCU,Texas Tech,Horned Frogs,Red Raiders,1,4,49,58,-9,1643,TCU,92,92,2,Horned Frogs take a 30-second timeout.,NA,FALSE,FALSE,NA,NA,NA,NA,NA,NA,0,NA,NA,NA
2012-13,2013-01-05,1252907,807,0,2,TCU,Texas Tech,Horned Frogs,Red Raiders,1,4,49,58,-9,1656,Texas Tech,91,91,1,Nate Butler Lind steals the ball from Jordan Tolbert.,NA,FALSE,FALSE,NA,NA,NA,NA,NA,NA,0,Texas Tech,TCU,116
2012-13,2013-01-05,1252907,808,0,2,TCU,Texas Tech,Horned Frogs,Red Raiders,1,4,51,58,-7,1643,TCU,88,88,3,Nate Butler Lind makes a layup.,made,FALSE,FALSE,Layup Shot,25,5.25,610692,Nate Butler Lind,NA,0,TCU,Texas Tech,117
2012-13,2013-01-05,1252907,811,0,2,TCU,Texas Tech,Horned Frogs,Red Raiders,1,3,51,58,-7,1656,Texas Tech,69,69,19,Red Raiders take a 30-second timeout.,NA,FALSE,FALSE,NA,NA,NA,NA,NA,NA,0,NA,NA,NA
2012-13,2013-01-05,1252907,818,0,2,TCU,Texas Tech,Horned Frogs,Red Raiders,1,3,51,58,-7,1643,TCU,56,56,13,Personal foul committed by Garlon Green.,NA,FALSE,FALSE,NA,NA,NA,NA,NA,NA,0,Texas Tech,Texas Tech,118
2012-13,2013-01-05,1252907,819,0,2,TCU,Texas Tech,Horned Frogs,Red Raiders,1,3,51,58,-7,1656,Texas Tech,56,56,0,Trency Jackson misses free throw 1 of 1.,missed,TRUE,FALSE,NA,NA,NA,NA,NA,NA,0,Texas Tech,Texas Tech,118
2012-13,2013-01-05,1252907,820,0,2,TCU,Texas Tech,Horned Frogs,Red Raiders,1,3,51,58,-7,1643,TCU,56,56,0,Connell Crossland with a defensive rebound.,NA,FALSE,FALSE,NA,NA,NA,NA,NA,NA,0,Texas Tech,TCU,118
2012-13,2013-01-05,1252907,825,0,2,TCU,Texas Tech,Horned Frogs,Red Raiders,1,3,51,58,-7,1643,TCU,43,43,13,Kyan Anderson misses a jump shot from 14 feet out.,missed,FALSE,FALSE,Jump Shot,34.3,16.049999999999997,610688,Kyan Anderson,NA,0,TCU,TCU,119
2012-13,2013-01-05,1252907,826,0,2,TCU,Texas Tech,Horned Frogs,Red Raiders,1,3,51,58,-7,1643,TCU,43,43,0,Connell Crossland with an offensive rebound.,NA,FALSE,FALSE,NA,NA,NA,NA,NA,NA,0,TCU,TCU,119
2012-13,2013-01-05,1252907,827,0,2,TCU,Texas Tech,Horned Frogs,Red Raiders,1,3,53,58,-5,1643,TCU,38,38,5,Connell Crossland makes a tip shot from 3 feet out.,made,FALSE,FALSE,Tip Shot,24.2,8.349999999999994,610693,Connell Crossland,NA,0,TCU,Texas Tech,119
2012-13,2013-01-05,1252907,832,0,2,TCU,Texas Tech,Horned Frogs,Red Raiders,1,3,53,58,-5,1643,TCU,35,35,3,Personal foul committed by Kyan Anderson.,NA,FALSE,FALSE,NA,NA,NA,NA,NA,NA,0,Texas Tech,Texas Tech,120
2012-13,2013-01-05,1252907,833,0,2,TCU,Texas Tech,Horned Frogs,Red Raiders,1,3,53,59,-6,1656,Texas Tech,35,35,0,Daylen Robinson makes free throw 1 of 2.,made,TRUE,FALSE,NA,NA,NA,NA,NA,NA,0,Texas Tech,Texas Tech,120
2012-13,2013-01-05,1252907,834,0,2,TCU,Texas Tech,Horned Frogs,Red Raiders,1,3,53,60,-7,1656,Texas Tech,35,35,0,Daylen Robinson makes free throw 2 of 2.,made,TRUE,FALSE,NA,NA,NA,NA,NA,NA,0,Texas Tech,TCU,120
2012-13,2013-01-05,1252907,837,0,2,TCU,Texas Tech,Horned Frogs,Red Raiders,1,3,53,60,-7,1643,TCU,28,28,7,Kyan Anderson misses a layup.,missed,FALSE,FALSE,Layup Shot,25,5.25,610688,Kyan Anderson,NA,0,TCU,TCU,121
2012-13,2013-01-05,1252907,838,0,2,TCU,Texas Tech,Horned Frogs,Red Raiders,1,3,53,60,-7,1656,Texas Tech,28,28,0,Jaye Crockett with a defensive rebound.,NA,FALSE,FALSE,NA,NA,NA,NA,NA,NA,0,TCU,Texas Tech,121
2012-13,2013-01-05,1252907,845,0,2,TCU,Texas Tech,Horned Frogs,Red Raiders,1,3,53,60,-7,1643,TCU,26,26,2,Personal foul committed by Connell Crossland.,NA,FALSE,FALSE,NA,NA,NA,NA,NA,NA,0,Texas Tech,Texas Tech,122
2012-13,2013-01-05,1252907,846,0,2,TCU,Texas Tech,Horned Frogs,Red Raiders,1,3,53,61,-8,1656,Texas Tech,26,26,0,Jaye Crockett makes free throw 1 of 2.,made,TRUE,FALSE,NA,NA,NA,NA,NA,NA,0,Texas Tech,Texas Tech,122
2012-13,2013-01-05,1252907,847,0,2,TCU,Texas Tech,Horned Frogs,Red Raiders,1,3,53,62,-9,1656,Texas Tech,26,26,0,Jaye Crockett makes free throw 2 of 2.,made,TRUE,FALSE,NA,NA,NA,NA,NA,NA,0,Texas Tech,TCU,122
2012-13,2013-01-05,1252907,849,0,2,TCU,Texas Tech,Horned Frogs,Red Raiders,1,3,53,62,-9,1643,TCU,18,18,8,Josh Gray steals the ball from Kyan Anderson.,NA,FALSE,FALSE,NA,NA,NA,NA,NA,NA,0,TCU,NA,123
2012-13,2013-01-05,1252907,850,0,2,TCU,Texas Tech,Horned Frogs,Red Raiders,1,3,53,62,-9,NA,NA,0,0,18,End of the 2nd Half,NA,FALSE,FALSE,NA,NA,NA,NA,NA,NA,0,NA,NA,NA
2012-13,2013-01-05,1252907,851,0,2,TCU,Texas Tech,Horned Frogs,Red Raiders,1,3,53,62,-9,NA,NA,0,0,0,End of the Game,NA,FALSE,FALSE,NA,NA,NA,NA,NA,NA,0,TCU,TCU,NA
