season,date,game_id,play_id,neutral,half,home,away,home_name,away_name,home_timeouts,away_timeouts,home_score,away_score,score_diff,team_id,event_team,game_secs_remaining,half_secs_remaining,play_length,desc,shot_outcome,free_throw,three_pt,shot_desc,loc_x,loc_y,shooter_id,shooter,assist,substitution,poss_before,poss_after,poss_number,sub_error,home_1,home_2,home_3,home_4,home_5,away_1,away_2,away_3,away_4,away_5
2012-13,2013-01-02,1257632,1,0,1,Syracuse,Rutgers,Orange,Scarlet Knights,4,4,0,0,0,1586,Rutgers,NA,NA,NA,Starting Lineup - Wally Judge,NA,FALSE,FALSE,NA,NA,NA,NA,NA,NA,1,NA,NA,NA,NA,Brandon Triche,C.J. Fair,Michael Carter-Williams,Rakeem Christmas,DaJuan Coleman,Wally Judge,Dane Miller,Austin Johnson,Eli Carter,Myles Mack
2012-13,2013-01-02,1257632,1,0,1,Syracuse,Rutgers,Orange,Scarlet Knights,4,4,0,0,0,1586,Rutgers,NA,NA,NA,Starting Lineup - Dane Miller,NA,FALSE,FALSE,NA,NA,NA,NA,NA,NA,1,NA,NA,NA,NA,Brandon Triche,C.J. Fair,Michael Carter-Williams,Rakeem Christmas,DaJuan Coleman,Wally Judge,Dane Miller,Austin Johnson,Eli Carter,Myles Mack
2012-13,2013-01-02,1257632,1,0,1,Syracuse,Rutgers,Orange,Scarlet Knights,4,4,0,0,0,1586,Rutgers,NA,NA,NA,Starting Lineup - Austin Johnson,NA,FALSE,FALSE,NA,NA,NA,NA,NA,NA,1,NA,NA,NA,NA,Brandon Triche,C.J. Fair,Michael Carter-Williams,Rakeem Christmas,DaJuan Coleman,Wally Judge,Dane Miller,Austin Johnson,Eli Carter,Myles Mack
2012-13,2013-01-02,1257632,1,0,1,Syracuse,Rutgers,Orange,Scarlet Knights,4,4,0,0,0,1633,Syracuse,NA,NA,NA,Starting Lineup - Brandon Triche,NA,FALSE,FALSE,NA,NA,NA,NA,NA,NA,1,NA,NA,NA,NA,Brandon Triche,C.J. Fair,Michael Carter-Williams,Rakeem Christmas,DaJuan Coleman,Wally Judge,Dane Miller,Austin Johnson,Eli Carter,Myles Mack
2012-13,2013-01-02,1257632,1,0,1,Syracuse,Rutgers,Orange,Scarlet Knights,4,4,0,0,0,1633,Syracuse,NA,NA,NA,Starting Lineup - C.J. Fair,NA,FALSE,FALSE,NA,NA,NA,NA,NA,NA,1,NA,NA,NA,NA,Brandon Triche,C.J. Fair,Michael Carter-Williams,Rakeem Christmas,DaJuan Coleman,Wally Judge,Dane Miller,Austin Johnson,Eli Carter,Myles Mack
2012-13,2013-01-02,1257632,1,0,1,Syracuse,Rutgers,Orange,Scarlet Knights,4,4,0,0,0,1586,Rutgers,NA,NA,NA,Starting Lineup - Eli Carter,NA,FALSE,FALSE,NA,NA,NA,NA,NA,NA,1,NA,NA,NA,NA,Brandon Triche,C.J. Fair,Michael Carter-Williams,Rakeem Christmas,DaJuan Coleman,Wally Judge,Dane Miller,Austin Johnson,Eli Carter,Myles Mack
2012-13,2013-01-02,1257632,1,0,1,Syracuse,Rutgers,Orange,Scarlet Knights,4,4,0,0,0,1586,Rutgers,NA,NA,NA,Starting Lineup - Myles Mack,NA,FALSE,FALSE,NA,NA,NA,NA,NA,NA,1,NA,NA,NA,NA,Brandon Triche,C.J. Fair,Michael Carter-Williams,Rakeem Christmas,DaJuan Coleman,Wally Judge,Dane Miller,Austin Johnson,Eli Carter,Myles Mack
2012-13,2013-01-02,1257632,1,0,1,Syracuse,Rutgers,Orange,Scarlet Knights,4,4,0,0,0,1633,Syracuse,NA,NA,NA,Starting Lineup - Michael Carter-Williams,NA,FALSE,FALSE,NA,NA,NA,NA,NA,NA,1,NA,NA,NA,NA,Brandon Triche,C.J. Fair,Michael Carter-Williams,Rakeem Christmas,DaJuan Coleman,Wally Judge,Dane Miller,Austin Johnson,Eli Carter,Myles Mack
2012-13,2013-01-02,1257632,1,0,1,Syracuse,Rutgers,Orange,Scarlet Knights,4,4,0,0,0,1633,Syracuse,NA,NA,NA,Starting Lineup - Rakeem Christmas,NA,FALSE,FALSE,NA,NA,NA,NA,NA,NA,1,NA,NA,NA,NA,Brandon Triche,C.J. Fair,Michael Carter-Williams,Rakeem Christmas,DaJuan Coleman,Wally Judge,Dane Miller,Austin Johnson,Eli Carter,Myles Mack
2012-13,2013-01-02,1257632,1,0,1,Syracuse,Rutgers,Orange,Scarlet Knights,4,4,0,0,0,1633,Syracuse,NA,NA,NA,Starting Lineup - DaJuan Coleman,NA,FALSE,FALSE,NA,NA,NA,NA,NA,NA,1,NA,NA,NA,NA,Brandon Triche,C.J. Fair,Michael Carter-Williams,Rakeem Christmas,DaJuan Coleman,Wally Judge,Dane Miller,Austin Johnson,Eli Carter,Myles Mack
2012-13,2013-01-02,1257632,2,0,1,Syracuse,Rutgers,Orange,Scarlet Knights,4,4,0,0,0,NA,NA,2400,1200,NA,Start of the 1st Half,NA,FALSE,FALSE,NA,NA,NA,NA,NA,NA,0,NA,Syracuse,1,NA,Brandon Triche,C.J. Fair,Michael Carter-Williams,Rakeem Christmas,DaJuan Coleman,Wally Judge,Dane Miller,Austin Johnson,Eli Carter,Myles Mack
2012-13,2013-01-02,1257632,14,0,1,Syracuse,Rutgers,Orange,Scarlet Knights,4,4,3,0,3,1633,Syracuse,2378,1178,22,Brandon Triche makes a 3-point jump shot from 23 feet out. Michael Carter-Williams with the assist.,made,FALSE,TRUE,Jump Shot,47.9,4.150000000000006,513430,Brandon Triche,Michael Carter-Williams,0,Syracuse,Rutgers,1,NA,Brandon Triche,C.J. Fair,Michael Carter-Williams,Rakeem Christmas,DaJuan Coleman,Wally Judge,Dane Miller,Austin Johnson,Eli Carter,Myles Mack
2012-13,2013-01-02,1257632,16,0,1,Syracuse,Rutgers,Orange,Scarlet Knights,4,4,3,0,3,1586,Rutgers,2353,1153,25,Austin Johnson with a turnover - Bad Pass,NA,FALSE,FALSE,NA,NA,NA,NA,NA,NA,0,Rutgers,Syracuse,2,NA,Brandon Triche,C.J. Fair,Michael Carter-Williams,Rakeem Christmas,DaJuan Coleman,Wally Judge,Dane Miller,Austin Johnson,Eli Carter,Myles Mack
2012-13,2013-01-02,1257632,29,0,1,Syracuse,Rutgers,Orange,Scarlet Knights,4,4,3,0,3,1633,Syracuse,2330,1130,23,DaJuan Coleman misses a jump shot from 7 feet out.,missed,FALSE,FALSE,Jump Shot,31.4,8.549999999999997,699825,DaJuan Coleman,NA,0,Syracuse,Syracuse,3,NA,Brandon Triche,C.J. Fair,Michael Carter-Williams,Rakeem Christmas,DaJuan Coleman,Wally Judge,Dane Miller,Austin Johnson,Eli Carter,Myles Mack
2012-13,2013-01-02,1257632,30,0,1,Syracuse,Rutgers,Orange,Scarlet Knights,4,4,3,0,3,1586,Rutgers,2330,1130,0,Austin Johnson with a defensive rebound.,NA,FALSE,FALSE,NA,NA,NA,NA,NA,NA,0,Syracuse,Rutgers,3,NA,Brandon Triche,C.J. Fair,Michael Carter-Williams,Rakeem Christmas,DaJuan Coleman,Wally Judge,Dane Miller,Austin Johnson,Eli Carter,Myles Mack
2012-13,2013-01-02,1257632,31,0,1,Syracuse,Rutgers,Orange,Scarlet Knights,4,4,3,2,1,1586,Rutgers,2321,1121,9,Wally Judge makes a jump shot from 18 feet out. Dane Miller with the assist.,made,FALSE,FALSE,Jump Shot,44,5.25,506105,Wally Judge,Dane Miller,0,Rutgers,Syracuse,4,NA,Brandon Triche,C.J. Fair,Michael Carter-Williams,Rakeem Christmas,DaJuan Coleman,Wally Judge,Dane Miller,Austin Johnson,Eli Carter,Myles Mack
2012-13,2013-01-02,1257632,32,0,1,Syracuse,Rutgers,Orange,Scarlet Knights,4,4,5,2,3,1633,Syracuse,2307,1107,14,Michael Carter-Williams makes a layup.,made,FALSE,FALSE,Layup Shot,26,6.25,609790,Michael Carter-Williams,NA,0,Syracuse,Rutgers,5,NA,Brandon Triche,C.J. Fair,Michael Carter-Williams,Rakeem Christmas,DaJuan Coleman,Wally Judge,Dane Miller,Austin Johnson,Eli Carter,Myles Mack
2012-13,2013-01-02,1257632,34,0,1,Syracuse,Rutgers,Orange,Scarlet Knights,4,4,5,2,3,1586,Rutgers,2294,1094,13,Eli Carter misses a 3-point jump shot from 24 feet out.,missed,FALSE,TRUE,Jump Shot,34,27.25,605971,Eli Carter,NA,0,Rutgers,Rutgers,6,NA,Brandon Triche,C.J. Fair,Michael Carter-Williams,Rakeem Christmas,DaJuan Coleman,Wally Judge,Dane Miller,Austin Johnson,Eli Carter,Myles Mack
2012-13,2013-01-02,1257632,35,0,1,Syracuse,Rutgers,Orange,Scarlet Knights,4,4,5,2,3,1586,Rutgers,2294,1094,0,Wally Judge with an offensive rebound.,NA,FALSE,FALSE,NA,NA,NA,NA,NA,NA,0,Rutgers,Rutgers,6,NA,Brandon Triche,C.J. Fair,Michael Carter-Williams,Rakeem Christmas,DaJuan Coleman,Wally Judge,Dane Miller,Austin Johnson,Eli Carter,Myles Mack
2012-13,2013-01-02,1257632,36,0,1,Syracuse,Rutgers,Orange,Scarlet Knights,4,4,5,2,3,1633,Syracuse,2294,1094,0,Personal foul committed by DaJuan Coleman.,NA,FALSE,FALSE,NA,NA,NA,NA,NA,NA,0,Rutgers,Rutgers,6,NA,Brandon Triche,C.J. Fair,Michael Carter-Williams,Rakeem Christmas,DaJuan Coleman,Wally Judge,Dane Miller,Austin Johnson,Eli Carter,Myles Mack
2012-13,2013-01-02,1257632,37,0,1,Syracuse,Rutgers,Orange,Scarlet Knights,4,4,5,2,3,1633,Syracuse,2294,1094,0,DaJuan Coleman with a turnover - Bad Pass,NA,FALSE,FALSE,NA,NA,NA,NA,NA,NA,0,Syracuse,Rutgers,6,NA,Brandon Triche,C.J. Fair,Michael Carter-Williams,Rakeem Christmas,DaJuan Coleman,Wally Judge,Dane Miller,Austin Johnson,Eli Carter,Myles Mack
2012-13,2013-01-02,1257632,38,0,1,Syracuse,Rutgers,Orange,Scarlet Knights,4,4,5,2,3,1586,Rutgers,2285,1085,9,Austin Johnson misses a layup.,missed,FALSE,FALSE,Layup Shot,26,6.25,511080,Austin Johnson,NA,0,Rutgers,Rutgers,7,NA,Brandon Triche,C.J. Fair,Michael Carter-Williams,Rakeem Christmas,DaJuan Coleman,Wally Judge,Dane Miller,Austin Johnson,Eli Carter,Myles Mack
2012-13,2013-01-02,1257632,39,0,1,Syracuse,Rutgers,Orange,Scarlet Knights,4,4,5,2,3,1633,Syracuse,2285,1085,0,Rakeem Christmas with a defensive rebound.,NA,FALSE,FALSE,NA,NA,NA,NA,NA,NA,0,Rutgers,Syracuse,7,NA,Brandon Triche,C.J. Fair,Michael Carter-Williams,Rakeem Christmas,DaJuan Coleman,Wally Judge,Dane Miller,Austin Johnson,Eli Carter,Myles Mack
2012-13,2013-01-02,1257632,42,0,1,Syracuse,Rutgers,Orange,Scarlet Knights,4,4,5,2,3,1633,Syracuse,2271,1071,14,Myles Mack steals the ball from C.J. Fair.,NA,FALSE,FALSE,NA,NA,NA,NA,NA,NA,0,Syracuse,Rutgers,8,NA,Brandon Triche,C.J. Fair,Michael Carter-Williams,Rakeem Christmas,DaJuan Coleman,Wally Judge,Dane Miller,Austin Johnson,Eli Carter,Myles Mack
2012-13,2013-01-02,1257632,46,0,1,Syracuse,Rutgers,Orange,Scarlet Knights,4,4,5,2,3,1586,Rutgers,2267,1067,4,Michael Carter-Williams blocks a Dane Miller layup.,missed,FALSE,FALSE,Layup Shot,25,5.25,511079,Dane Miller,NA,0,Rutgers,Rutgers,9,NA,Brandon Triche,C.J. Fair,Michael Carter-Williams,Rakeem Christmas,DaJuan Coleman,Wally Judge,Dane Miller,Austin Johnson,Eli Carter,Myles Mack
2012-13,2013-01-02,1257632,47,0,1,Syracuse,Rutgers,Orange,Scarlet Knights,4,4,5,2,3,1586,Rutgers,2267,1067,0,Austin Johnson with an offensive rebound.,NA,FALSE,FALSE,NA,NA,NA,NA,NA,NA,0,Rutgers,Rutgers,9,NA,Brandon Triche,C.J. Fair,Michael Carter-Williams,Rakeem Christmas,DaJuan Coleman,Wally Judge,Dane Miller,Austin Johnson,Eli Carter,Myles Mack
2012-13,2013-01-02,1257632,59,0,1,Syracuse,Rutgers,Orange,Scarlet Knights,4,4,5,2,3,1586,Rutgers,2254,1054,13,Offensive foul committed by Eli Carter.,NA,FALSE,FALSE,NA,NA,NA,NA,NA,NA,0,Rutgers,Rutgers,9,NA,Brandon Triche,C.J. Fair,Michael Carter-Williams,Rakeem Christmas,DaJuan Coleman,Wally Judge,Dane Miller,Austin Johnson,Eli Carter,Myles Mack
2012-13,2013-01-02,1257632,60,0,1,Syracuse,Rutgers,Orange,Scarlet Knights,4,4,5,2,3,1586,Rutgers,2254,1054,0,Eli Carter with a turnover,NA,FALSE,FALSE,NA,NA,NA,NA,NA,NA,0,Rutgers,Syracuse,9,NA,Brandon Triche,C.J. Fair,Michael Carter-Williams,Rakeem Christmas,DaJuan Coleman,Wally Judge,Dane Miller,Austin Johnson,Eli Carter,Myles Mack
2012-13,2013-01-02,1257632,62,0,1,Syracuse,Rutgers,Orange,Scarlet Knights,4,4,8,2,6,1633,Syracuse,2243,1043,11,Brandon Triche makes a 3-point jump shot from 23 feet out. Michael Carter-Williams with the assist.,made,FALSE,TRUE,Jump Shot,47.7,9.75,513430,Brandon Triche,Michael Carter-Williams,0,Syracuse,Rutgers,10,NA,Brandon Triche,C.J. Fair,Michael Carter-Williams,Rakeem Christmas,DaJuan Coleman,Wally Judge,Dane Miller,Austin Johnson,Eli Carter,Myles Mack
2012-13,2013-01-02,1257632,64,0,1,Syracuse,Rutgers,Orange,Scarlet Knights,4,4,8,2,6,1586,Rutgers,2218,1018,25,Brandon Triche steals the ball from Dane Miller.,NA,FALSE,FALSE,NA,NA,NA,NA,NA,NA,0,Rutgers,Syracuse,11,NA,Brandon Triche,C.J. Fair,Michael Carter-Williams,Rakeem Christmas,DaJuan Coleman,Wally Judge,Dane Miller,Austin Johnson,Eli Carter,Myles Mack
2012-13,2013-01-02,1257632,65,0,1,Syracuse,Rutgers,Orange,Scarlet Knights,4,4,8,2,6,1633,Syracuse,2216,1016,2,Brandon Triche misses a layup.,missed,FALSE,FALSE,Layup Shot,26,6.25,513430,Brandon Triche,NA,0,Syracuse,Rutgers,12,NA,Brandon Triche,C.J. Fair,Michael Carter-Williams,Rakeem Christmas,DaJuan Coleman,Wally Judge,Dane Miller,Austin Johnson,Eli Carter,Myles Mack
2012-13,2013-01-02,1257632,80,0,1,Syracuse,Rutgers,Orange,Scarlet Knights,4,4,8,2,6,1586,Rutgers,2177,977,39,Myles Mack misses a jump shot from 11 feet out.,missed,FALSE,FALSE,Jump Shot,31.5,13.95,606314,Myles Mack,NA,0,Rutgers,Rutgers,13,NA,Brandon Triche,C.J. Fair,Michael Carter-Williams,Rakeem Christmas,DaJuan Coleman,Wally Judge,Dane Miller,Austin Johnson,Eli Carter,Myles Mack
2012-13,2013-01-02,1257632,85,0,1,Syracuse,Rutgers,Orange,Scarlet Knights,4,4,8,5,3,1586,Rutgers,2164,964,13,Eli Carter makes a 3-point jump shot from 24 feet out. Myles Mack with the assist.,made,FALSE,TRUE,Jump Shot,10.8,24.85,605971,Eli Carter,Myles Mack,0,Rutgers,Syracuse,13,NA,Brandon Triche,C.J. Fair,Michael Carter-Williams,Rakeem Christmas,DaJuan Coleman,Wally Judge,Dane Miller,Austin Johnson,Eli Carter,Myles Mack
2012-13,2013-01-02,1257632,86,0,1,Syracuse,Rutgers,Orange,Scarlet Knights,4,4,8,5,3,1633,Syracuse,2143,943,21,Rakeem Christmas misses a dunk.,missed,FALSE,FALSE,Dunk Shot,25,5.25,609792,Rakeem Christmas,NA,0,Syracuse,Syracuse,14,NA,Brandon Triche,C.J. Fair,Michael Carter-Williams,Rakeem Christmas,DaJuan Coleman,Wally Judge,Dane Miller,Austin Johnson,Eli Carter,Myles Mack
2012-13,2013-01-02,1257632,87,0,1,Syracuse,Rutgers,Orange,Scarlet Knights,4,4,8,5,3,1586,Rutgers,2143,943,0,Kadeem Jack with a defensive rebound.,NA,FALSE,FALSE,NA,NA,NA,NA,NA,NA,0,Syracuse,Rutgers,14,NA,Brandon Triche,C.J. Fair,Michael Carter-Williams,Rakeem Christmas,DaJuan Coleman,Wally Judge,Dane Miller,Austin Johnson,Eli Carter,Myles Mack
2012-13,2013-01-02,1257632,88,0,1,Syracuse,Rutgers,Orange,Scarlet Knights,4,4,8,7,1,1586,Rutgers,2136,936,7,Dane Miller makes a layup.,made,FALSE,FALSE,Layup Shot,26,6.25,511079,Dane Miller,NA,0,Rutgers,Syracuse,15,NA,Brandon Triche,C.J. Fair,Michael Carter-Williams,Rakeem Christmas,DaJuan Coleman,Wally Judge,Dane Miller,Austin Johnson,Eli Carter,Myles Mack
2012-13,2013-01-02,1257632,91,0,1,Syracuse,Rutgers,Orange,Scarlet Knights,4,4,8,7,1,1633,Syracuse,2111,911,25,C.J. Fair misses a layup.,missed,FALSE,FALSE,Layup Shot,25,5.25,552005,C.J. Fair,NA,0,Syracuse,Syracuse,16,NA,Brandon Triche,C.J. Fair,Michael Carter-Williams,Rakeem Christmas,DaJuan Coleman,Wally Judge,Dane Miller,Austin Johnson,Eli Carter,Myles Mack
2012-13,2013-01-02,1257632,92,0,1,Syracuse,Rutgers,Orange,Scarlet Knights,4,4,8,7,1,1586,Rutgers,2111,911,0,Eli Carter with a defensive rebound.,NA,FALSE,FALSE,NA,NA,NA,NA,NA,NA,0,Syracuse,Rutgers,16,NA,Brandon Triche,C.J. Fair,Michael Carter-Williams,Rakeem Christmas,DaJuan Coleman,Wally Judge,Dane Miller,Austin Johnson,Eli Carter,Myles Mack
2012-13,2013-01-02,1257632,93,0,1,Syracuse,Rutgers,Orange,Scarlet Knights,4,4,8,7,1,1586,Rutgers,2085,885,26,Myles Mack misses a 3-point jump shot from 25 feet out.,missed,FALSE,TRUE,Jump Shot,12.8,27.25,606314,Myles Mack,NA,0,Rutgers,Rutgers,17,NA,Brandon Triche,C.J. Fair,Michael Carter-Williams,Rakeem Christmas,DaJuan Coleman,Wally Judge,Dane Miller,Austin Johnson,Eli Carter,Myles Mack
2012-13,2013-01-02,1257632,94,0,1,Syracuse,Rutgers,Orange,Scarlet Knights,4,4,8,7,1,1586,Rutgers,2085,885,0,Wally Judge with an offensive rebound.,NA,FALSE,FALSE,NA,NA,NA,NA,NA,NA,0,Rutgers,Rutgers,17,NA,Brandon Triche,C.J. Fair,Michael Carter-Williams,Rakeem Christmas,DaJuan Coleman,Wally Judge,Dane Miller,Austin Johnson,Eli Carter,Myles Mack
2012-13,2013-01-02,1257632,95,0,1,Syracuse,Rutgers,Orange,Scarlet Knights,4,4,8,7,1,1586,Rutgers,2075,875,10,Dane Miller misses a 3-point jump shot from 23 feet out.,missed,FALSE,TRUE,Jump Shot,16.4,26.75,511079,Dane Miller,NA,0,Rutgers,Rutgers,17,NA,Brandon Triche,C.J. Fair,Michael Carter-Williams,Rakeem Christmas,DaJuan Coleman,Wally Judge,Dane Miller,Austin Johnson,Eli Carter,Myles Mack
2012-13,2013-01-02,1257632,96,0,1,Syracuse,Rutgers,Orange,Scarlet Knights,4,4,8,7,1,1633,Syracuse,2075,875,0,Rakeem Christmas with a defensive rebound.,NA,FALSE,FALSE,NA,NA,NA,NA,NA,NA,0,Rutgers,Syracuse,17,NA,Brandon Triche,C.J. Fair,Michael Carter-Williams,Rakeem Christmas,DaJuan Coleman,Wally Judge,Dane Miller,Austin Johnson,Eli Carter,Myles Mack
2012-13,2013-01-02,1257632,97,0,1,Syracuse,Rutgers,Orange,Scarlet Knights,4,4,11,7,4,1633,Syracuse,2068,868,7,Brandon Triche makes a 3-point jump shot from 22 feet out. Michael Carter-Williams with the assist.,made,FALSE,TRUE,Jump Shot,6.700000000000003,18.25,513430,Brandon Triche,Michael Carter-Williams,0,Syracuse,Rutgers,18,NA,Brandon Triche,C.J. Fair,Michael Carter-Williams,Rakeem Christmas,DaJuan Coleman,Wally Judge,Dane Miller,Austin Johnson,Eli Carter,Myles Mack
2012-13,2013-01-02,1257632,99,0,1,Syracuse,Rutgers,Orange,Scarlet Knights,4,4,11,7,4,NA,NA,2059,859,9,Official's timeout.,NA,FALSE,FALSE,NA,NA,NA,NA,NA,NA,0,NA,NA,NA,NA,Brandon Triche,C.J. Fair,Michael Carter-Williams,Rakeem Christmas,DaJuan Coleman,Wally Judge,Dane Miller,Austin Johnson,Eli Carter,Myles Mack
2012-13,2013-01-02,1257632,105,0,1,Syracuse,Rutgers,Orange,Scarlet Knights,4,4,11,7,4,1586,Rutgers,2046,846,13,Mike Poole misses a jump shot from 15 feet out.,missed,FALSE,FALSE,Jump Shot,13.9,15.55,552001,Mike Poole,NA,0,Rutgers,Rutgers,19,NA,Brandon Triche,C.J. Fair,Michael Carter-Williams,Rakeem Christmas,DaJuan Coleman,Wally Judge,Dane Miller,Austin Johnson,Eli Carter,Myles Mack
2012-13,2013-01-02,1257632,106,0,1,Syracuse,Rutgers,Orange,Scarlet Knights,4,4,11,7,4,1633,Syracuse,2046,846,0,Baye-Moussa Keita with a defensive rebound.,NA,FALSE,FALSE,NA,NA,NA,NA,NA,NA,0,Rutgers,Syracuse,19,NA,Brandon Triche,C.J. Fair,Michael Carter-Williams,Rakeem Christmas,DaJuan Coleman,Wally Judge,Dane Miller,Austin Johnson,Eli Carter,Myles Mack
2012-13,2013-01-02,1257632,107,0,1,Syracuse,Rutgers,Orange,Scarlet Knights,4,4,11,7,4,1633,Syracuse,2023,823,23,Michael Carter-Williams misses a layup.,missed,FALSE,FALSE,Layup Shot,25,5.25,609790,Michael Carter-Williams,NA,0,Syracuse,Syracuse,20,NA,Brandon Triche,C.J. Fair,Michael Carter-Williams,Rakeem Christmas,DaJuan Coleman,Wally Judge,Dane Miller,Austin Johnson,Eli Carter,Myles Mack
2012-13,2013-01-02,1257632,108,0,1,Syracuse,Rutgers,Orange,Scarlet Knights,4,4,11,7,4,1586,Rutgers,2023,823,0,Kadeem Jack with a defensive rebound.,NA,FALSE,FALSE,NA,NA,NA,NA,NA,NA,0,Syracuse,Rutgers,20,NA,Brandon Triche,C.J. Fair,Michael Carter-Williams,Rakeem Christmas,DaJuan Coleman,Wally Judge,Dane Miller,Austin Johnson,Eli Carter,Myles Mack
2012-13,2013-01-02,1257632,109,0,1,Syracuse,Rutgers,Orange,Scarlet Knights,4,4,11,10,1,1586,Rutgers,2015,815,8,Eli Carter makes a 3-point jump shot from 26 feet out.,made,FALSE,TRUE,Jump Shot,25.4,31.65,605971,Eli Carter,NA,0,Rutgers,Syracuse,21,NA,Brandon Triche,C.J. Fair,Michael Carter-Williams,Rakeem Christmas,DaJuan Coleman,Wally Judge,Dane Miller,Austin Johnson,Eli Carter,Myles Mack
2012-13,2013-01-02,1257632,112,0,1,Syracuse,Rutgers,Orange,Scarlet Knights,4,4,11,10,1,1633,Syracuse,1999,799,16,Derrick Randall blocks a Michael Carter-Williams layup.,missed,FALSE,FALSE,Layup Shot,25,5.25,609790,Michael Carter-Williams,NA,0,Syracuse,Syracuse,22,NA,Brandon Triche,C.J. Fair,Michael Carter-Williams,Rakeem Christmas,DaJuan Coleman,Wally Judge,Dane Miller,Austin Johnson,Eli Carter,Myles Mack
2012-13,2013-01-02,1257632,113,0,1,Syracuse,Rutgers,Orange,Scarlet Knights,4,4,11,10,1,1633,Syracuse,1999,799,0,Baye-Moussa Keita with an offensive rebound.,NA,FALSE,FALSE,NA,NA,NA,NA,NA,NA,0,Syracuse,Syracuse,22,NA,Brandon Triche,C.J. Fair,Michael Carter-Williams,Rakeem Christmas,DaJuan Coleman,Wally Judge,Dane Miller,Austin Johnson,Eli Carter,Myles Mack
2012-13,2013-01-02,1257632,117,0,1,Syracuse,Rutgers,Orange,Scarlet Knights,4,4,13,10,3,1633,Syracuse,1988,788,11,C.J. Fair makes a jump shot from 9 feet out.,made,FALSE,FALSE,Jump Shot,23.7,13.650000000000006,552005,C.J. Fair,NA,0,Syracuse,Rutgers,22,NA,Brandon Triche,C.J. Fair,Michael Carter-Williams,Rakeem Christmas,DaJuan Coleman,Wally Judge,Dane Miller,Austin Johnson,Eli Carter,Myles Mack
2012-13,2013-01-02,1257632,118,0,1,Syracuse,Rutgers,Orange,Scarlet Knights,4,4,13,10,3,1586,Rutgers,1972,772,16,James Southerland blocks a Kadeem Jack layup.,missed,FALSE,FALSE,Layup Shot,25,5.25,605972,Kadeem Jack,NA,0,Rutgers,Rutgers,23,NA,Brandon Triche,C.J. Fair,Michael Carter-Williams,Rakeem Christmas,DaJuan Coleman,Wally Judge,Dane Miller,Austin Johnson,Eli Carter,Myles Mack
2012-13,2013-01-02,1257632,119,0,1,Syracuse,Rutgers,Orange,Scarlet Knights,4,4,13,10,3,1633,Syracuse,1972,772,0,James Southerland with a defensive rebound.,NA,FALSE,FALSE,NA,NA,NA,NA,NA,NA,0,Rutgers,Syracuse,23,NA,Brandon Triche,C.J. Fair,Michael Carter-Williams,Rakeem Christmas,DaJuan Coleman,Wally Judge,Dane Miller,Austin Johnson,Eli Carter,Myles Mack
2012-13,2013-01-02,1257632,120,0,1,Syracuse,Rutgers,Orange,Scarlet Knights,4,4,13,10,3,1633,Syracuse,1960,760,12,James Southerland misses a 3-point jump shot from 26 feet out.,missed,FALSE,TRUE,Jump Shot,24.2,30.85,513429,James Southerland,NA,0,Syracuse,Syracuse,24,NA,Brandon Triche,C.J. Fair,Michael Carter-Williams,Rakeem Christmas,DaJuan Coleman,Wally Judge,Dane Miller,Austin Johnson,Eli Carter,Myles Mack
2012-13,2013-01-02,1257632,121,0,1,Syracuse,Rutgers,Orange,Scarlet Knights,4,4,13,10,3,1586,Rutgers,1960,760,0,Jerome Seagears with a defensive rebound.,NA,FALSE,FALSE,NA,NA,NA,NA,NA,NA,0,Syracuse,Rutgers,24,NA,Brandon Triche,C.J. Fair,Michael Carter-Williams,Rakeem Christmas,DaJuan Coleman,Wally Judge,Dane Miller,Austin Johnson,Eli Carter,Myles Mack
2012-13,2013-01-02,1257632,123,0,1,Syracuse,Rutgers,Orange,Scarlet Knights,4,4,13,13,0,1586,Rutgers,1947,747,13,Eli Carter makes a 3-point jump shot from 25 feet out. Mike Poole with the assist.,made,FALSE,TRUE,Jump Shot,18.5,28.95,605971,Eli Carter,Mike Poole,0,Rutgers,Syracuse,25,NA,Brandon Triche,C.J. Fair,Michael Carter-Williams,Rakeem Christmas,DaJuan Coleman,Wally Judge,Dane Miller,Austin Johnson,Eli Carter,Myles Mack
2012-13,2013-01-02,1257632,124,0,1,Syracuse,Rutgers,Orange,Scarlet Knights,4,4,16,13,3,1633,Syracuse,1925,725,22,Michael Carter-Williams makes a 3-point jump shot from 24 feet out. Brandon Triche with the assist.,made,FALSE,TRUE,Jump Shot,25.4,29.150000000000006,609790,Michael Carter-Williams,Brandon Triche,0,Syracuse,Rutgers,26,NA,Brandon Triche,C.J. Fair,Michael Carter-Williams,Rakeem Christmas,DaJuan Coleman,Wally Judge,Dane Miller,Austin Johnson,Eli Carter,Myles Mack
2012-13,2013-01-02,1257632,128,0,1,Syracuse,Rutgers,Orange,Scarlet Knights,4,4,16,13,3,NA,NA,1904,704,21,Official's timeout.,NA,FALSE,FALSE,NA,NA,NA,NA,NA,NA,0,NA,NA,NA,NA,Brandon Triche,C.J. Fair,Michael Carter-Williams,Rakeem Christmas,DaJuan Coleman,Wally Judge,Dane Miller,Austin Johnson,Eli Carter,Myles Mack
2012-13,2013-01-02,1257632,136,0,1,Syracuse,Rutgers,Orange,Scarlet Knights,4,4,16,16,0,1586,Rutgers,1892,692,12,Jerome Seagears makes a 3-point jump shot from 25 feet out. Eli Carter with the assist.,made,FALSE,TRUE,Jump Shot,7,23.25,606318,Jerome Seagears,Eli Carter,0,Rutgers,Syracuse,27,NA,Brandon Triche,C.J. Fair,Michael Carter-Williams,Rakeem Christmas,DaJuan Coleman,Wally Judge,Dane Miller,Austin Johnson,Eli Carter,Myles Mack
2012-13,2013-01-02,1257632,141,0,1,Syracuse,Rutgers,Orange,Scarlet Knights,4,4,16,16,0,1586,Rutgers,1875,675,17,Shooting foul committed by Derrick Randall.,NA,FALSE,FALSE,NA,NA,NA,NA,NA,NA,0,Syracuse,Syracuse,28,NA,Brandon Triche,C.J. Fair,Michael Carter-Williams,Rakeem Christmas,DaJuan Coleman,Wally Judge,Dane Miller,Austin Johnson,Eli Carter,Myles Mack
2012-13,2013-01-02,1257632,142,0,1,Syracuse,Rutgers,Orange,Scarlet Knights,4,4,17,16,1,1633,Syracuse,1875,675,0,C.J. Fair makes free throw 1 of 2.,made,TRUE,FALSE,NA,NA,NA,NA,NA,NA,0,Syracuse,Syracuse,28,NA,Brandon Triche,C.J. Fair,Michael Carter-Williams,Rakeem Christmas,DaJuan Coleman,Wally Judge,Dane Miller,Austin Johnson,Eli Carter,Myles Mack
2012-13,2013-01-02,1257632,143,0,1,Syracuse,Rutgers,Orange,Scarlet Knights,4,4,17,16,1,1586,Rutgers,1875,675,0,Substitution: Dane Miller in for Derrick Randall.,NA,FALSE,FALSE,NA,NA,NA,NA,NA,NA,1,NA,NA,NA,Sub already in game,Brandon Triche,C.J. Fair,Michael Carter-Williams,Rakeem Christmas,DaJuan Coleman,Wally Judge,Dane Miller,Austin Johnson,Eli Carter,Myles Mack
2012-13,2013-01-02,1257632,144,0,1,Syracuse,Rutgers,Orange,Scarlet Knights,4,4,18,16,2,1633,Syracuse,1875,675,0,C.J. Fair makes free throw 2 of 2.,made,TRUE,FALSE,NA,NA,NA,NA,NA,NA,0,Syracuse,Rutgers,28,NA,Brandon Triche,C.J. Fair,Michael Carter-Williams,Rakeem Christmas,DaJuan Coleman,Wally Judge,Dane Miller,Austin Johnson,Eli Carter,Myles Mack
2012-13,2013-01-02,1257632,145,0,1,Syracuse,Rutgers,Orange,Scarlet Knights,4,4,18,16,2,1633,Syracuse,1875,675,0,Substitution: Jerami Grant in for C.J. Fair.,NA,FALSE,FALSE,NA,NA,NA,NA,NA,NA,1,NA,NA,NA,NA,Brandon Triche,Jerami Grant,Michael Carter-Williams,Rakeem Christmas,DaJuan Coleman,Wally Judge,Dane Miller,Austin Johnson,Eli Carter,Myles Mack
2012-13,2013-01-02,1257632,148,0,1,Syracuse,Rutgers,Orange,Scarlet Knights,4,4,18,16,2,1586,Rutgers,1859,659,16,James Southerland steals the ball from Wally Judge.,NA,FALSE,FALSE,NA,NA,NA,NA,NA,NA,0,Rutgers,Syracuse,29,NA,Brandon Triche,Jerami Grant,Michael Carter-Williams,Rakeem Christmas,DaJuan Coleman,Wally Judge,Dane Miller,Austin Johnson,Eli Carter,Myles Mack
2012-13,2013-01-02,1257632,151,0,1,Syracuse,Rutgers,Orange,Scarlet Knights,4,4,18,16,2,1633,Syracuse,1845,645,14,Michael Carter-Williams with a turnover - Bad Pass,NA,FALSE,FALSE,NA,NA,NA,NA,NA,NA,0,Syracuse,Rutgers,30,NA,Brandon Triche,Jerami Grant,Michael Carter-Williams,Rakeem Christmas,DaJuan Coleman,Wally Judge,Dane Miller,Austin Johnson,Eli Carter,Myles Mack
2012-13,2013-01-02,1257632,152,0,1,Syracuse,Rutgers,Orange,Scarlet Knights,4,4,18,16,2,1633,Syracuse,1845,645,0,Substitution: Trevor Cooney in for Brandon Triche.,NA,FALSE,FALSE,NA,NA,NA,NA,NA,NA,1,NA,NA,NA,NA,Trevor Cooney,Jerami Grant,Michael Carter-Williams,Rakeem Christmas,DaJuan Coleman,Wally Judge,Dane Miller,Austin Johnson,Eli Carter,Myles Mack
2012-13,2013-01-02,1257632,158,0,1,Syracuse,Rutgers,Orange,Scarlet Knights,4,4,18,16,2,1586,Rutgers,1830,630,15,Mike Poole with a turnover - Bad Pass,NA,FALSE,FALSE,NA,NA,NA,NA,NA,NA,0,Rutgers,Syracuse,31,NA,Trevor Cooney,Jerami Grant,Michael Carter-Williams,Rakeem Christmas,DaJuan Coleman,Wally Judge,Dane Miller,Austin Johnson,Eli Carter,Myles Mack
2012-13,2013-01-02,1257632,159,0,1,Syracuse,Rutgers,Orange,Scarlet Knights,4,4,18,16,2,1586,Rutgers,1830,630,0,Substitution: Jerome Seagears in for Eli Carter.,NA,FALSE,FALSE,NA,NA,NA,NA,NA,NA,1,NA,NA,NA,NA,Trevor Cooney,Jerami Grant,Michael Carter-Williams,Rakeem Christmas,DaJuan Coleman,Wally Judge,Dane Miller,Austin Johnson,Jerome Seagears,Myles Mack
2012-13,2013-01-02,1257632,169,0,1,Syracuse,Rutgers,Orange,Scarlet Knights,4,4,18,16,2,1586,Rutgers,1819,619,11,Personal foul committed by Jerome Seagears.,NA,FALSE,FALSE,NA,NA,NA,NA,NA,NA,0,Syracuse,Syracuse,32,NA,Trevor Cooney,Jerami Grant,Michael Carter-Williams,Rakeem Christmas,DaJuan Coleman,Wally Judge,Dane Miller,Austin Johnson,Jerome Seagears,Myles Mack
2012-13,2013-01-02,1257632,173,0,1,Syracuse,Rutgers,Orange,Scarlet Knights,4,4,18,16,2,1633,Syracuse,1811,611,8,Michael Carter-Williams misses a 3-point jump shot from 24 feet out.,missed,FALSE,TRUE,Jump Shot,11.799999999999997,25.349999999999994,609790,Michael Carter-Williams,NA,0,Syracuse,Rutgers,32,NA,Trevor Cooney,Jerami Grant,Michael Carter-Williams,Rakeem Christmas,DaJuan Coleman,Wally Judge,Dane Miller,Austin Johnson,Jerome Seagears,Myles Mack
2012-13,2013-01-02,1257632,178,0,1,Syracuse,Rutgers,Orange,Scarlet Knights,4,4,18,16,2,1586,Rutgers,1780,580,31,Baye-Moussa Keita blocks a Wally Judge layup.,missed,FALSE,FALSE,Layup Shot,25,5.25,506105,Wally Judge,NA,0,Rutgers,Rutgers,33,NA,Trevor Cooney,Jerami Grant,Michael Carter-Williams,Rakeem Christmas,DaJuan Coleman,Wally Judge,Dane Miller,Austin Johnson,Jerome Seagears,Myles Mack
2012-13,2013-01-02,1257632,181,0,1,Syracuse,Rutgers,Orange,Scarlet Knights,4,4,18,18,0,1586,Rutgers,1776,576,4,Kadeem Jack makes a jump shot from 12 feet out. Dane Miller with the assist.,made,FALSE,FALSE,Jump Shot,32,15.25,605972,Kadeem Jack,Dane Miller,0,Rutgers,Syracuse,33,NA,Trevor Cooney,Jerami Grant,Michael Carter-Williams,Rakeem Christmas,DaJuan Coleman,Wally Judge,Dane Miller,Austin Johnson,Jerome Seagears,Myles Mack
2012-13,2013-01-02,1257632,183,0,1,Syracuse,Rutgers,Orange,Scarlet Knights,4,4,18,18,0,1633,Syracuse,1753,553,23,James Southerland misses a 3-point jump shot from 25 feet out.,missed,FALSE,TRUE,Jump Shot,19.1,29.450000000000003,513429,James Southerland,NA,0,Syracuse,Syracuse,34,NA,Trevor Cooney,Jerami Grant,Michael Carter-Williams,Rakeem Christmas,DaJuan Coleman,Wally Judge,Dane Miller,Austin Johnson,Jerome Seagears,Myles Mack
2012-13,2013-01-02,1257632,184,0,1,Syracuse,Rutgers,Orange,Scarlet Knights,4,4,18,18,0,1633,Syracuse,1753,553,0,James Southerland with an offensive rebound.,NA,FALSE,FALSE,NA,NA,NA,NA,NA,NA,0,Syracuse,Syracuse,34,NA,Trevor Cooney,Jerami Grant,Michael Carter-Williams,Rakeem Christmas,DaJuan Coleman,Wally Judge,Dane Miller,Austin Johnson,Jerome Seagears,Myles Mack
2012-13,2013-01-02,1257632,185,0,1,Syracuse,Rutgers,Orange,Scarlet Knights,4,4,18,18,0,1633,Syracuse,1753,553,0,James Southerland misses a layup.,missed,FALSE,FALSE,Layup Shot,25,5.25,513429,James Southerland,NA,0,Syracuse,Syracuse,34,NA,Trevor Cooney,Jerami Grant,Michael Carter-Williams,Rakeem Christmas,DaJuan Coleman,Wally Judge,Dane Miller,Austin Johnson,Jerome Seagears,Myles Mack
2012-13,2013-01-02,1257632,186,0,1,Syracuse,Rutgers,Orange,Scarlet Knights,4,4,18,18,0,1586,Rutgers,1753,553,0,Kadeem Jack with a defensive rebound.,NA,FALSE,FALSE,NA,NA,NA,NA,NA,NA,0,Syracuse,Rutgers,34,NA,Trevor Cooney,Jerami Grant,Michael Carter-Williams,Rakeem Christmas,DaJuan Coleman,Wally Judge,Dane Miller,Austin Johnson,Jerome Seagears,Myles Mack
2012-13,2013-01-02,1257632,187,0,1,Syracuse,Rutgers,Orange,Scarlet Knights,4,4,18,18,0,1633,Syracuse,1753,553,0,Personal foul committed by Jerami Grant.,NA,FALSE,FALSE,NA,NA,NA,NA,NA,NA,0,Rutgers,Rutgers,35,NA,Trevor Cooney,Jerami Grant,Michael Carter-Williams,Rakeem Christmas,DaJuan Coleman,Wally Judge,Dane Miller,Austin Johnson,Jerome Seagears,Myles Mack
2012-13,2013-01-02,1257632,192,0,1,Syracuse,Rutgers,Orange,Scarlet Knights,4,4,18,18,0,1586,Rutgers,1737,537,16,James Southerland steals the ball from Dane Miller.,NA,FALSE,FALSE,NA,NA,NA,NA,NA,NA,0,Rutgers,Syracuse,35,NA,Trevor Cooney,Jerami Grant,Michael Carter-Williams,Rakeem Christmas,DaJuan Coleman,Wally Judge,Dane Miller,Austin Johnson,Jerome Seagears,Myles Mack
2012-13,2013-01-02,1257632,195,0,1,Syracuse,Rutgers,Orange,Scarlet Knights,4,4,18,18,0,1633,Syracuse,1729,529,8,James Southerland misses a 3-point jump shot from 24 feet out.,missed,FALSE,TRUE,Jump Shot,39.5,24.849999999999994,513429,James Southerland,NA,0,Syracuse,Syracuse,36,NA,Trevor Cooney,Jerami Grant,Michael Carter-Williams,Rakeem Christmas,DaJuan Coleman,Wally Judge,Dane Miller,Austin Johnson,Jerome Seagears,Myles Mack
2012-13,2013-01-02,1257632,196,0,1,Syracuse,Rutgers,Orange,Scarlet Knights,4,4,18,18,0,1633,Syracuse,1729,529,0,Jerami Grant with an offensive rebound.,NA,FALSE,FALSE,NA,NA,NA,NA,NA,NA,0,Syracuse,Syracuse,36,NA,Trevor Cooney,Jerami Grant,Michael Carter-Williams,Rakeem Christmas,DaJuan Coleman,Wally Judge,Dane Miller,Austin Johnson,Jerome Seagears,Myles Mack
2012-13,2013-01-02,1257632,205,0,1,Syracuse,Rutgers,Orange,Scarlet Knights,4,4,18,18,0,1633,Syracuse,1713,513,16,Michael Carter-Williams misses a 3-point jump shot from 23 feet out.,missed,FALSE,TRUE,Jump Shot,2.299999999999997,5.150000000000006,609790,Michael Carter-Williams,NA,0,Syracuse,Syracuse,36,NA,Trevor Cooney,Jerami Grant,Michael Carter-Williams,Rakeem Christmas,DaJuan Coleman,Wally Judge,Dane Miller,Austin Johnson,Jerome Seagears,Myles Mack
2012-13,2013-01-02,1257632,206,0,1,Syracuse,Rutgers,Orange,Scarlet Knights,4,4,18,18,0,1586,Rutgers,1713,513,0,Kadeem Jack with a defensive rebound.,NA,FALSE,FALSE,NA,NA,NA,NA,NA,NA,0,Syracuse,Rutgers,36,NA,Trevor Cooney,Jerami Grant,Michael Carter-Williams,Rakeem Christmas,DaJuan Coleman,Wally Judge,Dane Miller,Austin Johnson,Jerome Seagears,Myles Mack
2012-13,2013-01-02,1257632,207,0,1,Syracuse,Rutgers,Orange,Scarlet Knights,4,4,18,18,0,1586,Rutgers,1690,490,23,Brandon Triche steals the ball from Dane Miller.,NA,FALSE,FALSE,NA,NA,NA,NA,NA,NA,0,Rutgers,Syracuse,37,NA,Trevor Cooney,Jerami Grant,Michael Carter-Williams,Rakeem Christmas,DaJuan Coleman,Wally Judge,Dane Miller,Austin Johnson,Jerome Seagears,Myles Mack
2012-13,2013-01-02,1257632,208,0,1,Syracuse,Rutgers,Orange,Scarlet Knights,4,4,18,18,0,1633,Syracuse,1678,478,12,Dane Miller blocks a Michael Carter-Williams layup.,missed,FALSE,FALSE,Layup Shot,25,5.25,609790,Michael Carter-Williams,NA,0,Syracuse,Syracuse,38,NA,Trevor Cooney,Jerami Grant,Michael Carter-Williams,Rakeem Christmas,DaJuan Coleman,Wally Judge,Dane Miller,Austin Johnson,Jerome Seagears,Myles Mack
2012-13,2013-01-02,1257632,209,0,1,Syracuse,Rutgers,Orange,Scarlet Knights,4,4,18,18,0,1586,Rutgers,1678,478,0,Kadeem Jack with a defensive rebound.,NA,FALSE,FALSE,NA,NA,NA,NA,NA,NA,0,Syracuse,Rutgers,38,NA,Trevor Cooney,Jerami Grant,Michael Carter-Williams,Rakeem Christmas,DaJuan Coleman,Wally Judge,Dane Miller,Austin Johnson,Jerome Seagears,Myles Mack
2012-13,2013-01-02,1257632,210,0,1,Syracuse,Rutgers,Orange,Scarlet Knights,4,4,18,20,-2,1586,Rutgers,1666,466,12,Eli Carter makes a jump shot from 14 feet out.,made,FALSE,FALSE,Jump Shot,30.2,17.95,605971,Eli Carter,NA,0,Rutgers,Syracuse,39,NA,Trevor Cooney,Jerami Grant,Michael Carter-Williams,Rakeem Christmas,DaJuan Coleman,Wally Judge,Dane Miller,Austin Johnson,Jerome Seagears,Myles Mack
2012-13,2013-01-02,1257632,212,0,1,Syracuse,Rutgers,Orange,Scarlet Knights,4,4,18,20,-2,1633,Syracuse,1661,461,5,Brandon Triche misses a 3-point jump shot from 25 feet out.,missed,FALSE,TRUE,Jump Shot,40.2,24.549999999999997,513430,Brandon Triche,NA,0,Syracuse,Syracuse,40,NA,Trevor Cooney,Jerami Grant,Michael Carter-Williams,Rakeem Christmas,DaJuan Coleman,Wally Judge,Dane Miller,Austin Johnson,Jerome Seagears,Myles Mack
2012-13,2013-01-02,1257632,213,0,1,Syracuse,Rutgers,Orange,Scarlet Knights,4,4,18,20,-2,1586,Rutgers,1661,461,0,Kadeem Jack with a defensive rebound.,NA,FALSE,FALSE,NA,NA,NA,NA,NA,NA,0,Syracuse,Rutgers,40,NA,Trevor Cooney,Jerami Grant,Michael Carter-Williams,Rakeem Christmas,DaJuan Coleman,Wally Judge,Dane Miller,Austin Johnson,Jerome Seagears,Myles Mack
2012-13,2013-01-02,1257632,214.5,0,1,Syracuse,Rutgers,Orange,Scarlet Knights,4,4,18,20,-2,1586,Rutgers,1658,458,3,Wally Judge with a turnover - Bad Pass,NA,FALSE,FALSE,NA,NA,NA,NA,NA,NA,0,Rutgers,Syracuse,41,NA,Trevor Cooney,Jerami Grant,Michael Carter-Williams,Rakeem Christmas,DaJuan Coleman,Wally Judge,Dane Miller,Austin Johnson,Jerome Seagears,Myles Mack
2012-13,2013-01-02,1257632,216,0,1,Syracuse,Rutgers,Orange,Scarlet Knights,4,4,18,20,-2,NA,NA,1658,458,0,Official's timeout.,NA,FALSE,FALSE,NA,NA,NA,NA,NA,NA,0,NA,NA,NA,NA,Trevor Cooney,Jerami Grant,Michael Carter-Williams,Rakeem Christmas,DaJuan Coleman,Wally Judge,Dane Miller,Austin Johnson,Jerome Seagears,Myles Mack
2012-13,2013-01-02,1257632,223,0,1,Syracuse,Rutgers,Orange,Scarlet Knights,4,4,18,20,-2,1633,Syracuse,1645,445,13,Substitution: Brandon Triche in for Jerami Grant.,NA,FALSE,FALSE,NA,NA,NA,NA,NA,NA,1,NA,NA,NA,NA,Trevor Cooney,Brandon Triche,Michael Carter-Williams,Rakeem Christmas,DaJuan Coleman,Wally Judge,Dane Miller,Austin Johnson,Jerome Seagears,Myles Mack
2012-13,2013-01-02,1257632,232,0,1,Syracuse,Rutgers,Orange,Scarlet Knights,4,4,18,20,-2,1633,Syracuse,1635,435,10,Brandon Triche with a turnover - Bad Pass,NA,FALSE,FALSE,NA,NA,NA,NA,NA,NA,0,Syracuse,Rutgers,42,NA,Trevor Cooney,Brandon Triche,Michael Carter-Williams,Rakeem Christmas,DaJuan Coleman,Wally Judge,Dane Miller,Austin Johnson,Jerome Seagears,Myles Mack
2012-13,2013-01-02,1257632,235,0,1,Syracuse,Rutgers,Orange,Scarlet Knights,4,4,18,20,-2,1586,Rutgers,1618,418,17,C.J. Fair blocks a Dane Miller dunk.,missed,FALSE,FALSE,Dunk Shot,26,6.25,511079,Dane Miller,NA,0,Rutgers,Rutgers,43,NA,Trevor Cooney,Brandon Triche,Michael Carter-Williams,Rakeem Christmas,DaJuan Coleman,Wally Judge,Dane Miller,Austin Johnson,Jerome Seagears,Myles Mack
2012-13,2013-01-02,1257632,236,0,1,Syracuse,Rutgers,Orange,Scarlet Knights,4,4,18,20,-2,1633,Syracuse,1618,418,0,James Southerland with a defensive rebound.,NA,FALSE,FALSE,NA,NA,NA,NA,NA,NA,0,Rutgers,Syracuse,43,NA,Trevor Cooney,Brandon Triche,Michael Carter-Williams,Rakeem Christmas,DaJuan Coleman,Wally Judge,Dane Miller,Austin Johnson,Jerome Seagears,Myles Mack
2012-13,2013-01-02,1257632,245,0,1,Syracuse,Rutgers,Orange,Scarlet Knights,4,4,18,20,-2,1633,Syracuse,1603,403,15,C.J. Fair misses a hook shot from 8 feet out.,missed,FALSE,FALSE,Hook Shot,25.4,13.450000000000003,552005,C.J. Fair,NA,0,Syracuse,Syracuse,44,NA,Trevor Cooney,Brandon Triche,Michael Carter-Williams,Rakeem Christmas,DaJuan Coleman,Wally Judge,Dane Miller,Austin Johnson,Jerome Seagears,Myles Mack
2012-13,2013-01-02,1257632,246,0,1,Syracuse,Rutgers,Orange,Scarlet Knights,4,4,18,20,-2,1633,Syracuse,1603,403,0,C.J. Fair with an offensive rebound.,NA,FALSE,FALSE,NA,NA,NA,NA,NA,NA,0,Syracuse,Syracuse,44,NA,Trevor Cooney,Brandon Triche,Michael Carter-Williams,Rakeem Christmas,DaJuan Coleman,Wally Judge,Dane Miller,Austin Johnson,Jerome Seagears,Myles Mack
2012-13,2013-01-02,1257632,247,0,1,Syracuse,Rutgers,Orange,Scarlet Knights,4,4,20,20,0,1633,Syracuse,1597,397,6,C.J. Fair makes a layup.,made,FALSE,FALSE,Layup Shot,26,6.25,552005,C.J. Fair,NA,0,Syracuse,Rutgers,44,NA,Trevor Cooney,Brandon Triche,Michael Carter-Williams,Rakeem Christmas,DaJuan Coleman,Wally Judge,Dane Miller,Austin Johnson,Jerome Seagears,Myles Mack
2012-13,2013-01-02,1257632,250,0,1,Syracuse,Rutgers,Orange,Scarlet Knights,4,4,20,20,0,1586,Rutgers,1577,377,20,Rakeem Christmas blocks a Dane Miller layup.,missed,FALSE,FALSE,Layup Shot,26,6.25,511079,Dane Miller,NA,0,Rutgers,Syracuse,45,NA,Trevor Cooney,Brandon Triche,Michael Carter-Williams,Rakeem Christmas,DaJuan Coleman,Wally Judge,Dane Miller,Austin Johnson,Jerome Seagears,Myles Mack
2012-13,2013-01-02,1257632,252,0,1,Syracuse,Rutgers,Orange,Scarlet Knights,4,4,20,20,0,1586,Rutgers,1577,377,0,Personal foul committed by Eli Carter.,NA,FALSE,FALSE,NA,NA,NA,NA,NA,NA,0,Syracuse,Syracuse,46,NA,Trevor Cooney,Brandon Triche,Michael Carter-Williams,Rakeem Christmas,DaJuan Coleman,Wally Judge,Dane Miller,Austin Johnson,Jerome Seagears,Myles Mack
2012-13,2013-01-02,1257632,258,0,1,Syracuse,Rutgers,Orange,Scarlet Knights,4,4,22,20,2,1633,Syracuse,1564,364,13,James Southerland makes a layup. Michael Carter-Williams with the assist.,made,FALSE,FALSE,Layup Shot,25,5.25,513429,James Southerland,Michael Carter-Williams,0,Syracuse,Rutgers,46,NA,Trevor Cooney,Brandon Triche,Michael Carter-Williams,Rakeem Christmas,DaJuan Coleman,Wally Judge,Dane Miller,Austin Johnson,Jerome Seagears,Myles Mack
2012-13,2013-01-02,1257632,266,0,1,Syracuse,Rutgers,Orange,Scarlet Knights,4,4,22,20,2,1586,Rutgers,1533,333,31,Dane Miller misses a 3-point jump shot from 25 feet out.,missed,FALSE,TRUE,Jump Shot,36,27.25,511079,Dane Miller,NA,0,Rutgers,Rutgers,47,NA,Trevor Cooney,Brandon Triche,Michael Carter-Williams,Rakeem Christmas,DaJuan Coleman,Wally Judge,Dane Miller,Austin Johnson,Jerome Seagears,Myles Mack
2012-13,2013-01-02,1257632,267,0,1,Syracuse,Rutgers,Orange,Scarlet Knights,4,4,22,20,2,1586,Rutgers,1533,333,0,Kadeem Jack with an offensive rebound.,NA,FALSE,FALSE,NA,NA,NA,NA,NA,NA,0,Rutgers,Rutgers,47,NA,Trevor Cooney,Brandon Triche,Michael Carter-Williams,Rakeem Christmas,DaJuan Coleman,Wally Judge,Dane Miller,Austin Johnson,Jerome Seagears,Myles Mack
2012-13,2013-01-02,1257632,269,0,1,Syracuse,Rutgers,Orange,Scarlet Knights,4,4,22,20,2,1586,Rutgers,1521,321,12,Jerome Seagears misses a jump shot from 8 feet out.,missed,FALSE,FALSE,Jump Shot,22.2,13.15,606318,Jerome Seagears,NA,0,Rutgers,Rutgers,47,NA,Trevor Cooney,Brandon Triche,Michael Carter-Williams,Rakeem Christmas,DaJuan Coleman,Wally Judge,Dane Miller,Austin Johnson,Jerome Seagears,Myles Mack
2012-13,2013-01-02,1257632,270,0,1,Syracuse,Rutgers,Orange,Scarlet Knights,4,4,22,20,2,1633,Syracuse,1521,321,0,Rakeem Christmas with a defensive rebound.,NA,FALSE,FALSE,NA,NA,NA,NA,NA,NA,0,Rutgers,Syracuse,47,NA,Trevor Cooney,Brandon Triche,Michael Carter-Williams,Rakeem Christmas,DaJuan Coleman,Wally Judge,Dane Miller,Austin Johnson,Jerome Seagears,Myles Mack
2012-13,2013-01-02,1257632,272,0,1,Syracuse,Rutgers,Orange,Scarlet Knights,4,4,22,20,2,1586,Rutgers,1516,316,5,Personal foul committed by Dane Miller.,NA,FALSE,FALSE,NA,NA,NA,NA,NA,NA,0,Syracuse,Syracuse,48,NA,Trevor Cooney,Brandon Triche,Michael Carter-Williams,Rakeem Christmas,DaJuan Coleman,Wally Judge,Dane Miller,Austin Johnson,Jerome Seagears,Myles Mack
2012-13,2013-01-02,1257632,275,0,1,Syracuse,Rutgers,Orange,Scarlet Knights,4,4,22,20,2,1633,Syracuse,1516,316,0,Substitution: C.J. Fair in for Trevor Cooney.,NA,FALSE,FALSE,NA,NA,NA,NA,NA,NA,1,NA,NA,NA,NA,C.J. Fair,Brandon Triche,Michael Carter-Williams,Rakeem Christmas,DaJuan Coleman,Wally Judge,Dane Miller,Austin Johnson,Jerome Seagears,Myles Mack
2012-13,2013-01-02,1257632,276,0,1,Syracuse,Rutgers,Orange,Scarlet Knights,4,4,23,20,3,1633,Syracuse,1516,316,0,C.J. Fair makes free throw 1 of 2.,made,TRUE,FALSE,NA,NA,NA,NA,NA,NA,0,Syracuse,Syracuse,48,NA,C.J. Fair,Brandon Triche,Michael Carter-Williams,Rakeem Christmas,DaJuan Coleman,Wally Judge,Dane Miller,Austin Johnson,Jerome Seagears,Myles Mack
2012-13,2013-01-02,1257632,277,0,1,Syracuse,Rutgers,Orange,Scarlet Knights,4,4,24,20,4,1633,Syracuse,1516,316,0,C.J. Fair makes free throw 2 of 2.,made,TRUE,FALSE,NA,NA,NA,NA,NA,NA,0,Syracuse,Rutgers,48,NA,C.J. Fair,Brandon Triche,Michael Carter-Williams,Rakeem Christmas,DaJuan Coleman,Wally Judge,Dane Miller,Austin Johnson,Jerome Seagears,Myles Mack
2012-13,2013-01-02,1257632,281,0,1,Syracuse,Rutgers,Orange,Scarlet Knights,4,4,24,20,4,1586,Rutgers,1488,288,28,Mike Poole misses a jump shot from 11 feet out.,missed,FALSE,FALSE,Jump Shot,14,5.45,552001,Mike Poole,NA,0,Rutgers,Rutgers,49,NA,C.J. Fair,Brandon Triche,Michael Carter-Williams,Rakeem Christmas,DaJuan Coleman,Wally Judge,Dane Miller,Austin Johnson,Jerome Seagears,Myles Mack
2012-13,2013-01-02,1257632,285,0,1,Syracuse,Rutgers,Orange,Scarlet Knights,4,4,24,20,4,1586,Rutgers,1470,270,18,Mike Poole misses a jump shot from 10 feet out.,missed,FALSE,FALSE,Jump Shot,25.3,15.35,552001,Mike Poole,NA,0,Rutgers,Syracuse,49,NA,C.J. Fair,Brandon Triche,Michael Carter-Williams,Rakeem Christmas,DaJuan Coleman,Wally Judge,Dane Miller,Austin Johnson,Jerome Seagears,Myles Mack
2012-13,2013-01-02,1257632,292,0,1,Syracuse,Rutgers,Orange,Scarlet Knights,4,4,24,20,4,1586,Rutgers,1461,261,9,Personal foul committed by Myles Mack.,NA,FALSE,FALSE,NA,NA,NA,NA,NA,NA,0,Syracuse,Syracuse,50,NA,C.J. Fair,Brandon Triche,Michael Carter-Williams,Rakeem Christmas,DaJuan Coleman,Wally Judge,Dane Miller,Austin Johnson,Jerome Seagears,Myles Mack
2012-13,2013-01-02,1257632,295,0,1,Syracuse,Rutgers,Orange,Scarlet Knights,4,4,26,20,6,1633,Syracuse,1456,256,5,Michael Carter-Williams makes a layup. Brandon Triche with the assist.,made,FALSE,FALSE,Layup Shot,26,6.25,609790,Michael Carter-Williams,Brandon Triche,0,Syracuse,Rutgers,50,NA,C.J. Fair,Brandon Triche,Michael Carter-Williams,Rakeem Christmas,DaJuan Coleman,Wally Judge,Dane Miller,Austin Johnson,Jerome Seagears,Myles Mack
2012-13,2013-01-02,1257632,296,0,1,Syracuse,Rutgers,Orange,Scarlet Knights,4,3,26,20,6,1586,Rutgers,1456,256,0,Scarlet Knights take a 30-second timeout.,NA,FALSE,FALSE,NA,NA,NA,NA,NA,NA,0,NA,NA,NA,NA,C.J. Fair,Brandon Triche,Michael Carter-Williams,Rakeem Christmas,DaJuan Coleman,Wally Judge,Dane Miller,Austin Johnson,Jerome Seagears,Myles Mack
2012-13,2013-01-02,1257632,297,0,1,Syracuse,Rutgers,Orange,Scarlet Knights,4,3,26,20,6,1586,Rutgers,1456,256,0,Substitution: Eli Carter in for Dane Miller.,NA,FALSE,FALSE,NA,NA,NA,NA,NA,NA,1,NA,NA,NA,NA,C.J. Fair,Brandon Triche,Michael Carter-Williams,Rakeem Christmas,DaJuan Coleman,Wally Judge,Eli Carter,Austin Johnson,Jerome Seagears,Myles Mack
2012-13,2013-01-02,1257632,298,0,1,Syracuse,Rutgers,Orange,Scarlet Knights,4,3,26,20,6,1586,Rutgers,1456,256,0,Substitution: Malick Kone in for Mike Poole.,NA,FALSE,FALSE,NA,NA,NA,NA,NA,NA,1,NA,NA,NA,Player leaving not previously in game,C.J. Fair,Brandon Triche,Michael Carter-Williams,Rakeem Christmas,DaJuan Coleman,Wally Judge,Eli Carter,Austin Johnson,Jerome Seagears,Myles Mack
2012-13,2013-01-02,1257632,302.5,0,1,Syracuse,Rutgers,Orange,Scarlet Knights,4,3,26,20,6,1586,Rutgers,1434,234,22,Rakeem Christmas blocks a Jerome Seagears layup.,missed,FALSE,FALSE,Layup Shot,26,6.25,606318,Jerome Seagears,NA,0,Rutgers,Rutgers,51,NA,C.J. Fair,Brandon Triche,Michael Carter-Williams,Rakeem Christmas,DaJuan Coleman,Wally Judge,Eli Carter,Austin Johnson,Jerome Seagears,Myles Mack
2012-13,2013-01-02,1257632,302.75,0,1,Syracuse,Rutgers,Orange,Scarlet Knights,4,3,26,20,6,1633,Syracuse,1434,234,0,Michael Carter-Williams with a defensive rebound.,NA,FALSE,FALSE,NA,NA,NA,NA,NA,NA,0,Rutgers,Syracuse,51,NA,C.J. Fair,Brandon Triche,Michael Carter-Williams,Rakeem Christmas,DaJuan Coleman,Wally Judge,Eli Carter,Austin Johnson,Jerome Seagears,Myles Mack
2012-13,2013-01-02,1257632,303,0,1,Syracuse,Rutgers,Orange,Scarlet Knights,4,3,28,20,8,1633,Syracuse,1429,229,5,Michael Carter-Williams makes a layup.,made,FALSE,FALSE,Layup Shot,26,6.25,609790,Michael Carter-Williams,NA,0,Syracuse,Rutgers,52,NA,C.J. Fair,Brandon Triche,Michael Carter-Williams,Rakeem Christmas,DaJuan Coleman,Wally Judge,Eli Carter,Austin Johnson,Jerome Seagears,Myles Mack
2012-13,2013-01-02,1257632,308,0,1,Syracuse,Rutgers,Orange,Scarlet Knights,4,3,28,20,8,1586,Rutgers,1390,190,39,C.J. Fair blocks a Kadeem Jack hook shot from 7 feet out.,missed,FALSE,FALSE,Hook Shot,25,12.25,605972,Kadeem Jack,NA,0,Rutgers,Rutgers,53,NA,C.J. Fair,Brandon Triche,Michael Carter-Williams,Rakeem Christmas,DaJuan Coleman,Wally Judge,Eli Carter,Austin Johnson,Jerome Seagears,Myles Mack
2012-13,2013-01-02,1257632,309,0,1,Syracuse,Rutgers,Orange,Scarlet Knights,4,3,28,20,8,1633,Syracuse,1390,190,0,James Southerland with a defensive rebound.,NA,FALSE,FALSE,NA,NA,NA,NA,NA,NA,0,Rutgers,Syracuse,53,NA,C.J. Fair,Brandon Triche,Michael Carter-Williams,Rakeem Christmas,DaJuan Coleman,Wally Judge,Eli Carter,Austin Johnson,Jerome Seagears,Myles Mack
2012-13,2013-01-02,1257632,310,0,1,Syracuse,Rutgers,Orange,Scarlet Knights,4,3,30,20,10,1633,Syracuse,1390,190,0,Brandon Triche makes a layup.,made,FALSE,FALSE,Layup Shot,25,5.25,513430,Brandon Triche,NA,0,Syracuse,Rutgers,54,NA,C.J. Fair,Brandon Triche,Michael Carter-Williams,Rakeem Christmas,DaJuan Coleman,Wally Judge,Eli Carter,Austin Johnson,Jerome Seagears,Myles Mack
2012-13,2013-01-02,1257632,311,0,1,Syracuse,Rutgers,Orange,Scarlet Knights,4,2,30,20,10,1586,Rutgers,1390,190,0,Scarlet Knights take a 30-second timeout.,NA,FALSE,FALSE,NA,NA,NA,NA,NA,NA,0,NA,NA,NA,NA,C.J. Fair,Brandon Triche,Michael Carter-Williams,Rakeem Christmas,DaJuan Coleman,Wally Judge,Eli Carter,Austin Johnson,Jerome Seagears,Myles Mack
2012-13,2013-01-02,1257632,313,0,1,Syracuse,Rutgers,Orange,Scarlet Knights,4,2,30,20,10,1586,Rutgers,1373,173,17,Kadeem Jack misses a jump shot from 16 feet out.,missed,FALSE,FALSE,Jump Shot,15.9,17.95,605972,Kadeem Jack,NA,0,Rutgers,Rutgers,55,NA,C.J. Fair,Brandon Triche,Michael Carter-Williams,Rakeem Christmas,DaJuan Coleman,Wally Judge,Eli Carter,Austin Johnson,Jerome Seagears,Myles Mack
2012-13,2013-01-02,1257632,314,0,1,Syracuse,Rutgers,Orange,Scarlet Knights,4,2,30,20,10,1633,Syracuse,1373,173,0,C.J. Fair with a defensive rebound.,NA,FALSE,FALSE,NA,NA,NA,NA,NA,NA,0,Rutgers,Syracuse,55,NA,C.J. Fair,Brandon Triche,Michael Carter-Williams,Rakeem Christmas,DaJuan Coleman,Wally Judge,Eli Carter,Austin Johnson,Jerome Seagears,Myles Mack
2012-13,2013-01-02,1257632,315,0,1,Syracuse,Rutgers,Orange,Scarlet Knights,4,2,32,20,12,1633,Syracuse,1363,163,10,Rakeem Christmas makes a hook shot from 8 feet out. James Southerland with the assist.,made,FALSE,FALSE,Hook Shot,31.9,8.849999999999994,609792,Rakeem Christmas,James Southerland,0,Syracuse,Rutgers,56,NA,C.J. Fair,Brandon Triche,Michael Carter-Williams,Rakeem Christmas,DaJuan Coleman,Wally Judge,Eli Carter,Austin Johnson,Jerome Seagears,Myles Mack
2012-13,2013-01-02,1257632,316,0,1,Syracuse,Rutgers,Orange,Scarlet Knights,4,2,32,20,12,1586,Rutgers,1347,147,16,Eli Carter misses a 3-point jump shot from 24 feet out.,missed,FALSE,TRUE,Jump Shot,31.5,28.65,605971,Eli Carter,NA,0,Rutgers,Rutgers,57,NA,C.J. Fair,Brandon Triche,Michael Carter-Williams,Rakeem Christmas,DaJuan Coleman,Wally Judge,Eli Carter,Austin Johnson,Jerome Seagears,Myles Mack
2012-13,2013-01-02,1257632,317,0,1,Syracuse,Rutgers,Orange,Scarlet Knights,4,2,32,20,12,1633,Syracuse,1347,147,0,Brandon Triche with a defensive rebound.,NA,FALSE,FALSE,NA,NA,NA,NA,NA,NA,0,Rutgers,Syracuse,57,NA,C.J. Fair,Brandon Triche,Michael Carter-Williams,Rakeem Christmas,DaJuan Coleman,Wally Judge,Eli Carter,Austin Johnson,Jerome Seagears,Myles Mack
2012-13,2013-01-02,1257632,318,0,1,Syracuse,Rutgers,Orange,Scarlet Knights,4,2,35,20,15,1633,Syracuse,1336,136,11,James Southerland makes a 3-point jump shot from 25 feet out. Brandon Triche with the assist.,made,FALSE,TRUE,Jump Shot,42.8,22.549999999999997,513429,James Southerland,Brandon Triche,0,Syracuse,Rutgers,58,NA,C.J. Fair,Brandon Triche,Michael Carter-Williams,Rakeem Christmas,DaJuan Coleman,Wally Judge,Eli Carter,Austin Johnson,Jerome Seagears,Myles Mack
2012-13,2013-01-02,1257632,319,0,1,Syracuse,Rutgers,Orange,Scarlet Knights,4,2,35,20,15,1586,Rutgers,1322,122,14,Michael Carter-Williams steals the ball from Kadeem Jack.,NA,FALSE,FALSE,NA,NA,NA,NA,NA,NA,0,Rutgers,Syracuse,59,NA,C.J. Fair,Brandon Triche,Michael Carter-Williams,Rakeem Christmas,DaJuan Coleman,Wally Judge,Eli Carter,Austin Johnson,Jerome Seagears,Myles Mack
2012-13,2013-01-02,1257632,322,0,1,Syracuse,Rutgers,Orange,Scarlet Knights,4,2,35,20,15,1586,Rutgers,1317,117,5,Shooting foul committed by Kadeem Jack.,NA,FALSE,FALSE,NA,NA,NA,NA,NA,NA,0,Syracuse,Syracuse,60,NA,C.J. Fair,Brandon Triche,Michael Carter-Williams,Rakeem Christmas,DaJuan Coleman,Wally Judge,Eli Carter,Austin Johnson,Jerome Seagears,Myles Mack
2012-13,2013-01-02,1257632,323,0,1,Syracuse,Rutgers,Orange,Scarlet Knights,4,2,35,20,15,NA,NA,1317,117,0,Official's timeout.,NA,FALSE,FALSE,NA,NA,NA,NA,NA,NA,0,NA,NA,NA,NA,C.J. Fair,Brandon Triche,Michael Carter-Williams,Rakeem Christmas,DaJuan Coleman,Wally Judge,Eli Carter,Austin Johnson,Jerome Seagears,Myles Mack
2012-13,2013-01-02,1257632,327,0,1,Syracuse,Rutgers,Orange,Scarlet Knights,4,2,36,20,16,1633,Syracuse,1317,117,0,C.J. Fair makes free throw 1 of 2.,made,TRUE,FALSE,NA,NA,NA,NA,NA,NA,0,Syracuse,Syracuse,60,NA,C.J. Fair,Brandon Triche,Michael Carter-Williams,Rakeem Christmas,DaJuan Coleman,Wally Judge,Eli Carter,Austin Johnson,Jerome Seagears,Myles Mack
2012-13,2013-01-02,1257632,328,0,1,Syracuse,Rutgers,Orange,Scarlet Knights,4,2,36,20,16,1586,Rutgers,1317,117,0,Substitution: Derrick Randall in for Malick Kone.,NA,FALSE,FALSE,NA,NA,NA,NA,NA,NA,1,NA,NA,NA,Player leaving not previously in game,C.J. Fair,Brandon Triche,Michael Carter-Williams,Rakeem Christmas,DaJuan Coleman,Wally Judge,Eli Carter,Austin Johnson,Jerome Seagears,Myles Mack
2012-13,2013-01-02,1257632,329,0,1,Syracuse,Rutgers,Orange,Scarlet Knights,4,2,37,20,17,1633,Syracuse,1317,117,0,C.J. Fair makes free throw 2 of 2.,made,TRUE,FALSE,NA,NA,NA,NA,NA,NA,0,Syracuse,Rutgers,60,NA,C.J. Fair,Brandon Triche,Michael Carter-Williams,Rakeem Christmas,DaJuan Coleman,Wally Judge,Eli Carter,Austin Johnson,Jerome Seagears,Myles Mack
2012-13,2013-01-02,1257632,333,0,1,Syracuse,Rutgers,Orange,Scarlet Knights,4,2,37,20,17,1586,Rutgers,1291,91,26,Eli Carter misses a jump shot from 9 feet out.,missed,FALSE,FALSE,Jump Shot,25.4,14.15,605971,Eli Carter,NA,0,Rutgers,Rutgers,61,NA,C.J. Fair,Brandon Triche,Michael Carter-Williams,Rakeem Christmas,DaJuan Coleman,Wally Judge,Eli Carter,Austin Johnson,Jerome Seagears,Myles Mack
2012-13,2013-01-02,1257632,334,0,1,Syracuse,Rutgers,Orange,Scarlet Knights,4,2,37,20,17,1633,Syracuse,1291,91,0,C.J. Fair with a defensive rebound.,NA,FALSE,FALSE,NA,NA,NA,NA,NA,NA,0,Rutgers,Syracuse,61,NA,C.J. Fair,Brandon Triche,Michael Carter-Williams,Rakeem Christmas,DaJuan Coleman,Wally Judge,Eli Carter,Austin Johnson,Jerome Seagears,Myles Mack
2012-13,2013-01-02,1257632,335,0,1,Syracuse,Rutgers,Orange,Scarlet Knights,4,2,39,20,19,1633,Syracuse,1267,67,24,James Southerland makes a layup. Brandon Triche with the assist.,made,FALSE,FALSE,Layup Shot,26,6.25,513429,James Southerland,Brandon Triche,0,Syracuse,Rutgers,62,NA,C.J. Fair,Brandon Triche,Michael Carter-Williams,Rakeem Christmas,DaJuan Coleman,Wally Judge,Eli Carter,Austin Johnson,Jerome Seagears,Myles Mack
2012-13,2013-01-02,1257632,337,0,1,Syracuse,Rutgers,Orange,Scarlet Knights,4,2,39,20,19,1586,Rutgers,1238,38,29,Jerome Seagears with a turnover - Bad Pass,NA,FALSE,FALSE,NA,NA,NA,NA,NA,NA,0,Rutgers,Syracuse,63,NA,C.J. Fair,Brandon Triche,Michael Carter-Williams,Rakeem Christmas,DaJuan Coleman,Wally Judge,Eli Carter,Austin Johnson,Jerome Seagears,Myles Mack
2012-13,2013-01-02,1257632,341,0,1,Syracuse,Rutgers,Orange,Scarlet Knights,4,2,39,20,19,1633,Syracuse,1207,7,31,Rakeem Christmas with a turnover - Bad Pass,NA,FALSE,FALSE,NA,NA,NA,NA,NA,NA,0,Syracuse,Rutgers,64,NA,C.J. Fair,Brandon Triche,Michael Carter-Williams,Rakeem Christmas,DaJuan Coleman,Wally Judge,Eli Carter,Austin Johnson,Jerome Seagears,Myles Mack
2012-13,2013-01-02,1257632,344,0,1,Syracuse,Rutgers,Orange,Scarlet Knights,4,2,39,20,19,1633,Syracuse,1205,5,2,Personal foul committed by Michael Carter-Williams.,NA,FALSE,FALSE,NA,NA,NA,NA,NA,NA,0,Rutgers,Rutgers,65,NA,C.J. Fair,Brandon Triche,Michael Carter-Williams,Rakeem Christmas,DaJuan Coleman,Wally Judge,Eli Carter,Austin Johnson,Jerome Seagears,Myles Mack
2012-13,2013-01-02,1257632,347,0,1,Syracuse,Rutgers,Orange,Scarlet Knights,4,2,39,20,19,1633,Syracuse,1203,3,2,Personal foul committed by Trevor Cooney.,NA,FALSE,FALSE,NA,NA,NA,NA,NA,NA,0,Rutgers,Rutgers,65,NA,C.J. Fair,Brandon Triche,Michael Carter-Williams,Rakeem Christmas,DaJuan Coleman,Wally Judge,Eli Carter,Austin Johnson,Jerome Seagears,Myles Mack
2012-13,2013-01-02,1257632,351,0,1,Syracuse,Rutgers,Orange,Scarlet Knights,4,2,39,20,19,1633,Syracuse,1202,2,1,Personal foul committed by Trevor Cooney.,NA,FALSE,FALSE,NA,NA,NA,NA,NA,NA,0,Rutgers,Rutgers,65,NA,C.J. Fair,Brandon Triche,Michael Carter-Williams,Rakeem Christmas,DaJuan Coleman,Wally Judge,Eli Carter,Austin Johnson,Jerome Seagears,Myles Mack
2012-13,2013-01-02,1257632,353,0,1,Syracuse,Rutgers,Orange,Scarlet Knights,4,2,39,20,19,1586,Rutgers,1200,0,2,Eli Carter misses a 3-point jump shot from 26 feet out.,missed,FALSE,TRUE,Jump Shot,26,31.25,605971,Eli Carter,NA,0,Rutgers,Syracuse,65,NA,C.J. Fair,Brandon Triche,Michael Carter-Williams,Rakeem Christmas,DaJuan Coleman,Wally Judge,Eli Carter,Austin Johnson,Jerome Seagears,Myles Mack
2012-13,2013-01-02,1257632,355,0,1,Syracuse,Rutgers,Orange,Scarlet Knights,4,2,39,20,19,NA,NA,1200,0,0,End of the 1st Half,NA,FALSE,FALSE,NA,NA,NA,NA,NA,NA,0,NA,NA,NA,NA,C.J. Fair,Brandon Triche,Michael Carter-Williams,Rakeem Christmas,DaJuan Coleman,Wally Judge,Eli Carter,Austin Johnson,Jerome Seagears,Myles Mack
2012-13,2013-01-02,1257632,362,0,2,Syracuse,Rutgers,Orange,Scarlet Knights,4,4,39,20,19,NA,NA,1200,1200,0,Start of the 2nd Half,NA,FALSE,FALSE,NA,NA,NA,NA,NA,NA,0,NA,Syracuse,66,NA,C.J. Fair,Brandon Triche,Michael Carter-Williams,Rakeem Christmas,DaJuan Coleman,Wally Judge,Eli Carter,Austin Johnson,Jerome Seagears,Myles Mack
2012-13,2013-01-02,1257632,365,0,2,Syracuse,Rutgers,Orange,Scarlet Knights,4,4,42,20,22,1633,Syracuse,1178,1178,22,Michael Carter-Williams makes a 3-point jump shot from 24 feet out. C.J. Fair with the assist.,made,FALSE,TRUE,Jump Shot,12,25.349999999999994,609790,Michael Carter-Williams,Fair,0,Syracuse,Rutgers,67,NA,C.J. Fair,Brandon Triche,Michael Carter-Williams,Rakeem Christmas,DaJuan Coleman,Wally Judge,Eli Carter,Austin Johnson,Jerome Seagears,Myles Mack
2012-13,2013-01-02,1257632,369,0,2,Syracuse,Rutgers,Orange,Scarlet Knights,4,4,42,20,22,1586,Rutgers,1151,1151,27,Myles Mack misses a 3-point jump shot from 25 feet out.,missed,FALSE,TRUE,Jump Shot,9.3,25.25,606314,Myles Mack,NA,0,Rutgers,Rutgers,68,NA,C.J. Fair,Brandon Triche,Michael Carter-Williams,Rakeem Christmas,DaJuan Coleman,Wally Judge,Eli Carter,Austin Johnson,Jerome Seagears,Myles Mack
2012-13,2013-01-02,1257632,370,0,2,Syracuse,Rutgers,Orange,Scarlet Knights,4,4,42,20,22,1586,Rutgers,1151,1151,0,Austin Johnson with an offensive rebound.,NA,FALSE,FALSE,NA,NA,NA,NA,NA,NA,0,Rutgers,Rutgers,68,NA,C.J. Fair,Brandon Triche,Michael Carter-Williams,Rakeem Christmas,DaJuan Coleman,Wally Judge,Eli Carter,Austin Johnson,Jerome Seagears,Myles Mack
2012-13,2013-01-02,1257632,371,0,2,Syracuse,Rutgers,Orange,Scarlet Knights,4,4,42,20,22,1633,Syracuse,1151,1151,0,Personal foul committed by DaJuan Coleman.,NA,FALSE,FALSE,NA,NA,NA,NA,NA,NA,0,Rutgers,Rutgers,68,NA,C.J. Fair,Brandon Triche,Michael Carter-Williams,Rakeem Christmas,DaJuan Coleman,Wally Judge,Eli Carter,Austin Johnson,Jerome Seagears,Myles Mack
2012-13,2013-01-02,1257632,373,0,2,Syracuse,Rutgers,Orange,Scarlet Knights,4,4,42,22,20,1586,Rutgers,1144,1144,7,Wally Judge makes a layup. Dane Miller with the assist.,made,FALSE,FALSE,Layup Shot,25,5.25,506105,Wally Judge,Dane Miller,0,Rutgers,Syracuse,68,NA,C.J. Fair,Brandon Triche,Michael Carter-Williams,Rakeem Christmas,DaJuan Coleman,Wally Judge,Eli Carter,Austin Johnson,Jerome Seagears,Myles Mack
2012-13,2013-01-02,1257632,374,0,2,Syracuse,Rutgers,Orange,Scarlet Knights,4,4,44,22,22,1633,Syracuse,1131,1131,13,DaJuan Coleman makes a layup. Michael Carter-Williams with the assist.,made,FALSE,FALSE,Layup Shot,26,6.25,699825,DaJuan Coleman,Michael Carter-Williams,0,Syracuse,Rutgers,69,NA,C.J. Fair,Brandon Triche,Michael Carter-Williams,Rakeem Christmas,DaJuan Coleman,Wally Judge,Eli Carter,Austin Johnson,Jerome Seagears,Myles Mack
2012-13,2013-01-02,1257632,375,0,2,Syracuse,Rutgers,Orange,Scarlet Knights,4,4,44,22,22,1586,Rutgers,1105,1105,26,Dane Miller misses a 3-point jump shot from 25 feet out.,missed,FALSE,TRUE,Jump Shot,35.6,27.75,511079,Dane Miller,NA,0,Rutgers,Rutgers,70,NA,C.J. Fair,Brandon Triche,Michael Carter-Williams,Rakeem Christmas,DaJuan Coleman,Wally Judge,Eli Carter,Austin Johnson,Jerome Seagears,Myles Mack
2012-13,2013-01-02,1257632,376,0,2,Syracuse,Rutgers,Orange,Scarlet Knights,4,4,44,22,22,1633,Syracuse,1105,1105,0,Rakeem Christmas with a defensive rebound.,NA,FALSE,FALSE,NA,NA,NA,NA,NA,NA,0,Rutgers,Syracuse,70,NA,C.J. Fair,Brandon Triche,Michael Carter-Williams,Rakeem Christmas,DaJuan Coleman,Wally Judge,Eli Carter,Austin Johnson,Jerome Seagears,Myles Mack
2012-13,2013-01-02,1257632,378,0,2,Syracuse,Rutgers,Orange,Scarlet Knights,4,4,44,22,22,1633,Syracuse,1085,1085,20,C.J. Fair misses a jump shot from 18 feet out.,missed,FALSE,FALSE,Jump Shot,25.1,22.849999999999994,552005,C.J. Fair,NA,0,Syracuse,Syracuse,71,NA,C.J. Fair,Brandon Triche,Michael Carter-Williams,Rakeem Christmas,DaJuan Coleman,Wally Judge,Eli Carter,Austin Johnson,Jerome Seagears,Myles Mack
2012-13,2013-01-02,1257632,379,0,2,Syracuse,Rutgers,Orange,Scarlet Knights,4,4,44,22,22,1633,Syracuse,1085,1085,0,DaJuan Coleman with an offensive rebound.,NA,FALSE,FALSE,NA,NA,NA,NA,NA,NA,0,Syracuse,Syracuse,71,NA,C.J. Fair,Brandon Triche,Michael Carter-Williams,Rakeem Christmas,DaJuan Coleman,Wally Judge,Eli Carter,Austin Johnson,Jerome Seagears,Myles Mack
2012-13,2013-01-02,1257632,381,0,2,Syracuse,Rutgers,Orange,Scarlet Knights,4,4,44,22,22,1586,Rutgers,1084,1084,1,Shooting foul committed by Wally Judge.,NA,FALSE,FALSE,NA,NA,NA,NA,NA,NA,0,Syracuse,Syracuse,71,NA,C.J. Fair,Brandon Triche,Michael Carter-Williams,Rakeem Christmas,DaJuan Coleman,Wally Judge,Eli Carter,Austin Johnson,Jerome Seagears,Myles Mack
2012-13,2013-01-02,1257632,382,0,2,Syracuse,Rutgers,Orange,Scarlet Knights,4,4,44,22,22,1633,Syracuse,1084,1084,0,DaJuan Coleman misses free throw 1 of 2.,missed,TRUE,FALSE,NA,NA,NA,NA,NA,NA,0,Syracuse,Syracuse,71,NA,C.J. Fair,Brandon Triche,Michael Carter-Williams,Rakeem Christmas,DaJuan Coleman,Wally Judge,Eli Carter,Austin Johnson,Jerome Seagears,Myles Mack
2012-13,2013-01-02,1257632,384,0,2,Syracuse,Rutgers,Orange,Scarlet Knights,4,4,45,22,23,1633,Syracuse,1084,1084,0,DaJuan Coleman makes free throw 2 of 2.,made,TRUE,FALSE,NA,NA,NA,NA,NA,NA,0,Syracuse,Rutgers,71,NA,C.J. Fair,Brandon Triche,Michael Carter-Williams,Rakeem Christmas,DaJuan Coleman,Wally Judge,Eli Carter,Austin Johnson,Jerome Seagears,Myles Mack
2012-13,2013-01-02,1257632,386,0,2,Syracuse,Rutgers,Orange,Scarlet Knights,4,4,45,25,20,1586,Rutgers,1066,1066,18,Eli Carter makes a 3-point jump shot from 25 feet out. Myles Mack with the assist.,made,FALSE,TRUE,Jump Shot,39.7,25.35,605971,Eli Carter,Myles Mack,0,Rutgers,Syracuse,72,NA,C.J. Fair,Brandon Triche,Michael Carter-Williams,Rakeem Christmas,DaJuan Coleman,Wally Judge,Eli Carter,Austin Johnson,Jerome Seagears,Myles Mack
2012-13,2013-01-02,1257632,387,0,2,Syracuse,Rutgers,Orange,Scarlet Knights,4,4,47,25,22,1633,Syracuse,1049,1049,17,C.J. Fair makes a jump shot from 14 feet out. Michael Carter-Williams with the assist.,made,FALSE,FALSE,Jump Shot,11.5,5.349999999999994,552005,C.J. Fair,Michael Carter-Williams,0,Syracuse,Rutgers,73,NA,C.J. Fair,Brandon Triche,Michael Carter-Williams,Rakeem Christmas,DaJuan Coleman,Wally Judge,Eli Carter,Austin Johnson,Jerome Seagears,Myles Mack
2012-13,2013-01-02,1257632,388,0,2,Syracuse,Rutgers,Orange,Scarlet Knights,4,4,47,27,20,1586,Rutgers,1037,1037,12,Austin Johnson makes a layup. Myles Mack with the assist.,made,FALSE,FALSE,Layup Shot,25,5.25,511080,Austin Johnson,Myles Mack,0,Rutgers,Syracuse,74,NA,C.J. Fair,Brandon Triche,Michael Carter-Williams,Rakeem Christmas,DaJuan Coleman,Wally Judge,Eli Carter,Austin Johnson,Jerome Seagears,Myles Mack
2012-13,2013-01-02,1257632,391,0,2,Syracuse,Rutgers,Orange,Scarlet Knights,4,4,49,27,22,1633,Syracuse,1023,1023,14,Brandon Triche makes a jump shot from 9 feet out.,made,FALSE,FALSE,Jump Shot,25.1,13.950000000000003,513430,Brandon Triche,NA,0,Syracuse,Syracuse,75,NA,C.J. Fair,Brandon Triche,Michael Carter-Williams,Rakeem Christmas,DaJuan Coleman,Wally Judge,Eli Carter,Austin Johnson,Jerome Seagears,Myles Mack
2012-13,2013-01-02,1257632,392,0,2,Syracuse,Rutgers,Orange,Scarlet Knights,4,4,49,27,22,1586,Rutgers,1023,1023,0,Shooting foul committed by Myles Mack.,NA,FALSE,FALSE,NA,NA,NA,NA,NA,NA,0,Syracuse,Syracuse,75,NA,C.J. Fair,Brandon Triche,Michael Carter-Williams,Rakeem Christmas,DaJuan Coleman,Wally Judge,Eli Carter,Austin Johnson,Jerome Seagears,Myles Mack
2012-13,2013-01-02,1257632,393,0,2,Syracuse,Rutgers,Orange,Scarlet Knights,4,4,50,27,23,1633,Syracuse,1023,1023,0,Brandon Triche makes free throw 1 of 1.,made,TRUE,FALSE,NA,NA,NA,NA,NA,NA,0,Syracuse,Rutgers,75,NA,C.J. Fair,Brandon Triche,Michael Carter-Williams,Rakeem Christmas,DaJuan Coleman,Wally Judge,Eli Carter,Austin Johnson,Jerome Seagears,Myles Mack
2012-13,2013-01-02,1257632,395,0,2,Syracuse,Rutgers,Orange,Scarlet Knights,4,4,50,29,21,1586,Rutgers,1011,1011,12,Eli Carter makes a layup. Wally Judge with the assist.,made,FALSE,FALSE,Layup Shot,26,6.25,605971,Eli Carter,Wally Judge,0,Rutgers,Syracuse,76,NA,C.J. Fair,Brandon Triche,Michael Carter-Williams,Rakeem Christmas,DaJuan Coleman,Wally Judge,Eli Carter,Austin Johnson,Jerome Seagears,Myles Mack
2012-13,2013-01-02,1257632,397,0,2,Syracuse,Rutgers,Orange,Scarlet Knights,4,4,52,29,23,1633,Syracuse,993,993,18,Rakeem Christmas dunks. Brandon Triche with the assist.,made,FALSE,FALSE,Dunk Shot,25,5.25,609792,Rakeem Christmas,Brandon Triche,0,Syracuse,Rutgers,77,NA,C.J. Fair,Brandon Triche,Michael Carter-Williams,Rakeem Christmas,DaJuan Coleman,Wally Judge,Eli Carter,Austin Johnson,Jerome Seagears,Myles Mack
2012-13,2013-01-02,1257632,399,0,2,Syracuse,Rutgers,Orange,Scarlet Knights,4,3,52,29,23,1586,Rutgers,990,990,3,Scarlet Knights take a full timeout.,NA,FALSE,FALSE,NA,NA,NA,NA,NA,NA,0,NA,NA,NA,NA,C.J. Fair,Brandon Triche,Michael Carter-Williams,Rakeem Christmas,DaJuan Coleman,Wally Judge,Eli Carter,Austin Johnson,Jerome Seagears,Myles Mack
2012-13,2013-01-02,1257632,400,0,2,Syracuse,Rutgers,Orange,Scarlet Knights,4,3,52,29,23,1586,Rutgers,990,990,0,Substitution: Kadeem Jack in for Austin Johnson.,NA,FALSE,FALSE,NA,NA,NA,NA,NA,NA,1,NA,NA,NA,NA,C.J. Fair,Brandon Triche,Michael Carter-Williams,Rakeem Christmas,DaJuan Coleman,Wally Judge,Eli Carter,Kadeem Jack,Jerome Seagears,Myles Mack
2012-13,2013-01-02,1257632,401,0,2,Syracuse,Rutgers,Orange,Scarlet Knights,4,3,52,29,23,1633,Syracuse,990,990,0,Substitution: James Southerland in for DaJuan Coleman.,NA,FALSE,FALSE,NA,NA,NA,NA,NA,NA,1,NA,NA,NA,NA,C.J. Fair,Brandon Triche,Michael Carter-Williams,Rakeem Christmas,James Southerland,Wally Judge,Eli Carter,Kadeem Jack,Jerome Seagears,Myles Mack
2012-13,2013-01-02,1257632,408,0,2,Syracuse,Rutgers,Orange,Scarlet Knights,4,3,52,31,21,1586,Rutgers,969,969,21,Wally Judge makes a layup.,made,FALSE,FALSE,Layup Shot,26,6.25,506105,Wally Judge,NA,0,Rutgers,Syracuse,78,NA,C.J. Fair,Brandon Triche,Michael Carter-Williams,Rakeem Christmas,James Southerland,Wally Judge,Eli Carter,Kadeem Jack,Jerome Seagears,Myles Mack
2012-13,2013-01-02,1257632,409,0,2,Syracuse,Rutgers,Orange,Scarlet Knights,4,3,52,31,21,1633,Syracuse,943,943,26,James Southerland misses a jump shot from 13 feet out.,missed,FALSE,FALSE,Jump Shot,11.799999999999997,3.950000000000003,513429,James Southerland,NA,0,Syracuse,Syracuse,79,NA,C.J. Fair,Brandon Triche,Michael Carter-Williams,Rakeem Christmas,James Southerland,Wally Judge,Eli Carter,Kadeem Jack,Jerome Seagears,Myles Mack
2012-13,2013-01-02,1257632,410,0,2,Syracuse,Rutgers,Orange,Scarlet Knights,4,3,52,31,21,1586,Rutgers,943,943,0,Kadeem Jack with a defensive rebound.,NA,FALSE,FALSE,NA,NA,NA,NA,NA,NA,0,Syracuse,Rutgers,79,NA,C.J. Fair,Brandon Triche,Michael Carter-Williams,Rakeem Christmas,James Southerland,Wally Judge,Eli Carter,Kadeem Jack,Jerome Seagears,Myles Mack
2012-13,2013-01-02,1257632,411,0,2,Syracuse,Rutgers,Orange,Scarlet Knights,4,3,52,31,21,1586,Rutgers,928,928,15,Wally Judge misses a layup.,missed,FALSE,FALSE,Layup Shot,25,5.25,506105,Wally Judge,NA,0,Rutgers,Rutgers,80,NA,C.J. Fair,Brandon Triche,Michael Carter-Williams,Rakeem Christmas,James Southerland,Wally Judge,Eli Carter,Kadeem Jack,Jerome Seagears,Myles Mack
2012-13,2013-01-02,1257632,412,0,2,Syracuse,Rutgers,Orange,Scarlet Knights,4,3,52,31,21,1586,Rutgers,928,928,0,Dane Miller with an offensive rebound.,NA,FALSE,FALSE,NA,NA,NA,NA,NA,NA,0,Rutgers,Rutgers,80,NA,C.J. Fair,Brandon Triche,Michael Carter-Williams,Rakeem Christmas,James Southerland,Wally Judge,Eli Carter,Kadeem Jack,Jerome Seagears,Myles Mack
2012-13,2013-01-02,1257632,413,0,2,Syracuse,Rutgers,Orange,Scarlet Knights,4,3,52,31,21,1586,Rutgers,921,921,7,Dane Miller misses a layup.,missed,FALSE,FALSE,Layup Shot,25,5.25,511079,Dane Miller,NA,0,Rutgers,Rutgers,80,NA,C.J. Fair,Brandon Triche,Michael Carter-Williams,Rakeem Christmas,James Southerland,Wally Judge,Eli Carter,Kadeem Jack,Jerome Seagears,Myles Mack
2012-13,2013-01-02,1257632,414,0,2,Syracuse,Rutgers,Orange,Scarlet Knights,4,3,52,31,21,1633,Syracuse,921,921,0,Brandon Triche with a defensive rebound.,NA,FALSE,FALSE,NA,NA,NA,NA,NA,NA,0,Rutgers,Syracuse,80,NA,C.J. Fair,Brandon Triche,Michael Carter-Williams,Rakeem Christmas,James Southerland,Wally Judge,Eli Carter,Kadeem Jack,Jerome Seagears,Myles Mack
2012-13,2013-01-02,1257632,415,0,2,Syracuse,Rutgers,Orange,Scarlet Knights,4,3,54,31,23,1633,Syracuse,915,915,6,James Southerland dunks. Brandon Triche with the assist.,made,FALSE,FALSE,Dunk Shot,26,6.25,513429,James Southerland,Brandon Triche,0,Syracuse,Rutgers,81,NA,C.J. Fair,Brandon Triche,Michael Carter-Williams,Rakeem Christmas,James Southerland,Wally Judge,Eli Carter,Kadeem Jack,Jerome Seagears,Myles Mack
2012-13,2013-01-02,1257632,429,0,2,Syracuse,Rutgers,Orange,Scarlet Knights,4,3,54,31,23,1586,Rutgers,892,892,23,Brandon Triche steals the ball from Kadeem Jack.,NA,FALSE,FALSE,NA,NA,NA,NA,NA,NA,0,Rutgers,Syracuse,82,NA,C.J. Fair,Brandon Triche,Michael Carter-Williams,Rakeem Christmas,James Southerland,Wally Judge,Eli Carter,Kadeem Jack,Jerome Seagears,Myles Mack
2012-13,2013-01-02,1257632,434,0,2,Syracuse,Rutgers,Orange,Scarlet Knights,4,3,54,31,23,1633,Syracuse,888,888,4,James Southerland misses a 3-point jump shot from 26 feet out.,missed,FALSE,TRUE,Jump Shot,41.4,25.25,513429,James Southerland,NA,0,Syracuse,Syracuse,83,NA,C.J. Fair,Brandon Triche,Michael Carter-Williams,Rakeem Christmas,James Southerland,Wally Judge,Eli Carter,Kadeem Jack,Jerome Seagears,Myles Mack
2012-13,2013-01-02,1257632,435,0,2,Syracuse,Rutgers,Orange,Scarlet Knights,4,3,54,31,23,1586,Rutgers,888,888,0,Wally Judge with a defensive rebound.,NA,FALSE,FALSE,NA,NA,NA,NA,NA,NA,0,Syracuse,Rutgers,83,NA,C.J. Fair,Brandon Triche,Michael Carter-Williams,Rakeem Christmas,James Southerland,Wally Judge,Eli Carter,Kadeem Jack,Jerome Seagears,Myles Mack
2012-13,2013-01-02,1257632,439,0,2,Syracuse,Rutgers,Orange,Scarlet Knights,4,3,54,31,23,1633,Syracuse,885,885,3,Personal foul committed by Michael Carter-Williams.,NA,FALSE,FALSE,NA,NA,NA,NA,NA,NA,0,Rutgers,Rutgers,84,NA,C.J. Fair,Brandon Triche,Michael Carter-Williams,Rakeem Christmas,James Southerland,Wally Judge,Eli Carter,Kadeem Jack,Jerome Seagears,Myles Mack
2012-13,2013-01-02,1257632,440,0,2,Syracuse,Rutgers,Orange,Scarlet Knights,4,3,54,31,23,NA,NA,885,885,0,Official's timeout.,NA,FALSE,FALSE,NA,NA,NA,NA,NA,NA,0,NA,NA,NA,NA,C.J. Fair,Brandon Triche,Michael Carter-Williams,Rakeem Christmas,James Southerland,Wally Judge,Eli Carter,Kadeem Jack,Jerome Seagears,Myles Mack
2012-13,2013-01-02,1257632,441,0,2,Syracuse,Rutgers,Orange,Scarlet Knights,4,3,54,31,23,1586,Rutgers,885,885,0,Substitution: Mike Poole in for Dane Miller.,NA,FALSE,FALSE,NA,NA,NA,NA,NA,NA,1,NA,NA,NA,Player leaving not previously in game,C.J. Fair,Brandon Triche,Michael Carter-Williams,Rakeem Christmas,James Southerland,Wally Judge,Eli Carter,Kadeem Jack,Jerome Seagears,Myles Mack
2012-13,2013-01-02,1257632,442,0,2,Syracuse,Rutgers,Orange,Scarlet Knights,4,3,54,31,23,1586,Rutgers,885,885,0,Substitution: Derrick Randall in for Wally Judge.,NA,FALSE,FALSE,NA,NA,NA,NA,NA,NA,1,NA,NA,NA,NA,C.J. Fair,Brandon Triche,Michael Carter-Williams,Rakeem Christmas,James Southerland,Derrick Randall,Eli Carter,Kadeem Jack,Jerome Seagears,Myles Mack
2012-13,2013-01-02,1257632,455,0,2,Syracuse,Rutgers,Orange,Scarlet Knights,4,3,54,31,23,1633,Syracuse,865,865,20,Shooting foul committed by Rakeem Christmas.,NA,FALSE,FALSE,NA,NA,NA,NA,NA,NA,0,Rutgers,Rutgers,84,NA,C.J. Fair,Brandon Triche,Michael Carter-Williams,Rakeem Christmas,James Southerland,Derrick Randall,Eli Carter,Kadeem Jack,Jerome Seagears,Myles Mack
2012-13,2013-01-02,1257632,456,0,2,Syracuse,Rutgers,Orange,Scarlet Knights,4,3,54,32,22,1586,Rutgers,865,865,0,Jerome Seagears makes free throw 1 of 2.,made,TRUE,FALSE,NA,NA,NA,NA,NA,NA,0,Rutgers,Rutgers,84,NA,C.J. Fair,Brandon Triche,Michael Carter-Williams,Rakeem Christmas,James Southerland,Derrick Randall,Eli Carter,Kadeem Jack,Jerome Seagears,Myles Mack
2012-13,2013-01-02,1257632,457,0,2,Syracuse,Rutgers,Orange,Scarlet Knights,4,3,54,33,21,1586,Rutgers,865,865,0,Jerome Seagears makes free throw 2 of 2.,made,TRUE,FALSE,NA,NA,NA,NA,NA,NA,0,Rutgers,Syracuse,84,NA,C.J. Fair,Brandon Triche,Michael Carter-Williams,Rakeem Christmas,James Southerland,Derrick Randall,Eli Carter,Kadeem Jack,Jerome Seagears,Myles Mack
2012-13,2013-01-02,1257632,459,0,2,Syracuse,Rutgers,Orange,Scarlet Knights,4,3,54,33,21,1633,Syracuse,848,848,17,Rakeem Christmas misses a hook shot from 7 feet out.,missed,FALSE,FALSE,Hook Shot,23.9,12.450000000000003,609792,Rakeem Christmas,NA,0,Syracuse,Syracuse,85,NA,C.J. Fair,Brandon Triche,Michael Carter-Williams,Rakeem Christmas,James Southerland,Derrick Randall,Eli Carter,Kadeem Jack,Jerome Seagears,Myles Mack
2012-13,2013-01-02,1257632,460,0,2,Syracuse,Rutgers,Orange,Scarlet Knights,4,3,54,33,21,1586,Rutgers,848,848,0,Kadeem Jack with a defensive rebound.,NA,FALSE,FALSE,NA,NA,NA,NA,NA,NA,0,Syracuse,Rutgers,85,NA,C.J. Fair,Brandon Triche,Michael Carter-Williams,Rakeem Christmas,James Southerland,Derrick Randall,Eli Carter,Kadeem Jack,Jerome Seagears,Myles Mack
2012-13,2013-01-02,1257632,461,0,2,Syracuse,Rutgers,Orange,Scarlet Knights,4,3,54,33,21,1586,Rutgers,839,839,9,Eli Carter misses a 3-point jump shot from 25 feet out.,missed,FALSE,TRUE,Jump Shot,9.4,25.25,605971,Eli Carter,NA,0,Rutgers,Rutgers,86,NA,C.J. Fair,Brandon Triche,Michael Carter-Williams,Rakeem Christmas,James Southerland,Derrick Randall,Eli Carter,Kadeem Jack,Jerome Seagears,Myles Mack
2012-13,2013-01-02,1257632,462,0,2,Syracuse,Rutgers,Orange,Scarlet Knights,4,3,54,33,21,1633,Syracuse,839,839,0,Brandon Triche with a defensive rebound.,NA,FALSE,FALSE,NA,NA,NA,NA,NA,NA,0,Rutgers,Syracuse,86,NA,C.J. Fair,Brandon Triche,Michael Carter-Williams,Rakeem Christmas,James Southerland,Derrick Randall,Eli Carter,Kadeem Jack,Jerome Seagears,Myles Mack
2012-13,2013-01-02,1257632,463,0,2,Syracuse,Rutgers,Orange,Scarlet Knights,4,3,54,33,21,1633,Syracuse,829,829,10,C.J. Fair misses a 3-point jump shot from 22 feet out.,missed,FALSE,TRUE,Jump Shot,3,4.650000000000006,552005,C.J. Fair,NA,0,Syracuse,Syracuse,87,NA,C.J. Fair,Brandon Triche,Michael Carter-Williams,Rakeem Christmas,James Southerland,Derrick Randall,Eli Carter,Kadeem Jack,Jerome Seagears,Myles Mack
2012-13,2013-01-02,1257632,464,0,2,Syracuse,Rutgers,Orange,Scarlet Knights,4,3,54,33,21,1633,Syracuse,829,829,0,C.J. Fair with an offensive rebound.,NA,FALSE,FALSE,NA,NA,NA,NA,NA,NA,0,Syracuse,Syracuse,87,NA,C.J. Fair,Brandon Triche,Michael Carter-Williams,Rakeem Christmas,James Southerland,Derrick Randall,Eli Carter,Kadeem Jack,Jerome Seagears,Myles Mack
2012-13,2013-01-02,1257632,465,0,2,Syracuse,Rutgers,Orange,Scarlet Knights,4,3,56,33,23,1633,Syracuse,816,816,13,C.J. Fair makes a layup.,made,FALSE,FALSE,Layup Shot,26,6.25,552005,C.J. Fair,NA,0,Syracuse,Rutgers,87,NA,C.J. Fair,Brandon Triche,Michael Carter-Williams,Rakeem Christmas,James Southerland,Derrick Randall,Eli Carter,Kadeem Jack,Jerome Seagears,Myles Mack
2012-13,2013-01-02,1257632,469,0,2,Syracuse,Rutgers,Orange,Scarlet Knights,4,3,56,33,23,1586,Rutgers,790,790,26,James Southerland steals the ball from Derrick Randall.,NA,FALSE,FALSE,NA,NA,NA,NA,NA,NA,0,Rutgers,Syracuse,88,NA,C.J. Fair,Brandon Triche,Michael Carter-Williams,Rakeem Christmas,James Southerland,Derrick Randall,Eli Carter,Kadeem Jack,Jerome Seagears,Myles Mack
2012-13,2013-01-02,1257632,470,0,2,Syracuse,Rutgers,Orange,Scarlet Knights,4,3,59,33,26,1633,Syracuse,773,773,17,Brandon Triche makes a 3-point jump shot from 22 feet out. Michael Carter-Williams with the assist.,made,FALSE,TRUE,Jump Shot,2.799999999999997,8.75,513430,Brandon Triche,Michael Carter-Williams,0,Syracuse,Rutgers,89,NA,C.J. Fair,Brandon Triche,Michael Carter-Williams,Rakeem Christmas,James Southerland,Derrick Randall,Eli Carter,Kadeem Jack,Jerome Seagears,Myles Mack
2012-13,2013-01-02,1257632,472,0,2,Syracuse,Rutgers,Orange,Scarlet Knights,4,3,59,33,26,1586,Rutgers,764,764,9,Offensive foul committed by Derrick Randall.,NA,FALSE,FALSE,NA,NA,NA,NA,NA,NA,0,Rutgers,Rutgers,90,NA,C.J. Fair,Brandon Triche,Michael Carter-Williams,Rakeem Christmas,James Southerland,Derrick Randall,Eli Carter,Kadeem Jack,Jerome Seagears,Myles Mack
2012-13,2013-01-02,1257632,473,0,2,Syracuse,Rutgers,Orange,Scarlet Knights,4,3,59,33,26,1586,Rutgers,764,764,0,Derrick Randall with a turnover,NA,FALSE,FALSE,NA,NA,NA,NA,NA,NA,0,Rutgers,Syracuse,90,NA,C.J. Fair,Brandon Triche,Michael Carter-Williams,Rakeem Christmas,James Southerland,Derrick Randall,Eli Carter,Kadeem Jack,Jerome Seagears,Myles Mack
2012-13,2013-01-02,1257632,474,0,2,Syracuse,Rutgers,Orange,Scarlet Knights,4,3,59,33,26,1586,Rutgers,764,764,0,Substitution: Austin Johnson in for Derrick Randall.,NA,FALSE,FALSE,NA,NA,NA,NA,NA,NA,1,NA,NA,NA,NA,C.J. Fair,Brandon Triche,Michael Carter-Williams,Rakeem Christmas,James Southerland,Austin Johnson,Eli Carter,Kadeem Jack,Jerome Seagears,Myles Mack
2012-13,2013-01-02,1257632,475,0,2,Syracuse,Rutgers,Orange,Scarlet Knights,4,3,59,33,26,1586,Rutgers,764,764,0,Substitution: Myles Mack in for Eli Carter.,NA,FALSE,FALSE,NA,NA,NA,NA,NA,NA,1,NA,NA,NA,Sub already in game,C.J. Fair,Brandon Triche,Michael Carter-Williams,Rakeem Christmas,James Southerland,Austin Johnson,Eli Carter,Kadeem Jack,Jerome Seagears,Myles Mack
2012-13,2013-01-02,1257632,481,0,2,Syracuse,Rutgers,Orange,Scarlet Knights,4,3,62,33,29,1633,Syracuse,740,740,24,Brandon Triche makes a 3-point jump shot from 24 feet out. Michael Carter-Williams with the assist.,made,FALSE,TRUE,Jump Shot,40.2,23.349999999999994,513430,Brandon Triche,Michael Carter-Williams,0,Syracuse,Rutgers,91,NA,C.J. Fair,Brandon Triche,Michael Carter-Williams,Rakeem Christmas,James Southerland,Austin Johnson,Eli Carter,Kadeem Jack,Jerome Seagears,Myles Mack
2012-13,2013-01-02,1257632,483,0,2,Syracuse,Rutgers,Orange,Scarlet Knights,4,3,62,33,29,1586,Rutgers,729,729,11,Myles Mack with a turnover - Bad Pass,NA,FALSE,FALSE,NA,NA,NA,NA,NA,NA,0,Rutgers,Syracuse,92,NA,C.J. Fair,Brandon Triche,Michael Carter-Williams,Rakeem Christmas,James Southerland,Austin Johnson,Eli Carter,Kadeem Jack,Jerome Seagears,Myles Mack
2012-13,2013-01-02,1257632,488,0,2,Syracuse,Rutgers,Orange,Scarlet Knights,4,3,62,33,29,1586,Rutgers,711,711,18,Personal foul committed by Mike Poole.,NA,FALSE,FALSE,NA,NA,NA,NA,NA,NA,0,Syracuse,Syracuse,93,NA,C.J. Fair,Brandon Triche,Michael Carter-Williams,Rakeem Christmas,James Southerland,Austin Johnson,Eli Carter,Kadeem Jack,Jerome Seagears,Myles Mack
2012-13,2013-01-02,1257632,489,0,2,Syracuse,Rutgers,Orange,Scarlet Knights,4,3,62,33,29,NA,NA,711,711,0,Official's timeout.,NA,FALSE,FALSE,NA,NA,NA,NA,NA,NA,0,NA,NA,NA,NA,C.J. Fair,Brandon Triche,Michael Carter-Williams,Rakeem Christmas,James Southerland,Austin Johnson,Eli Carter,Kadeem Jack,Jerome Seagears,Myles Mack
2012-13,2013-01-02,1257632,491,0,2,Syracuse,Rutgers,Orange,Scarlet Knights,4,3,62,33,29,1633,Syracuse,703,703,8,James Southerland misses a jump shot from 10 feet out.,missed,FALSE,FALSE,Jump Shot,34.8,7.75,513429,James Southerland,NA,0,Syracuse,Syracuse,93,NA,C.J. Fair,Brandon Triche,Michael Carter-Williams,Rakeem Christmas,James Southerland,Austin Johnson,Eli Carter,Kadeem Jack,Jerome Seagears,Myles Mack
2012-13,2013-01-02,1257632,492,0,2,Syracuse,Rutgers,Orange,Scarlet Knights,4,3,62,33,29,1586,Rutgers,703,703,0,Kadeem Jack with a defensive rebound.,NA,FALSE,FALSE,NA,NA,NA,NA,NA,NA,0,Syracuse,Rutgers,93,NA,C.J. Fair,Brandon Triche,Michael Carter-Williams,Rakeem Christmas,James Southerland,Austin Johnson,Eli Carter,Kadeem Jack,Jerome Seagears,Myles Mack
2012-13,2013-01-02,1257632,494,0,2,Syracuse,Rutgers,Orange,Scarlet Knights,4,3,62,33,29,1586,Rutgers,692,692,11,Myles Mack with a turnover - Bad Pass,NA,FALSE,FALSE,NA,NA,NA,NA,NA,NA,0,Rutgers,Syracuse,94,NA,C.J. Fair,Brandon Triche,Michael Carter-Williams,Rakeem Christmas,James Southerland,Austin Johnson,Eli Carter,Kadeem Jack,Jerome Seagears,Myles Mack
2012-13,2013-01-02,1257632,499,0,2,Syracuse,Rutgers,Orange,Scarlet Knights,4,3,62,33,29,1633,Syracuse,678,678,14,Brandon Triche misses a 3-point jump shot from 26 feet out.,missed,FALSE,TRUE,Jump Shot,44.6,21.650000000000006,513430,Brandon Triche,NA,0,Syracuse,Rutgers,95,NA,C.J. Fair,Brandon Triche,Michael Carter-Williams,Rakeem Christmas,James Southerland,Austin Johnson,Eli Carter,Kadeem Jack,Jerome Seagears,Myles Mack
2012-13,2013-01-02,1257632,505,0,2,Syracuse,Rutgers,Orange,Scarlet Knights,4,3,62,35,27,1586,Rutgers,665,665,13,Austin Johnson makes a layup. Eli Carter with the assist.,made,FALSE,FALSE,Layup Shot,25,5.25,511080,Austin Johnson,Eli Carter,0,Rutgers,Syracuse,96,NA,C.J. Fair,Brandon Triche,Michael Carter-Williams,Rakeem Christmas,James Southerland,Austin Johnson,Eli Carter,Kadeem Jack,Jerome Seagears,Myles Mack
2012-13,2013-01-02,1257632,507,0,2,Syracuse,Rutgers,Orange,Scarlet Knights,4,3,62,35,27,1586,Rutgers,648,648,17,Shooting foul committed by Austin Johnson.,NA,FALSE,FALSE,NA,NA,NA,NA,NA,NA,0,Syracuse,Syracuse,97,NA,C.J. Fair,Brandon Triche,Michael Carter-Williams,Rakeem Christmas,James Southerland,Austin Johnson,Eli Carter,Kadeem Jack,Jerome Seagears,Myles Mack
2012-13,2013-01-02,1257632,508,0,2,Syracuse,Rutgers,Orange,Scarlet Knights,4,3,62,35,27,1586,Rutgers,648,648,0,Substitution: Jerome Seagears in for Myles Mack.,NA,FALSE,FALSE,NA,NA,NA,NA,NA,NA,1,NA,NA,NA,Sub already in game,C.J. Fair,Brandon Triche,Michael Carter-Williams,Rakeem Christmas,James Southerland,Austin Johnson,Eli Carter,Kadeem Jack,Jerome Seagears,Myles Mack
2012-13,2013-01-02,1257632,509,0,2,Syracuse,Rutgers,Orange,Scarlet Knights,4,3,63,35,28,1633,Syracuse,648,648,0,Brandon Triche makes free throw 1 of 2.,made,TRUE,FALSE,NA,NA,NA,NA,NA,NA,0,Syracuse,Syracuse,97,NA,C.J. Fair,Brandon Triche,Michael Carter-Williams,Rakeem Christmas,James Southerland,Austin Johnson,Eli Carter,Kadeem Jack,Jerome Seagears,Myles Mack
2012-13,2013-01-02,1257632,510,0,2,Syracuse,Rutgers,Orange,Scarlet Knights,4,3,64,35,29,1633,Syracuse,648,648,0,Brandon Triche makes free throw 2 of 2.,made,TRUE,FALSE,NA,NA,NA,NA,NA,NA,0,Syracuse,Rutgers,97,NA,C.J. Fair,Brandon Triche,Michael Carter-Williams,Rakeem Christmas,James Southerland,Austin Johnson,Eli Carter,Kadeem Jack,Jerome Seagears,Myles Mack
2012-13,2013-01-02,1257632,514,0,2,Syracuse,Rutgers,Orange,Scarlet Knights,4,3,64,35,29,1633,Syracuse,638,638,10,Shooting foul committed by Baye-Moussa Keita.,NA,FALSE,FALSE,NA,NA,NA,NA,NA,NA,0,Rutgers,Rutgers,98,NA,C.J. Fair,Brandon Triche,Michael Carter-Williams,Rakeem Christmas,James Southerland,Austin Johnson,Eli Carter,Kadeem Jack,Jerome Seagears,Myles Mack
2012-13,2013-01-02,1257632,515,0,2,Syracuse,Rutgers,Orange,Scarlet Knights,4,3,64,35,29,1633,Syracuse,638,638,0,Substitution: Jerami Grant in for James Southerland.,NA,FALSE,FALSE,NA,NA,NA,NA,NA,NA,1,NA,NA,NA,NA,C.J. Fair,Brandon Triche,Michael Carter-Williams,Rakeem Christmas,Jerami Grant,Austin Johnson,Eli Carter,Kadeem Jack,Jerome Seagears,Myles Mack
2012-13,2013-01-02,1257632,516,0,2,Syracuse,Rutgers,Orange,Scarlet Knights,4,3,64,36,28,1586,Rutgers,638,638,0,Austin Johnson makes free throw 1 of 2.,made,TRUE,FALSE,NA,NA,NA,NA,NA,NA,0,Rutgers,Rutgers,98,NA,C.J. Fair,Brandon Triche,Michael Carter-Williams,Rakeem Christmas,Jerami Grant,Austin Johnson,Eli Carter,Kadeem Jack,Jerome Seagears,Myles Mack
2012-13,2013-01-02,1257632,517,0,2,Syracuse,Rutgers,Orange,Scarlet Knights,4,3,64,37,27,1586,Rutgers,638,638,0,Austin Johnson makes free throw 2 of 2.,made,TRUE,FALSE,NA,NA,NA,NA,NA,NA,0,Rutgers,Syracuse,98,NA,C.J. Fair,Brandon Triche,Michael Carter-Williams,Rakeem Christmas,Jerami Grant,Austin Johnson,Eli Carter,Kadeem Jack,Jerome Seagears,Myles Mack
2012-13,2013-01-02,1257632,521,0,2,Syracuse,Rutgers,Orange,Scarlet Knights,4,3,64,37,27,1586,Rutgers,629,629,9,Personal foul committed by Jerome Seagears.,NA,FALSE,FALSE,NA,NA,NA,NA,NA,NA,0,Syracuse,Syracuse,99,NA,C.J. Fair,Brandon Triche,Michael Carter-Williams,Rakeem Christmas,Jerami Grant,Austin Johnson,Eli Carter,Kadeem Jack,Jerome Seagears,Myles Mack
2012-13,2013-01-02,1257632,524,0,2,Syracuse,Rutgers,Orange,Scarlet Knights,4,3,64,37,27,1633,Syracuse,619,619,10,C.J. Fair misses a 3-point jump shot from 22 feet out.,missed,FALSE,TRUE,Jump Shot,2.799999999999997,7.150000000000006,552005,C.J. Fair,NA,0,Syracuse,Syracuse,99,NA,C.J. Fair,Brandon Triche,Michael Carter-Williams,Rakeem Christmas,Jerami Grant,Austin Johnson,Eli Carter,Kadeem Jack,Jerome Seagears,Myles Mack
2012-13,2013-01-02,1257632,525,0,2,Syracuse,Rutgers,Orange,Scarlet Knights,4,3,64,37,27,1586,Rutgers,619,619,0,Kadeem Jack with a defensive rebound.,NA,FALSE,FALSE,NA,NA,NA,NA,NA,NA,0,Syracuse,Rutgers,99,NA,C.J. Fair,Brandon Triche,Michael Carter-Williams,Rakeem Christmas,Jerami Grant,Austin Johnson,Eli Carter,Kadeem Jack,Jerome Seagears,Myles Mack
2012-13,2013-01-02,1257632,527,0,2,Syracuse,Rutgers,Orange,Scarlet Knights,4,3,64,37,27,1586,Rutgers,615,615,4,Eli Carter with a turnover - Bad Pass,NA,FALSE,FALSE,NA,NA,NA,NA,NA,NA,0,Rutgers,Syracuse,100,NA,C.J. Fair,Brandon Triche,Michael Carter-Williams,Rakeem Christmas,Jerami Grant,Austin Johnson,Eli Carter,Kadeem Jack,Jerome Seagears,Myles Mack
2012-13,2013-01-02,1257632,531,0,2,Syracuse,Rutgers,Orange,Scarlet Knights,4,3,64,37,27,1633,Syracuse,603,603,12,Offensive foul committed by Baye-Moussa Keita.,NA,FALSE,FALSE,NA,NA,NA,NA,NA,NA,0,Syracuse,Syracuse,101,NA,C.J. Fair,Brandon Triche,Michael Carter-Williams,Rakeem Christmas,Jerami Grant,Austin Johnson,Eli Carter,Kadeem Jack,Jerome Seagears,Myles Mack
2012-13,2013-01-02,1257632,532,0,2,Syracuse,Rutgers,Orange,Scarlet Knights,4,3,64,37,27,1633,Syracuse,603,603,0,Baye-Moussa Keita with a turnover,NA,FALSE,FALSE,NA,NA,NA,NA,NA,NA,0,Syracuse,Rutgers,101,NA,C.J. Fair,Brandon Triche,Michael Carter-Williams,Rakeem Christmas,Jerami Grant,Austin Johnson,Eli Carter,Kadeem Jack,Jerome Seagears,Myles Mack
2012-13,2013-01-02,1257632,533,0,2,Syracuse,Rutgers,Orange,Scarlet Knights,4,3,64,37,27,1586,Rutgers,603,603,0,Substitution: Wally Judge in for Kadeem Jack.,NA,FALSE,FALSE,NA,NA,NA,NA,NA,NA,1,NA,NA,NA,NA,C.J. Fair,Brandon Triche,Michael Carter-Williams,Rakeem Christmas,Jerami Grant,Austin Johnson,Eli Carter,Wally Judge,Jerome Seagears,Myles Mack
2012-13,2013-01-02,1257632,540,0,2,Syracuse,Rutgers,Orange,Scarlet Knights,4,3,64,37,27,1586,Rutgers,585,585,18,Jerome Seagears misses a 3-point jump shot from 24 feet out.,missed,FALSE,TRUE,Jump Shot,23.4,29.15,606318,Jerome Seagears,NA,0,Rutgers,Rutgers,102,NA,C.J. Fair,Brandon Triche,Michael Carter-Williams,Rakeem Christmas,Jerami Grant,Austin Johnson,Eli Carter,Wally Judge,Jerome Seagears,Myles Mack
2012-13,2013-01-02,1257632,541,0,2,Syracuse,Rutgers,Orange,Scarlet Knights,4,3,64,37,27,1633,Syracuse,585,585,0,Baye-Moussa Keita with a defensive rebound.,NA,FALSE,FALSE,NA,NA,NA,NA,NA,NA,0,Rutgers,Syracuse,102,NA,C.J. Fair,Brandon Triche,Michael Carter-Williams,Rakeem Christmas,Jerami Grant,Austin Johnson,Eli Carter,Wally Judge,Jerome Seagears,Myles Mack
2012-13,2013-01-02,1257632,542,0,2,Syracuse,Rutgers,Orange,Scarlet Knights,4,3,64,37,27,1586,Rutgers,581,581,4,Shooting foul committed by Austin Johnson.,NA,FALSE,FALSE,NA,NA,NA,NA,NA,NA,0,Syracuse,Syracuse,103,NA,C.J. Fair,Brandon Triche,Michael Carter-Williams,Rakeem Christmas,Jerami Grant,Austin Johnson,Eli Carter,Wally Judge,Jerome Seagears,Myles Mack
2012-13,2013-01-02,1257632,543,0,2,Syracuse,Rutgers,Orange,Scarlet Knights,4,3,65,37,28,1633,Syracuse,581,581,0,C.J. Fair makes free throw 1 of 2.,made,TRUE,FALSE,NA,NA,NA,NA,NA,NA,0,Syracuse,Syracuse,103,NA,C.J. Fair,Brandon Triche,Michael Carter-Williams,Rakeem Christmas,Jerami Grant,Austin Johnson,Eli Carter,Wally Judge,Jerome Seagears,Myles Mack
2012-13,2013-01-02,1257632,544,0,2,Syracuse,Rutgers,Orange,Scarlet Knights,4,3,65,37,28,1586,Rutgers,581,581,0,Substitution: Dane Miller in for Mike Poole.,NA,FALSE,FALSE,NA,NA,NA,NA,NA,NA,1,NA,NA,NA,Player leaving not previously in game,C.J. Fair,Brandon Triche,Michael Carter-Williams,Rakeem Christmas,Jerami Grant,Austin Johnson,Eli Carter,Wally Judge,Jerome Seagears,Myles Mack
2012-13,2013-01-02,1257632,545,0,2,Syracuse,Rutgers,Orange,Scarlet Knights,4,3,65,37,28,1633,Syracuse,581,581,0,Substitution: Trevor Cooney in for Brandon Triche.,NA,FALSE,FALSE,NA,NA,NA,NA,NA,NA,1,NA,NA,NA,NA,C.J. Fair,Trevor Cooney,Michael Carter-Williams,Rakeem Christmas,Jerami Grant,Austin Johnson,Eli Carter,Wally Judge,Jerome Seagears,Myles Mack
2012-13,2013-01-02,1257632,546,0,2,Syracuse,Rutgers,Orange,Scarlet Knights,4,3,65,37,28,1633,Syracuse,581,581,0,C.J. Fair misses free throw 2 of 2.,missed,TRUE,FALSE,NA,NA,NA,NA,NA,NA,0,Syracuse,Syracuse,103,NA,C.J. Fair,Trevor Cooney,Michael Carter-Williams,Rakeem Christmas,Jerami Grant,Austin Johnson,Eli Carter,Wally Judge,Jerome Seagears,Myles Mack
2012-13,2013-01-02,1257632,547,0,2,Syracuse,Rutgers,Orange,Scarlet Knights,4,3,65,37,28,1586,Rutgers,581,581,0,Austin Johnson with a defensive rebound.,NA,FALSE,FALSE,NA,NA,NA,NA,NA,NA,0,Syracuse,Rutgers,103,NA,C.J. Fair,Trevor Cooney,Michael Carter-Williams,Rakeem Christmas,Jerami Grant,Austin Johnson,Eli Carter,Wally Judge,Jerome Seagears,Myles Mack
2012-13,2013-01-02,1257632,557,0,2,Syracuse,Rutgers,Orange,Scarlet Knights,4,3,65,40,25,1586,Rutgers,556,556,25,Eli Carter makes a 3-point jump shot from 30 feet out.,made,FALSE,TRUE,Jump Shot,42.8,28.75,605971,Eli Carter,NA,0,Rutgers,Syracuse,104,NA,C.J. Fair,Trevor Cooney,Michael Carter-Williams,Rakeem Christmas,Jerami Grant,Austin Johnson,Eli Carter,Wally Judge,Jerome Seagears,Myles Mack
2012-13,2013-01-02,1257632,558,0,2,Syracuse,Rutgers,Orange,Scarlet Knights,4,3,67,40,27,1633,Syracuse,536,536,20,Baye-Moussa Keita dunks. Michael Carter-Williams with the assist.,made,FALSE,FALSE,Dunk Shot,25,5.25,552004,Baye-Moussa Keita,Michael Carter-Williams,0,Syracuse,Rutgers,105,NA,C.J. Fair,Trevor Cooney,Michael Carter-Williams,Rakeem Christmas,Jerami Grant,Austin Johnson,Eli Carter,Wally Judge,Jerome Seagears,Myles Mack
2012-13,2013-01-02,1257632,559,0,2,Syracuse,Rutgers,Orange,Scarlet Knights,4,3,67,42,25,1586,Rutgers,499,499,37,Wally Judge dunks. Dane Miller with the assist.,made,FALSE,FALSE,Dunk Shot,25,5.25,506105,Wally Judge,Dane Miller,0,Rutgers,Syracuse,106,NA,C.J. Fair,Trevor Cooney,Michael Carter-Williams,Rakeem Christmas,Jerami Grant,Austin Johnson,Eli Carter,Wally Judge,Jerome Seagears,Myles Mack
2012-13,2013-01-02,1257632,561,0,2,Syracuse,Rutgers,Orange,Scarlet Knights,4,3,67,42,25,1633,Syracuse,480,480,19,Trevor Cooney misses a 3-point jump shot from 22 feet out.,missed,FALSE,TRUE,Jump Shot,2.799999999999997,5.150000000000006,609796,Trevor Cooney,NA,0,Syracuse,Syracuse,107,NA,C.J. Fair,Trevor Cooney,Michael Carter-Williams,Rakeem Christmas,Jerami Grant,Austin Johnson,Eli Carter,Wally Judge,Jerome Seagears,Myles Mack
2012-13,2013-01-02,1257632,562,0,2,Syracuse,Rutgers,Orange,Scarlet Knights,4,3,67,42,25,1586,Rutgers,480,480,0,Dane Miller with a defensive rebound.,NA,FALSE,FALSE,NA,NA,NA,NA,NA,NA,0,Syracuse,Rutgers,107,NA,C.J. Fair,Trevor Cooney,Michael Carter-Williams,Rakeem Christmas,Jerami Grant,Austin Johnson,Eli Carter,Wally Judge,Jerome Seagears,Myles Mack
2012-13,2013-01-02,1257632,563,0,2,Syracuse,Rutgers,Orange,Scarlet Knights,4,3,67,44,23,1586,Rutgers,477,477,3,Dane Miller makes a layup.,made,FALSE,FALSE,Layup Shot,26,6.25,511079,Dane Miller,NA,0,Rutgers,Syracuse,108,NA,C.J. Fair,Trevor Cooney,Michael Carter-Williams,Rakeem Christmas,Jerami Grant,Austin Johnson,Eli Carter,Wally Judge,Jerome Seagears,Myles Mack
2012-13,2013-01-02,1257632,564,0,2,Syracuse,Rutgers,Orange,Scarlet Knights,4,3,67,44,23,NA,NA,477,477,0,Official's timeout.,NA,FALSE,FALSE,NA,NA,NA,NA,NA,NA,0,NA,NA,NA,NA,C.J. Fair,Trevor Cooney,Michael Carter-Williams,Rakeem Christmas,Jerami Grant,Austin Johnson,Eli Carter,Wally Judge,Jerome Seagears,Myles Mack
2012-13,2013-01-02,1257632,565,0,2,Syracuse,Rutgers,Orange,Scarlet Knights,4,3,67,44,23,1586,Rutgers,477,477,0,Substitution: Malick Kone in for Austin Johnson.,NA,FALSE,FALSE,NA,NA,NA,NA,NA,NA,1,NA,NA,NA,NA,C.J. Fair,Trevor Cooney,Michael Carter-Williams,Rakeem Christmas,Jerami Grant,Malick Kone,Eli Carter,Wally Judge,Jerome Seagears,Myles Mack
2012-13,2013-01-02,1257632,566,0,2,Syracuse,Rutgers,Orange,Scarlet Knights,4,3,67,44,23,1586,Rutgers,477,477,0,Substitution: Myles Mack in for Jerome Seagears.,NA,FALSE,FALSE,NA,NA,NA,NA,NA,NA,1,NA,NA,NA,Sub already in game,C.J. Fair,Trevor Cooney,Michael Carter-Williams,Rakeem Christmas,Jerami Grant,Malick Kone,Eli Carter,Wally Judge,Jerome Seagears,Myles Mack
2012-13,2013-01-02,1257632,570,0,2,Syracuse,Rutgers,Orange,Scarlet Knights,4,3,67,44,23,1633,Syracuse,451,451,26,Jerami Grant misses a layup.,missed,FALSE,FALSE,Layup Shot,26,6.25,699826,Jerami Grant,NA,0,Syracuse,Syracuse,109,NA,C.J. Fair,Trevor Cooney,Michael Carter-Williams,Rakeem Christmas,Jerami Grant,Malick Kone,Eli Carter,Wally Judge,Jerome Seagears,Myles Mack
2012-13,2013-01-02,1257632,571,0,2,Syracuse,Rutgers,Orange,Scarlet Knights,4,3,67,44,23,1586,Rutgers,451,451,0,Wally Judge with a defensive rebound.,NA,FALSE,FALSE,NA,NA,NA,NA,NA,NA,0,Syracuse,Rutgers,109,NA,C.J. Fair,Trevor Cooney,Michael Carter-Williams,Rakeem Christmas,Jerami Grant,Malick Kone,Eli Carter,Wally Judge,Jerome Seagears,Myles Mack
2012-13,2013-01-02,1257632,573,0,2,Syracuse,Rutgers,Orange,Scarlet Knights,4,3,67,44,23,1586,Rutgers,435,435,16,Jerami Grant blocks a Wally Judge dunk.,missed,FALSE,FALSE,Dunk Shot,25,5.25,506105,Wally Judge,NA,0,Rutgers,Rutgers,110,NA,C.J. Fair,Trevor Cooney,Michael Carter-Williams,Rakeem Christmas,Jerami Grant,Malick Kone,Eli Carter,Wally Judge,Jerome Seagears,Myles Mack
2012-13,2013-01-02,1257632,574,0,2,Syracuse,Rutgers,Orange,Scarlet Knights,4,3,67,44,23,1633,Syracuse,435,435,0,Jerami Grant with a defensive rebound.,NA,FALSE,FALSE,NA,NA,NA,NA,NA,NA,0,Rutgers,Syracuse,110,NA,C.J. Fair,Trevor Cooney,Michael Carter-Williams,Rakeem Christmas,Jerami Grant,Malick Kone,Eli Carter,Wally Judge,Jerome Seagears,Myles Mack
2012-13,2013-01-02,1257632,575,0,2,Syracuse,Rutgers,Orange,Scarlet Knights,4,3,67,44,23,1586,Rutgers,434,434,1,Shooting foul committed by Eli Carter.,NA,FALSE,FALSE,NA,NA,NA,NA,NA,NA,0,Syracuse,Syracuse,111,NA,C.J. Fair,Trevor Cooney,Michael Carter-Williams,Rakeem Christmas,Jerami Grant,Malick Kone,Eli Carter,Wally Judge,Jerome Seagears,Myles Mack
2012-13,2013-01-02,1257632,578,0,2,Syracuse,Rutgers,Orange,Scarlet Knights,4,3,67,44,23,1633,Syracuse,434,434,0,Jerami Grant misses free throw 1 of 2.,missed,TRUE,FALSE,NA,NA,NA,NA,NA,NA,0,Syracuse,Syracuse,111,NA,C.J. Fair,Trevor Cooney,Michael Carter-Williams,Rakeem Christmas,Jerami Grant,Malick Kone,Eli Carter,Wally Judge,Jerome Seagears,Myles Mack
2012-13,2013-01-02,1257632,580,0,2,Syracuse,Rutgers,Orange,Scarlet Knights,4,3,67,44,23,1633,Syracuse,434,434,0,Jerami Grant misses free throw 2 of 2.,missed,TRUE,FALSE,NA,NA,NA,NA,NA,NA,0,Syracuse,Syracuse,111,NA,C.J. Fair,Trevor Cooney,Michael Carter-Williams,Rakeem Christmas,Jerami Grant,Malick Kone,Eli Carter,Wally Judge,Jerome Seagears,Myles Mack
2012-13,2013-01-02,1257632,581,0,2,Syracuse,Rutgers,Orange,Scarlet Knights,4,3,67,44,23,1586,Rutgers,434,434,0,Dane Miller with a defensive rebound.,NA,FALSE,FALSE,NA,NA,NA,NA,NA,NA,0,Syracuse,Rutgers,111,NA,C.J. Fair,Trevor Cooney,Michael Carter-Williams,Rakeem Christmas,Jerami Grant,Malick Kone,Eli Carter,Wally Judge,Jerome Seagears,Myles Mack
2012-13,2013-01-02,1257632,590,0,2,Syracuse,Rutgers,Orange,Scarlet Knights,4,3,67,44,23,1586,Rutgers,418,418,16,C.J. Fair steals the ball from Malick Kone.,NA,FALSE,FALSE,NA,NA,NA,NA,NA,NA,0,Rutgers,Syracuse,112,NA,C.J. Fair,Trevor Cooney,Michael Carter-Williams,Rakeem Christmas,Jerami Grant,Malick Kone,Eli Carter,Wally Judge,Jerome Seagears,Myles Mack
2012-13,2013-01-02,1257632,592,0,2,Syracuse,Rutgers,Orange,Scarlet Knights,4,3,67,44,23,1633,Syracuse,403,403,15,C.J. Fair misses a layup.,missed,FALSE,FALSE,Layup Shot,25,5.25,552005,C.J. Fair,NA,0,Syracuse,Syracuse,113,NA,C.J. Fair,Trevor Cooney,Michael Carter-Williams,Rakeem Christmas,Jerami Grant,Malick Kone,Eli Carter,Wally Judge,Jerome Seagears,Myles Mack
2012-13,2013-01-02,1257632,593,0,2,Syracuse,Rutgers,Orange,Scarlet Knights,4,3,67,44,23,1586,Rutgers,403,403,0,Wally Judge with a defensive rebound.,NA,FALSE,FALSE,NA,NA,NA,NA,NA,NA,0,Syracuse,Rutgers,113,NA,C.J. Fair,Trevor Cooney,Michael Carter-Williams,Rakeem Christmas,Jerami Grant,Malick Kone,Eli Carter,Wally Judge,Jerome Seagears,Myles Mack
2012-13,2013-01-02,1257632,596,0,2,Syracuse,Rutgers,Orange,Scarlet Knights,4,3,67,46,21,1586,Rutgers,394,394,9,Malick Kone makes a layup. Dane Miller with the assist.,made,FALSE,FALSE,Layup Shot,25,5.25,605973,Malick Kone,Dane Miller,0,Rutgers,Syracuse,114,NA,C.J. Fair,Trevor Cooney,Michael Carter-Williams,Rakeem Christmas,Jerami Grant,Malick Kone,Eli Carter,Wally Judge,Jerome Seagears,Myles Mack
2012-13,2013-01-02,1257632,597,0,2,Syracuse,Rutgers,Orange,Scarlet Knights,4,3,67,46,21,1586,Rutgers,394,394,0,Substitution: Kadeem Jack in for Wally Judge.,NA,FALSE,FALSE,NA,NA,NA,NA,NA,NA,1,NA,NA,NA,NA,C.J. Fair,Trevor Cooney,Michael Carter-Williams,Rakeem Christmas,Jerami Grant,Malick Kone,Eli Carter,Kadeem Jack,Jerome Seagears,Myles Mack
2012-13,2013-01-02,1257632,603,0,2,Syracuse,Rutgers,Orange,Scarlet Knights,4,3,70,46,24,1633,Syracuse,384,384,10,Trevor Cooney makes a 3-point jump shot from 23 feet out. Michael Carter-Williams with the assist.,made,FALSE,TRUE,Jump Shot,47.9,6.549999999999997,609796,Trevor Cooney,Michael Carter-Williams,0,Syracuse,Rutgers,115,NA,C.J. Fair,Trevor Cooney,Michael Carter-Williams,Rakeem Christmas,Jerami Grant,Malick Kone,Eli Carter,Kadeem Jack,Jerome Seagears,Myles Mack
2012-13,2013-01-02,1257632,607,0,2,Syracuse,Rutgers,Orange,Scarlet Knights,4,3,70,46,24,1586,Rutgers,364,364,20,Dane Miller misses a layup.,missed,FALSE,FALSE,Layup Shot,25,5.25,511079,Dane Miller,NA,0,Rutgers,Syracuse,116,NA,C.J. Fair,Trevor Cooney,Michael Carter-Williams,Rakeem Christmas,Jerami Grant,Malick Kone,Eli Carter,Kadeem Jack,Jerome Seagears,Myles Mack
2012-13,2013-01-02,1257632,610,0,2,Syracuse,Rutgers,Orange,Scarlet Knights,4,3,70,46,24,1633,Syracuse,337,337,27,C.J. Fair misses a jump shot from 14 feet out.,missed,FALSE,FALSE,Jump Shot,19.5,18.450000000000003,552005,C.J. Fair,NA,0,Syracuse,Syracuse,117,NA,C.J. Fair,Trevor Cooney,Michael Carter-Williams,Rakeem Christmas,Jerami Grant,Malick Kone,Eli Carter,Kadeem Jack,Jerome Seagears,Myles Mack
2012-13,2013-01-02,1257632,611,0,2,Syracuse,Rutgers,Orange,Scarlet Knights,4,3,70,46,24,1633,Syracuse,337,337,0,Baye-Moussa Keita with an offensive rebound.,NA,FALSE,FALSE,NA,NA,NA,NA,NA,NA,0,Syracuse,Syracuse,117,NA,C.J. Fair,Trevor Cooney,Michael Carter-Williams,Rakeem Christmas,Jerami Grant,Malick Kone,Eli Carter,Kadeem Jack,Jerome Seagears,Myles Mack
2012-13,2013-01-02,1257632,612,0,2,Syracuse,Rutgers,Orange,Scarlet Knights,4,3,72,46,26,1633,Syracuse,333,333,4,Baye-Moussa Keita makes a hook shot from 7 feet out.,made,FALSE,FALSE,Hook Shot,30.9,8.349999999999994,552004,Baye-Moussa Keita,NA,0,Syracuse,Rutgers,117,NA,C.J. Fair,Trevor Cooney,Michael Carter-Williams,Rakeem Christmas,Jerami Grant,Malick Kone,Eli Carter,Kadeem Jack,Jerome Seagears,Myles Mack
2012-13,2013-01-02,1257632,613,0,2,Syracuse,Rutgers,Orange,Scarlet Knights,4,3,72,46,26,1586,Rutgers,326,326,7,Eli Carter misses a 3-point jump shot from 29 feet out.,missed,FALSE,TRUE,Jump Shot,7.199999999999999,27.95,605971,Eli Carter,NA,0,Rutgers,Rutgers,118,NA,C.J. Fair,Trevor Cooney,Michael Carter-Williams,Rakeem Christmas,Jerami Grant,Malick Kone,Eli Carter,Kadeem Jack,Jerome Seagears,Myles Mack
2012-13,2013-01-02,1257632,614,0,2,Syracuse,Rutgers,Orange,Scarlet Knights,4,3,72,46,26,1633,Syracuse,326,326,0,Jerami Grant with a defensive rebound.,NA,FALSE,FALSE,NA,NA,NA,NA,NA,NA,0,Rutgers,Syracuse,118,NA,C.J. Fair,Trevor Cooney,Michael Carter-Williams,Rakeem Christmas,Jerami Grant,Malick Kone,Eli Carter,Kadeem Jack,Jerome Seagears,Myles Mack
2012-13,2013-01-02,1257632,616,0,2,Syracuse,Rutgers,Orange,Scarlet Knights,4,3,72,46,26,1633,Syracuse,303,303,23,Myles Mack steals the ball from Michael Carter-Williams.,NA,FALSE,FALSE,NA,NA,NA,NA,NA,NA,0,Syracuse,Rutgers,119,NA,C.J. Fair,Trevor Cooney,Michael Carter-Williams,Rakeem Christmas,Jerami Grant,Malick Kone,Eli Carter,Kadeem Jack,Jerome Seagears,Myles Mack
2012-13,2013-01-02,1257632,618,0,2,Syracuse,Rutgers,Orange,Scarlet Knights,4,3,72,48,24,1586,Rutgers,303,303,0,Dane Miller makes a layup. Myles Mack with the assist.,made,FALSE,FALSE,Layup Shot,26,6.25,511079,Dane Miller,Myles Mack,0,Rutgers,Syracuse,120,NA,C.J. Fair,Trevor Cooney,Michael Carter-Williams,Rakeem Christmas,Jerami Grant,Malick Kone,Eli Carter,Kadeem Jack,Jerome Seagears,Myles Mack
2012-13,2013-01-02,1257632,619,0,2,Syracuse,Rutgers,Orange,Scarlet Knights,4,3,72,48,24,1633,Syracuse,289,289,14,Kadeem Jack blocks a Jerami Grant jump shot from 12 feet out.,missed,FALSE,FALSE,Jump Shot,34.9,12.25,699826,Jerami Grant,NA,0,Syracuse,Syracuse,121,NA,C.J. Fair,Trevor Cooney,Michael Carter-Williams,Rakeem Christmas,Jerami Grant,Malick Kone,Eli Carter,Kadeem Jack,Jerome Seagears,Myles Mack
2012-13,2013-01-02,1257632,623,0,2,Syracuse,Rutgers,Orange,Scarlet Knights,4,3,74,48,26,1633,Syracuse,280,280,9,Jerami Grant dunks. C.J. Fair with the assist.,made,FALSE,FALSE,Dunk Shot,26,6.25,699826,Jerami Grant,Fair,0,Syracuse,Rutgers,121,NA,C.J. Fair,Trevor Cooney,Michael Carter-Williams,Rakeem Christmas,Jerami Grant,Malick Kone,Eli Carter,Kadeem Jack,Jerome Seagears,Myles Mack
2012-13,2013-01-02,1257632,627,0,2,Syracuse,Rutgers,Orange,Scarlet Knights,4,3,74,48,26,1633,Syracuse,259,259,21,Substitution: DaJuan Coleman in for Baye-Moussa Keita.,NA,FALSE,FALSE,NA,NA,NA,NA,NA,NA,1,NA,NA,NA,Player leaving not previously in game,C.J. Fair,Trevor Cooney,Michael Carter-Williams,Rakeem Christmas,Jerami Grant,Malick Kone,Eli Carter,Kadeem Jack,Jerome Seagears,Myles Mack
2012-13,2013-01-02,1257632,631,0,2,Syracuse,Rutgers,Orange,Scarlet Knights,4,3,74,48,26,1633,Syracuse,259,259,0,Personal foul committed by Michael Carter-Williams.,NA,FALSE,FALSE,NA,NA,NA,NA,NA,NA,0,Rutgers,Rutgers,122,NA,C.J. Fair,Trevor Cooney,Michael Carter-Williams,Rakeem Christmas,Jerami Grant,Malick Kone,Eli Carter,Kadeem Jack,Jerome Seagears,Myles Mack
2012-13,2013-01-02,1257632,634,0,2,Syracuse,Rutgers,Orange,Scarlet Knights,4,3,74,48,26,1586,Rutgers,238,238,21,C.J. Fair blocks a Kadeem Jack layup.,missed,FALSE,FALSE,Layup Shot,25,5.25,605972,Kadeem Jack,NA,0,Rutgers,Rutgers,122,NA,C.J. Fair,Trevor Cooney,Michael Carter-Williams,Rakeem Christmas,Jerami Grant,Malick Kone,Eli Carter,Kadeem Jack,Jerome Seagears,Myles Mack
2012-13,2013-01-02,1257632,635,0,2,Syracuse,Rutgers,Orange,Scarlet Knights,4,3,74,48,26,1586,Rutgers,238,238,0,Kadeem Jack with an offensive rebound.,NA,FALSE,FALSE,NA,NA,NA,NA,NA,NA,0,Rutgers,Rutgers,122,NA,C.J. Fair,Trevor Cooney,Michael Carter-Williams,Rakeem Christmas,Jerami Grant,Malick Kone,Eli Carter,Kadeem Jack,Jerome Seagears,Myles Mack
2012-13,2013-01-02,1257632,636,0,2,Syracuse,Rutgers,Orange,Scarlet Knights,4,3,74,48,26,1586,Rutgers,229,229,9,Myles Mack misses a 3-point jump shot from 26 feet out.,missed,FALSE,TRUE,Jump Shot,42.3,25.25,606314,Myles Mack,NA,0,Rutgers,Rutgers,122,NA,C.J. Fair,Trevor Cooney,Michael Carter-Williams,Rakeem Christmas,Jerami Grant,Malick Kone,Eli Carter,Kadeem Jack,Jerome Seagears,Myles Mack
2012-13,2013-01-02,1257632,637,0,2,Syracuse,Rutgers,Orange,Scarlet Knights,4,3,74,48,26,1633,Syracuse,229,229,0,DaJuan Coleman with a defensive rebound.,NA,FALSE,FALSE,NA,NA,NA,NA,NA,NA,0,Rutgers,Syracuse,122,NA,C.J. Fair,Trevor Cooney,Michael Carter-Williams,Rakeem Christmas,Jerami Grant,Malick Kone,Eli Carter,Kadeem Jack,Jerome Seagears,Myles Mack
2012-13,2013-01-02,1257632,639,0,2,Syracuse,Rutgers,Orange,Scarlet Knights,4,3,74,48,26,1586,Rutgers,222,222,7,Shooting foul committed by Myles Mack.,NA,FALSE,FALSE,NA,NA,NA,NA,NA,NA,0,Syracuse,Syracuse,123,NA,C.J. Fair,Trevor Cooney,Michael Carter-Williams,Rakeem Christmas,Jerami Grant,Malick Kone,Eli Carter,Kadeem Jack,Jerome Seagears,Myles Mack
2012-13,2013-01-02,1257632,640,0,2,Syracuse,Rutgers,Orange,Scarlet Knights,4,3,74,48,26,NA,NA,222,222,0,Official's timeout.,NA,FALSE,FALSE,NA,NA,NA,NA,NA,NA,0,NA,NA,NA,NA,C.J. Fair,Trevor Cooney,Michael Carter-Williams,Rakeem Christmas,Jerami Grant,Malick Kone,Eli Carter,Kadeem Jack,Jerome Seagears,Myles Mack
2012-13,2013-01-02,1257632,642,0,2,Syracuse,Rutgers,Orange,Scarlet Knights,4,3,75,48,27,1633,Syracuse,222,222,0,Jerami Grant makes free throw 1 of 2.,made,TRUE,FALSE,NA,NA,NA,NA,NA,NA,0,Syracuse,Syracuse,123,NA,C.J. Fair,Trevor Cooney,Michael Carter-Williams,Rakeem Christmas,Jerami Grant,Malick Kone,Eli Carter,Kadeem Jack,Jerome Seagears,Myles Mack
2012-13,2013-01-02,1257632,643,0,2,Syracuse,Rutgers,Orange,Scarlet Knights,4,3,75,48,27,1633,Syracuse,222,222,0,Jerami Grant misses free throw 2 of 2.,missed,TRUE,FALSE,NA,NA,NA,NA,NA,NA,0,Syracuse,Syracuse,123,NA,C.J. Fair,Trevor Cooney,Michael Carter-Williams,Rakeem Christmas,Jerami Grant,Malick Kone,Eli Carter,Kadeem Jack,Jerome Seagears,Myles Mack
2012-13,2013-01-02,1257632,644,0,2,Syracuse,Rutgers,Orange,Scarlet Knights,4,3,75,48,27,1586,Rutgers,222,222,0,Kadeem Jack with a defensive rebound.,NA,FALSE,FALSE,NA,NA,NA,NA,NA,NA,0,Syracuse,Rutgers,123,NA,C.J. Fair,Trevor Cooney,Michael Carter-Williams,Rakeem Christmas,Jerami Grant,Malick Kone,Eli Carter,Kadeem Jack,Jerome Seagears,Myles Mack
2012-13,2013-01-02,1257632,653,0,2,Syracuse,Rutgers,Orange,Scarlet Knights,4,3,75,48,27,1586,Rutgers,210,210,12,Substitution: Vincent Garrett in for Dane Miller.,NA,FALSE,FALSE,NA,NA,NA,NA,NA,NA,1,NA,NA,NA,Player leaving not previously in game,C.J. Fair,Trevor Cooney,Michael Carter-Williams,Rakeem Christmas,Jerami Grant,Malick Kone,Eli Carter,Kadeem Jack,Jerome Seagears,Myles Mack
2012-13,2013-01-02,1257632,657,0,2,Syracuse,Rutgers,Orange,Scarlet Knights,4,3,75,48,27,1586,Rutgers,192,192,18,Malick Kone misses a jump shot from 15 feet out.,missed,FALSE,FALSE,Jump Shot,18.5,18.45,605973,Malick Kone,NA,0,Rutgers,Rutgers,124,NA,C.J. Fair,Trevor Cooney,Michael Carter-Williams,Rakeem Christmas,Jerami Grant,Malick Kone,Eli Carter,Kadeem Jack,Jerome Seagears,Myles Mack
2012-13,2013-01-02,1257632,658,0,2,Syracuse,Rutgers,Orange,Scarlet Knights,4,3,75,48,27,1633,Syracuse,192,192,0,Jerami Grant with a defensive rebound.,NA,FALSE,FALSE,NA,NA,NA,NA,NA,NA,0,Rutgers,Syracuse,124,NA,C.J. Fair,Trevor Cooney,Michael Carter-Williams,Rakeem Christmas,Jerami Grant,Malick Kone,Eli Carter,Kadeem Jack,Jerome Seagears,Myles Mack
2012-13,2013-01-02,1257632,660,0,2,Syracuse,Rutgers,Orange,Scarlet Knights,4,3,75,48,27,1633,Syracuse,182,182,10,DaJuan Coleman misses a jump shot from 20 feet out.,missed,FALSE,FALSE,Jump Shot,13.700000000000003,21.450000000000003,699825,DaJuan Coleman,NA,0,Syracuse,Syracuse,125,NA,C.J. Fair,Trevor Cooney,Michael Carter-Williams,Rakeem Christmas,Jerami Grant,Malick Kone,Eli Carter,Kadeem Jack,Jerome Seagears,Myles Mack
2012-13,2013-01-02,1257632,661,0,2,Syracuse,Rutgers,Orange,Scarlet Knights,4,3,75,48,27,1633,Syracuse,182,182,0,Jerami Grant with an offensive rebound.,NA,FALSE,FALSE,NA,NA,NA,NA,NA,NA,0,Syracuse,Syracuse,125,NA,C.J. Fair,Trevor Cooney,Michael Carter-Williams,Rakeem Christmas,Jerami Grant,Malick Kone,Eli Carter,Kadeem Jack,Jerome Seagears,Myles Mack
2012-13,2013-01-02,1257632,662,0,2,Syracuse,Rutgers,Orange,Scarlet Knights,4,3,75,48,27,1633,Syracuse,182,182,0,Jerami Grant misses a tip shot from 2 feet out.,missed,FALSE,FALSE,Tip Shot,24.6,7.549999999999997,699826,Jerami Grant,NA,0,Syracuse,Rutgers,125,NA,C.J. Fair,Trevor Cooney,Michael Carter-Williams,Rakeem Christmas,Jerami Grant,Malick Kone,Eli Carter,Kadeem Jack,Jerome Seagears,Myles Mack
2012-13,2013-01-02,1257632,674,0,2,Syracuse,Rutgers,Orange,Scarlet Knights,4,3,75,48,27,1586,Rutgers,156,156,26,Brandon Triche steals the ball from Vincent Garrett.,NA,FALSE,FALSE,NA,NA,NA,NA,NA,NA,0,Rutgers,Syracuse,126,NA,C.J. Fair,Trevor Cooney,Michael Carter-Williams,Rakeem Christmas,Jerami Grant,Malick Kone,Eli Carter,Kadeem Jack,Jerome Seagears,Myles Mack
2012-13,2013-01-02,1257632,677,0,2,Syracuse,Rutgers,Orange,Scarlet Knights,4,3,75,48,27,1633,Syracuse,152,152,4,James Southerland misses a 3-point jump shot from 25 feet out.,missed,FALSE,TRUE,Jump Shot,41.4,23.650000000000006,513429,James Southerland,NA,0,Syracuse,Rutgers,127,NA,C.J. Fair,Trevor Cooney,Michael Carter-Williams,Rakeem Christmas,Jerami Grant,Malick Kone,Eli Carter,Kadeem Jack,Jerome Seagears,Myles Mack
2012-13,2013-01-02,1257632,681,0,2,Syracuse,Rutgers,Orange,Scarlet Knights,4,3,75,50,25,1586,Rutgers,132,132,20,Derrick Randall makes a layup. Jerome Seagears with the assist.,made,FALSE,FALSE,Layup Shot,25,5.25,606316,Derrick Randall,Jerome Seagears,0,Rutgers,Syracuse,128,NA,C.J. Fair,Trevor Cooney,Michael Carter-Williams,Rakeem Christmas,Jerami Grant,Malick Kone,Eli Carter,Kadeem Jack,Jerome Seagears,Myles Mack
2012-13,2013-01-02,1257632,682,0,2,Syracuse,Rutgers,Orange,Scarlet Knights,4,3,75,50,25,1633,Syracuse,115,115,17,James Southerland misses a jump shot from 8 feet out.,missed,FALSE,FALSE,Jump Shot,25.4,13.150000000000006,513429,James Southerland,NA,0,Syracuse,Syracuse,129,NA,C.J. Fair,Trevor Cooney,Michael Carter-Williams,Rakeem Christmas,Jerami Grant,Malick Kone,Eli Carter,Kadeem Jack,Jerome Seagears,Myles Mack
2012-13,2013-01-02,1257632,683,0,2,Syracuse,Rutgers,Orange,Scarlet Knights,4,3,75,50,25,1586,Rutgers,115,115,0,Vincent Garrett with a defensive rebound.,NA,FALSE,FALSE,NA,NA,NA,NA,NA,NA,0,Syracuse,Rutgers,129,NA,C.J. Fair,Trevor Cooney,Michael Carter-Williams,Rakeem Christmas,Jerami Grant,Malick Kone,Eli Carter,Kadeem Jack,Jerome Seagears,Myles Mack
2012-13,2013-01-02,1257632,684,0,2,Syracuse,Rutgers,Orange,Scarlet Knights,4,3,75,50,25,1586,Rutgers,107,107,8,James Southerland steals the ball from Malick Kone.,NA,FALSE,FALSE,NA,NA,NA,NA,NA,NA,0,Rutgers,Syracuse,130,NA,C.J. Fair,Trevor Cooney,Michael Carter-Williams,Rakeem Christmas,Jerami Grant,Malick Kone,Eli Carter,Kadeem Jack,Jerome Seagears,Myles Mack
2012-13,2013-01-02,1257632,686,0,2,Syracuse,Rutgers,Orange,Scarlet Knights,4,3,77,50,27,1633,Syracuse,104,104,3,Brandon Triche makes a layup. James Southerland with the assist.,made,FALSE,FALSE,Layup Shot,26,6.25,513430,Brandon Triche,James Southerland,0,Syracuse,Syracuse,131,NA,C.J. Fair,Trevor Cooney,Michael Carter-Williams,Rakeem Christmas,Jerami Grant,Malick Kone,Eli Carter,Kadeem Jack,Jerome Seagears,Myles Mack
2012-13,2013-01-02,1257632,687,0,2,Syracuse,Rutgers,Orange,Scarlet Knights,4,3,77,50,27,1586,Rutgers,104,104,0,Shooting foul committed by Mike Poole.,NA,FALSE,FALSE,NA,NA,NA,NA,NA,NA,0,Syracuse,Syracuse,131,NA,C.J. Fair,Trevor Cooney,Michael Carter-Williams,Rakeem Christmas,Jerami Grant,Malick Kone,Eli Carter,Kadeem Jack,Jerome Seagears,Myles Mack
2012-13,2013-01-02,1257632,688,0,2,Syracuse,Rutgers,Orange,Scarlet Knights,4,3,78,50,28,1633,Syracuse,104,104,0,Brandon Triche makes free throw 1 of 1.,made,TRUE,FALSE,NA,NA,NA,NA,NA,NA,0,Syracuse,Rutgers,131,NA,C.J. Fair,Trevor Cooney,Michael Carter-Williams,Rakeem Christmas,Jerami Grant,Malick Kone,Eli Carter,Kadeem Jack,Jerome Seagears,Myles Mack
2012-13,2013-01-02,1257632,690,0,2,Syracuse,Rutgers,Orange,Scarlet Knights,4,3,78,50,28,1586,Rutgers,90,90,14,Vincent Garrett misses a jump shot from 12 feet out.,missed,FALSE,FALSE,Jump Shot,24.6,17.05,697188,Vincent Garrett,NA,0,Rutgers,Rutgers,132,NA,C.J. Fair,Trevor Cooney,Michael Carter-Williams,Rakeem Christmas,Jerami Grant,Malick Kone,Eli Carter,Kadeem Jack,Jerome Seagears,Myles Mack
2012-13,2013-01-02,1257632,691,0,2,Syracuse,Rutgers,Orange,Scarlet Knights,4,3,78,50,28,1633,Syracuse,90,90,0,DaJuan Coleman with a defensive rebound.,NA,FALSE,FALSE,NA,NA,NA,NA,NA,NA,0,Rutgers,Syracuse,132,NA,C.J. Fair,Trevor Cooney,Michael Carter-Williams,Rakeem Christmas,Jerami Grant,Malick Kone,Eli Carter,Kadeem Jack,Jerome Seagears,Myles Mack
2012-13,2013-01-02,1257632,693,0,2,Syracuse,Rutgers,Orange,Scarlet Knights,4,3,78,50,28,1633,Syracuse,80,80,10,Trevor Cooney misses a 3-point jump shot from 24 feet out.,missed,FALSE,TRUE,Jump Shot,14,26.25,609796,Trevor Cooney,NA,0,Syracuse,Syracuse,133,NA,C.J. Fair,Trevor Cooney,Michael Carter-Williams,Rakeem Christmas,Jerami Grant,Malick Kone,Eli Carter,Kadeem Jack,Jerome Seagears,Myles Mack
2012-13,2013-01-02,1257632,694,0,2,Syracuse,Rutgers,Orange,Scarlet Knights,4,3,78,50,28,1586,Rutgers,80,80,0,Mike Poole with a defensive rebound.,NA,FALSE,FALSE,NA,NA,NA,NA,NA,NA,0,Syracuse,Rutgers,133,NA,C.J. Fair,Trevor Cooney,Michael Carter-Williams,Rakeem Christmas,Jerami Grant,Malick Kone,Eli Carter,Kadeem Jack,Jerome Seagears,Myles Mack
2012-13,2013-01-02,1257632,697,0,2,Syracuse,Rutgers,Orange,Scarlet Knights,4,3,78,50,28,1633,Syracuse,76,76,4,Shooting foul committed by Trevor Cooney.,NA,FALSE,FALSE,NA,NA,NA,NA,NA,NA,0,Rutgers,Rutgers,134,NA,C.J. Fair,Trevor Cooney,Michael Carter-Williams,Rakeem Christmas,Jerami Grant,Malick Kone,Eli Carter,Kadeem Jack,Jerome Seagears,Myles Mack
2012-13,2013-01-02,1257632,698,0,2,Syracuse,Rutgers,Orange,Scarlet Knights,4,3,78,50,28,1586,Rutgers,76,76,0,Mike Poole misses free throw 1 of 2.,missed,TRUE,FALSE,NA,NA,NA,NA,NA,NA,0,Rutgers,Rutgers,134,NA,C.J. Fair,Trevor Cooney,Michael Carter-Williams,Rakeem Christmas,Jerami Grant,Malick Kone,Eli Carter,Kadeem Jack,Jerome Seagears,Myles Mack
2012-13,2013-01-02,1257632,700,0,2,Syracuse,Rutgers,Orange,Scarlet Knights,4,3,78,51,27,1586,Rutgers,76,76,0,Mike Poole makes free throw 2 of 2.,made,TRUE,FALSE,NA,NA,NA,NA,NA,NA,0,Rutgers,Syracuse,134,NA,C.J. Fair,Trevor Cooney,Michael Carter-Williams,Rakeem Christmas,Jerami Grant,Malick Kone,Eli Carter,Kadeem Jack,Jerome Seagears,Myles Mack
2012-13,2013-01-02,1257632,708,0,2,Syracuse,Rutgers,Orange,Scarlet Knights,4,3,78,51,27,1633,Syracuse,60,60,16,Nolan Hart misses a jump shot from 10 feet out.,missed,FALSE,FALSE,Jump Shot,26.1,15.349999999999994,575495,Nolan Hart,NA,0,Syracuse,Syracuse,135,NA,C.J. Fair,Trevor Cooney,Michael Carter-Williams,Rakeem Christmas,Jerami Grant,Malick Kone,Eli Carter,Kadeem Jack,Jerome Seagears,Myles Mack
2012-13,2013-01-02,1257632,709,0,2,Syracuse,Rutgers,Orange,Scarlet Knights,4,3,78,51,27,1586,Rutgers,60,60,0,Malick Kone with a defensive rebound.,NA,FALSE,FALSE,NA,NA,NA,NA,NA,NA,0,Syracuse,Rutgers,135,NA,C.J. Fair,Trevor Cooney,Michael Carter-Williams,Rakeem Christmas,Jerami Grant,Malick Kone,Eli Carter,Kadeem Jack,Jerome Seagears,Myles Mack
2012-13,2013-01-02,1257632,710,0,2,Syracuse,Rutgers,Orange,Scarlet Knights,4,3,78,51,27,1586,Rutgers,47,47,13,Derrick Randall misses a dunk.,missed,FALSE,FALSE,Dunk Shot,26,6.25,606316,Derrick Randall,NA,0,Rutgers,Rutgers,136,NA,C.J. Fair,Trevor Cooney,Michael Carter-Williams,Rakeem Christmas,Jerami Grant,Malick Kone,Eli Carter,Kadeem Jack,Jerome Seagears,Myles Mack
2012-13,2013-01-02,1257632,711,0,2,Syracuse,Rutgers,Orange,Scarlet Knights,4,3,78,51,27,1633,Syracuse,47,47,0,Noel Jones with a defensive rebound.,NA,FALSE,FALSE,NA,NA,NA,NA,NA,NA,0,Rutgers,Syracuse,136,NA,C.J. Fair,Trevor Cooney,Michael Carter-Williams,Rakeem Christmas,Jerami Grant,Malick Kone,Eli Carter,Kadeem Jack,Jerome Seagears,Myles Mack
2012-13,2013-01-02,1257632,715,0,2,Syracuse,Rutgers,Orange,Scarlet Knights,4,3,78,51,27,1633,Syracuse,12,12,35,Mike Poole steals the ball from Russ DeRemer.,NA,FALSE,FALSE,NA,NA,NA,NA,NA,NA,0,Syracuse,Rutgers,137,NA,C.J. Fair,Trevor Cooney,Michael Carter-Williams,Rakeem Christmas,Jerami Grant,Malick Kone,Eli Carter,Kadeem Jack,Jerome Seagears,Myles Mack
2012-13,2013-01-02,1257632,718,0,2,Syracuse,Rutgers,Orange,Scarlet Knights,4,3,78,51,27,1633,Syracuse,11,11,1,Shooting foul committed by Griffin Hoffmann.,NA,FALSE,FALSE,NA,NA,NA,NA,NA,NA,0,Rutgers,Rutgers,138,NA,C.J. Fair,Trevor Cooney,Michael Carter-Williams,Rakeem Christmas,Jerami Grant,Malick Kone,Eli Carter,Kadeem Jack,Jerome Seagears,Myles Mack
2012-13,2013-01-02,1257632,719,0,2,Syracuse,Rutgers,Orange,Scarlet Knights,4,3,78,52,26,1586,Rutgers,11,11,0,Vincent Garrett makes free throw 1 of 2.,made,TRUE,FALSE,NA,NA,NA,NA,NA,NA,0,Rutgers,Rutgers,138,NA,C.J. Fair,Trevor Cooney,Michael Carter-Williams,Rakeem Christmas,Jerami Grant,Malick Kone,Eli Carter,Kadeem Jack,Jerome Seagears,Myles Mack
2012-13,2013-01-02,1257632,720,0,2,Syracuse,Rutgers,Orange,Scarlet Knights,4,3,78,53,25,1586,Rutgers,11,11,0,Vincent Garrett makes free throw 2 of 2.,made,TRUE,FALSE,NA,NA,NA,NA,NA,NA,0,Rutgers,Syracuse,138,NA,C.J. Fair,Trevor Cooney,Michael Carter-Williams,Rakeem Christmas,Jerami Grant,Malick Kone,Eli Carter,Kadeem Jack,Jerome Seagears,Myles Mack
2012-13,2013-01-02,1257632,726,0,2,Syracuse,Rutgers,Orange,Scarlet Knights,4,3,78,53,25,1633,Syracuse,2,2,9,Mike Poole steals the ball from Griffin Hoffmann.,NA,FALSE,FALSE,NA,NA,NA,NA,NA,NA,0,Syracuse,Rutgers,139,NA,C.J. Fair,Trevor Cooney,Michael Carter-Williams,Rakeem Christmas,Jerami Grant,Malick Kone,Eli Carter,Kadeem Jack,Jerome Seagears,Myles Mack
2012-13,2013-01-02,1257632,728,0,2,Syracuse,Rutgers,Orange,Scarlet Knights,4,3,78,53,25,1586,Rutgers,1,1,1,Matt Lyde-Cajuste steals the ball from Mike Poole.,NA,FALSE,FALSE,NA,NA,NA,NA,NA,NA,0,Rutgers,NA,140,NA,C.J. Fair,Trevor Cooney,Michael Carter-Williams,Rakeem Christmas,Jerami Grant,Malick Kone,Eli Carter,Kadeem Jack,Jerome Seagears,Myles Mack
2012-13,2013-01-02,1257632,730,0,2,Syracuse,Rutgers,Orange,Scarlet Knights,4,3,78,53,25,NA,NA,0,0,1,End of the 2nd Half,NA,FALSE,FALSE,NA,NA,NA,NA,NA,NA,0,NA,NA,NA,NA,C.J. Fair,Trevor Cooney,Michael Carter-Williams,Rakeem Christmas,Jerami Grant,Malick Kone,Eli Carter,Kadeem Jack,Jerome Seagears,Myles Mack
2012-13,2013-01-02,1257632,731,0,2,Syracuse,Rutgers,Orange,Scarlet Knights,4,3,78,53,25,NA,NA,0,0,0,End of the Game,NA,FALSE,FALSE,NA,NA,NA,NA,NA,NA,0,Rutgers,Rutgers,NA,NA,C.J. Fair,Trevor Cooney,Michael Carter-Williams,Rakeem Christmas,Jerami Grant,Malick Kone,Eli Carter,Kadeem Jack,Jerome Seagears,Myles Mack
