season,date,game_id,play_id,neutral,half,home,away,home_name,away_name,home_timeouts,away_timeouts,home_score,away_score,score_diff,team_id,event_team,game_secs_remaining,half_secs_remaining,play_length,desc,shot_outcome,free_throw,three_pt,shot_desc,loc_x,loc_y,shooter_id,shooter,assist,substitution,poss_before,poss_after,poss_number,sub_error,home_1,home_2,home_3,home_4,home_5,away_1,away_2,away_3,away_4,away_5
2019-20,2020-02-01,2187339,1,0,1,Villanova,Creighton,Wildcats,Bluejays,4,4,0,0,0,1367,Creighton,NA,NA,NA,Starting Lineup - Mitch Ballock,NA,FALSE,FALSE,NA,NA,NA,NA,NA,NA,1,NA,NA,NA,NA,Cole Swider,Jermaine Samuels,Saddiq Bey,Jeremiah Robinson-Earl,Collin Gillespie,Mitch Ballock,Christian Bishop,Damien Jefferson,Marcus Zegarowski,Ty-Shon Alexander
2019-20,2020-02-01,2187339,1,0,1,Villanova,Creighton,Wildcats,Bluejays,4,4,0,0,0,1676,Villanova,NA,NA,NA,Starting Lineup - Cole Swider,NA,FALSE,FALSE,NA,NA,NA,NA,NA,NA,1,NA,NA,NA,NA,Cole Swider,Jermaine Samuels,Saddiq Bey,Jeremiah Robinson-Earl,Collin Gillespie,Mitch Ballock,Christian Bishop,Damien Jefferson,Marcus Zegarowski,Ty-Shon Alexander
2019-20,2020-02-01,2187339,1,0,1,Villanova,Creighton,Wildcats,Bluejays,4,4,0,0,0,1676,Villanova,NA,NA,NA,Starting Lineup - Jermaine Samuels,NA,FALSE,FALSE,NA,NA,NA,NA,NA,NA,1,NA,NA,NA,NA,Cole Swider,Jermaine Samuels,Saddiq Bey,Jeremiah Robinson-Earl,Collin Gillespie,Mitch Ballock,Christian Bishop,Damien Jefferson,Marcus Zegarowski,Ty-Shon Alexander
2019-20,2020-02-01,2187339,1,0,1,Villanova,Creighton,Wildcats,Bluejays,4,4,0,0,0,1676,Villanova,NA,NA,NA,Starting Lineup - Saddiq Bey,NA,FALSE,FALSE,NA,NA,NA,NA,NA,NA,1,NA,NA,NA,NA,Cole Swider,Jermaine Samuels,Saddiq Bey,Jeremiah Robinson-Earl,Collin Gillespie,Mitch Ballock,Christian Bishop,Damien Jefferson,Marcus Zegarowski,Ty-Shon Alexander
2019-20,2020-02-01,2187339,1,0,1,Villanova,Creighton,Wildcats,Bluejays,4,4,0,0,0,1676,Villanova,NA,NA,NA,Starting Lineup - Jeremiah Robinson-Earl,NA,FALSE,FALSE,NA,NA,NA,NA,NA,NA,1,NA,NA,NA,NA,Cole Swider,Jermaine Samuels,Saddiq Bey,Jeremiah Robinson-Earl,Collin Gillespie,Mitch Ballock,Christian Bishop,Damien Jefferson,Marcus Zegarowski,Ty-Shon Alexander
2019-20,2020-02-01,2187339,1,0,1,Villanova,Creighton,Wildcats,Bluejays,4,4,0,0,0,1676,Villanova,NA,NA,NA,Starting Lineup - Collin Gillespie,NA,FALSE,FALSE,NA,NA,NA,NA,NA,NA,1,NA,NA,NA,NA,Cole Swider,Jermaine Samuels,Saddiq Bey,Jeremiah Robinson-Earl,Collin Gillespie,Mitch Ballock,Christian Bishop,Damien Jefferson,Marcus Zegarowski,Ty-Shon Alexander
2019-20,2020-02-01,2187339,1,0,1,Villanova,Creighton,Wildcats,Bluejays,4,4,0,0,0,1367,Creighton,NA,NA,NA,Starting Lineup - Christian Bishop,NA,FALSE,FALSE,NA,NA,NA,NA,NA,NA,1,NA,NA,NA,NA,Cole Swider,Jermaine Samuels,Saddiq Bey,Jeremiah Robinson-Earl,Collin Gillespie,Mitch Ballock,Christian Bishop,Damien Jefferson,Marcus Zegarowski,Ty-Shon Alexander
2019-20,2020-02-01,2187339,1,0,1,Villanova,Creighton,Wildcats,Bluejays,4,4,0,0,0,1367,Creighton,NA,NA,NA,Starting Lineup - Damien Jefferson,NA,FALSE,FALSE,NA,NA,NA,NA,NA,NA,1,NA,NA,NA,NA,Cole Swider,Jermaine Samuels,Saddiq Bey,Jeremiah Robinson-Earl,Collin Gillespie,Mitch Ballock,Christian Bishop,Damien Jefferson,Marcus Zegarowski,Ty-Shon Alexander
2019-20,2020-02-01,2187339,1,0,1,Villanova,Creighton,Wildcats,Bluejays,4,4,0,0,0,1367,Creighton,NA,NA,NA,Starting Lineup - Marcus Zegarowski,NA,FALSE,FALSE,NA,NA,NA,NA,NA,NA,1,NA,NA,NA,NA,Cole Swider,Jermaine Samuels,Saddiq Bey,Jeremiah Robinson-Earl,Collin Gillespie,Mitch Ballock,Christian Bishop,Damien Jefferson,Marcus Zegarowski,Ty-Shon Alexander
2019-20,2020-02-01,2187339,1,0,1,Villanova,Creighton,Wildcats,Bluejays,4,4,0,0,0,1367,Creighton,NA,NA,NA,Starting Lineup - Ty-Shon Alexander,NA,FALSE,FALSE,NA,NA,NA,NA,NA,NA,1,NA,NA,NA,NA,Cole Swider,Jermaine Samuels,Saddiq Bey,Jeremiah Robinson-Earl,Collin Gillespie,Mitch Ballock,Christian Bishop,Damien Jefferson,Marcus Zegarowski,Ty-Shon Alexander
2019-20,2020-02-01,2187339,2,0,1,Villanova,Creighton,Wildcats,Bluejays,4,4,0,0,0,NA,NA,2400,1200,NA,Start of the 1st Half,NA,FALSE,FALSE,NA,NA,NA,NA,NA,NA,0,NA,Creighton,1,NA,Cole Swider,Jermaine Samuels,Saddiq Bey,Jeremiah Robinson-Earl,Collin Gillespie,Mitch Ballock,Christian Bishop,Damien Jefferson,Marcus Zegarowski,Ty-Shon Alexander
2019-20,2020-02-01,2187339,3,0,1,Villanova,Creighton,Wildcats,Bluejays,4,4,0,0,0,1676,Villanova,2383,1183,17,Shooting foul committed by Jeremiah Robinson-Earl.,NA,FALSE,FALSE,NA,NA,NA,NA,NA,NA,0,Creighton,Creighton,1,NA,Cole Swider,Jermaine Samuels,Saddiq Bey,Jeremiah Robinson-Earl,Collin Gillespie,Mitch Ballock,Christian Bishop,Damien Jefferson,Marcus Zegarowski,Ty-Shon Alexander
2019-20,2020-02-01,2187339,4,0,1,Villanova,Creighton,Wildcats,Bluejays,4,4,0,0,0,1367,Creighton,2383,1183,0,Christian Bishop misses free throw 1 of 2.,missed,TRUE,FALSE,NA,NA,NA,NA,NA,NA,0,Creighton,Creighton,1,NA,Cole Swider,Jermaine Samuels,Saddiq Bey,Jeremiah Robinson-Earl,Collin Gillespie,Mitch Ballock,Christian Bishop,Damien Jefferson,Marcus Zegarowski,Ty-Shon Alexander
2019-20,2020-02-01,2187339,6,0,1,Villanova,Creighton,Wildcats,Bluejays,4,4,0,1,-1,1367,Creighton,2383,1183,0,Christian Bishop makes free throw 2 of 2.,made,TRUE,FALSE,NA,NA,NA,NA,NA,NA,0,Creighton,Villanova,1,NA,Cole Swider,Jermaine Samuels,Saddiq Bey,Jeremiah Robinson-Earl,Collin Gillespie,Mitch Ballock,Christian Bishop,Damien Jefferson,Marcus Zegarowski,Ty-Shon Alexander
2019-20,2020-02-01,2187339,7,0,1,Villanova,Creighton,Wildcats,Bluejays,4,4,0,1,-1,1676,Villanova,2374,1174,9,Christian Bishop steals the ball from Jeremiah Robinson-Earl.,NA,FALSE,FALSE,NA,NA,NA,NA,NA,NA,0,Villanova,Creighton,2,NA,Cole Swider,Jermaine Samuels,Saddiq Bey,Jeremiah Robinson-Earl,Collin Gillespie,Mitch Ballock,Christian Bishop,Damien Jefferson,Marcus Zegarowski,Ty-Shon Alexander
2019-20,2020-02-01,2187339,8,0,1,Villanova,Creighton,Wildcats,Bluejays,4,4,0,1,-1,1367,Creighton,2354,1154,20,Christian Bishop misses a jump shot from 8 feet out.,missed,FALSE,FALSE,Jump Shot,18.6,9.55,1134617,Christian Bishop,NA,0,Creighton,Creighton,3,NA,Cole Swider,Jermaine Samuels,Saddiq Bey,Jeremiah Robinson-Earl,Collin Gillespie,Mitch Ballock,Christian Bishop,Damien Jefferson,Marcus Zegarowski,Ty-Shon Alexander
2019-20,2020-02-01,2187339,9,0,1,Villanova,Creighton,Wildcats,Bluejays,4,4,0,1,-1,1676,Villanova,2354,1154,0,Jeremiah Robinson-Earl with a defensive rebound.,NA,FALSE,FALSE,NA,NA,NA,NA,NA,NA,0,Creighton,Villanova,3,NA,Cole Swider,Jermaine Samuels,Saddiq Bey,Jeremiah Robinson-Earl,Collin Gillespie,Mitch Ballock,Christian Bishop,Damien Jefferson,Marcus Zegarowski,Ty-Shon Alexander
2019-20,2020-02-01,2187339,10,0,1,Villanova,Creighton,Wildcats,Bluejays,4,4,2,1,1,1676,Villanova,2331,1131,23,Jermaine Samuels makes a layup. Cole Swider with the assist.,made,FALSE,FALSE,Layup Shot,26,6.25,1070354,Jermaine Samuels,Cole Swider,0,Villanova,Creighton,4,NA,Cole Swider,Jermaine Samuels,Saddiq Bey,Jeremiah Robinson-Earl,Collin Gillespie,Mitch Ballock,Christian Bishop,Damien Jefferson,Marcus Zegarowski,Ty-Shon Alexander
2019-20,2020-02-01,2187339,11,0,1,Villanova,Creighton,Wildcats,Bluejays,4,4,2,1,1,1367,Creighton,2316,1116,15,Mitch Ballock misses a 3-point jump shot from 24 feet out.,missed,FALSE,TRUE,Jump Shot,25.9,28.75,1060387,Mitch Ballock,NA,0,Creighton,Creighton,5,NA,Cole Swider,Jermaine Samuels,Saddiq Bey,Jeremiah Robinson-Earl,Collin Gillespie,Mitch Ballock,Christian Bishop,Damien Jefferson,Marcus Zegarowski,Ty-Shon Alexander
2019-20,2020-02-01,2187339,12,0,1,Villanova,Creighton,Wildcats,Bluejays,4,4,2,1,1,1367,Creighton,2316,1116,0,Damien Jefferson with an offensive rebound.,NA,FALSE,FALSE,NA,NA,NA,NA,NA,NA,0,Creighton,Creighton,5,NA,Cole Swider,Jermaine Samuels,Saddiq Bey,Jeremiah Robinson-Earl,Collin Gillespie,Mitch Ballock,Christian Bishop,Damien Jefferson,Marcus Zegarowski,Ty-Shon Alexander
2019-20,2020-02-01,2187339,13,0,1,Villanova,Creighton,Wildcats,Bluejays,4,4,2,1,1,1367,Creighton,2309,1109,7,Marcus Zegarowski misses a 3-point jump shot from 24 feet out.,missed,FALSE,TRUE,Jump Shot,15.2,27.05,1134616,Marcus Zegarowski,NA,0,Creighton,Creighton,5,NA,Cole Swider,Jermaine Samuels,Saddiq Bey,Jeremiah Robinson-Earl,Collin Gillespie,Mitch Ballock,Christian Bishop,Damien Jefferson,Marcus Zegarowski,Ty-Shon Alexander
2019-20,2020-02-01,2187339,14,0,1,Villanova,Creighton,Wildcats,Bluejays,4,4,2,1,1,1676,Villanova,2309,1109,0,Collin Gillespie with a defensive rebound.,NA,FALSE,FALSE,NA,NA,NA,NA,NA,NA,0,Creighton,Villanova,5,NA,Cole Swider,Jermaine Samuels,Saddiq Bey,Jeremiah Robinson-Earl,Collin Gillespie,Mitch Ballock,Christian Bishop,Damien Jefferson,Marcus Zegarowski,Ty-Shon Alexander
2019-20,2020-02-01,2187339,15,0,1,Villanova,Creighton,Wildcats,Bluejays,4,4,2,1,1,1676,Villanova,2289,1089,20,Jermaine Samuels with a turnover - Traveling,NA,FALSE,FALSE,NA,NA,NA,NA,NA,NA,0,Villanova,Creighton,6,NA,Cole Swider,Jermaine Samuels,Saddiq Bey,Jeremiah Robinson-Earl,Collin Gillespie,Mitch Ballock,Christian Bishop,Damien Jefferson,Marcus Zegarowski,Ty-Shon Alexander
2019-20,2020-02-01,2187339,16,0,1,Villanova,Creighton,Wildcats,Bluejays,4,4,2,1,1,1367,Creighton,2263,1063,26,Christian Bishop misses a layup.,missed,FALSE,FALSE,Layup Shot,26,6.25,1134617,Christian Bishop,NA,0,Creighton,Creighton,7,NA,Cole Swider,Jermaine Samuels,Saddiq Bey,Jeremiah Robinson-Earl,Collin Gillespie,Mitch Ballock,Christian Bishop,Damien Jefferson,Marcus Zegarowski,Ty-Shon Alexander
2019-20,2020-02-01,2187339,17,0,1,Villanova,Creighton,Wildcats,Bluejays,4,4,2,1,1,1676,Villanova,2263,1063,0,Collin Gillespie with a defensive rebound.,NA,FALSE,FALSE,NA,NA,NA,NA,NA,NA,0,Creighton,Villanova,7,NA,Cole Swider,Jermaine Samuels,Saddiq Bey,Jeremiah Robinson-Earl,Collin Gillespie,Mitch Ballock,Christian Bishop,Damien Jefferson,Marcus Zegarowski,Ty-Shon Alexander
2019-20,2020-02-01,2187339,18,0,1,Villanova,Creighton,Wildcats,Bluejays,4,4,2,1,1,1676,Villanova,2252,1052,11,Jeremiah Robinson-Earl misses a jump shot from 5 feet out.,missed,FALSE,FALSE,Jump Shot,24.6,9.950000000000003,1176176,Jeremiah Robinson-Earl,NA,0,Villanova,Villanova,8,NA,Cole Swider,Jermaine Samuels,Saddiq Bey,Jeremiah Robinson-Earl,Collin Gillespie,Mitch Ballock,Christian Bishop,Damien Jefferson,Marcus Zegarowski,Ty-Shon Alexander
2019-20,2020-02-01,2187339,20,0,1,Villanova,Creighton,Wildcats,Bluejays,4,4,5,1,4,1676,Villanova,2244,1044,8,Collin Gillespie makes a 3-point jump shot from 24 feet out. Jeremiah Robinson-Earl with the assist.,made,FALSE,TRUE,Jump Shot,16.9,27.950000000000003,1070352,Collin Gillespie,Jeremiah Robinson-Earl,0,Villanova,Creighton,8,NA,Cole Swider,Jermaine Samuels,Saddiq Bey,Jeremiah Robinson-Earl,Collin Gillespie,Mitch Ballock,Christian Bishop,Damien Jefferson,Marcus Zegarowski,Ty-Shon Alexander
2019-20,2020-02-01,2187339,21,0,1,Villanova,Creighton,Wildcats,Bluejays,4,4,5,3,2,1367,Creighton,2225,1025,19,Ty-Shon Alexander makes a layup. Mitch Ballock with the assist.,made,FALSE,FALSE,Layup Shot,25,5.25,1060385,Ty-Shon Alexander,Mitch Ballock,0,Creighton,Villanova,9,NA,Cole Swider,Jermaine Samuels,Saddiq Bey,Jeremiah Robinson-Earl,Collin Gillespie,Mitch Ballock,Christian Bishop,Damien Jefferson,Marcus Zegarowski,Ty-Shon Alexander
2019-20,2020-02-01,2187339,22,0,1,Villanova,Creighton,Wildcats,Bluejays,4,4,5,3,2,1676,Villanova,2205,1005,20,Collin Gillespie misses a 3-point jump shot from 24 feet out.,missed,FALSE,TRUE,Jump Shot,24.4,28.950000000000003,1070352,Collin Gillespie,NA,0,Villanova,Villanova,10,NA,Cole Swider,Jermaine Samuels,Saddiq Bey,Jeremiah Robinson-Earl,Collin Gillespie,Mitch Ballock,Christian Bishop,Damien Jefferson,Marcus Zegarowski,Ty-Shon Alexander
2019-20,2020-02-01,2187339,23,0,1,Villanova,Creighton,Wildcats,Bluejays,4,4,5,3,2,1367,Creighton,2205,1005,0,Ty-Shon Alexander with a defensive rebound.,NA,FALSE,FALSE,NA,NA,NA,NA,NA,NA,0,Villanova,Creighton,10,NA,Cole Swider,Jermaine Samuels,Saddiq Bey,Jeremiah Robinson-Earl,Collin Gillespie,Mitch Ballock,Christian Bishop,Damien Jefferson,Marcus Zegarowski,Ty-Shon Alexander
2019-20,2020-02-01,2187339,24,0,1,Villanova,Creighton,Wildcats,Bluejays,4,4,5,6,-1,1367,Creighton,2188,988,17,Ty-Shon Alexander makes a 3-point jump shot from 23 feet out.,made,FALSE,TRUE,Jump Shot,6.5,19.75,1060385,Ty-Shon Alexander,NA,0,Creighton,Villanova,11,NA,Cole Swider,Jermaine Samuels,Saddiq Bey,Jeremiah Robinson-Earl,Collin Gillespie,Mitch Ballock,Christian Bishop,Damien Jefferson,Marcus Zegarowski,Ty-Shon Alexander
2019-20,2020-02-01,2187339,25,0,1,Villanova,Creighton,Wildcats,Bluejays,4,4,5,6,-1,1676,Villanova,2158,958,30,Cole Swider misses a 3-point jump shot from 24 feet out.,missed,FALSE,TRUE,Jump Shot,12.700000000000003,26.450000000000003,1138651,Cole Swider,NA,0,Villanova,Villanova,12,NA,Cole Swider,Jermaine Samuels,Saddiq Bey,Jeremiah Robinson-Earl,Collin Gillespie,Mitch Ballock,Christian Bishop,Damien Jefferson,Marcus Zegarowski,Ty-Shon Alexander
2019-20,2020-02-01,2187339,26,0,1,Villanova,Creighton,Wildcats,Bluejays,4,4,5,6,-1,1367,Creighton,2158,958,0,Ty-Shon Alexander with a defensive rebound.,NA,FALSE,FALSE,NA,NA,NA,NA,NA,NA,0,Villanova,Creighton,12,NA,Cole Swider,Jermaine Samuels,Saddiq Bey,Jeremiah Robinson-Earl,Collin Gillespie,Mitch Ballock,Christian Bishop,Damien Jefferson,Marcus Zegarowski,Ty-Shon Alexander
2019-20,2020-02-01,2187339,27,0,1,Villanova,Creighton,Wildcats,Bluejays,4,4,5,8,-3,1367,Creighton,2139,939,19,Marcus Zegarowski makes a layup.,made,FALSE,FALSE,Layup Shot,26,6.25,1134616,Marcus Zegarowski,NA,0,Creighton,Villanova,13,NA,Cole Swider,Jermaine Samuels,Saddiq Bey,Jeremiah Robinson-Earl,Collin Gillespie,Mitch Ballock,Christian Bishop,Damien Jefferson,Marcus Zegarowski,Ty-Shon Alexander
2019-20,2020-02-01,2187339,28,0,1,Villanova,Creighton,Wildcats,Bluejays,4,4,5,8,-3,1676,Villanova,2117,917,22,Collin Gillespie misses a 3-point jump shot from 23 feet out.,missed,FALSE,TRUE,Jump Shot,6.5,19.450000000000003,1070352,Collin Gillespie,NA,0,Villanova,Villanova,14,NA,Cole Swider,Jermaine Samuels,Saddiq Bey,Jeremiah Robinson-Earl,Collin Gillespie,Mitch Ballock,Christian Bishop,Damien Jefferson,Marcus Zegarowski,Ty-Shon Alexander
2019-20,2020-02-01,2187339,29,0,1,Villanova,Creighton,Wildcats,Bluejays,4,4,5,8,-3,1367,Creighton,2117,917,0,Damien Jefferson with a defensive rebound.,NA,FALSE,FALSE,NA,NA,NA,NA,NA,NA,0,Villanova,Creighton,14,NA,Cole Swider,Jermaine Samuels,Saddiq Bey,Jeremiah Robinson-Earl,Collin Gillespie,Mitch Ballock,Christian Bishop,Damien Jefferson,Marcus Zegarowski,Ty-Shon Alexander
2019-20,2020-02-01,2187339,30,0,1,Villanova,Creighton,Wildcats,Bluejays,4,4,5,8,-3,1367,Creighton,2092,892,25,Damien Jefferson with a turnover - Stepped Out of Bounds,NA,FALSE,FALSE,NA,NA,NA,NA,NA,NA,0,Creighton,Villanova,15,NA,Cole Swider,Jermaine Samuels,Saddiq Bey,Jeremiah Robinson-Earl,Collin Gillespie,Mitch Ballock,Christian Bishop,Damien Jefferson,Marcus Zegarowski,Ty-Shon Alexander
2019-20,2020-02-01,2187339,31,0,1,Villanova,Creighton,Wildcats,Bluejays,4,4,5,8,-3,NA,NA,2092,892,0,Official TV timeout.,NA,FALSE,FALSE,NA,NA,NA,NA,NA,NA,0,NA,NA,NA,NA,Cole Swider,Jermaine Samuels,Saddiq Bey,Jeremiah Robinson-Earl,Collin Gillespie,Mitch Ballock,Christian Bishop,Damien Jefferson,Marcus Zegarowski,Ty-Shon Alexander
2019-20,2020-02-01,2187339,32,0,1,Villanova,Creighton,Wildcats,Bluejays,4,4,5,8,-3,1367,Creighton,2092,892,0,Substitution: Kelvin Jones in for Christian Bishop.,NA,FALSE,FALSE,NA,NA,NA,NA,NA,NA,1,NA,NA,NA,NA,Cole Swider,Jermaine Samuels,Saddiq Bey,Jeremiah Robinson-Earl,Collin Gillespie,Mitch Ballock,Kelvin Jones,Damien Jefferson,Marcus Zegarowski,Ty-Shon Alexander
2019-20,2020-02-01,2187339,33,0,1,Villanova,Creighton,Wildcats,Bluejays,4,4,5,8,-3,1676,Villanova,2092,892,0,Substitution: Justin Moore in for Cole Swider.,NA,FALSE,FALSE,NA,NA,NA,NA,NA,NA,1,NA,NA,NA,NA,Justin Moore,Jermaine Samuels,Saddiq Bey,Jeremiah Robinson-Earl,Collin Gillespie,Mitch Ballock,Kelvin Jones,Damien Jefferson,Marcus Zegarowski,Ty-Shon Alexander
2019-20,2020-02-01,2187339,34,0,1,Villanova,Creighton,Wildcats,Bluejays,4,4,5,8,-3,1676,Villanova,2076,876,16,Saddiq Bey misses a 3-point jump shot from 24 feet out.,missed,FALSE,TRUE,Jump Shot,6.5,20.150000000000006,1138653,Saddiq Bey,NA,0,Villanova,Villanova,16,NA,Justin Moore,Jermaine Samuels,Saddiq Bey,Jeremiah Robinson-Earl,Collin Gillespie,Mitch Ballock,Kelvin Jones,Damien Jefferson,Marcus Zegarowski,Ty-Shon Alexander
2019-20,2020-02-01,2187339,35,0,1,Villanova,Creighton,Wildcats,Bluejays,4,4,5,8,-3,1367,Creighton,2076,876,0,Ty-Shon Alexander with a defensive rebound.,NA,FALSE,FALSE,NA,NA,NA,NA,NA,NA,0,Villanova,Creighton,16,NA,Justin Moore,Jermaine Samuels,Saddiq Bey,Jeremiah Robinson-Earl,Collin Gillespie,Mitch Ballock,Kelvin Jones,Damien Jefferson,Marcus Zegarowski,Ty-Shon Alexander
2019-20,2020-02-01,2187339,36,0,1,Villanova,Creighton,Wildcats,Bluejays,4,4,5,11,-6,1367,Creighton,2067,867,9,Mitch Ballock makes a 3-point jump shot from 22 feet out. Damien Jefferson with the assist.,made,FALSE,TRUE,Jump Shot,2.8000000000000007,8.35,1060387,Mitch Ballock,Damien Jefferson,0,Creighton,Villanova,17,NA,Justin Moore,Jermaine Samuels,Saddiq Bey,Jeremiah Robinson-Earl,Collin Gillespie,Mitch Ballock,Kelvin Jones,Damien Jefferson,Marcus Zegarowski,Ty-Shon Alexander
2019-20,2020-02-01,2187339,37,0,1,Villanova,Creighton,Wildcats,Bluejays,4,4,5,11,-6,1676,Villanova,2048,848,19,Collin Gillespie misses a 3-point jump shot from 23 feet out.,missed,FALSE,TRUE,Jump Shot,13.700000000000003,25.75,1070352,Collin Gillespie,NA,0,Villanova,Villanova,18,NA,Justin Moore,Jermaine Samuels,Saddiq Bey,Jeremiah Robinson-Earl,Collin Gillespie,Mitch Ballock,Kelvin Jones,Damien Jefferson,Marcus Zegarowski,Ty-Shon Alexander
2019-20,2020-02-01,2187339,38,0,1,Villanova,Creighton,Wildcats,Bluejays,4,4,5,11,-6,1367,Creighton,2048,848,0,Kelvin Jones with a defensive rebound.,NA,FALSE,FALSE,NA,NA,NA,NA,NA,NA,0,Villanova,Creighton,18,NA,Justin Moore,Jermaine Samuels,Saddiq Bey,Jeremiah Robinson-Earl,Collin Gillespie,Mitch Ballock,Kelvin Jones,Damien Jefferson,Marcus Zegarowski,Ty-Shon Alexander
2019-20,2020-02-01,2187339,39,0,1,Villanova,Creighton,Wildcats,Bluejays,4,4,5,11,-6,1367,Creighton,2033,833,15,Damien Jefferson misses a jump shot from 11 feet out.,missed,FALSE,FALSE,Jump Shot,33.8,11.25,953060,Damien Jefferson,NA,0,Creighton,Creighton,19,NA,Justin Moore,Jermaine Samuels,Saddiq Bey,Jeremiah Robinson-Earl,Collin Gillespie,Mitch Ballock,Kelvin Jones,Damien Jefferson,Marcus Zegarowski,Ty-Shon Alexander
2019-20,2020-02-01,2187339,40,0,1,Villanova,Creighton,Wildcats,Bluejays,4,4,5,11,-6,1367,Creighton,2033,833,0,Kelvin Jones with an offensive rebound.,NA,FALSE,FALSE,NA,NA,NA,NA,NA,NA,0,Creighton,Creighton,19,NA,Justin Moore,Jermaine Samuels,Saddiq Bey,Jeremiah Robinson-Earl,Collin Gillespie,Mitch Ballock,Kelvin Jones,Damien Jefferson,Marcus Zegarowski,Ty-Shon Alexander
2019-20,2020-02-01,2187339,41,0,1,Villanova,Creighton,Wildcats,Bluejays,4,4,5,11,-6,1367,Creighton,2029,829,4,Kelvin Jones misses a layup.,missed,FALSE,FALSE,Layup Shot,26,6.25,952657,Kelvin Jones,NA,0,Creighton,Creighton,19,NA,Justin Moore,Jermaine Samuels,Saddiq Bey,Jeremiah Robinson-Earl,Collin Gillespie,Mitch Ballock,Kelvin Jones,Damien Jefferson,Marcus Zegarowski,Ty-Shon Alexander
2019-20,2020-02-01,2187339,42,0,1,Villanova,Creighton,Wildcats,Bluejays,4,4,5,11,-6,1676,Villanova,2029,829,0,Jeremiah Robinson-Earl with a defensive rebound.,NA,FALSE,FALSE,NA,NA,NA,NA,NA,NA,0,Creighton,Villanova,19,NA,Justin Moore,Jermaine Samuels,Saddiq Bey,Jeremiah Robinson-Earl,Collin Gillespie,Mitch Ballock,Kelvin Jones,Damien Jefferson,Marcus Zegarowski,Ty-Shon Alexander
2019-20,2020-02-01,2187339,43,0,1,Villanova,Creighton,Wildcats,Bluejays,4,4,5,11,-6,1367,Creighton,2025,825,4,Personal foul committed by Kelvin Jones.,NA,FALSE,FALSE,NA,NA,NA,NA,NA,NA,0,Villanova,Villanova,20,NA,Justin Moore,Jermaine Samuels,Saddiq Bey,Jeremiah Robinson-Earl,Collin Gillespie,Mitch Ballock,Kelvin Jones,Damien Jefferson,Marcus Zegarowski,Ty-Shon Alexander
2019-20,2020-02-01,2187339,44,0,1,Villanova,Creighton,Wildcats,Bluejays,4,4,5,11,-6,1367,Creighton,2025,825,0,Substitution: Denzel Mahoney in for Damien Jefferson.,NA,FALSE,FALSE,NA,NA,NA,NA,NA,NA,1,NA,NA,NA,NA,Justin Moore,Jermaine Samuels,Saddiq Bey,Jeremiah Robinson-Earl,Collin Gillespie,Mitch Ballock,Kelvin Jones,Denzel Mahoney,Marcus Zegarowski,Ty-Shon Alexander
2019-20,2020-02-01,2187339,45,0,1,Villanova,Creighton,Wildcats,Bluejays,4,4,5,11,-6,1676,Villanova,2025,825,0,Substitution: Cole Swider in for Jermaine Samuels.,NA,FALSE,FALSE,NA,NA,NA,NA,NA,NA,1,NA,NA,NA,NA,Justin Moore,Cole Swider,Saddiq Bey,Jeremiah Robinson-Earl,Collin Gillespie,Mitch Ballock,Kelvin Jones,Denzel Mahoney,Marcus Zegarowski,Ty-Shon Alexander
2019-20,2020-02-01,2187339,46,0,1,Villanova,Creighton,Wildcats,Bluejays,4,4,5,11,-6,1676,Villanova,2018,818,7,Mitch Ballock steals the ball from Collin Gillespie.,NA,FALSE,FALSE,NA,NA,NA,NA,NA,NA,0,Villanova,Creighton,20,NA,Justin Moore,Cole Swider,Saddiq Bey,Jeremiah Robinson-Earl,Collin Gillespie,Mitch Ballock,Kelvin Jones,Denzel Mahoney,Marcus Zegarowski,Ty-Shon Alexander
2019-20,2020-02-01,2187339,47,0,1,Villanova,Creighton,Wildcats,Bluejays,4,4,5,11,-6,1367,Creighton,2007,807,11,Denzel Mahoney misses a 3-point jump shot from 23 feet out.,missed,FALSE,TRUE,Jump Shot,2.3000000000000007,6.85,955069,Denzel Mahoney,NA,0,Creighton,Creighton,21,NA,Justin Moore,Cole Swider,Saddiq Bey,Jeremiah Robinson-Earl,Collin Gillespie,Mitch Ballock,Kelvin Jones,Denzel Mahoney,Marcus Zegarowski,Ty-Shon Alexander
2019-20,2020-02-01,2187339,48,0,1,Villanova,Creighton,Wildcats,Bluejays,4,4,5,11,-6,1676,Villanova,2007,807,0,Saddiq Bey with a defensive rebound.,NA,FALSE,FALSE,NA,NA,NA,NA,NA,NA,0,Creighton,Villanova,21,NA,Justin Moore,Cole Swider,Saddiq Bey,Jeremiah Robinson-Earl,Collin Gillespie,Mitch Ballock,Kelvin Jones,Denzel Mahoney,Marcus Zegarowski,Ty-Shon Alexander
2019-20,2020-02-01,2187339,49,0,1,Villanova,Creighton,Wildcats,Bluejays,4,4,8,11,-3,1676,Villanova,1988,788,19,Justin Moore makes a 3-point jump shot from 23 feet out. Saddiq Bey with the assist.,made,FALSE,TRUE,Jump Shot,2.5,10.549999999999997,1176163,Justin Moore,Saddiq Bey,0,Villanova,Creighton,22,NA,Justin Moore,Cole Swider,Saddiq Bey,Jeremiah Robinson-Earl,Collin Gillespie,Mitch Ballock,Kelvin Jones,Denzel Mahoney,Marcus Zegarowski,Ty-Shon Alexander
2019-20,2020-02-01,2187339,50,0,1,Villanova,Creighton,Wildcats,Bluejays,4,4,8,11,-3,1367,Creighton,1966,766,22,Marcus Zegarowski misses a 3-point jump shot from 24 feet out.,missed,FALSE,TRUE,Jump Shot,9.6,24.25,1134616,Marcus Zegarowski,NA,0,Creighton,Creighton,23,NA,Justin Moore,Cole Swider,Saddiq Bey,Jeremiah Robinson-Earl,Collin Gillespie,Mitch Ballock,Kelvin Jones,Denzel Mahoney,Marcus Zegarowski,Ty-Shon Alexander
2019-20,2020-02-01,2187339,51,0,1,Villanova,Creighton,Wildcats,Bluejays,4,4,8,11,-3,1367,Creighton,1966,766,0,Kelvin Jones with an offensive rebound.,NA,FALSE,FALSE,NA,NA,NA,NA,NA,NA,0,Creighton,Creighton,23,NA,Justin Moore,Cole Swider,Saddiq Bey,Jeremiah Robinson-Earl,Collin Gillespie,Mitch Ballock,Kelvin Jones,Denzel Mahoney,Marcus Zegarowski,Ty-Shon Alexander
2019-20,2020-02-01,2187339,52,0,1,Villanova,Creighton,Wildcats,Bluejays,4,4,8,11,-3,1676,Villanova,1948,748,18,Personal foul committed by Collin Gillespie.,NA,FALSE,FALSE,NA,NA,NA,NA,NA,NA,0,Creighton,Creighton,23,NA,Justin Moore,Cole Swider,Saddiq Bey,Jeremiah Robinson-Earl,Collin Gillespie,Mitch Ballock,Kelvin Jones,Denzel Mahoney,Marcus Zegarowski,Ty-Shon Alexander
2019-20,2020-02-01,2187339,53,0,1,Villanova,Creighton,Wildcats,Bluejays,4,4,8,11,-3,1367,Creighton,1948,748,0,Substitution: Christian Bishop in for Kelvin Jones.,NA,FALSE,FALSE,NA,NA,NA,NA,NA,NA,1,NA,NA,NA,NA,Justin Moore,Cole Swider,Saddiq Bey,Jeremiah Robinson-Earl,Collin Gillespie,Mitch Ballock,Christian Bishop,Denzel Mahoney,Marcus Zegarowski,Ty-Shon Alexander
2019-20,2020-02-01,2187339,54,0,1,Villanova,Creighton,Wildcats,Bluejays,4,4,8,11,-3,1676,Villanova,1948,748,0,Substitution: Jermaine Samuels in for Jeremiah Robinson-Earl.,NA,FALSE,FALSE,NA,NA,NA,NA,NA,NA,1,NA,NA,NA,NA,Justin Moore,Cole Swider,Saddiq Bey,Jermaine Samuels,Collin Gillespie,Mitch Ballock,Christian Bishop,Denzel Mahoney,Marcus Zegarowski,Ty-Shon Alexander
2019-20,2020-02-01,2187339,55,0,1,Villanova,Creighton,Wildcats,Bluejays,4,4,8,11,-3,1367,Creighton,1935,735,13,Mitch Ballock misses a 3-point jump shot from 24 feet out.,missed,FALSE,TRUE,Jump Shot,42.4,21.85,1060387,Mitch Ballock,NA,0,Creighton,Creighton,23,NA,Justin Moore,Cole Swider,Saddiq Bey,Jermaine Samuels,Collin Gillespie,Mitch Ballock,Christian Bishop,Denzel Mahoney,Marcus Zegarowski,Ty-Shon Alexander
2019-20,2020-02-01,2187339,56,0,1,Villanova,Creighton,Wildcats,Bluejays,4,4,8,11,-3,1676,Villanova,1935,735,0,Saddiq Bey with a defensive rebound.,NA,FALSE,FALSE,NA,NA,NA,NA,NA,NA,0,Creighton,Villanova,23,NA,Justin Moore,Cole Swider,Saddiq Bey,Jermaine Samuels,Collin Gillespie,Mitch Ballock,Christian Bishop,Denzel Mahoney,Marcus Zegarowski,Ty-Shon Alexander
2019-20,2020-02-01,2187339,57,0,1,Villanova,Creighton,Wildcats,Bluejays,4,4,8,11,-3,1676,Villanova,1924,724,11,Saddiq Bey misses a 3-point jump shot from 24 feet out.,missed,FALSE,TRUE,Jump Shot,35.5,26.75,1138653,Saddiq Bey,NA,0,Villanova,Villanova,24,NA,Justin Moore,Cole Swider,Saddiq Bey,Jermaine Samuels,Collin Gillespie,Mitch Ballock,Christian Bishop,Denzel Mahoney,Marcus Zegarowski,Ty-Shon Alexander
2019-20,2020-02-01,2187339,58,0,1,Villanova,Creighton,Wildcats,Bluejays,4,4,8,11,-3,1367,Creighton,1924,724,0,Christian Bishop with a defensive rebound.,NA,FALSE,FALSE,NA,NA,NA,NA,NA,NA,0,Villanova,Creighton,24,NA,Justin Moore,Cole Swider,Saddiq Bey,Jermaine Samuels,Collin Gillespie,Mitch Ballock,Christian Bishop,Denzel Mahoney,Marcus Zegarowski,Ty-Shon Alexander
2019-20,2020-02-01,2187339,59,0,1,Villanova,Creighton,Wildcats,Bluejays,4,4,8,11,-3,1367,Creighton,1916,716,8,Ty-Shon Alexander with a turnover - Traveling,NA,FALSE,FALSE,NA,NA,NA,NA,NA,NA,0,Creighton,Villanova,25,NA,Justin Moore,Cole Swider,Saddiq Bey,Jermaine Samuels,Collin Gillespie,Mitch Ballock,Christian Bishop,Denzel Mahoney,Marcus Zegarowski,Ty-Shon Alexander
2019-20,2020-02-01,2187339,60,0,1,Villanova,Creighton,Wildcats,Bluejays,4,4,8,11,-3,NA,NA,1916,716,0,Official TV timeout.,NA,FALSE,FALSE,NA,NA,NA,NA,NA,NA,0,NA,NA,NA,NA,Justin Moore,Cole Swider,Saddiq Bey,Jermaine Samuels,Collin Gillespie,Mitch Ballock,Christian Bishop,Denzel Mahoney,Marcus Zegarowski,Ty-Shon Alexander
2019-20,2020-02-01,2187339,61,0,1,Villanova,Creighton,Wildcats,Bluejays,4,4,8,11,-3,1676,Villanova,1904,704,12,Saddiq Bey misses a jump shot from 16 feet out.,missed,FALSE,FALSE,Jump Shot,20,20.849999999999994,1138653,Saddiq Bey,NA,0,Villanova,Villanova,26,NA,Justin Moore,Cole Swider,Saddiq Bey,Jermaine Samuels,Collin Gillespie,Mitch Ballock,Christian Bishop,Denzel Mahoney,Marcus Zegarowski,Ty-Shon Alexander
2019-20,2020-02-01,2187339,62,0,1,Villanova,Creighton,Wildcats,Bluejays,4,4,8,11,-3,1367,Creighton,1904,704,0,Ty-Shon Alexander with a defensive rebound.,NA,FALSE,FALSE,NA,NA,NA,NA,NA,NA,0,Villanova,Creighton,26,NA,Justin Moore,Cole Swider,Saddiq Bey,Jermaine Samuels,Collin Gillespie,Mitch Ballock,Christian Bishop,Denzel Mahoney,Marcus Zegarowski,Ty-Shon Alexander
2019-20,2020-02-01,2187339,63,0,1,Villanova,Creighton,Wildcats,Bluejays,4,4,8,13,-5,1367,Creighton,1889,689,15,Marcus Zegarowski makes a jump shot from 17 feet out. Christian Bishop with the assist.,made,FALSE,FALSE,Jump Shot,18.3,21.15,1134616,Marcus Zegarowski,Christian Bishop,0,Creighton,Villanova,27,NA,Justin Moore,Cole Swider,Saddiq Bey,Jermaine Samuels,Collin Gillespie,Mitch Ballock,Christian Bishop,Denzel Mahoney,Marcus Zegarowski,Ty-Shon Alexander
2019-20,2020-02-01,2187339,64,0,1,Villanova,Creighton,Wildcats,Bluejays,4,4,8,13,-5,1676,Villanova,1872,672,17,Jermaine Samuels misses a jump shot from 9 feet out.,missed,FALSE,FALSE,Jump Shot,17.4,9.450000000000003,1070354,Jermaine Samuels,NA,0,Villanova,Villanova,28,NA,Justin Moore,Cole Swider,Saddiq Bey,Jermaine Samuels,Collin Gillespie,Mitch Ballock,Christian Bishop,Denzel Mahoney,Marcus Zegarowski,Ty-Shon Alexander
2019-20,2020-02-01,2187339,65,0,1,Villanova,Creighton,Wildcats,Bluejays,4,4,8,13,-5,1367,Creighton,1872,672,0,Ty-Shon Alexander with a defensive rebound.,NA,FALSE,FALSE,NA,NA,NA,NA,NA,NA,0,Villanova,Creighton,28,NA,Justin Moore,Cole Swider,Saddiq Bey,Jermaine Samuels,Collin Gillespie,Mitch Ballock,Christian Bishop,Denzel Mahoney,Marcus Zegarowski,Ty-Shon Alexander
2019-20,2020-02-01,2187339,66,0,1,Villanova,Creighton,Wildcats,Bluejays,4,4,8,15,-7,1367,Creighton,1856,656,16,Denzel Mahoney makes a jump shot from 8 feet out.,made,FALSE,FALSE,Jump Shot,26.3,13.45,955069,Denzel Mahoney,NA,0,Creighton,Villanova,29,NA,Justin Moore,Cole Swider,Saddiq Bey,Jermaine Samuels,Collin Gillespie,Mitch Ballock,Christian Bishop,Denzel Mahoney,Marcus Zegarowski,Ty-Shon Alexander
2019-20,2020-02-01,2187339,67,0,1,Villanova,Creighton,Wildcats,Bluejays,4,4,8,15,-7,1676,Villanova,1822,622,34,Denzel Mahoney steals the ball from Cole Swider.,NA,FALSE,FALSE,NA,NA,NA,NA,NA,NA,0,Villanova,Creighton,30,NA,Justin Moore,Cole Swider,Saddiq Bey,Jermaine Samuels,Collin Gillespie,Mitch Ballock,Christian Bishop,Denzel Mahoney,Marcus Zegarowski,Ty-Shon Alexander
2019-20,2020-02-01,2187339,68,0,1,Villanova,Creighton,Wildcats,Bluejays,4,4,8,15,-7,1367,Creighton,1815,615,7,Ty-Shon Alexander misses a 3-point jump shot from 22 feet out.,missed,FALSE,TRUE,Jump Shot,46.9,7.85,1060385,Ty-Shon Alexander,NA,0,Creighton,Creighton,31,NA,Justin Moore,Cole Swider,Saddiq Bey,Jermaine Samuels,Collin Gillespie,Mitch Ballock,Christian Bishop,Denzel Mahoney,Marcus Zegarowski,Ty-Shon Alexander
2019-20,2020-02-01,2187339,69,0,1,Villanova,Creighton,Wildcats,Bluejays,4,4,8,15,-7,1676,Villanova,1815,615,0,Jermaine Samuels with a defensive rebound.,NA,FALSE,FALSE,NA,NA,NA,NA,NA,NA,0,Creighton,Villanova,31,NA,Justin Moore,Cole Swider,Saddiq Bey,Jermaine Samuels,Collin Gillespie,Mitch Ballock,Christian Bishop,Denzel Mahoney,Marcus Zegarowski,Ty-Shon Alexander
2019-20,2020-02-01,2187339,70,0,1,Villanova,Creighton,Wildcats,Bluejays,4,4,8,15,-7,1676,Villanova,1797,597,18,Cole Swider misses a 3-point jump shot from 24 feet out.,missed,FALSE,TRUE,Jump Shot,13.200000000000003,25.549999999999997,1138651,Cole Swider,NA,0,Villanova,Villanova,32,NA,Justin Moore,Cole Swider,Saddiq Bey,Jermaine Samuels,Collin Gillespie,Mitch Ballock,Christian Bishop,Denzel Mahoney,Marcus Zegarowski,Ty-Shon Alexander
2019-20,2020-02-01,2187339,71,0,1,Villanova,Creighton,Wildcats,Bluejays,4,4,8,15,-7,1367,Creighton,1797,597,0,Marcus Zegarowski with a defensive rebound.,NA,FALSE,FALSE,NA,NA,NA,NA,NA,NA,0,Villanova,Creighton,32,NA,Justin Moore,Cole Swider,Saddiq Bey,Jermaine Samuels,Collin Gillespie,Mitch Ballock,Christian Bishop,Denzel Mahoney,Marcus Zegarowski,Ty-Shon Alexander
2019-20,2020-02-01,2187339,72,0,1,Villanova,Creighton,Wildcats,Bluejays,4,4,8,15,-7,1367,Creighton,1782,582,15,Christian Bishop misses a jump shot from 5 feet out.,missed,FALSE,FALSE,Jump Shot,21.7,8.85,1134617,Christian Bishop,NA,0,Creighton,Creighton,33,NA,Justin Moore,Cole Swider,Saddiq Bey,Jermaine Samuels,Collin Gillespie,Mitch Ballock,Christian Bishop,Denzel Mahoney,Marcus Zegarowski,Ty-Shon Alexander
2019-20,2020-02-01,2187339,73,0,1,Villanova,Creighton,Wildcats,Bluejays,4,4,8,15,-7,1676,Villanova,1782,582,0,Cole Swider with a defensive rebound.,NA,FALSE,FALSE,NA,NA,NA,NA,NA,NA,0,Creighton,Villanova,33,NA,Justin Moore,Cole Swider,Saddiq Bey,Jermaine Samuels,Collin Gillespie,Mitch Ballock,Christian Bishop,Denzel Mahoney,Marcus Zegarowski,Ty-Shon Alexander
2019-20,2020-02-01,2187339,74,0,1,Villanova,Creighton,Wildcats,Bluejays,4,4,8,15,-7,1676,Villanova,1766,566,16,Justin Moore misses a 3-point jump shot from 24 feet out.,missed,FALSE,TRUE,Jump Shot,7.399999999999999,21.450000000000003,1176163,Justin Moore,NA,0,Villanova,Creighton,34,NA,Justin Moore,Cole Swider,Saddiq Bey,Jermaine Samuels,Collin Gillespie,Mitch Ballock,Christian Bishop,Denzel Mahoney,Marcus Zegarowski,Ty-Shon Alexander
2019-20,2020-02-01,2187339,76,0,1,Villanova,Creighton,Wildcats,Bluejays,4,4,8,15,-7,1676,Villanova,1761,561,5,Substitution: Jeremiah Robinson-Earl in for Jermaine Samuels.,NA,FALSE,FALSE,NA,NA,NA,NA,NA,NA,1,NA,NA,NA,NA,Justin Moore,Cole Swider,Saddiq Bey,Jeremiah Robinson-Earl,Collin Gillespie,Mitch Ballock,Christian Bishop,Denzel Mahoney,Marcus Zegarowski,Ty-Shon Alexander
2019-20,2020-02-01,2187339,77,0,1,Villanova,Creighton,Wildcats,Bluejays,4,4,8,15,-7,1676,Villanova,1761,561,0,Substitution: Brandon Slater in for Cole Swider.,NA,FALSE,FALSE,NA,NA,NA,NA,NA,NA,1,NA,NA,NA,NA,Justin Moore,Brandon Slater,Saddiq Bey,Jeremiah Robinson-Earl,Collin Gillespie,Mitch Ballock,Christian Bishop,Denzel Mahoney,Marcus Zegarowski,Ty-Shon Alexander
2019-20,2020-02-01,2187339,78,0,1,Villanova,Creighton,Wildcats,Bluejays,4,4,8,15,-7,1367,Creighton,1761,561,0,Substitution: Kelvin Jones in for Christian Bishop.,NA,FALSE,FALSE,NA,NA,NA,NA,NA,NA,1,NA,NA,NA,NA,Justin Moore,Brandon Slater,Saddiq Bey,Jeremiah Robinson-Earl,Collin Gillespie,Mitch Ballock,Kelvin Jones,Denzel Mahoney,Marcus Zegarowski,Ty-Shon Alexander
2019-20,2020-02-01,2187339,79,0,1,Villanova,Creighton,Wildcats,Bluejays,4,4,8,15,-7,1367,Creighton,1761,561,0,Substitution: Damien Jefferson in for Ty-Shon Alexander.,NA,FALSE,FALSE,NA,NA,NA,NA,NA,NA,1,NA,NA,NA,NA,Justin Moore,Brandon Slater,Saddiq Bey,Jeremiah Robinson-Earl,Collin Gillespie,Mitch Ballock,Kelvin Jones,Denzel Mahoney,Marcus Zegarowski,Damien Jefferson
2019-20,2020-02-01,2187339,80,0,1,Villanova,Creighton,Wildcats,Bluejays,4,4,8,18,-10,1367,Creighton,1747,547,14,Mitch Ballock makes a 3-point jump shot from 24 feet out. Marcus Zegarowski with the assist.,made,FALSE,TRUE,Jump Shot,23.6,29.65,1060387,Mitch Ballock,Marcus Zegarowski,0,Creighton,Villanova,35,NA,Justin Moore,Brandon Slater,Saddiq Bey,Jeremiah Robinson-Earl,Collin Gillespie,Mitch Ballock,Kelvin Jones,Denzel Mahoney,Marcus Zegarowski,Damien Jefferson
2019-20,2020-02-01,2187339,81,0,1,Villanova,Creighton,Wildcats,Bluejays,4,4,8,18,-10,1367,Creighton,1722,522,25,Personal foul committed by Marcus Zegarowski.,NA,FALSE,FALSE,NA,NA,NA,NA,NA,NA,0,Villanova,Villanova,36,NA,Justin Moore,Brandon Slater,Saddiq Bey,Jeremiah Robinson-Earl,Collin Gillespie,Mitch Ballock,Kelvin Jones,Denzel Mahoney,Marcus Zegarowski,Damien Jefferson
2019-20,2020-02-01,2187339,82,0,1,Villanova,Creighton,Wildcats,Bluejays,4,4,10,18,-8,1676,Villanova,1720,520,2,Saddiq Bey makes a jump shot from 17 feet out. Justin Moore with the assist.,made,FALSE,FALSE,Jump Shot,8.100000000000001,7.549999999999997,1138653,Saddiq Bey,Justin Moore,0,Villanova,Creighton,36,NA,Justin Moore,Brandon Slater,Saddiq Bey,Jeremiah Robinson-Earl,Collin Gillespie,Mitch Ballock,Kelvin Jones,Denzel Mahoney,Marcus Zegarowski,Damien Jefferson
2019-20,2020-02-01,2187339,83,0,1,Villanova,Creighton,Wildcats,Bluejays,4,4,10,18,-8,1367,Creighton,1698,498,22,Denzel Mahoney misses a jump shot from 16 feet out.,missed,FALSE,FALSE,Jump Shot,24.4,21.45,955069,Denzel Mahoney,NA,0,Creighton,Creighton,37,NA,Justin Moore,Brandon Slater,Saddiq Bey,Jeremiah Robinson-Earl,Collin Gillespie,Mitch Ballock,Kelvin Jones,Denzel Mahoney,Marcus Zegarowski,Damien Jefferson
2019-20,2020-02-01,2187339,84,0,1,Villanova,Creighton,Wildcats,Bluejays,4,4,10,18,-8,1676,Villanova,1698,498,0,Collin Gillespie with a defensive rebound.,NA,FALSE,FALSE,NA,NA,NA,NA,NA,NA,0,Creighton,Villanova,37,NA,Justin Moore,Brandon Slater,Saddiq Bey,Jeremiah Robinson-Earl,Collin Gillespie,Mitch Ballock,Kelvin Jones,Denzel Mahoney,Marcus Zegarowski,Damien Jefferson
2019-20,2020-02-01,2187339,85,0,1,Villanova,Creighton,Wildcats,Bluejays,4,4,10,18,-8,1676,Villanova,1688,488,10,Jeremiah Robinson-Earl with a turnover - Lost Ball Out of Bounds,NA,FALSE,FALSE,NA,NA,NA,NA,NA,NA,0,Villanova,Creighton,38,NA,Justin Moore,Brandon Slater,Saddiq Bey,Jeremiah Robinson-Earl,Collin Gillespie,Mitch Ballock,Kelvin Jones,Denzel Mahoney,Marcus Zegarowski,Damien Jefferson
2019-20,2020-02-01,2187339,86,0,1,Villanova,Creighton,Wildcats,Bluejays,4,4,10,18,-8,1367,Creighton,1685,485,3,Substitution: Ty-Shon Alexander in for Mitch Ballock.,NA,FALSE,FALSE,NA,NA,NA,NA,NA,NA,1,NA,NA,NA,NA,Justin Moore,Brandon Slater,Saddiq Bey,Jeremiah Robinson-Earl,Collin Gillespie,Ty-Shon Alexander,Kelvin Jones,Denzel Mahoney,Marcus Zegarowski,Damien Jefferson
2019-20,2020-02-01,2187339,87,0,1,Villanova,Creighton,Wildcats,Bluejays,4,4,10,18,-8,1676,Villanova,1685,485,0,Substitution: Jermaine Samuels in for Collin Gillespie.,NA,FALSE,FALSE,NA,NA,NA,NA,NA,NA,1,NA,NA,NA,NA,Justin Moore,Brandon Slater,Saddiq Bey,Jeremiah Robinson-Earl,Jermaine Samuels,Ty-Shon Alexander,Kelvin Jones,Denzel Mahoney,Marcus Zegarowski,Damien Jefferson
2019-20,2020-02-01,2187339,88,0,1,Villanova,Creighton,Wildcats,Bluejays,4,4,10,18,-8,1367,Creighton,1672,472,13,Jermaine Samuels steals the ball from Kelvin Jones.,NA,FALSE,FALSE,NA,NA,NA,NA,NA,NA,0,Creighton,Villanova,39,NA,Justin Moore,Brandon Slater,Saddiq Bey,Jeremiah Robinson-Earl,Jermaine Samuels,Ty-Shon Alexander,Kelvin Jones,Denzel Mahoney,Marcus Zegarowski,Damien Jefferson
2019-20,2020-02-01,2187339,89,0,1,Villanova,Creighton,Wildcats,Bluejays,4,4,10,18,-8,1676,Villanova,1659,459,13,Saddiq Bey misses a jump shot from 12 feet out.,missed,FALSE,FALSE,Jump Shot,33.1,13.849999999999994,1138653,Saddiq Bey,NA,0,Villanova,Villanova,40,NA,Justin Moore,Brandon Slater,Saddiq Bey,Jeremiah Robinson-Earl,Jermaine Samuels,Ty-Shon Alexander,Kelvin Jones,Denzel Mahoney,Marcus Zegarowski,Damien Jefferson
2019-20,2020-02-01,2187339,90,0,1,Villanova,Creighton,Wildcats,Bluejays,4,4,10,18,-8,1367,Creighton,1659,459,0,Kelvin Jones with a defensive rebound.,NA,FALSE,FALSE,NA,NA,NA,NA,NA,NA,0,Villanova,Creighton,40,NA,Justin Moore,Brandon Slater,Saddiq Bey,Jeremiah Robinson-Earl,Jermaine Samuels,Ty-Shon Alexander,Kelvin Jones,Denzel Mahoney,Marcus Zegarowski,Damien Jefferson
2019-20,2020-02-01,2187339,91,0,1,Villanova,Creighton,Wildcats,Bluejays,4,4,10,18,-8,1367,Creighton,1642,442,17,Marcus Zegarowski with a turnover - Traveling,NA,FALSE,FALSE,NA,NA,NA,NA,NA,NA,0,Creighton,Villanova,41,NA,Justin Moore,Brandon Slater,Saddiq Bey,Jeremiah Robinson-Earl,Jermaine Samuels,Ty-Shon Alexander,Kelvin Jones,Denzel Mahoney,Marcus Zegarowski,Damien Jefferson
2019-20,2020-02-01,2187339,92,0,1,Villanova,Creighton,Wildcats,Bluejays,4,4,10,18,-8,NA,NA,1642,442,0,Official TV timeout.,NA,FALSE,FALSE,NA,NA,NA,NA,NA,NA,0,NA,NA,NA,NA,Justin Moore,Brandon Slater,Saddiq Bey,Jeremiah Robinson-Earl,Jermaine Samuels,Ty-Shon Alexander,Kelvin Jones,Denzel Mahoney,Marcus Zegarowski,Damien Jefferson
2019-20,2020-02-01,2187339,93,0,1,Villanova,Creighton,Wildcats,Bluejays,4,4,10,18,-8,1676,Villanova,1642,442,0,Substitution: Collin Gillespie in for Brandon Slater.,NA,FALSE,FALSE,NA,NA,NA,NA,NA,NA,1,NA,NA,NA,NA,Justin Moore,Collin Gillespie,Saddiq Bey,Jeremiah Robinson-Earl,Jermaine Samuels,Ty-Shon Alexander,Kelvin Jones,Denzel Mahoney,Marcus Zegarowski,Damien Jefferson
2019-20,2020-02-01,2187339,94,0,1,Villanova,Creighton,Wildcats,Bluejays,4,4,10,18,-8,1367,Creighton,1642,442,0,Substitution: Mitch Ballock in for Denzel Mahoney.,NA,FALSE,FALSE,NA,NA,NA,NA,NA,NA,1,NA,NA,NA,NA,Justin Moore,Collin Gillespie,Saddiq Bey,Jeremiah Robinson-Earl,Jermaine Samuels,Ty-Shon Alexander,Kelvin Jones,Mitch Ballock,Marcus Zegarowski,Damien Jefferson
2019-20,2020-02-01,2187339,95,0,1,Villanova,Creighton,Wildcats,Bluejays,4,4,10,18,-8,1367,Creighton,1642,442,0,Substitution: Christian Bishop in for Kelvin Jones.,NA,FALSE,FALSE,NA,NA,NA,NA,NA,NA,1,NA,NA,NA,NA,Justin Moore,Collin Gillespie,Saddiq Bey,Jeremiah Robinson-Earl,Jermaine Samuels,Ty-Shon Alexander,Christian Bishop,Mitch Ballock,Marcus Zegarowski,Damien Jefferson
2019-20,2020-02-01,2187339,96,0,1,Villanova,Creighton,Wildcats,Bluejays,4,4,10,18,-8,1676,Villanova,1633,433,9,Jeremiah Robinson-Earl misses a 3-point jump shot from 24 feet out.,missed,FALSE,TRUE,Jump Shot,24.4,29.650000000000006,1176176,Jeremiah Robinson-Earl,NA,0,Villanova,Villanova,42,NA,Justin Moore,Collin Gillespie,Saddiq Bey,Jeremiah Robinson-Earl,Jermaine Samuels,Ty-Shon Alexander,Christian Bishop,Mitch Ballock,Marcus Zegarowski,Damien Jefferson
2019-20,2020-02-01,2187339,97,0,1,Villanova,Creighton,Wildcats,Bluejays,4,4,10,18,-8,1367,Creighton,1633,433,0,Christian Bishop with a defensive rebound.,NA,FALSE,FALSE,NA,NA,NA,NA,NA,NA,0,Villanova,Creighton,42,NA,Justin Moore,Collin Gillespie,Saddiq Bey,Jeremiah Robinson-Earl,Jermaine Samuels,Ty-Shon Alexander,Christian Bishop,Mitch Ballock,Marcus Zegarowski,Damien Jefferson
2019-20,2020-02-01,2187339,98,0,1,Villanova,Creighton,Wildcats,Bluejays,4,4,10,21,-11,1367,Creighton,1626,426,7,Ty-Shon Alexander makes a 3-point jump shot from 24 feet out. Marcus Zegarowski with the assist.,made,FALSE,TRUE,Jump Shot,9.8,23.85,1060385,Ty-Shon Alexander,Marcus Zegarowski,0,Creighton,Villanova,43,NA,Justin Moore,Collin Gillespie,Saddiq Bey,Jeremiah Robinson-Earl,Jermaine Samuels,Ty-Shon Alexander,Christian Bishop,Mitch Ballock,Marcus Zegarowski,Damien Jefferson
2019-20,2020-02-01,2187339,99,0,1,Villanova,Creighton,Wildcats,Bluejays,4,4,12,21,-9,1676,Villanova,1601,401,25,Collin Gillespie makes a jump shot from 21 feet out. Jeremiah Robinson-Earl with the assist.,made,FALSE,FALSE,Jump Shot,24.9,26.450000000000003,1070352,Collin Gillespie,Jeremiah Robinson-Earl,0,Villanova,Creighton,44,NA,Justin Moore,Collin Gillespie,Saddiq Bey,Jeremiah Robinson-Earl,Jermaine Samuels,Ty-Shon Alexander,Christian Bishop,Mitch Ballock,Marcus Zegarowski,Damien Jefferson
2019-20,2020-02-01,2187339,100,0,1,Villanova,Creighton,Wildcats,Bluejays,4,4,12,24,-12,1367,Creighton,1571,371,30,Ty-Shon Alexander makes a 3-point jump shot from 22 feet out. Christian Bishop with the assist.,made,FALSE,TRUE,Jump Shot,47.2,8.05,1060385,Ty-Shon Alexander,Christian Bishop,0,Creighton,Villanova,45,NA,Justin Moore,Collin Gillespie,Saddiq Bey,Jeremiah Robinson-Earl,Jermaine Samuels,Ty-Shon Alexander,Christian Bishop,Mitch Ballock,Marcus Zegarowski,Damien Jefferson
2019-20,2020-02-01,2187339,101,0,1,Villanova,Creighton,Wildcats,Bluejays,4,4,12,24,-12,1676,Villanova,1544,344,27,Jermaine Samuels misses a 3-point jump shot from 23 feet out.,missed,FALSE,TRUE,Jump Shot,4.299999999999997,14.849999999999994,1070354,Jermaine Samuels,NA,0,Villanova,Villanova,46,NA,Justin Moore,Collin Gillespie,Saddiq Bey,Jeremiah Robinson-Earl,Jermaine Samuels,Ty-Shon Alexander,Christian Bishop,Mitch Ballock,Marcus Zegarowski,Damien Jefferson
2019-20,2020-02-01,2187339,102,0,1,Villanova,Creighton,Wildcats,Bluejays,4,4,12,24,-12,1367,Creighton,1544,344,0,Damien Jefferson with a defensive rebound.,NA,FALSE,FALSE,NA,NA,NA,NA,NA,NA,0,Villanova,Creighton,46,NA,Justin Moore,Collin Gillespie,Saddiq Bey,Jeremiah Robinson-Earl,Jermaine Samuels,Ty-Shon Alexander,Christian Bishop,Mitch Ballock,Marcus Zegarowski,Damien Jefferson
2019-20,2020-02-01,2187339,103,0,1,Villanova,Creighton,Wildcats,Bluejays,4,4,12,27,-15,1367,Creighton,1534,334,10,Ty-Shon Alexander makes a 3-point jump shot from 23 feet out.,made,FALSE,TRUE,Jump Shot,2.8000000000000007,9.05,1060385,Ty-Shon Alexander,NA,0,Creighton,Villanova,47,NA,Justin Moore,Collin Gillespie,Saddiq Bey,Jeremiah Robinson-Earl,Jermaine Samuels,Ty-Shon Alexander,Christian Bishop,Mitch Ballock,Marcus Zegarowski,Damien Jefferson
2019-20,2020-02-01,2187339,104,0,1,Villanova,Creighton,Wildcats,Bluejays,3,4,12,27,-15,1676,Villanova,1530,330,4,Wildcats take a 30-second timeout.,NA,FALSE,FALSE,NA,NA,NA,NA,NA,NA,0,NA,NA,NA,NA,Justin Moore,Collin Gillespie,Saddiq Bey,Jeremiah Robinson-Earl,Jermaine Samuels,Ty-Shon Alexander,Christian Bishop,Mitch Ballock,Marcus Zegarowski,Damien Jefferson
2019-20,2020-02-01,2187339,105,0,1,Villanova,Creighton,Wildcats,Bluejays,3,4,12,27,-15,1676,Villanova,1518,318,12,Collin Gillespie misses a 3-point jump shot from 25 feet out.,missed,FALSE,TRUE,Jump Shot,25.1,29.849999999999994,1070352,Collin Gillespie,NA,0,Villanova,Villanova,48,NA,Justin Moore,Collin Gillespie,Saddiq Bey,Jeremiah Robinson-Earl,Jermaine Samuels,Ty-Shon Alexander,Christian Bishop,Mitch Ballock,Marcus Zegarowski,Damien Jefferson
2019-20,2020-02-01,2187339,106,0,1,Villanova,Creighton,Wildcats,Bluejays,3,4,12,27,-15,1367,Creighton,1518,318,0,Christian Bishop with a defensive rebound.,NA,FALSE,FALSE,NA,NA,NA,NA,NA,NA,0,Villanova,Creighton,48,NA,Justin Moore,Collin Gillespie,Saddiq Bey,Jeremiah Robinson-Earl,Jermaine Samuels,Ty-Shon Alexander,Christian Bishop,Mitch Ballock,Marcus Zegarowski,Damien Jefferson
2019-20,2020-02-01,2187339,107,0,1,Villanova,Creighton,Wildcats,Bluejays,3,4,12,27,-15,1367,Creighton,1502,302,16,Damien Jefferson misses a 3-point jump shot from 23 feet out.,missed,FALSE,TRUE,Jump Shot,12.5,24.55,953060,Damien Jefferson,NA,0,Creighton,Creighton,49,NA,Justin Moore,Collin Gillespie,Saddiq Bey,Jeremiah Robinson-Earl,Jermaine Samuels,Ty-Shon Alexander,Christian Bishop,Mitch Ballock,Marcus Zegarowski,Damien Jefferson
2019-20,2020-02-01,2187339,108,0,1,Villanova,Creighton,Wildcats,Bluejays,3,4,12,27,-15,1676,Villanova,1502,302,0,Jermaine Samuels with a defensive rebound.,NA,FALSE,FALSE,NA,NA,NA,NA,NA,NA,0,Creighton,Villanova,49,NA,Justin Moore,Collin Gillespie,Saddiq Bey,Jeremiah Robinson-Earl,Jermaine Samuels,Ty-Shon Alexander,Christian Bishop,Mitch Ballock,Marcus Zegarowski,Damien Jefferson
2019-20,2020-02-01,2187339,109,0,1,Villanova,Creighton,Wildcats,Bluejays,3,4,14,27,-13,1676,Villanova,1493,293,9,Justin Moore makes a layup.,made,FALSE,FALSE,Layup Shot,25,5.25,1176163,Justin Moore,NA,0,Villanova,Villanova,50,NA,Justin Moore,Collin Gillespie,Saddiq Bey,Jeremiah Robinson-Earl,Jermaine Samuels,Ty-Shon Alexander,Christian Bishop,Mitch Ballock,Marcus Zegarowski,Damien Jefferson
2019-20,2020-02-01,2187339,110,0,1,Villanova,Creighton,Wildcats,Bluejays,3,4,14,27,-13,1367,Creighton,1492,292,1,Shooting foul committed by Ty-Shon Alexander.,NA,FALSE,FALSE,NA,NA,NA,NA,NA,NA,0,Villanova,Villanova,50,NA,Justin Moore,Collin Gillespie,Saddiq Bey,Jeremiah Robinson-Earl,Jermaine Samuels,Ty-Shon Alexander,Christian Bishop,Mitch Ballock,Marcus Zegarowski,Damien Jefferson
2019-20,2020-02-01,2187339,111,0,1,Villanova,Creighton,Wildcats,Bluejays,3,4,14,27,-13,1676,Villanova,1492,292,0,Substitution: Cole Swider in for Jermaine Samuels.,NA,FALSE,FALSE,NA,NA,NA,NA,NA,NA,1,NA,NA,NA,NA,Justin Moore,Collin Gillespie,Saddiq Bey,Jeremiah Robinson-Earl,Cole Swider,Ty-Shon Alexander,Christian Bishop,Mitch Ballock,Marcus Zegarowski,Damien Jefferson
2019-20,2020-02-01,2187339,112,0,1,Villanova,Creighton,Wildcats,Bluejays,3,4,14,27,-13,1676,Villanova,1492,292,0,Substitution: Brandon Slater in for Saddiq Bey.,NA,FALSE,FALSE,NA,NA,NA,NA,NA,NA,1,NA,NA,NA,NA,Justin Moore,Collin Gillespie,Brandon Slater,Jeremiah Robinson-Earl,Cole Swider,Ty-Shon Alexander,Christian Bishop,Mitch Ballock,Marcus Zegarowski,Damien Jefferson
2019-20,2020-02-01,2187339,113,0,1,Villanova,Creighton,Wildcats,Bluejays,3,4,14,27,-13,1676,Villanova,1492,292,0,Justin Moore misses free throw 1 of 1.,missed,TRUE,FALSE,NA,NA,NA,NA,NA,NA,0,Villanova,Villanova,50,NA,Justin Moore,Collin Gillespie,Brandon Slater,Jeremiah Robinson-Earl,Cole Swider,Ty-Shon Alexander,Christian Bishop,Mitch Ballock,Marcus Zegarowski,Damien Jefferson
2019-20,2020-02-01,2187339,114,0,1,Villanova,Creighton,Wildcats,Bluejays,3,4,14,27,-13,1367,Creighton,1492,292,0,Damien Jefferson with a defensive rebound.,NA,FALSE,FALSE,NA,NA,NA,NA,NA,NA,0,Villanova,Creighton,50,NA,Justin Moore,Collin Gillespie,Brandon Slater,Jeremiah Robinson-Earl,Cole Swider,Ty-Shon Alexander,Christian Bishop,Mitch Ballock,Marcus Zegarowski,Damien Jefferson
2019-20,2020-02-01,2187339,115,0,1,Villanova,Creighton,Wildcats,Bluejays,3,4,14,27,-13,1367,Creighton,1472,272,20,Cole Swider blocks a Marcus Zegarowski layup.,missed,FALSE,FALSE,Layup Shot,25,5.25,1134616,Marcus Zegarowski,NA,0,Creighton,Creighton,51,NA,Justin Moore,Collin Gillespie,Brandon Slater,Jeremiah Robinson-Earl,Cole Swider,Ty-Shon Alexander,Christian Bishop,Mitch Ballock,Marcus Zegarowski,Damien Jefferson
2019-20,2020-02-01,2187339,116,0,1,Villanova,Creighton,Wildcats,Bluejays,3,4,14,27,-13,1676,Villanova,1472,272,0,Justin Moore with a defensive rebound.,NA,FALSE,FALSE,NA,NA,NA,NA,NA,NA,0,Creighton,Villanova,51,NA,Justin Moore,Collin Gillespie,Brandon Slater,Jeremiah Robinson-Earl,Cole Swider,Ty-Shon Alexander,Christian Bishop,Mitch Ballock,Marcus Zegarowski,Damien Jefferson
2019-20,2020-02-01,2187339,117,0,1,Villanova,Creighton,Wildcats,Bluejays,3,4,14,27,-13,1676,Villanova,1455,255,17,Brandon Slater misses a layup.,missed,FALSE,FALSE,Layup Shot,26,6.25,1138649,Brandon Slater,NA,0,Villanova,Villanova,52,NA,Justin Moore,Collin Gillespie,Brandon Slater,Jeremiah Robinson-Earl,Cole Swider,Ty-Shon Alexander,Christian Bishop,Mitch Ballock,Marcus Zegarowski,Damien Jefferson
2019-20,2020-02-01,2187339,118,0,1,Villanova,Creighton,Wildcats,Bluejays,3,4,14,27,-13,1367,Creighton,1455,255,0,Christian Bishop with a defensive rebound.,NA,FALSE,FALSE,NA,NA,NA,NA,NA,NA,0,Villanova,Creighton,52,NA,Justin Moore,Collin Gillespie,Brandon Slater,Jeremiah Robinson-Earl,Cole Swider,Ty-Shon Alexander,Christian Bishop,Mitch Ballock,Marcus Zegarowski,Damien Jefferson
2019-20,2020-02-01,2187339,119,0,1,Villanova,Creighton,Wildcats,Bluejays,3,4,14,29,-15,1367,Creighton,1436,236,19,Marcus Zegarowski makes a jump shot from 10 feet out.,made,FALSE,FALSE,Jump Shot,19,13.35,1134616,Marcus Zegarowski,NA,0,Creighton,Villanova,53,NA,Justin Moore,Collin Gillespie,Brandon Slater,Jeremiah Robinson-Earl,Cole Swider,Ty-Shon Alexander,Christian Bishop,Mitch Ballock,Marcus Zegarowski,Damien Jefferson
2019-20,2020-02-01,2187339,120,0,1,Villanova,Creighton,Wildcats,Bluejays,3,4,14,29,-15,1676,Villanova,1408,208,28,Jeremiah Robinson-Earl with a turnover - Stepped Out of Bounds,NA,FALSE,FALSE,NA,NA,NA,NA,NA,NA,0,Villanova,Creighton,54,NA,Justin Moore,Collin Gillespie,Brandon Slater,Jeremiah Robinson-Earl,Cole Swider,Ty-Shon Alexander,Christian Bishop,Mitch Ballock,Marcus Zegarowski,Damien Jefferson
2019-20,2020-02-01,2187339,121,0,1,Villanova,Creighton,Wildcats,Bluejays,3,4,14,29,-15,NA,NA,1408,208,0,Official TV timeout.,NA,FALSE,FALSE,NA,NA,NA,NA,NA,NA,0,NA,NA,NA,NA,Justin Moore,Collin Gillespie,Brandon Slater,Jeremiah Robinson-Earl,Cole Swider,Ty-Shon Alexander,Christian Bishop,Mitch Ballock,Marcus Zegarowski,Damien Jefferson
2019-20,2020-02-01,2187339,122,0,1,Villanova,Creighton,Wildcats,Bluejays,3,4,14,29,-15,1367,Creighton,1408,208,0,Substitution: Kelvin Jones in for Christian Bishop.,NA,FALSE,FALSE,NA,NA,NA,NA,NA,NA,1,NA,NA,NA,NA,Justin Moore,Collin Gillespie,Brandon Slater,Jeremiah Robinson-Earl,Cole Swider,Ty-Shon Alexander,Kelvin Jones,Mitch Ballock,Marcus Zegarowski,Damien Jefferson
2019-20,2020-02-01,2187339,123,0,1,Villanova,Creighton,Wildcats,Bluejays,3,4,14,29,-15,1367,Creighton,1408,208,0,Substitution: Denzel Mahoney in for Damien Jefferson.,NA,FALSE,FALSE,NA,NA,NA,NA,NA,NA,1,NA,NA,NA,NA,Justin Moore,Collin Gillespie,Brandon Slater,Jeremiah Robinson-Earl,Cole Swider,Ty-Shon Alexander,Kelvin Jones,Mitch Ballock,Marcus Zegarowski,Denzel Mahoney
2019-20,2020-02-01,2187339,124,0,1,Villanova,Creighton,Wildcats,Bluejays,3,4,14,29,-15,1676,Villanova,1408,208,0,Substitution: Saddiq Bey in for Cole Swider.,NA,FALSE,FALSE,NA,NA,NA,NA,NA,NA,1,NA,NA,NA,NA,Justin Moore,Collin Gillespie,Brandon Slater,Jeremiah Robinson-Earl,Saddiq Bey,Ty-Shon Alexander,Kelvin Jones,Mitch Ballock,Marcus Zegarowski,Denzel Mahoney
2019-20,2020-02-01,2187339,125,0,1,Villanova,Creighton,Wildcats,Bluejays,3,4,14,31,-17,1367,Creighton,1393,193,15,Marcus Zegarowski makes a jump shot from 12 feet out.,made,FALSE,FALSE,Jump Shot,15.2,12.85,1134616,Marcus Zegarowski,NA,0,Creighton,Villanova,55,NA,Justin Moore,Collin Gillespie,Brandon Slater,Jeremiah Robinson-Earl,Saddiq Bey,Ty-Shon Alexander,Kelvin Jones,Mitch Ballock,Marcus Zegarowski,Denzel Mahoney
2019-20,2020-02-01,2187339,126,0,1,Villanova,Creighton,Wildcats,Bluejays,3,4,14,31,-17,1676,Villanova,1370,170,23,Jeremiah Robinson-Earl misses a layup.,missed,FALSE,FALSE,Layup Shot,26,6.25,1176176,Jeremiah Robinson-Earl,NA,0,Villanova,Villanova,56,NA,Justin Moore,Collin Gillespie,Brandon Slater,Jeremiah Robinson-Earl,Saddiq Bey,Ty-Shon Alexander,Kelvin Jones,Mitch Ballock,Marcus Zegarowski,Denzel Mahoney
2019-20,2020-02-01,2187339,128,0,1,Villanova,Creighton,Wildcats,Bluejays,3,4,14,31,-17,1367,Creighton,1366,166,4,Personal foul committed by Kelvin Jones.,NA,FALSE,FALSE,NA,NA,NA,NA,NA,NA,0,Villanova,Villanova,56,NA,Justin Moore,Collin Gillespie,Brandon Slater,Jeremiah Robinson-Earl,Saddiq Bey,Ty-Shon Alexander,Kelvin Jones,Mitch Ballock,Marcus Zegarowski,Denzel Mahoney
2019-20,2020-02-01,2187339,129,0,1,Villanova,Creighton,Wildcats,Bluejays,3,4,14,31,-17,1367,Creighton,1366,166,0,Substitution: Christian Bishop in for Kelvin Jones.,NA,FALSE,FALSE,NA,NA,NA,NA,NA,NA,1,NA,NA,NA,NA,Justin Moore,Collin Gillespie,Brandon Slater,Jeremiah Robinson-Earl,Saddiq Bey,Ty-Shon Alexander,Christian Bishop,Mitch Ballock,Marcus Zegarowski,Denzel Mahoney
2019-20,2020-02-01,2187339,130,0,1,Villanova,Creighton,Wildcats,Bluejays,3,4,17,31,-14,1676,Villanova,1355,155,11,Justin Moore makes a 3-point jump shot from 24 feet out.,made,FALSE,TRUE,Jump Shot,21.5,28.75,1176163,Justin Moore,NA,0,Villanova,Creighton,56,NA,Justin Moore,Collin Gillespie,Brandon Slater,Jeremiah Robinson-Earl,Saddiq Bey,Ty-Shon Alexander,Christian Bishop,Mitch Ballock,Marcus Zegarowski,Denzel Mahoney
2019-20,2020-02-01,2187339,131,0,1,Villanova,Creighton,Wildcats,Bluejays,3,4,17,31,-14,1367,Creighton,1338,138,17,Ty-Shon Alexander misses a jump shot from 19 feet out.,missed,FALSE,FALSE,Jump Shot,20.2,23.15,1060385,Ty-Shon Alexander,NA,0,Creighton,Villanova,57,NA,Justin Moore,Collin Gillespie,Brandon Slater,Jeremiah Robinson-Earl,Saddiq Bey,Ty-Shon Alexander,Christian Bishop,Mitch Ballock,Marcus Zegarowski,Denzel Mahoney
2019-20,2020-02-01,2187339,133,0,1,Villanova,Creighton,Wildcats,Bluejays,3,4,17,31,-14,1676,Villanova,1333,133,5,Substitution: Jermaine Samuels in for Jeremiah Robinson-Earl.,NA,FALSE,FALSE,NA,NA,NA,NA,NA,NA,1,NA,NA,NA,NA,Justin Moore,Collin Gillespie,Brandon Slater,Jermaine Samuels,Saddiq Bey,Ty-Shon Alexander,Christian Bishop,Mitch Ballock,Marcus Zegarowski,Denzel Mahoney
2019-20,2020-02-01,2187339,134,0,1,Villanova,Creighton,Wildcats,Bluejays,3,4,19,31,-12,1676,Villanova,1323,123,10,Justin Moore makes a layup.,made,FALSE,FALSE,Layup Shot,25,5.25,1176163,Justin Moore,NA,0,Villanova,Creighton,58,NA,Justin Moore,Collin Gillespie,Brandon Slater,Jermaine Samuels,Saddiq Bey,Ty-Shon Alexander,Christian Bishop,Mitch Ballock,Marcus Zegarowski,Denzel Mahoney
2019-20,2020-02-01,2187339,135,0,1,Villanova,Creighton,Wildcats,Bluejays,3,4,19,33,-14,1367,Creighton,1310,110,13,Denzel Mahoney makes a layup. Marcus Zegarowski with the assist.,made,FALSE,FALSE,Layup Shot,26,6.25,955069,Denzel Mahoney,Marcus Zegarowski,0,Creighton,Villanova,59,NA,Justin Moore,Collin Gillespie,Brandon Slater,Jermaine Samuels,Saddiq Bey,Ty-Shon Alexander,Christian Bishop,Mitch Ballock,Marcus Zegarowski,Denzel Mahoney
2019-20,2020-02-01,2187339,136,0,1,Villanova,Creighton,Wildcats,Bluejays,3,4,21,33,-12,1676,Villanova,1282,82,28,Collin Gillespie makes a layup. Cole Swider with the assist.,made,FALSE,FALSE,Layup Shot,26,6.25,1070352,Collin Gillespie,Cole Swider,0,Villanova,Creighton,60,NA,Justin Moore,Collin Gillespie,Brandon Slater,Jermaine Samuels,Saddiq Bey,Ty-Shon Alexander,Christian Bishop,Mitch Ballock,Marcus Zegarowski,Denzel Mahoney
2019-20,2020-02-01,2187339,137,0,1,Villanova,Creighton,Wildcats,Bluejays,3,4,21,35,-14,1367,Creighton,1258,58,24,Denzel Mahoney makes a layup. Christian Bishop with the assist.,made,FALSE,FALSE,Layup Shot,25,5.25,955069,Denzel Mahoney,Christian Bishop,0,Creighton,Villanova,61,NA,Justin Moore,Collin Gillespie,Brandon Slater,Jermaine Samuels,Saddiq Bey,Ty-Shon Alexander,Christian Bishop,Mitch Ballock,Marcus Zegarowski,Denzel Mahoney
2019-20,2020-02-01,2187339,138,0,1,Villanova,Creighton,Wildcats,Bluejays,3,4,23,35,-12,1676,Villanova,1243,43,15,Cole Swider makes a layup.,made,FALSE,FALSE,Layup Shot,26,6.25,1138651,Cole Swider,NA,0,Villanova,Creighton,62,NA,Justin Moore,Collin Gillespie,Brandon Slater,Jermaine Samuels,Saddiq Bey,Ty-Shon Alexander,Christian Bishop,Mitch Ballock,Marcus Zegarowski,Denzel Mahoney
2019-20,2020-02-01,2187339,139,0,1,Villanova,Creighton,Wildcats,Bluejays,3,3,23,35,-12,1367,Creighton,1240,40,3,Bluejays take a 30-second timeout.,NA,FALSE,FALSE,NA,NA,NA,NA,NA,NA,0,NA,NA,NA,NA,Justin Moore,Collin Gillespie,Brandon Slater,Jermaine Samuels,Saddiq Bey,Ty-Shon Alexander,Christian Bishop,Mitch Ballock,Marcus Zegarowski,Denzel Mahoney
2019-20,2020-02-01,2187339,140,0,1,Villanova,Creighton,Wildcats,Bluejays,3,3,23,35,-12,1676,Villanova,1240,40,0,Substitution: Jeremiah Robinson-Earl in for Cole Swider.,NA,FALSE,FALSE,NA,NA,NA,NA,NA,NA,1,NA,NA,NA,Player leaving not previously in game,Justin Moore,Collin Gillespie,Brandon Slater,Jermaine Samuels,Saddiq Bey,Ty-Shon Alexander,Christian Bishop,Mitch Ballock,Marcus Zegarowski,Denzel Mahoney
2019-20,2020-02-01,2187339,141,0,1,Villanova,Creighton,Wildcats,Bluejays,3,3,23,35,-12,1367,Creighton,1236,36,4,Saddiq Bey steals the ball from Marcus Zegarowski.,NA,FALSE,FALSE,NA,NA,NA,NA,NA,NA,0,Creighton,Villanova,63,NA,Justin Moore,Collin Gillespie,Brandon Slater,Jermaine Samuels,Saddiq Bey,Ty-Shon Alexander,Christian Bishop,Mitch Ballock,Marcus Zegarowski,Denzel Mahoney
2019-20,2020-02-01,2187339,142,0,1,Villanova,Creighton,Wildcats,Bluejays,3,3,23,35,-12,1676,Villanova,1204,4,32,Jermaine Samuels misses a jump shot from 7 feet out.,missed,FALSE,FALSE,Jump Shot,23.2,12.25,1070354,Jermaine Samuels,NA,0,Villanova,Villanova,64,NA,Justin Moore,Collin Gillespie,Brandon Slater,Jermaine Samuels,Saddiq Bey,Ty-Shon Alexander,Christian Bishop,Mitch Ballock,Marcus Zegarowski,Denzel Mahoney
2019-20,2020-02-01,2187339,143,0,1,Villanova,Creighton,Wildcats,Bluejays,3,3,23,35,-12,1367,Creighton,1204,4,0,Ty-Shon Alexander with a defensive rebound.,NA,FALSE,FALSE,NA,NA,NA,NA,NA,NA,0,Villanova,Creighton,64,NA,Justin Moore,Collin Gillespie,Brandon Slater,Jermaine Samuels,Saddiq Bey,Ty-Shon Alexander,Christian Bishop,Mitch Ballock,Marcus Zegarowski,Denzel Mahoney
2019-20,2020-02-01,2187339,144,0,1,Villanova,Creighton,Wildcats,Bluejays,3,3,23,35,-12,NA,NA,1200,0,4,End of the 1st Half,NA,FALSE,FALSE,NA,NA,NA,NA,NA,NA,0,NA,NA,NA,NA,Justin Moore,Collin Gillespie,Brandon Slater,Jermaine Samuels,Saddiq Bey,Ty-Shon Alexander,Christian Bishop,Mitch Ballock,Marcus Zegarowski,Denzel Mahoney
2019-20,2020-02-01,2187339,145,0,2,Villanova,Creighton,Wildcats,Bluejays,4,4,23,35,-12,NA,NA,1200,1200,0,Start of the 2nd Half,NA,FALSE,FALSE,NA,NA,NA,NA,NA,NA,0,NA,Creighton,65,NA,Justin Moore,Collin Gillespie,Brandon Slater,Jermaine Samuels,Saddiq Bey,Ty-Shon Alexander,Christian Bishop,Mitch Ballock,Marcus Zegarowski,Denzel Mahoney
2019-20,2020-02-01,2187339,146,0,2,Villanova,Creighton,Wildcats,Bluejays,4,4,23,35,-12,1367,Creighton,1181,1181,19,Damien Jefferson misses a layup.,missed,FALSE,FALSE,Layup Shot,26,6.25,953060,Damien Jefferson,NA,0,Creighton,Creighton,66,NA,Justin Moore,Collin Gillespie,Brandon Slater,Jermaine Samuels,Saddiq Bey,Ty-Shon Alexander,Christian Bishop,Mitch Ballock,Marcus Zegarowski,Denzel Mahoney
2019-20,2020-02-01,2187339,147,0,2,Villanova,Creighton,Wildcats,Bluejays,4,4,23,35,-12,1676,Villanova,1181,1181,0,Jeremiah Robinson-Earl with a defensive rebound.,NA,FALSE,FALSE,NA,NA,NA,NA,NA,NA,0,Creighton,Villanova,66,NA,Justin Moore,Collin Gillespie,Brandon Slater,Jermaine Samuels,Saddiq Bey,Ty-Shon Alexander,Christian Bishop,Mitch Ballock,Marcus Zegarowski,Denzel Mahoney
2019-20,2020-02-01,2187339,148,0,2,Villanova,Creighton,Wildcats,Bluejays,4,4,23,35,-12,1676,Villanova,1166,1166,15,Jeremiah Robinson-Earl misses a layup.,missed,FALSE,FALSE,Layup Shot,26,6.25,1176176,Jeremiah Robinson-Earl,NA,0,Villanova,Villanova,67,NA,Justin Moore,Collin Gillespie,Brandon Slater,Jermaine Samuels,Saddiq Bey,Ty-Shon Alexander,Christian Bishop,Mitch Ballock,Marcus Zegarowski,Denzel Mahoney
2019-20,2020-02-01,2187339,149,0,2,Villanova,Creighton,Wildcats,Bluejays,4,4,23,35,-12,1676,Villanova,1166,1166,0,Jeremiah Robinson-Earl with an offensive rebound.,NA,FALSE,FALSE,NA,NA,NA,NA,NA,NA,0,Villanova,Villanova,67,NA,Justin Moore,Collin Gillespie,Brandon Slater,Jermaine Samuels,Saddiq Bey,Ty-Shon Alexander,Christian Bishop,Mitch Ballock,Marcus Zegarowski,Denzel Mahoney
2019-20,2020-02-01,2187339,150,0,2,Villanova,Creighton,Wildcats,Bluejays,4,4,23,35,-12,1367,Creighton,1164,1164,2,Shooting foul committed by Christian Bishop.,NA,FALSE,FALSE,NA,NA,NA,NA,NA,NA,0,Villanova,Villanova,67,NA,Justin Moore,Collin Gillespie,Brandon Slater,Jermaine Samuels,Saddiq Bey,Ty-Shon Alexander,Christian Bishop,Mitch Ballock,Marcus Zegarowski,Denzel Mahoney
2019-20,2020-02-01,2187339,151,0,2,Villanova,Creighton,Wildcats,Bluejays,4,4,24,35,-11,1676,Villanova,1164,1164,0,Jeremiah Robinson-Earl makes free throw 1 of 2.,made,TRUE,FALSE,NA,NA,NA,NA,NA,NA,0,Villanova,Villanova,67,NA,Justin Moore,Collin Gillespie,Brandon Slater,Jermaine Samuels,Saddiq Bey,Ty-Shon Alexander,Christian Bishop,Mitch Ballock,Marcus Zegarowski,Denzel Mahoney
2019-20,2020-02-01,2187339,152,0,2,Villanova,Creighton,Wildcats,Bluejays,4,4,24,35,-11,1676,Villanova,1164,1164,0,Substitution: Justin Moore in for Jermaine Samuels.,NA,FALSE,FALSE,NA,NA,NA,NA,NA,NA,1,NA,NA,NA,Sub already in game,Justin Moore,Collin Gillespie,Brandon Slater,Jermaine Samuels,Saddiq Bey,Ty-Shon Alexander,Christian Bishop,Mitch Ballock,Marcus Zegarowski,Denzel Mahoney
2019-20,2020-02-01,2187339,153,0,2,Villanova,Creighton,Wildcats,Bluejays,4,4,25,35,-10,1676,Villanova,1164,1164,0,Jeremiah Robinson-Earl makes free throw 2 of 2.,made,TRUE,FALSE,NA,NA,NA,NA,NA,NA,0,Villanova,Creighton,67,NA,Justin Moore,Collin Gillespie,Brandon Slater,Jermaine Samuels,Saddiq Bey,Ty-Shon Alexander,Christian Bishop,Mitch Ballock,Marcus Zegarowski,Denzel Mahoney
2019-20,2020-02-01,2187339,154,0,2,Villanova,Creighton,Wildcats,Bluejays,4,4,25,35,-10,1367,Creighton,1140,1140,24,Jeremiah Robinson-Earl blocks a Christian Bishop layup.,missed,FALSE,FALSE,Layup Shot,25,5.25,1134617,Christian Bishop,NA,0,Creighton,Creighton,68,NA,Justin Moore,Collin Gillespie,Brandon Slater,Jermaine Samuels,Saddiq Bey,Ty-Shon Alexander,Christian Bishop,Mitch Ballock,Marcus Zegarowski,Denzel Mahoney
2019-20,2020-02-01,2187339,155,0,2,Villanova,Creighton,Wildcats,Bluejays,4,4,25,35,-10,1676,Villanova,1140,1140,0,Justin Moore with a defensive rebound.,NA,FALSE,FALSE,NA,NA,NA,NA,NA,NA,0,Creighton,Villanova,68,NA,Justin Moore,Collin Gillespie,Brandon Slater,Jermaine Samuels,Saddiq Bey,Ty-Shon Alexander,Christian Bishop,Mitch Ballock,Marcus Zegarowski,Denzel Mahoney
2019-20,2020-02-01,2187339,156,0,2,Villanova,Creighton,Wildcats,Bluejays,4,4,28,35,-7,1676,Villanova,1136,1136,4,Collin Gillespie makes a 3-point jump shot from 23 feet out. Justin Moore with the assist.,made,FALSE,TRUE,Jump Shot,2.5,8.549999999999997,1070352,Collin Gillespie,Justin Moore,0,Villanova,Creighton,69,NA,Justin Moore,Collin Gillespie,Brandon Slater,Jermaine Samuels,Saddiq Bey,Ty-Shon Alexander,Christian Bishop,Mitch Ballock,Marcus Zegarowski,Denzel Mahoney
2019-20,2020-02-01,2187339,157,0,2,Villanova,Creighton,Wildcats,Bluejays,4,4,28,35,-7,1367,Creighton,1114,1114,22,Christian Bishop misses a dunk.,missed,FALSE,FALSE,Dunk Shot,25,5.25,1134617,Christian Bishop,NA,0,Creighton,Creighton,70,NA,Justin Moore,Collin Gillespie,Brandon Slater,Jermaine Samuels,Saddiq Bey,Ty-Shon Alexander,Christian Bishop,Mitch Ballock,Marcus Zegarowski,Denzel Mahoney
2019-20,2020-02-01,2187339,158,0,2,Villanova,Creighton,Wildcats,Bluejays,4,4,28,35,-7,1676,Villanova,1114,1114,0,Saddiq Bey with a defensive rebound.,NA,FALSE,FALSE,NA,NA,NA,NA,NA,NA,0,Creighton,Villanova,70,NA,Justin Moore,Collin Gillespie,Brandon Slater,Jermaine Samuels,Saddiq Bey,Ty-Shon Alexander,Christian Bishop,Mitch Ballock,Marcus Zegarowski,Denzel Mahoney
2019-20,2020-02-01,2187339,159,0,2,Villanova,Creighton,Wildcats,Bluejays,4,4,28,35,-7,1676,Villanova,1108,1108,6,Saddiq Bey misses a 3-point jump shot from 24 feet out.,missed,FALSE,TRUE,Jump Shot,9.299999999999997,23.849999999999994,1138653,Saddiq Bey,NA,0,Villanova,Villanova,71,NA,Justin Moore,Collin Gillespie,Brandon Slater,Jermaine Samuels,Saddiq Bey,Ty-Shon Alexander,Christian Bishop,Mitch Ballock,Marcus Zegarowski,Denzel Mahoney
2019-20,2020-02-01,2187339,160,0,2,Villanova,Creighton,Wildcats,Bluejays,4,4,28,35,-7,1367,Creighton,1108,1108,0,Damien Jefferson with a defensive rebound.,NA,FALSE,FALSE,NA,NA,NA,NA,NA,NA,0,Villanova,Creighton,71,NA,Justin Moore,Collin Gillespie,Brandon Slater,Jermaine Samuels,Saddiq Bey,Ty-Shon Alexander,Christian Bishop,Mitch Ballock,Marcus Zegarowski,Denzel Mahoney
2019-20,2020-02-01,2187339,161,0,2,Villanova,Creighton,Wildcats,Bluejays,4,4,28,37,-9,1367,Creighton,1098,1098,10,Marcus Zegarowski makes a layup.,made,FALSE,FALSE,Layup Shot,26,6.25,1134616,Marcus Zegarowski,NA,0,Creighton,Creighton,72,NA,Justin Moore,Collin Gillespie,Brandon Slater,Jermaine Samuels,Saddiq Bey,Ty-Shon Alexander,Christian Bishop,Mitch Ballock,Marcus Zegarowski,Denzel Mahoney
2019-20,2020-02-01,2187339,162,0,2,Villanova,Creighton,Wildcats,Bluejays,4,4,28,37,-9,1676,Villanova,1098,1098,0,Shooting foul committed by Justin Moore.,NA,FALSE,FALSE,NA,NA,NA,NA,NA,NA,0,Creighton,Creighton,72,NA,Justin Moore,Collin Gillespie,Brandon Slater,Jermaine Samuels,Saddiq Bey,Ty-Shon Alexander,Christian Bishop,Mitch Ballock,Marcus Zegarowski,Denzel Mahoney
2019-20,2020-02-01,2187339,163,0,2,Villanova,Creighton,Wildcats,Bluejays,4,4,28,37,-9,1367,Creighton,1098,1098,0,Marcus Zegarowski misses free throw 1 of 1.,missed,TRUE,FALSE,NA,NA,NA,NA,NA,NA,0,Creighton,Creighton,72,NA,Justin Moore,Collin Gillespie,Brandon Slater,Jermaine Samuels,Saddiq Bey,Ty-Shon Alexander,Christian Bishop,Mitch Ballock,Marcus Zegarowski,Denzel Mahoney
2019-20,2020-02-01,2187339,164,0,2,Villanova,Creighton,Wildcats,Bluejays,4,4,28,37,-9,1676,Villanova,1098,1098,0,Jeremiah Robinson-Earl with a defensive rebound.,NA,FALSE,FALSE,NA,NA,NA,NA,NA,NA,0,Creighton,Villanova,72,NA,Justin Moore,Collin Gillespie,Brandon Slater,Jermaine Samuels,Saddiq Bey,Ty-Shon Alexander,Christian Bishop,Mitch Ballock,Marcus Zegarowski,Denzel Mahoney
2019-20,2020-02-01,2187339,165,0,2,Villanova,Creighton,Wildcats,Bluejays,4,4,30,37,-7,1676,Villanova,1084,1084,14,Collin Gillespie makes a jump shot from 18 feet out.,made,FALSE,FALSE,Jump Shot,28.1,22.650000000000006,1070352,Collin Gillespie,NA,0,Villanova,Creighton,73,NA,Justin Moore,Collin Gillespie,Brandon Slater,Jermaine Samuels,Saddiq Bey,Ty-Shon Alexander,Christian Bishop,Mitch Ballock,Marcus Zegarowski,Denzel Mahoney
2019-20,2020-02-01,2187339,166,0,2,Villanova,Creighton,Wildcats,Bluejays,4,4,30,37,-7,1367,Creighton,1064,1064,20,Cole Swider steals the ball from Christian Bishop.,NA,FALSE,FALSE,NA,NA,NA,NA,NA,NA,0,Creighton,Villanova,74,NA,Justin Moore,Collin Gillespie,Brandon Slater,Jermaine Samuels,Saddiq Bey,Ty-Shon Alexander,Christian Bishop,Mitch Ballock,Marcus Zegarowski,Denzel Mahoney
2019-20,2020-02-01,2187339,167,0,2,Villanova,Creighton,Wildcats,Bluejays,4,4,30,37,-7,1676,Villanova,1043,1043,21,Christian Bishop steals the ball from Collin Gillespie.,NA,FALSE,FALSE,NA,NA,NA,NA,NA,NA,0,Villanova,Creighton,75,NA,Justin Moore,Collin Gillespie,Brandon Slater,Jermaine Samuels,Saddiq Bey,Ty-Shon Alexander,Christian Bishop,Mitch Ballock,Marcus Zegarowski,Denzel Mahoney
2019-20,2020-02-01,2187339,168,0,2,Villanova,Creighton,Wildcats,Bluejays,4,4,30,40,-10,1367,Creighton,1037,1037,6,Marcus Zegarowski makes a 3-point jump shot from 24 feet out. Ty-Shon Alexander with the assist.,made,FALSE,TRUE,Jump Shot,36.6,25.75,1134616,Marcus Zegarowski,Ty-Shon Alexander,0,Creighton,Villanova,76,NA,Justin Moore,Collin Gillespie,Brandon Slater,Jermaine Samuels,Saddiq Bey,Ty-Shon Alexander,Christian Bishop,Mitch Ballock,Marcus Zegarowski,Denzel Mahoney
2019-20,2020-02-01,2187339,169,0,2,Villanova,Creighton,Wildcats,Bluejays,4,4,30,40,-10,1367,Creighton,1011,1011,26,Personal foul committed by Christian Bishop.,NA,FALSE,FALSE,NA,NA,NA,NA,NA,NA,0,Villanova,Villanova,77,NA,Justin Moore,Collin Gillespie,Brandon Slater,Jermaine Samuels,Saddiq Bey,Ty-Shon Alexander,Christian Bishop,Mitch Ballock,Marcus Zegarowski,Denzel Mahoney
2019-20,2020-02-01,2187339,170,0,2,Villanova,Creighton,Wildcats,Bluejays,4,4,30,40,-10,1367,Creighton,1011,1011,0,Substitution: Denzel Mahoney in for Christian Bishop.,NA,FALSE,FALSE,NA,NA,NA,NA,NA,NA,1,NA,NA,NA,Sub already in game,Justin Moore,Collin Gillespie,Brandon Slater,Jermaine Samuels,Saddiq Bey,Ty-Shon Alexander,Christian Bishop,Mitch Ballock,Marcus Zegarowski,Denzel Mahoney
2019-20,2020-02-01,2187339,171,0,2,Villanova,Creighton,Wildcats,Bluejays,4,4,30,40,-10,1676,Villanova,1011,1011,0,Substitution: Jermaine Samuels in for Jeremiah Robinson-Earl.,NA,FALSE,FALSE,NA,NA,NA,NA,NA,NA,1,NA,NA,NA,Sub already in game,Justin Moore,Collin Gillespie,Brandon Slater,Jermaine Samuels,Saddiq Bey,Ty-Shon Alexander,Christian Bishop,Mitch Ballock,Marcus Zegarowski,Denzel Mahoney
2019-20,2020-02-01,2187339,172,0,2,Villanova,Creighton,Wildcats,Bluejays,4,4,32,40,-8,1676,Villanova,998,998,13,Collin Gillespie makes a jump shot from 13 feet out.,made,FALSE,FALSE,Jump Shot,15.399999999999999,14.349999999999994,1070352,Collin Gillespie,NA,0,Villanova,Creighton,77,NA,Justin Moore,Collin Gillespie,Brandon Slater,Jermaine Samuels,Saddiq Bey,Ty-Shon Alexander,Christian Bishop,Mitch Ballock,Marcus Zegarowski,Denzel Mahoney
2019-20,2020-02-01,2187339,173,0,2,Villanova,Creighton,Wildcats,Bluejays,4,4,32,40,-8,1367,Creighton,981,981,17,Denzel Mahoney misses a 3-point jump shot from 24 feet out.,missed,FALSE,TRUE,Jump Shot,32.2,28.25,955069,Denzel Mahoney,NA,0,Creighton,Creighton,78,NA,Justin Moore,Collin Gillespie,Brandon Slater,Jermaine Samuels,Saddiq Bey,Ty-Shon Alexander,Christian Bishop,Mitch Ballock,Marcus Zegarowski,Denzel Mahoney
2019-20,2020-02-01,2187339,174,0,2,Villanova,Creighton,Wildcats,Bluejays,4,4,32,40,-8,1676,Villanova,981,981,0,Saddiq Bey with a defensive rebound.,NA,FALSE,FALSE,NA,NA,NA,NA,NA,NA,0,Creighton,Villanova,78,NA,Justin Moore,Collin Gillespie,Brandon Slater,Jermaine Samuels,Saddiq Bey,Ty-Shon Alexander,Christian Bishop,Mitch Ballock,Marcus Zegarowski,Denzel Mahoney
2019-20,2020-02-01,2187339,175,0,2,Villanova,Creighton,Wildcats,Bluejays,4,4,34,40,-6,1676,Villanova,963,963,18,Jermaine Samuels dunks. Justin Moore with the assist.,made,FALSE,FALSE,Dunk Shot,25,5.25,1070354,Jermaine Samuels,Justin Moore,0,Villanova,Creighton,79,NA,Justin Moore,Collin Gillespie,Brandon Slater,Jermaine Samuels,Saddiq Bey,Ty-Shon Alexander,Christian Bishop,Mitch Ballock,Marcus Zegarowski,Denzel Mahoney
2019-20,2020-02-01,2187339,176,0,2,Villanova,Creighton,Wildcats,Bluejays,4,4,34,42,-8,1367,Creighton,941,941,22,Damien Jefferson makes a layup. Mitch Ballock with the assist.,made,FALSE,FALSE,Layup Shot,26,6.25,953060,Damien Jefferson,Mitch Ballock,0,Creighton,Villanova,80,NA,Justin Moore,Collin Gillespie,Brandon Slater,Jermaine Samuels,Saddiq Bey,Ty-Shon Alexander,Christian Bishop,Mitch Ballock,Marcus Zegarowski,Denzel Mahoney
2019-20,2020-02-01,2187339,177,0,2,Villanova,Creighton,Wildcats,Bluejays,4,4,36,42,-6,1676,Villanova,920,920,21,Collin Gillespie makes a jump shot from 14 feet out.,made,FALSE,FALSE,Jump Shot,17.6,16.75,1070352,Collin Gillespie,NA,0,Villanova,Creighton,81,NA,Justin Moore,Collin Gillespie,Brandon Slater,Jermaine Samuels,Saddiq Bey,Ty-Shon Alexander,Christian Bishop,Mitch Ballock,Marcus Zegarowski,Denzel Mahoney
2019-20,2020-02-01,2187339,178,0,2,Villanova,Creighton,Wildcats,Bluejays,4,4,36,44,-8,1367,Creighton,898,898,22,Denzel Mahoney makes a jump shot from 8 feet out. Mitch Ballock with the assist.,made,FALSE,FALSE,Jump Shot,20,11.15,955069,Denzel Mahoney,Mitch Ballock,0,Creighton,Villanova,82,NA,Justin Moore,Collin Gillespie,Brandon Slater,Jermaine Samuels,Saddiq Bey,Ty-Shon Alexander,Christian Bishop,Mitch Ballock,Marcus Zegarowski,Denzel Mahoney
2019-20,2020-02-01,2187339,179,0,2,Villanova,Creighton,Wildcats,Bluejays,4,4,36,44,-8,1676,Villanova,876,876,22,Justin Moore misses a jump shot from 16 feet out.,missed,FALSE,FALSE,Jump Shot,21.3,20.450000000000003,1176163,Justin Moore,NA,0,Villanova,Villanova,83,NA,Justin Moore,Collin Gillespie,Brandon Slater,Jermaine Samuels,Saddiq Bey,Ty-Shon Alexander,Christian Bishop,Mitch Ballock,Marcus Zegarowski,Denzel Mahoney
2019-20,2020-02-01,2187339,180,0,2,Villanova,Creighton,Wildcats,Bluejays,4,4,36,44,-8,1676,Villanova,876,876,0,Jermaine Samuels with an offensive rebound.,NA,FALSE,FALSE,NA,NA,NA,NA,NA,NA,0,Villanova,Villanova,83,NA,Justin Moore,Collin Gillespie,Brandon Slater,Jermaine Samuels,Saddiq Bey,Ty-Shon Alexander,Christian Bishop,Mitch Ballock,Marcus Zegarowski,Denzel Mahoney
2019-20,2020-02-01,2187339,181,0,2,Villanova,Creighton,Wildcats,Bluejays,4,4,36,44,-8,1367,Creighton,870,870,6,Shooting foul committed by Denzel Mahoney.,NA,FALSE,FALSE,NA,NA,NA,NA,NA,NA,0,Villanova,Villanova,83,NA,Justin Moore,Collin Gillespie,Brandon Slater,Jermaine Samuels,Saddiq Bey,Ty-Shon Alexander,Christian Bishop,Mitch Ballock,Marcus Zegarowski,Denzel Mahoney
2019-20,2020-02-01,2187339,182,0,2,Villanova,Creighton,Wildcats,Bluejays,4,4,36,44,-8,NA,NA,870,870,0,Official TV timeout.,NA,FALSE,FALSE,NA,NA,NA,NA,NA,NA,0,NA,NA,NA,NA,Justin Moore,Collin Gillespie,Brandon Slater,Jermaine Samuels,Saddiq Bey,Ty-Shon Alexander,Christian Bishop,Mitch Ballock,Marcus Zegarowski,Denzel Mahoney
2019-20,2020-02-01,2187339,183,0,2,Villanova,Creighton,Wildcats,Bluejays,4,4,36,44,-8,1676,Villanova,870,870,0,Substitution: Jeremiah Robinson-Earl in for Cole Swider.,NA,FALSE,FALSE,NA,NA,NA,NA,NA,NA,1,NA,NA,NA,Player leaving not previously in game,Justin Moore,Collin Gillespie,Brandon Slater,Jermaine Samuels,Saddiq Bey,Ty-Shon Alexander,Christian Bishop,Mitch Ballock,Marcus Zegarowski,Denzel Mahoney
2019-20,2020-02-01,2187339,184,0,2,Villanova,Creighton,Wildcats,Bluejays,4,4,37,44,-7,1676,Villanova,870,870,0,Jermaine Samuels makes free throw 1 of 2.,made,TRUE,FALSE,NA,NA,NA,NA,NA,NA,0,Villanova,Villanova,83,NA,Justin Moore,Collin Gillespie,Brandon Slater,Jermaine Samuels,Saddiq Bey,Ty-Shon Alexander,Christian Bishop,Mitch Ballock,Marcus Zegarowski,Denzel Mahoney
2019-20,2020-02-01,2187339,185,0,2,Villanova,Creighton,Wildcats,Bluejays,4,4,38,44,-6,1676,Villanova,870,870,0,Jermaine Samuels makes free throw 2 of 2.,made,TRUE,FALSE,NA,NA,NA,NA,NA,NA,0,Villanova,Creighton,83,NA,Justin Moore,Collin Gillespie,Brandon Slater,Jermaine Samuels,Saddiq Bey,Ty-Shon Alexander,Christian Bishop,Mitch Ballock,Marcus Zegarowski,Denzel Mahoney
2019-20,2020-02-01,2187339,186,0,2,Villanova,Creighton,Wildcats,Bluejays,4,4,38,44,-6,1367,Creighton,843,843,27,Ty-Shon Alexander misses a jump shot from 17 feet out.,missed,FALSE,FALSE,Jump Shot,20.3,21.65,1060385,Ty-Shon Alexander,NA,0,Creighton,Creighton,84,NA,Justin Moore,Collin Gillespie,Brandon Slater,Jermaine Samuels,Saddiq Bey,Ty-Shon Alexander,Christian Bishop,Mitch Ballock,Marcus Zegarowski,Denzel Mahoney
2019-20,2020-02-01,2187339,187,0,2,Villanova,Creighton,Wildcats,Bluejays,4,4,38,44,-6,1676,Villanova,843,843,0,Jermaine Samuels with a defensive rebound.,NA,FALSE,FALSE,NA,NA,NA,NA,NA,NA,0,Creighton,Villanova,84,NA,Justin Moore,Collin Gillespie,Brandon Slater,Jermaine Samuels,Saddiq Bey,Ty-Shon Alexander,Christian Bishop,Mitch Ballock,Marcus Zegarowski,Denzel Mahoney
2019-20,2020-02-01,2187339,188,0,2,Villanova,Creighton,Wildcats,Bluejays,4,4,38,44,-6,1676,Villanova,818,818,25,Saddiq Bey misses a layup.,missed,FALSE,FALSE,Layup Shot,26,6.25,1138653,Saddiq Bey,NA,0,Villanova,Villanova,85,NA,Justin Moore,Collin Gillespie,Brandon Slater,Jermaine Samuels,Saddiq Bey,Ty-Shon Alexander,Christian Bishop,Mitch Ballock,Marcus Zegarowski,Denzel Mahoney
2019-20,2020-02-01,2187339,189,0,2,Villanova,Creighton,Wildcats,Bluejays,4,4,38,44,-6,1367,Creighton,818,818,0,Ty-Shon Alexander with a defensive rebound.,NA,FALSE,FALSE,NA,NA,NA,NA,NA,NA,0,Villanova,Creighton,85,NA,Justin Moore,Collin Gillespie,Brandon Slater,Jermaine Samuels,Saddiq Bey,Ty-Shon Alexander,Christian Bishop,Mitch Ballock,Marcus Zegarowski,Denzel Mahoney
2019-20,2020-02-01,2187339,190,0,2,Villanova,Creighton,Wildcats,Bluejays,4,4,38,44,-6,1367,Creighton,806,806,12,Marcus Zegarowski misses a 3-point jump shot from 23 feet out.,missed,FALSE,TRUE,Jump Shot,47.4,11.45,1134616,Marcus Zegarowski,NA,0,Creighton,Villanova,86,NA,Justin Moore,Collin Gillespie,Brandon Slater,Jermaine Samuels,Saddiq Bey,Ty-Shon Alexander,Christian Bishop,Mitch Ballock,Marcus Zegarowski,Denzel Mahoney
2019-20,2020-02-01,2187339,192,0,2,Villanova,Creighton,Wildcats,Bluejays,4,4,38,44,-6,1367,Creighton,802,802,4,Personal foul committed by Denzel Mahoney.,NA,FALSE,FALSE,NA,NA,NA,NA,NA,NA,0,Villanova,Villanova,87,NA,Justin Moore,Collin Gillespie,Brandon Slater,Jermaine Samuels,Saddiq Bey,Ty-Shon Alexander,Christian Bishop,Mitch Ballock,Marcus Zegarowski,Denzel Mahoney
2019-20,2020-02-01,2187339,193,0,2,Villanova,Creighton,Wildcats,Bluejays,4,4,38,44,-6,1367,Creighton,802,802,0,Substitution: Kelvin Jones in for Damien Jefferson.,NA,FALSE,FALSE,NA,NA,NA,NA,NA,NA,1,NA,NA,NA,Player leaving not previously in game,Justin Moore,Collin Gillespie,Brandon Slater,Jermaine Samuels,Saddiq Bey,Ty-Shon Alexander,Christian Bishop,Mitch Ballock,Marcus Zegarowski,Denzel Mahoney
2019-20,2020-02-01,2187339,194,0,2,Villanova,Creighton,Wildcats,Bluejays,4,4,38,44,-6,1676,Villanova,802,802,0,Substitution: Cole Swider in for Jermaine Samuels.,NA,FALSE,FALSE,NA,NA,NA,NA,NA,NA,1,NA,NA,NA,NA,Justin Moore,Collin Gillespie,Brandon Slater,Cole Swider,Saddiq Bey,Ty-Shon Alexander,Christian Bishop,Mitch Ballock,Marcus Zegarowski,Denzel Mahoney
2019-20,2020-02-01,2187339,195,0,2,Villanova,Creighton,Wildcats,Bluejays,4,4,38,44,-6,1676,Villanova,792,792,10,Collin Gillespie misses a jump shot from 17 feet out.,missed,FALSE,FALSE,Jump Shot,21.5,21.950000000000003,1070352,Collin Gillespie,NA,0,Villanova,Villanova,87,NA,Justin Moore,Collin Gillespie,Brandon Slater,Cole Swider,Saddiq Bey,Ty-Shon Alexander,Christian Bishop,Mitch Ballock,Marcus Zegarowski,Denzel Mahoney
2019-20,2020-02-01,2187339,197,0,2,Villanova,Creighton,Wildcats,Bluejays,4,4,38,44,-6,1676,Villanova,792,792,0,Jeremiah Robinson-Earl misses a layup.,missed,FALSE,FALSE,Layup Shot,26,6.25,1176176,Jeremiah Robinson-Earl,NA,0,Villanova,Villanova,87,NA,Justin Moore,Collin Gillespie,Brandon Slater,Cole Swider,Saddiq Bey,Ty-Shon Alexander,Christian Bishop,Mitch Ballock,Marcus Zegarowski,Denzel Mahoney
2019-20,2020-02-01,2187339,198,0,2,Villanova,Creighton,Wildcats,Bluejays,4,4,38,44,-6,1676,Villanova,792,792,0,Jeremiah Robinson-Earl with an offensive rebound.,NA,FALSE,FALSE,NA,NA,NA,NA,NA,NA,0,Villanova,Villanova,87,NA,Justin Moore,Collin Gillespie,Brandon Slater,Cole Swider,Saddiq Bey,Ty-Shon Alexander,Christian Bishop,Mitch Ballock,Marcus Zegarowski,Denzel Mahoney
2019-20,2020-02-01,2187339,199,0,2,Villanova,Creighton,Wildcats,Bluejays,4,4,38,44,-6,1367,Creighton,792,792,0,Shooting foul committed by Kelvin Jones.,NA,FALSE,FALSE,NA,NA,NA,NA,NA,NA,0,Villanova,Villanova,87,NA,Justin Moore,Collin Gillespie,Brandon Slater,Cole Swider,Saddiq Bey,Ty-Shon Alexander,Christian Bishop,Mitch Ballock,Marcus Zegarowski,Denzel Mahoney
2019-20,2020-02-01,2187339,200,0,2,Villanova,Creighton,Wildcats,Bluejays,4,4,39,44,-5,1676,Villanova,792,792,0,Jeremiah Robinson-Earl makes free throw 1 of 2.,made,TRUE,FALSE,NA,NA,NA,NA,NA,NA,0,Villanova,Villanova,87,NA,Justin Moore,Collin Gillespie,Brandon Slater,Cole Swider,Saddiq Bey,Ty-Shon Alexander,Christian Bishop,Mitch Ballock,Marcus Zegarowski,Denzel Mahoney
2019-20,2020-02-01,2187339,201,0,2,Villanova,Creighton,Wildcats,Bluejays,4,4,39,44,-5,1676,Villanova,792,792,0,Substitution: Jermaine Samuels in for Cole Swider.,NA,FALSE,FALSE,NA,NA,NA,NA,NA,NA,1,NA,NA,NA,NA,Justin Moore,Collin Gillespie,Brandon Slater,Jermaine Samuels,Saddiq Bey,Ty-Shon Alexander,Christian Bishop,Mitch Ballock,Marcus Zegarowski,Denzel Mahoney
2019-20,2020-02-01,2187339,202,0,2,Villanova,Creighton,Wildcats,Bluejays,4,4,40,44,-4,1676,Villanova,792,792,0,Jeremiah Robinson-Earl makes free throw 2 of 2.,made,TRUE,FALSE,NA,NA,NA,NA,NA,NA,0,Villanova,Creighton,87,NA,Justin Moore,Collin Gillespie,Brandon Slater,Jermaine Samuels,Saddiq Bey,Ty-Shon Alexander,Christian Bishop,Mitch Ballock,Marcus Zegarowski,Denzel Mahoney
2019-20,2020-02-01,2187339,203,0,2,Villanova,Creighton,Wildcats,Bluejays,4,4,40,44,-4,1367,Creighton,764,764,28,Marcus Zegarowski misses a 3-point jump shot from 24 feet out.,missed,FALSE,TRUE,Jump Shot,32.2,28.15,1134616,Marcus Zegarowski,NA,0,Creighton,Creighton,88,NA,Justin Moore,Collin Gillespie,Brandon Slater,Jermaine Samuels,Saddiq Bey,Ty-Shon Alexander,Christian Bishop,Mitch Ballock,Marcus Zegarowski,Denzel Mahoney
2019-20,2020-02-01,2187339,204,0,2,Villanova,Creighton,Wildcats,Bluejays,4,4,40,44,-4,1676,Villanova,764,764,0,Jeremiah Robinson-Earl with a defensive rebound.,NA,FALSE,FALSE,NA,NA,NA,NA,NA,NA,0,Creighton,Villanova,88,NA,Justin Moore,Collin Gillespie,Brandon Slater,Jermaine Samuels,Saddiq Bey,Ty-Shon Alexander,Christian Bishop,Mitch Ballock,Marcus Zegarowski,Denzel Mahoney
2019-20,2020-02-01,2187339,205,0,2,Villanova,Creighton,Wildcats,Bluejays,4,4,40,44,-4,1676,Villanova,755,755,9,Jermaine Samuels misses a 3-point jump shot from 24 feet out.,missed,FALSE,TRUE,Jump Shot,33.8,27.049999999999997,1070354,Jermaine Samuels,NA,0,Villanova,Villanova,89,NA,Justin Moore,Collin Gillespie,Brandon Slater,Jermaine Samuels,Saddiq Bey,Ty-Shon Alexander,Christian Bishop,Mitch Ballock,Marcus Zegarowski,Denzel Mahoney
2019-20,2020-02-01,2187339,206,0,2,Villanova,Creighton,Wildcats,Bluejays,4,4,40,44,-4,1367,Creighton,755,755,0,Kelvin Jones with a defensive rebound.,NA,FALSE,FALSE,NA,NA,NA,NA,NA,NA,0,Villanova,Creighton,89,NA,Justin Moore,Collin Gillespie,Brandon Slater,Jermaine Samuels,Saddiq Bey,Ty-Shon Alexander,Christian Bishop,Mitch Ballock,Marcus Zegarowski,Denzel Mahoney
2019-20,2020-02-01,2187339,207,0,2,Villanova,Creighton,Wildcats,Bluejays,4,4,40,44,-4,1676,Villanova,742,742,13,Shooting foul committed by Jeremiah Robinson-Earl.,NA,FALSE,FALSE,NA,NA,NA,NA,NA,NA,0,Creighton,Creighton,90,NA,Justin Moore,Collin Gillespie,Brandon Slater,Jermaine Samuels,Saddiq Bey,Ty-Shon Alexander,Christian Bishop,Mitch Ballock,Marcus Zegarowski,Denzel Mahoney
2019-20,2020-02-01,2187339,208,0,2,Villanova,Creighton,Wildcats,Bluejays,3,4,40,44,-4,1676,Villanova,742,742,0,Wildcats take a 30-second timeout.,NA,FALSE,FALSE,NA,NA,NA,NA,NA,NA,0,NA,NA,NA,NA,Justin Moore,Collin Gillespie,Brandon Slater,Jermaine Samuels,Saddiq Bey,Ty-Shon Alexander,Christian Bishop,Mitch Ballock,Marcus Zegarowski,Denzel Mahoney
2019-20,2020-02-01,2187339,209,0,2,Villanova,Creighton,Wildcats,Bluejays,3,4,40,44,-4,1676,Villanova,742,742,0,Substitution: Cole Swider in for Jermaine Samuels.,NA,FALSE,FALSE,NA,NA,NA,NA,NA,NA,1,NA,NA,NA,NA,Justin Moore,Collin Gillespie,Brandon Slater,Cole Swider,Saddiq Bey,Ty-Shon Alexander,Christian Bishop,Mitch Ballock,Marcus Zegarowski,Denzel Mahoney
2019-20,2020-02-01,2187339,210,0,2,Villanova,Creighton,Wildcats,Bluejays,3,4,40,45,-5,1367,Creighton,742,742,0,Denzel Mahoney makes free throw 1 of 2.,made,TRUE,FALSE,NA,NA,NA,NA,NA,NA,0,Creighton,Creighton,90,NA,Justin Moore,Collin Gillespie,Brandon Slater,Cole Swider,Saddiq Bey,Ty-Shon Alexander,Christian Bishop,Mitch Ballock,Marcus Zegarowski,Denzel Mahoney
2019-20,2020-02-01,2187339,211,0,2,Villanova,Creighton,Wildcats,Bluejays,3,4,40,46,-6,1367,Creighton,742,742,0,Denzel Mahoney makes free throw 2 of 2.,made,TRUE,FALSE,NA,NA,NA,NA,NA,NA,0,Creighton,Villanova,90,NA,Justin Moore,Collin Gillespie,Brandon Slater,Cole Swider,Saddiq Bey,Ty-Shon Alexander,Christian Bishop,Mitch Ballock,Marcus Zegarowski,Denzel Mahoney
2019-20,2020-02-01,2187339,212,0,2,Villanova,Creighton,Wildcats,Bluejays,3,4,43,46,-3,1676,Villanova,728,728,14,Justin Moore makes a 3-point jump shot from 24 feet out. Jeremiah Robinson-Earl with the assist.,made,FALSE,TRUE,Jump Shot,41.1,23.650000000000006,1176163,Justin Moore,Jeremiah Robinson-Earl,0,Villanova,Creighton,91,NA,Justin Moore,Collin Gillespie,Brandon Slater,Cole Swider,Saddiq Bey,Ty-Shon Alexander,Christian Bishop,Mitch Ballock,Marcus Zegarowski,Denzel Mahoney
2019-20,2020-02-01,2187339,213,0,2,Villanova,Creighton,Wildcats,Bluejays,3,4,43,49,-6,1367,Creighton,704,704,24,Mitch Ballock makes a 3-point jump shot from 24 feet out. Kelvin Jones with the assist.,made,FALSE,TRUE,Jump Shot,41.2,22.55,1060387,Mitch Ballock,Kelvin Jones,0,Creighton,Villanova,92,NA,Justin Moore,Collin Gillespie,Brandon Slater,Cole Swider,Saddiq Bey,Ty-Shon Alexander,Christian Bishop,Mitch Ballock,Marcus Zegarowski,Denzel Mahoney
2019-20,2020-02-01,2187339,214,0,2,Villanova,Creighton,Wildcats,Bluejays,3,4,43,49,-6,1676,Villanova,684,684,20,Jeremiah Robinson-Earl misses a 3-point jump shot from 24 feet out.,missed,FALSE,TRUE,Jump Shot,41.1,23.349999999999994,1176176,Jeremiah Robinson-Earl,NA,0,Villanova,Villanova,93,NA,Justin Moore,Collin Gillespie,Brandon Slater,Cole Swider,Saddiq Bey,Ty-Shon Alexander,Christian Bishop,Mitch Ballock,Marcus Zegarowski,Denzel Mahoney
2019-20,2020-02-01,2187339,215,0,2,Villanova,Creighton,Wildcats,Bluejays,3,4,43,49,-6,1367,Creighton,684,684,0,Ty-Shon Alexander with a defensive rebound.,NA,FALSE,FALSE,NA,NA,NA,NA,NA,NA,0,Villanova,Creighton,93,NA,Justin Moore,Collin Gillespie,Brandon Slater,Cole Swider,Saddiq Bey,Ty-Shon Alexander,Christian Bishop,Mitch Ballock,Marcus Zegarowski,Denzel Mahoney
2019-20,2020-02-01,2187339,216,0,2,Villanova,Creighton,Wildcats,Bluejays,3,4,43,51,-8,1367,Creighton,664,664,20,Denzel Mahoney makes a jump shot from 10 feet out.,made,FALSE,FALSE,Jump Shot,24.4,15.05,955069,Denzel Mahoney,NA,0,Creighton,Villanova,94,NA,Justin Moore,Collin Gillespie,Brandon Slater,Cole Swider,Saddiq Bey,Ty-Shon Alexander,Christian Bishop,Mitch Ballock,Marcus Zegarowski,Denzel Mahoney
2019-20,2020-02-01,2187339,217,0,2,Villanova,Creighton,Wildcats,Bluejays,3,4,46,51,-5,1676,Villanova,645,645,19,Saddiq Bey makes a 3-point jump shot from 24 feet out. Collin Gillespie with the assist.,made,FALSE,TRUE,Jump Shot,40.2,23.349999999999994,1138653,Saddiq Bey,Collin Gillespie,0,Villanova,Creighton,95,NA,Justin Moore,Collin Gillespie,Brandon Slater,Cole Swider,Saddiq Bey,Ty-Shon Alexander,Christian Bishop,Mitch Ballock,Marcus Zegarowski,Denzel Mahoney
2019-20,2020-02-01,2187339,218,0,2,Villanova,Creighton,Wildcats,Bluejays,3,4,46,51,-5,1367,Creighton,630,630,15,Mitch Ballock misses a layup.,missed,FALSE,FALSE,Layup Shot,25,5.25,1060387,Mitch Ballock,NA,0,Creighton,Creighton,96,NA,Justin Moore,Collin Gillespie,Brandon Slater,Cole Swider,Saddiq Bey,Ty-Shon Alexander,Christian Bishop,Mitch Ballock,Marcus Zegarowski,Denzel Mahoney
2019-20,2020-02-01,2187339,219,0,2,Villanova,Creighton,Wildcats,Bluejays,3,4,46,51,-5,1676,Villanova,630,630,0,Jeremiah Robinson-Earl with a defensive rebound.,NA,FALSE,FALSE,NA,NA,NA,NA,NA,NA,0,Creighton,Villanova,96,NA,Justin Moore,Collin Gillespie,Brandon Slater,Cole Swider,Saddiq Bey,Ty-Shon Alexander,Christian Bishop,Mitch Ballock,Marcus Zegarowski,Denzel Mahoney
2019-20,2020-02-01,2187339,220,0,2,Villanova,Creighton,Wildcats,Bluejays,3,4,48,51,-3,1676,Villanova,623,623,7,Collin Gillespie makes a layup.,made,FALSE,FALSE,Layup Shot,25,5.25,1070352,Collin Gillespie,NA,0,Villanova,Creighton,97,NA,Justin Moore,Collin Gillespie,Brandon Slater,Cole Swider,Saddiq Bey,Ty-Shon Alexander,Christian Bishop,Mitch Ballock,Marcus Zegarowski,Denzel Mahoney
2019-20,2020-02-01,2187339,221,0,2,Villanova,Creighton,Wildcats,Bluejays,3,3,48,51,-3,1367,Creighton,613,613,10,Bluejays take a full timeout.,NA,FALSE,FALSE,NA,NA,NA,NA,NA,NA,0,NA,NA,NA,NA,Justin Moore,Collin Gillespie,Brandon Slater,Cole Swider,Saddiq Bey,Ty-Shon Alexander,Christian Bishop,Mitch Ballock,Marcus Zegarowski,Denzel Mahoney
2019-20,2020-02-01,2187339,222,0,2,Villanova,Creighton,Wildcats,Bluejays,3,3,48,51,-3,1367,Creighton,613,613,0,Substitution: Christian Bishop in for Kelvin Jones.,NA,FALSE,FALSE,NA,NA,NA,NA,NA,NA,1,NA,NA,NA,Sub already in game,Justin Moore,Collin Gillespie,Brandon Slater,Cole Swider,Saddiq Bey,Ty-Shon Alexander,Christian Bishop,Mitch Ballock,Marcus Zegarowski,Denzel Mahoney
2019-20,2020-02-01,2187339,223,0,2,Villanova,Creighton,Wildcats,Bluejays,3,3,48,51,-3,1676,Villanova,613,613,0,Substitution: Jermaine Samuels in for Jeremiah Robinson-Earl.,NA,FALSE,FALSE,NA,NA,NA,NA,NA,NA,1,NA,NA,NA,Player leaving not previously in game,Justin Moore,Collin Gillespie,Brandon Slater,Cole Swider,Saddiq Bey,Ty-Shon Alexander,Christian Bishop,Mitch Ballock,Marcus Zegarowski,Denzel Mahoney
2019-20,2020-02-01,2187339,224,0,2,Villanova,Creighton,Wildcats,Bluejays,3,3,48,54,-6,1367,Creighton,588,588,25,Denzel Mahoney makes a 3-point jump shot from 24 feet out.,made,FALSE,TRUE,Jump Shot,14,26.95,955069,Denzel Mahoney,NA,0,Creighton,Villanova,98,NA,Justin Moore,Collin Gillespie,Brandon Slater,Cole Swider,Saddiq Bey,Ty-Shon Alexander,Christian Bishop,Mitch Ballock,Marcus Zegarowski,Denzel Mahoney
2019-20,2020-02-01,2187339,225,0,2,Villanova,Creighton,Wildcats,Bluejays,3,3,50,54,-4,1676,Villanova,569,569,19,Saddiq Bey makes a jump shot from 17 feet out.,made,FALSE,FALSE,Jump Shot,24.4,21.950000000000003,1138653,Saddiq Bey,NA,0,Villanova,Creighton,99,NA,Justin Moore,Collin Gillespie,Brandon Slater,Cole Swider,Saddiq Bey,Ty-Shon Alexander,Christian Bishop,Mitch Ballock,Marcus Zegarowski,Denzel Mahoney
2019-20,2020-02-01,2187339,226,0,2,Villanova,Creighton,Wildcats,Bluejays,3,3,50,54,-4,1367,Creighton,547,547,22,Jermaine Samuels steals the ball from Christian Bishop.,NA,FALSE,FALSE,NA,NA,NA,NA,NA,NA,0,Creighton,Villanova,100,NA,Justin Moore,Collin Gillespie,Brandon Slater,Cole Swider,Saddiq Bey,Ty-Shon Alexander,Christian Bishop,Mitch Ballock,Marcus Zegarowski,Denzel Mahoney
2019-20,2020-02-01,2187339,227,0,2,Villanova,Creighton,Wildcats,Bluejays,3,3,50,54,-4,1367,Creighton,545,545,2,Personal foul committed by Christian Bishop.,NA,FALSE,FALSE,NA,NA,NA,NA,NA,NA,0,Villanova,Villanova,101,NA,Justin Moore,Collin Gillespie,Brandon Slater,Cole Swider,Saddiq Bey,Ty-Shon Alexander,Christian Bishop,Mitch Ballock,Marcus Zegarowski,Denzel Mahoney
2019-20,2020-02-01,2187339,228,0,2,Villanova,Creighton,Wildcats,Bluejays,3,3,50,54,-4,NA,NA,545,545,0,Official TV timeout.,NA,FALSE,FALSE,NA,NA,NA,NA,NA,NA,0,NA,NA,NA,NA,Justin Moore,Collin Gillespie,Brandon Slater,Cole Swider,Saddiq Bey,Ty-Shon Alexander,Christian Bishop,Mitch Ballock,Marcus Zegarowski,Denzel Mahoney
2019-20,2020-02-01,2187339,229,0,2,Villanova,Creighton,Wildcats,Bluejays,3,3,50,54,-4,1676,Villanova,545,545,0,Substitution: Jeremiah Robinson-Earl in for Justin Moore.,NA,FALSE,FALSE,NA,NA,NA,NA,NA,NA,1,NA,NA,NA,NA,Jeremiah Robinson-Earl,Collin Gillespie,Brandon Slater,Cole Swider,Saddiq Bey,Ty-Shon Alexander,Christian Bishop,Mitch Ballock,Marcus Zegarowski,Denzel Mahoney
2019-20,2020-02-01,2187339,230,0,2,Villanova,Creighton,Wildcats,Bluejays,3,3,50,54,-4,1676,Villanova,540,540,5,Collin Gillespie misses a 3-point jump shot from 25 feet out.,missed,FALSE,TRUE,Jump Shot,40.9,24.049999999999997,1070352,Collin Gillespie,NA,0,Villanova,Villanova,101,NA,Jeremiah Robinson-Earl,Collin Gillespie,Brandon Slater,Cole Swider,Saddiq Bey,Ty-Shon Alexander,Christian Bishop,Mitch Ballock,Marcus Zegarowski,Denzel Mahoney
2019-20,2020-02-01,2187339,231,0,2,Villanova,Creighton,Wildcats,Bluejays,3,3,50,54,-4,1367,Creighton,540,540,0,Denzel Mahoney with a defensive rebound.,NA,FALSE,FALSE,NA,NA,NA,NA,NA,NA,0,Villanova,Creighton,101,NA,Jeremiah Robinson-Earl,Collin Gillespie,Brandon Slater,Cole Swider,Saddiq Bey,Ty-Shon Alexander,Christian Bishop,Mitch Ballock,Marcus Zegarowski,Denzel Mahoney
2019-20,2020-02-01,2187339,232,0,2,Villanova,Creighton,Wildcats,Bluejays,3,3,50,54,-4,1367,Creighton,525,525,15,Collin Gillespie steals the ball from Christian Bishop.,NA,FALSE,FALSE,NA,NA,NA,NA,NA,NA,0,Creighton,Villanova,102,NA,Jeremiah Robinson-Earl,Collin Gillespie,Brandon Slater,Cole Swider,Saddiq Bey,Ty-Shon Alexander,Christian Bishop,Mitch Ballock,Marcus Zegarowski,Denzel Mahoney
2019-20,2020-02-01,2187339,233,0,2,Villanova,Creighton,Wildcats,Bluejays,3,3,50,54,-4,1676,Villanova,519,519,6,Cole Swider misses a 3-point jump shot from 23 feet out.,missed,FALSE,TRUE,Jump Shot,2.799999999999997,11.450000000000003,1138651,Cole Swider,NA,0,Villanova,Villanova,103,NA,Jeremiah Robinson-Earl,Collin Gillespie,Brandon Slater,Cole Swider,Saddiq Bey,Ty-Shon Alexander,Christian Bishop,Mitch Ballock,Marcus Zegarowski,Denzel Mahoney
2019-20,2020-02-01,2187339,234,0,2,Villanova,Creighton,Wildcats,Bluejays,3,3,50,54,-4,1367,Creighton,519,519,0,Ty-Shon Alexander with a defensive rebound.,NA,FALSE,FALSE,NA,NA,NA,NA,NA,NA,0,Villanova,Creighton,103,NA,Jeremiah Robinson-Earl,Collin Gillespie,Brandon Slater,Cole Swider,Saddiq Bey,Ty-Shon Alexander,Christian Bishop,Mitch Ballock,Marcus Zegarowski,Denzel Mahoney
2019-20,2020-02-01,2187339,235,0,2,Villanova,Creighton,Wildcats,Bluejays,3,3,50,56,-6,1367,Creighton,500,500,19,Denzel Mahoney makes a layup.,made,FALSE,FALSE,Layup Shot,25,5.25,955069,Denzel Mahoney,NA,0,Creighton,Villanova,104,NA,Jeremiah Robinson-Earl,Collin Gillespie,Brandon Slater,Cole Swider,Saddiq Bey,Ty-Shon Alexander,Christian Bishop,Mitch Ballock,Marcus Zegarowski,Denzel Mahoney
2019-20,2020-02-01,2187339,236,0,2,Villanova,Creighton,Wildcats,Bluejays,3,3,50,56,-6,1367,Creighton,482,482,18,Personal foul committed by Christian Bishop.,NA,FALSE,FALSE,NA,NA,NA,NA,NA,NA,0,Villanova,Villanova,105,NA,Jeremiah Robinson-Earl,Collin Gillespie,Brandon Slater,Cole Swider,Saddiq Bey,Ty-Shon Alexander,Christian Bishop,Mitch Ballock,Marcus Zegarowski,Denzel Mahoney
2019-20,2020-02-01,2187339,237,0,2,Villanova,Creighton,Wildcats,Bluejays,3,3,50,56,-6,1367,Creighton,482,482,0,Substitution: Kelvin Jones in for Christian Bishop.,NA,FALSE,FALSE,NA,NA,NA,NA,NA,NA,1,NA,NA,NA,NA,Jeremiah Robinson-Earl,Collin Gillespie,Brandon Slater,Cole Swider,Saddiq Bey,Ty-Shon Alexander,Kelvin Jones,Mitch Ballock,Marcus Zegarowski,Denzel Mahoney
2019-20,2020-02-01,2187339,238,0,2,Villanova,Creighton,Wildcats,Bluejays,3,3,50,56,-6,1676,Villanova,482,482,0,Substitution: Justin Moore in for Cole Swider.,NA,FALSE,FALSE,NA,NA,NA,NA,NA,NA,1,NA,NA,NA,NA,Jeremiah Robinson-Earl,Collin Gillespie,Brandon Slater,Justin Moore,Saddiq Bey,Ty-Shon Alexander,Kelvin Jones,Mitch Ballock,Marcus Zegarowski,Denzel Mahoney
2019-20,2020-02-01,2187339,239,0,2,Villanova,Creighton,Wildcats,Bluejays,3,3,50,56,-6,1676,Villanova,482,482,0,Collin Gillespie misses free throw 1st of 1-and-1.,missed,TRUE,FALSE,NA,NA,NA,NA,NA,NA,0,Villanova,Villanova,105,NA,Jeremiah Robinson-Earl,Collin Gillespie,Brandon Slater,Justin Moore,Saddiq Bey,Ty-Shon Alexander,Kelvin Jones,Mitch Ballock,Marcus Zegarowski,Denzel Mahoney
2019-20,2020-02-01,2187339,240,0,2,Villanova,Creighton,Wildcats,Bluejays,3,3,50,56,-6,1367,Creighton,482,482,0,Kelvin Jones with a defensive rebound.,NA,FALSE,FALSE,NA,NA,NA,NA,NA,NA,0,Villanova,Creighton,105,NA,Jeremiah Robinson-Earl,Collin Gillespie,Brandon Slater,Justin Moore,Saddiq Bey,Ty-Shon Alexander,Kelvin Jones,Mitch Ballock,Marcus Zegarowski,Denzel Mahoney
2019-20,2020-02-01,2187339,241,0,2,Villanova,Creighton,Wildcats,Bluejays,3,3,50,58,-8,1367,Creighton,458,458,24,Kelvin Jones makes a jump shot from 8 feet out.,made,FALSE,FALSE,Jump Shot,24.2,13.65,952657,Kelvin Jones,NA,0,Creighton,Villanova,106,NA,Jeremiah Robinson-Earl,Collin Gillespie,Brandon Slater,Justin Moore,Saddiq Bey,Ty-Shon Alexander,Kelvin Jones,Mitch Ballock,Marcus Zegarowski,Denzel Mahoney
2019-20,2020-02-01,2187339,242,0,2,Villanova,Creighton,Wildcats,Bluejays,3,3,50,58,-8,1676,Villanova,430,430,28,Jeremiah Robinson-Earl misses a layup.,missed,FALSE,FALSE,Layup Shot,26,6.25,1176176,Jeremiah Robinson-Earl,NA,0,Villanova,Villanova,107,NA,Jeremiah Robinson-Earl,Collin Gillespie,Brandon Slater,Justin Moore,Saddiq Bey,Ty-Shon Alexander,Kelvin Jones,Mitch Ballock,Marcus Zegarowski,Denzel Mahoney
2019-20,2020-02-01,2187339,243,0,2,Villanova,Creighton,Wildcats,Bluejays,3,3,50,58,-8,1676,Villanova,430,430,0,Jermaine Samuels with an offensive rebound.,NA,FALSE,FALSE,NA,NA,NA,NA,NA,NA,0,Villanova,Villanova,107,NA,Jeremiah Robinson-Earl,Collin Gillespie,Brandon Slater,Justin Moore,Saddiq Bey,Ty-Shon Alexander,Kelvin Jones,Mitch Ballock,Marcus Zegarowski,Denzel Mahoney
2019-20,2020-02-01,2187339,244,0,2,Villanova,Creighton,Wildcats,Bluejays,3,3,50,58,-8,1676,Villanova,426,426,4,Kelvin Jones blocks a Jermaine Samuels layup.,missed,FALSE,FALSE,Layup Shot,25,5.25,1070354,Jermaine Samuels,NA,0,Villanova,Villanova,107,NA,Jeremiah Robinson-Earl,Collin Gillespie,Brandon Slater,Justin Moore,Saddiq Bey,Ty-Shon Alexander,Kelvin Jones,Mitch Ballock,Marcus Zegarowski,Denzel Mahoney
2019-20,2020-02-01,2187339,246,0,2,Villanova,Creighton,Wildcats,Bluejays,3,3,50,58,-8,NA,NA,425,425,1,Official TV timeout.,NA,FALSE,FALSE,NA,NA,NA,NA,NA,NA,0,NA,NA,NA,NA,Jeremiah Robinson-Earl,Collin Gillespie,Brandon Slater,Justin Moore,Saddiq Bey,Ty-Shon Alexander,Kelvin Jones,Mitch Ballock,Marcus Zegarowski,Denzel Mahoney
2019-20,2020-02-01,2187339,247,0,2,Villanova,Creighton,Wildcats,Bluejays,3,3,50,58,-8,1676,Villanova,417,417,8,Saddiq Bey misses a layup.,missed,FALSE,FALSE,Layup Shot,26,6.25,1138653,Saddiq Bey,NA,0,Villanova,Villanova,107,NA,Jeremiah Robinson-Earl,Collin Gillespie,Brandon Slater,Justin Moore,Saddiq Bey,Ty-Shon Alexander,Kelvin Jones,Mitch Ballock,Marcus Zegarowski,Denzel Mahoney
2019-20,2020-02-01,2187339,248,0,2,Villanova,Creighton,Wildcats,Bluejays,3,3,50,58,-8,1367,Creighton,417,417,0,Mitch Ballock with a defensive rebound.,NA,FALSE,FALSE,NA,NA,NA,NA,NA,NA,0,Villanova,Creighton,107,NA,Jeremiah Robinson-Earl,Collin Gillespie,Brandon Slater,Justin Moore,Saddiq Bey,Ty-Shon Alexander,Kelvin Jones,Mitch Ballock,Marcus Zegarowski,Denzel Mahoney
2019-20,2020-02-01,2187339,249,0,2,Villanova,Creighton,Wildcats,Bluejays,3,3,50,61,-11,1367,Creighton,387,387,30,Mitch Ballock makes a 3-point jump shot from 24 feet out. Kelvin Jones with the assist.,made,FALSE,TRUE,Jump Shot,8.899999999999999,23.55,1060387,Mitch Ballock,Kelvin Jones,0,Creighton,Villanova,108,NA,Jeremiah Robinson-Earl,Collin Gillespie,Brandon Slater,Justin Moore,Saddiq Bey,Ty-Shon Alexander,Kelvin Jones,Mitch Ballock,Marcus Zegarowski,Denzel Mahoney
2019-20,2020-02-01,2187339,250,0,2,Villanova,Creighton,Wildcats,Bluejays,3,3,50,61,-11,1676,Villanova,373,373,14,Collin Gillespie misses a 3-point jump shot from 24 feet out.,missed,FALSE,TRUE,Jump Shot,13,25.75,1070352,Collin Gillespie,NA,0,Villanova,Villanova,109,NA,Jeremiah Robinson-Earl,Collin Gillespie,Brandon Slater,Justin Moore,Saddiq Bey,Ty-Shon Alexander,Kelvin Jones,Mitch Ballock,Marcus Zegarowski,Denzel Mahoney
2019-20,2020-02-01,2187339,251,0,2,Villanova,Creighton,Wildcats,Bluejays,3,3,50,61,-11,1367,Creighton,373,373,0,Mitch Ballock with a defensive rebound.,NA,FALSE,FALSE,NA,NA,NA,NA,NA,NA,0,Villanova,Creighton,109,NA,Jeremiah Robinson-Earl,Collin Gillespie,Brandon Slater,Justin Moore,Saddiq Bey,Ty-Shon Alexander,Kelvin Jones,Mitch Ballock,Marcus Zegarowski,Denzel Mahoney
2019-20,2020-02-01,2187339,252,0,2,Villanova,Creighton,Wildcats,Bluejays,3,3,50,63,-13,1367,Creighton,366,366,7,Denzel Mahoney makes a jump shot from 3 feet out. Mitch Ballock with the assist.,made,FALSE,FALSE,Jump Shot,27.1,7.85,955069,Denzel Mahoney,Mitch Ballock,0,Creighton,Villanova,110,NA,Jeremiah Robinson-Earl,Collin Gillespie,Brandon Slater,Justin Moore,Saddiq Bey,Ty-Shon Alexander,Kelvin Jones,Mitch Ballock,Marcus Zegarowski,Denzel Mahoney
2019-20,2020-02-01,2187339,253,0,2,Villanova,Creighton,Wildcats,Bluejays,2,3,50,63,-13,1676,Villanova,365,365,1,Wildcats take a 30-second timeout.,NA,FALSE,FALSE,NA,NA,NA,NA,NA,NA,0,NA,NA,NA,NA,Jeremiah Robinson-Earl,Collin Gillespie,Brandon Slater,Justin Moore,Saddiq Bey,Ty-Shon Alexander,Kelvin Jones,Mitch Ballock,Marcus Zegarowski,Denzel Mahoney
2019-20,2020-02-01,2187339,254,0,2,Villanova,Creighton,Wildcats,Bluejays,2,3,52,63,-11,1676,Villanova,353,353,12,Jermaine Samuels makes a jump shot from 9 feet out.,made,FALSE,FALSE,Jump Shot,25.4,14.349999999999994,1070354,Jermaine Samuels,NA,0,Villanova,Creighton,111,NA,Jeremiah Robinson-Earl,Collin Gillespie,Brandon Slater,Justin Moore,Saddiq Bey,Ty-Shon Alexander,Kelvin Jones,Mitch Ballock,Marcus Zegarowski,Denzel Mahoney
2019-20,2020-02-01,2187339,255,0,2,Villanova,Creighton,Wildcats,Bluejays,2,3,52,63,-11,1367,Creighton,346,346,7,Marcus Zegarowski with a turnover - Bad Pass,NA,FALSE,FALSE,NA,NA,NA,NA,NA,NA,0,Creighton,Villanova,112,NA,Jeremiah Robinson-Earl,Collin Gillespie,Brandon Slater,Justin Moore,Saddiq Bey,Ty-Shon Alexander,Kelvin Jones,Mitch Ballock,Marcus Zegarowski,Denzel Mahoney
2019-20,2020-02-01,2187339,256,0,2,Villanova,Creighton,Wildcats,Bluejays,2,3,52,63,-11,1676,Villanova,332,332,14,Saddiq Bey misses a 3-point jump shot from 24 feet out.,missed,FALSE,TRUE,Jump Shot,45.2,18.25,1138653,Saddiq Bey,NA,0,Villanova,Villanova,113,NA,Jeremiah Robinson-Earl,Collin Gillespie,Brandon Slater,Justin Moore,Saddiq Bey,Ty-Shon Alexander,Kelvin Jones,Mitch Ballock,Marcus Zegarowski,Denzel Mahoney
2019-20,2020-02-01,2187339,257,0,2,Villanova,Creighton,Wildcats,Bluejays,2,3,52,63,-11,1367,Creighton,332,332,0,Mitch Ballock with a defensive rebound.,NA,FALSE,FALSE,NA,NA,NA,NA,NA,NA,0,Villanova,Creighton,113,NA,Jeremiah Robinson-Earl,Collin Gillespie,Brandon Slater,Justin Moore,Saddiq Bey,Ty-Shon Alexander,Kelvin Jones,Mitch Ballock,Marcus Zegarowski,Denzel Mahoney
2019-20,2020-02-01,2187339,258,0,2,Villanova,Creighton,Wildcats,Bluejays,2,3,52,63,-11,1367,Creighton,315,315,17,Marcus Zegarowski misses a jump shot from 15 feet out.,missed,FALSE,FALSE,Jump Shot,23.2,19.75,1134616,Marcus Zegarowski,NA,0,Creighton,Creighton,114,NA,Jeremiah Robinson-Earl,Collin Gillespie,Brandon Slater,Justin Moore,Saddiq Bey,Ty-Shon Alexander,Kelvin Jones,Mitch Ballock,Marcus Zegarowski,Denzel Mahoney
2019-20,2020-02-01,2187339,259,0,2,Villanova,Creighton,Wildcats,Bluejays,2,3,52,63,-11,1676,Villanova,315,315,0,Collin Gillespie with a defensive rebound.,NA,FALSE,FALSE,NA,NA,NA,NA,NA,NA,0,Creighton,Villanova,114,NA,Jeremiah Robinson-Earl,Collin Gillespie,Brandon Slater,Justin Moore,Saddiq Bey,Ty-Shon Alexander,Kelvin Jones,Mitch Ballock,Marcus Zegarowski,Denzel Mahoney
2019-20,2020-02-01,2187339,260,0,2,Villanova,Creighton,Wildcats,Bluejays,2,3,52,63,-11,1676,Villanova,305,305,10,Ty-Shon Alexander steals the ball from Collin Gillespie.,NA,FALSE,FALSE,NA,NA,NA,NA,NA,NA,0,Villanova,Creighton,115,NA,Jeremiah Robinson-Earl,Collin Gillespie,Brandon Slater,Justin Moore,Saddiq Bey,Ty-Shon Alexander,Kelvin Jones,Mitch Ballock,Marcus Zegarowski,Denzel Mahoney
2019-20,2020-02-01,2187339,261,0,2,Villanova,Creighton,Wildcats,Bluejays,2,3,52,63,-11,1367,Creighton,289,289,16,Marcus Zegarowski misses a layup.,missed,FALSE,FALSE,Layup Shot,25,5.25,1134616,Marcus Zegarowski,NA,0,Creighton,Villanova,116,NA,Jeremiah Robinson-Earl,Collin Gillespie,Brandon Slater,Justin Moore,Saddiq Bey,Ty-Shon Alexander,Kelvin Jones,Mitch Ballock,Marcus Zegarowski,Denzel Mahoney
2019-20,2020-02-01,2187339,263,0,2,Villanova,Creighton,Wildcats,Bluejays,2,3,52,63,-11,1367,Creighton,287,287,2,Personal foul committed by Kelvin Jones.,NA,FALSE,FALSE,NA,NA,NA,NA,NA,NA,0,Villanova,Villanova,117,NA,Jeremiah Robinson-Earl,Collin Gillespie,Brandon Slater,Justin Moore,Saddiq Bey,Ty-Shon Alexander,Kelvin Jones,Mitch Ballock,Marcus Zegarowski,Denzel Mahoney
2019-20,2020-02-01,2187339,264,0,2,Villanova,Creighton,Wildcats,Bluejays,2,3,52,63,-11,1367,Creighton,287,287,0,Substitution: Damien Jefferson in for Kelvin Jones.,NA,FALSE,FALSE,NA,NA,NA,NA,NA,NA,1,NA,NA,NA,NA,Jeremiah Robinson-Earl,Collin Gillespie,Brandon Slater,Justin Moore,Saddiq Bey,Ty-Shon Alexander,Damien Jefferson,Mitch Ballock,Marcus Zegarowski,Denzel Mahoney
2019-20,2020-02-01,2187339,265,0,2,Villanova,Creighton,Wildcats,Bluejays,2,3,53,63,-10,1676,Villanova,287,287,0,Jeremiah Robinson-Earl makes free throw 1st of 1-and-1.,made,TRUE,FALSE,NA,NA,NA,NA,NA,NA,0,Villanova,Villanova,117,NA,Jeremiah Robinson-Earl,Collin Gillespie,Brandon Slater,Justin Moore,Saddiq Bey,Ty-Shon Alexander,Damien Jefferson,Mitch Ballock,Marcus Zegarowski,Denzel Mahoney
2019-20,2020-02-01,2187339,266,0,2,Villanova,Creighton,Wildcats,Bluejays,2,3,54,63,-9,1676,Villanova,287,287,0,Jeremiah Robinson-Earl makes free throw 2nd of 1-and-1.,made,TRUE,FALSE,NA,NA,NA,NA,NA,NA,0,Villanova,Creighton,117,NA,Jeremiah Robinson-Earl,Collin Gillespie,Brandon Slater,Justin Moore,Saddiq Bey,Ty-Shon Alexander,Damien Jefferson,Mitch Ballock,Marcus Zegarowski,Denzel Mahoney
2019-20,2020-02-01,2187339,267,0,2,Villanova,Creighton,Wildcats,Bluejays,2,3,54,63,-9,1367,Creighton,280,280,7,Saddiq Bey steals the ball from Marcus Zegarowski.,NA,FALSE,FALSE,NA,NA,NA,NA,NA,NA,0,Creighton,Villanova,118,NA,Jeremiah Robinson-Earl,Collin Gillespie,Brandon Slater,Justin Moore,Saddiq Bey,Ty-Shon Alexander,Damien Jefferson,Mitch Ballock,Marcus Zegarowski,Denzel Mahoney
2019-20,2020-02-01,2187339,268,0,2,Villanova,Creighton,Wildcats,Bluejays,2,3,54,63,-9,1367,Creighton,279,279,1,Personal foul committed by Marcus Zegarowski.,NA,FALSE,FALSE,NA,NA,NA,NA,NA,NA,0,Villanova,Villanova,119,NA,Jeremiah Robinson-Earl,Collin Gillespie,Brandon Slater,Justin Moore,Saddiq Bey,Ty-Shon Alexander,Damien Jefferson,Mitch Ballock,Marcus Zegarowski,Denzel Mahoney
2019-20,2020-02-01,2187339,269,0,2,Villanova,Creighton,Wildcats,Bluejays,2,3,54,63,-9,1676,Villanova,279,279,0,Saddiq Bey misses free throw 1st of 1-and-1.,missed,TRUE,FALSE,NA,NA,NA,NA,NA,NA,0,Villanova,Villanova,119,NA,Jeremiah Robinson-Earl,Collin Gillespie,Brandon Slater,Justin Moore,Saddiq Bey,Ty-Shon Alexander,Damien Jefferson,Mitch Ballock,Marcus Zegarowski,Denzel Mahoney
2019-20,2020-02-01,2187339,270,0,2,Villanova,Creighton,Wildcats,Bluejays,2,3,54,63,-9,1676,Villanova,279,279,0,Jermaine Samuels with an offensive rebound.,NA,FALSE,FALSE,NA,NA,NA,NA,NA,NA,0,Villanova,Villanova,119,NA,Jeremiah Robinson-Earl,Collin Gillespie,Brandon Slater,Justin Moore,Saddiq Bey,Ty-Shon Alexander,Damien Jefferson,Mitch Ballock,Marcus Zegarowski,Denzel Mahoney
2019-20,2020-02-01,2187339,271,0,2,Villanova,Creighton,Wildcats,Bluejays,2,3,57,63,-6,1676,Villanova,274,274,5,Justin Moore makes a 3-point jump shot from 24 feet out. Collin Gillespie with the assist.,made,FALSE,TRUE,Jump Shot,17.4,27.75,1176163,Justin Moore,Collin Gillespie,0,Villanova,Creighton,119,NA,Jeremiah Robinson-Earl,Collin Gillespie,Brandon Slater,Justin Moore,Saddiq Bey,Ty-Shon Alexander,Damien Jefferson,Mitch Ballock,Marcus Zegarowski,Denzel Mahoney
2019-20,2020-02-01,2187339,272,0,2,Villanova,Creighton,Wildcats,Bluejays,2,3,57,63,-6,1367,Creighton,240,240,34,Jeremiah Robinson-Earl blocks a Denzel Mahoney layup.,missed,FALSE,FALSE,Layup Shot,25,5.25,955069,Denzel Mahoney,NA,0,Creighton,Creighton,120,NA,Jeremiah Robinson-Earl,Collin Gillespie,Brandon Slater,Justin Moore,Saddiq Bey,Ty-Shon Alexander,Damien Jefferson,Mitch Ballock,Marcus Zegarowski,Denzel Mahoney
2019-20,2020-02-01,2187339,273,0,2,Villanova,Creighton,Wildcats,Bluejays,2,3,57,63,-6,1367,Creighton,240,240,0,Damien Jefferson with an offensive rebound.,NA,FALSE,FALSE,NA,NA,NA,NA,NA,NA,0,Creighton,Creighton,120,NA,Jeremiah Robinson-Earl,Collin Gillespie,Brandon Slater,Justin Moore,Saddiq Bey,Ty-Shon Alexander,Damien Jefferson,Mitch Ballock,Marcus Zegarowski,Denzel Mahoney
2019-20,2020-02-01,2187339,274,0,2,Villanova,Creighton,Wildcats,Bluejays,2,3,57,63,-6,1367,Creighton,235,235,5,Saddiq Bey steals the ball from Damien Jefferson.,NA,FALSE,FALSE,NA,NA,NA,NA,NA,NA,0,Creighton,Villanova,120,NA,Jeremiah Robinson-Earl,Collin Gillespie,Brandon Slater,Justin Moore,Saddiq Bey,Ty-Shon Alexander,Damien Jefferson,Mitch Ballock,Marcus Zegarowski,Denzel Mahoney
2019-20,2020-02-01,2187339,275,0,2,Villanova,Creighton,Wildcats,Bluejays,2,3,57,63,-6,1676,Villanova,228,228,7,Collin Gillespie misses a layup.,missed,FALSE,FALSE,Layup Shot,26,6.25,1070352,Collin Gillespie,NA,0,Villanova,Villanova,121,NA,Jeremiah Robinson-Earl,Collin Gillespie,Brandon Slater,Justin Moore,Saddiq Bey,Ty-Shon Alexander,Damien Jefferson,Mitch Ballock,Marcus Zegarowski,Denzel Mahoney
2019-20,2020-02-01,2187339,276,0,2,Villanova,Creighton,Wildcats,Bluejays,2,3,57,63,-6,1367,Creighton,228,228,0,Damien Jefferson with a defensive rebound.,NA,FALSE,FALSE,NA,NA,NA,NA,NA,NA,0,Villanova,Creighton,121,NA,Jeremiah Robinson-Earl,Collin Gillespie,Brandon Slater,Justin Moore,Saddiq Bey,Ty-Shon Alexander,Damien Jefferson,Mitch Ballock,Marcus Zegarowski,Denzel Mahoney
2019-20,2020-02-01,2187339,277,0,2,Villanova,Creighton,Wildcats,Bluejays,2,3,57,63,-6,1367,Creighton,209,209,19,Jermaine Samuels blocks a Ty-Shon Alexander layup.,missed,FALSE,FALSE,Layup Shot,26,6.25,1060385,Ty-Shon Alexander,NA,0,Creighton,Creighton,122,NA,Jeremiah Robinson-Earl,Collin Gillespie,Brandon Slater,Justin Moore,Saddiq Bey,Ty-Shon Alexander,Damien Jefferson,Mitch Ballock,Marcus Zegarowski,Denzel Mahoney
2019-20,2020-02-01,2187339,279,0,2,Villanova,Creighton,Wildcats,Bluejays,2,3,57,63,-6,NA,NA,208,208,1,Official TV timeout.,NA,FALSE,FALSE,NA,NA,NA,NA,NA,NA,0,NA,NA,NA,NA,Jeremiah Robinson-Earl,Collin Gillespie,Brandon Slater,Justin Moore,Saddiq Bey,Ty-Shon Alexander,Damien Jefferson,Mitch Ballock,Marcus Zegarowski,Denzel Mahoney
2019-20,2020-02-01,2187339,280,0,2,Villanova,Creighton,Wildcats,Bluejays,2,3,57,66,-9,1367,Creighton,206,206,2,Mitch Ballock makes a 3-point jump shot from 23 feet out. Marcus Zegarowski with the assist.,made,FALSE,TRUE,Jump Shot,2.5,9.55,1060387,Mitch Ballock,Marcus Zegarowski,0,Creighton,Villanova,122,NA,Jeremiah Robinson-Earl,Collin Gillespie,Brandon Slater,Justin Moore,Saddiq Bey,Ty-Shon Alexander,Damien Jefferson,Mitch Ballock,Marcus Zegarowski,Denzel Mahoney
2019-20,2020-02-01,2187339,281,0,2,Villanova,Creighton,Wildcats,Bluejays,2,3,57,66,-9,1676,Villanova,184,184,22,Saddiq Bey misses a jump shot from 8 feet out.,missed,FALSE,FALSE,Jump Shot,25.9,12.950000000000003,1138653,Saddiq Bey,NA,0,Villanova,Villanova,123,NA,Jeremiah Robinson-Earl,Collin Gillespie,Brandon Slater,Justin Moore,Saddiq Bey,Ty-Shon Alexander,Damien Jefferson,Mitch Ballock,Marcus Zegarowski,Denzel Mahoney
2019-20,2020-02-01,2187339,282,0,2,Villanova,Creighton,Wildcats,Bluejays,2,3,57,66,-9,1367,Creighton,184,184,0,Damien Jefferson with a defensive rebound.,NA,FALSE,FALSE,NA,NA,NA,NA,NA,NA,0,Villanova,Creighton,123,NA,Jeremiah Robinson-Earl,Collin Gillespie,Brandon Slater,Justin Moore,Saddiq Bey,Ty-Shon Alexander,Damien Jefferson,Mitch Ballock,Marcus Zegarowski,Denzel Mahoney
2019-20,2020-02-01,2187339,283,0,2,Villanova,Creighton,Wildcats,Bluejays,2,2,57,66,-9,1367,Creighton,165,165,19,Bluejays take a 30-second timeout.,NA,FALSE,FALSE,NA,NA,NA,NA,NA,NA,0,NA,NA,NA,NA,Jeremiah Robinson-Earl,Collin Gillespie,Brandon Slater,Justin Moore,Saddiq Bey,Ty-Shon Alexander,Damien Jefferson,Mitch Ballock,Marcus Zegarowski,Denzel Mahoney
2019-20,2020-02-01,2187339,284,0,2,Villanova,Creighton,Wildcats,Bluejays,2,2,57,66,-9,1367,Creighton,156,156,9,Ty-Shon Alexander misses a 3-point jump shot from 24 feet out.,missed,FALSE,TRUE,Jump Shot,20.2,28.25,1060385,Ty-Shon Alexander,NA,0,Creighton,Creighton,124,NA,Jeremiah Robinson-Earl,Collin Gillespie,Brandon Slater,Justin Moore,Saddiq Bey,Ty-Shon Alexander,Damien Jefferson,Mitch Ballock,Marcus Zegarowski,Denzel Mahoney
2019-20,2020-02-01,2187339,285,0,2,Villanova,Creighton,Wildcats,Bluejays,2,2,57,66,-9,1676,Villanova,156,156,0,Jeremiah Robinson-Earl with a defensive rebound.,NA,FALSE,FALSE,NA,NA,NA,NA,NA,NA,0,Creighton,Villanova,124,NA,Jeremiah Robinson-Earl,Collin Gillespie,Brandon Slater,Justin Moore,Saddiq Bey,Ty-Shon Alexander,Damien Jefferson,Mitch Ballock,Marcus Zegarowski,Denzel Mahoney
2019-20,2020-02-01,2187339,286,0,2,Villanova,Creighton,Wildcats,Bluejays,2,2,57,66,-9,1367,Creighton,144,144,12,Shooting foul committed by Denzel Mahoney.,NA,FALSE,FALSE,NA,NA,NA,NA,NA,NA,0,Villanova,Villanova,125,NA,Jeremiah Robinson-Earl,Collin Gillespie,Brandon Slater,Justin Moore,Saddiq Bey,Ty-Shon Alexander,Damien Jefferson,Mitch Ballock,Marcus Zegarowski,Denzel Mahoney
2019-20,2020-02-01,2187339,287,0,2,Villanova,Creighton,Wildcats,Bluejays,2,2,58,66,-8,1676,Villanova,144,144,0,Justin Moore makes free throw 1 of 2.,made,TRUE,FALSE,NA,NA,NA,NA,NA,NA,0,Villanova,Villanova,125,NA,Jeremiah Robinson-Earl,Collin Gillespie,Brandon Slater,Justin Moore,Saddiq Bey,Ty-Shon Alexander,Damien Jefferson,Mitch Ballock,Marcus Zegarowski,Denzel Mahoney
2019-20,2020-02-01,2187339,288,0,2,Villanova,Creighton,Wildcats,Bluejays,2,2,59,66,-7,1676,Villanova,144,144,0,Justin Moore makes free throw 2 of 2.,made,TRUE,FALSE,NA,NA,NA,NA,NA,NA,0,Villanova,Creighton,125,NA,Jeremiah Robinson-Earl,Collin Gillespie,Brandon Slater,Justin Moore,Saddiq Bey,Ty-Shon Alexander,Damien Jefferson,Mitch Ballock,Marcus Zegarowski,Denzel Mahoney
2019-20,2020-02-01,2187339,289,0,2,Villanova,Creighton,Wildcats,Bluejays,2,2,59,68,-9,1367,Creighton,125,125,19,Damien Jefferson makes a layup. Ty-Shon Alexander with the assist.,made,FALSE,FALSE,Layup Shot,26,6.25,953060,Damien Jefferson,Ty-Shon Alexander,0,Creighton,Villanova,126,NA,Jeremiah Robinson-Earl,Collin Gillespie,Brandon Slater,Justin Moore,Saddiq Bey,Ty-Shon Alexander,Damien Jefferson,Mitch Ballock,Marcus Zegarowski,Denzel Mahoney
2019-20,2020-02-01,2187339,290,0,2,Villanova,Creighton,Wildcats,Bluejays,2,2,59,68,-9,1676,Villanova,110,110,15,Collin Gillespie misses a jump shot from 11 feet out.,missed,FALSE,FALSE,Jump Shot,32.6,12.950000000000003,1070352,Collin Gillespie,NA,0,Villanova,Villanova,127,NA,Jeremiah Robinson-Earl,Collin Gillespie,Brandon Slater,Justin Moore,Saddiq Bey,Ty-Shon Alexander,Damien Jefferson,Mitch Ballock,Marcus Zegarowski,Denzel Mahoney
2019-20,2020-02-01,2187339,291,0,2,Villanova,Creighton,Wildcats,Bluejays,2,2,59,68,-9,1367,Creighton,110,110,0,Ty-Shon Alexander with a defensive rebound.,NA,FALSE,FALSE,NA,NA,NA,NA,NA,NA,0,Villanova,Creighton,127,NA,Jeremiah Robinson-Earl,Collin Gillespie,Brandon Slater,Justin Moore,Saddiq Bey,Ty-Shon Alexander,Damien Jefferson,Mitch Ballock,Marcus Zegarowski,Denzel Mahoney
2019-20,2020-02-01,2187339,292,0,2,Villanova,Creighton,Wildcats,Bluejays,2,2,59,70,-11,1367,Creighton,93,93,17,Damien Jefferson makes a layup.,made,FALSE,FALSE,Layup Shot,25,5.25,953060,Damien Jefferson,NA,0,Creighton,Villanova,128,NA,Jeremiah Robinson-Earl,Collin Gillespie,Brandon Slater,Justin Moore,Saddiq Bey,Ty-Shon Alexander,Damien Jefferson,Mitch Ballock,Marcus Zegarowski,Denzel Mahoney
2019-20,2020-02-01,2187339,293,0,2,Villanova,Creighton,Wildcats,Bluejays,2,2,59,70,-11,1676,Villanova,75,75,18,Jermaine Samuels misses a 3-point jump shot from 22 feet out.,missed,FALSE,TRUE,Jump Shot,3.299999999999997,11.150000000000006,1070354,Jermaine Samuels,NA,0,Villanova,Villanova,129,NA,Jeremiah Robinson-Earl,Collin Gillespie,Brandon Slater,Justin Moore,Saddiq Bey,Ty-Shon Alexander,Damien Jefferson,Mitch Ballock,Marcus Zegarowski,Denzel Mahoney
2019-20,2020-02-01,2187339,294,0,2,Villanova,Creighton,Wildcats,Bluejays,2,2,59,70,-11,1367,Creighton,75,75,0,Denzel Mahoney with a defensive rebound.,NA,FALSE,FALSE,NA,NA,NA,NA,NA,NA,0,Villanova,Creighton,129,NA,Jeremiah Robinson-Earl,Collin Gillespie,Brandon Slater,Justin Moore,Saddiq Bey,Ty-Shon Alexander,Damien Jefferson,Mitch Ballock,Marcus Zegarowski,Denzel Mahoney
2019-20,2020-02-01,2187339,295,0,2,Villanova,Creighton,Wildcats,Bluejays,2,2,59,70,-11,1676,Villanova,71,71,4,Personal foul committed by Saddiq Bey.,NA,FALSE,FALSE,NA,NA,NA,NA,NA,NA,0,Creighton,Creighton,130,NA,Jeremiah Robinson-Earl,Collin Gillespie,Brandon Slater,Justin Moore,Saddiq Bey,Ty-Shon Alexander,Damien Jefferson,Mitch Ballock,Marcus Zegarowski,Denzel Mahoney
2019-20,2020-02-01,2187339,296,0,2,Villanova,Creighton,Wildcats,Bluejays,2,2,59,70,-11,1676,Villanova,71,71,0,Substitution: Cole Swider in for Jeremiah Robinson-Earl.,NA,FALSE,FALSE,NA,NA,NA,NA,NA,NA,1,NA,NA,NA,NA,Cole Swider,Collin Gillespie,Brandon Slater,Justin Moore,Saddiq Bey,Ty-Shon Alexander,Damien Jefferson,Mitch Ballock,Marcus Zegarowski,Denzel Mahoney
2019-20,2020-02-01,2187339,297,0,2,Villanova,Creighton,Wildcats,Bluejays,2,2,59,72,-13,1367,Creighton,70,70,1,Damien Jefferson dunks. Mitch Ballock with the assist.,made,FALSE,FALSE,Dunk Shot,26,6.25,953060,Damien Jefferson,Mitch Ballock,0,Creighton,Villanova,130,NA,Cole Swider,Collin Gillespie,Brandon Slater,Justin Moore,Saddiq Bey,Ty-Shon Alexander,Damien Jefferson,Mitch Ballock,Marcus Zegarowski,Denzel Mahoney
2019-20,2020-02-01,2187339,298,0,2,Villanova,Creighton,Wildcats,Bluejays,1,2,59,72,-13,1676,Villanova,68,68,2,Wildcats take a 30-second timeout.,NA,FALSE,FALSE,NA,NA,NA,NA,NA,NA,0,NA,NA,NA,NA,Cole Swider,Collin Gillespie,Brandon Slater,Justin Moore,Saddiq Bey,Ty-Shon Alexander,Damien Jefferson,Mitch Ballock,Marcus Zegarowski,Denzel Mahoney
2019-20,2020-02-01,2187339,299,0,2,Villanova,Creighton,Wildcats,Bluejays,1,2,59,72,-13,1676,Villanova,60,60,8,Collin Gillespie misses a layup.,missed,FALSE,FALSE,Layup Shot,26,6.25,1070352,Collin Gillespie,NA,0,Villanova,Villanova,131,NA,Cole Swider,Collin Gillespie,Brandon Slater,Justin Moore,Saddiq Bey,Ty-Shon Alexander,Damien Jefferson,Mitch Ballock,Marcus Zegarowski,Denzel Mahoney
2019-20,2020-02-01,2187339,300,0,2,Villanova,Creighton,Wildcats,Bluejays,1,2,59,72,-13,1367,Creighton,60,60,0,Denzel Mahoney with a defensive rebound.,NA,FALSE,FALSE,NA,NA,NA,NA,NA,NA,0,Villanova,Creighton,131,NA,Cole Swider,Collin Gillespie,Brandon Slater,Justin Moore,Saddiq Bey,Ty-Shon Alexander,Damien Jefferson,Mitch Ballock,Marcus Zegarowski,Denzel Mahoney
2019-20,2020-02-01,2187339,301,0,2,Villanova,Creighton,Wildcats,Bluejays,1,2,59,72,-13,1676,Villanova,58,58,2,Personal foul committed by Collin Gillespie.,NA,FALSE,FALSE,NA,NA,NA,NA,NA,NA,0,Creighton,Creighton,132,NA,Cole Swider,Collin Gillespie,Brandon Slater,Justin Moore,Saddiq Bey,Ty-Shon Alexander,Damien Jefferson,Mitch Ballock,Marcus Zegarowski,Denzel Mahoney
2019-20,2020-02-01,2187339,302,0,2,Villanova,Creighton,Wildcats,Bluejays,1,2,59,72,-13,1676,Villanova,58,58,0,Substitution: Jeremiah Robinson-Earl in for Jermaine Samuels.,NA,FALSE,FALSE,NA,NA,NA,NA,NA,NA,1,NA,NA,NA,Player leaving not previously in game,Cole Swider,Collin Gillespie,Brandon Slater,Justin Moore,Saddiq Bey,Ty-Shon Alexander,Damien Jefferson,Mitch Ballock,Marcus Zegarowski,Denzel Mahoney
2019-20,2020-02-01,2187339,303,0,2,Villanova,Creighton,Wildcats,Bluejays,1,2,59,72,-13,1676,Villanova,58,58,0,Substitution: Brandon Slater in for Cole Swider.,NA,FALSE,FALSE,NA,NA,NA,NA,NA,NA,1,NA,NA,NA,Sub already in game,Cole Swider,Collin Gillespie,Brandon Slater,Justin Moore,Saddiq Bey,Ty-Shon Alexander,Damien Jefferson,Mitch Ballock,Marcus Zegarowski,Denzel Mahoney
2019-20,2020-02-01,2187339,304,0,2,Villanova,Creighton,Wildcats,Bluejays,1,2,59,72,-13,1676,Villanova,56,56,2,Personal foul committed by Saddiq Bey.,NA,FALSE,FALSE,NA,NA,NA,NA,NA,NA,0,Creighton,Creighton,132,NA,Cole Swider,Collin Gillespie,Brandon Slater,Justin Moore,Saddiq Bey,Ty-Shon Alexander,Damien Jefferson,Mitch Ballock,Marcus Zegarowski,Denzel Mahoney
2019-20,2020-02-01,2187339,305,0,2,Villanova,Creighton,Wildcats,Bluejays,1,2,59,72,-13,1367,Creighton,55,55,1,Mitch Ballock with a turnover - Bad Pass,NA,FALSE,FALSE,NA,NA,NA,NA,NA,NA,0,Creighton,Villanova,132,NA,Cole Swider,Collin Gillespie,Brandon Slater,Justin Moore,Saddiq Bey,Ty-Shon Alexander,Damien Jefferson,Mitch Ballock,Marcus Zegarowski,Denzel Mahoney
2019-20,2020-02-01,2187339,306,0,2,Villanova,Creighton,Wildcats,Bluejays,1,2,59,72,-13,1676,Villanova,55,55,0,Substitution: Jermaine Samuels in for Jeremiah Robinson-Earl.,NA,FALSE,FALSE,NA,NA,NA,NA,NA,NA,1,NA,NA,NA,Player leaving not previously in game,Cole Swider,Collin Gillespie,Brandon Slater,Justin Moore,Saddiq Bey,Ty-Shon Alexander,Damien Jefferson,Mitch Ballock,Marcus Zegarowski,Denzel Mahoney
2019-20,2020-02-01,2187339,307,0,2,Villanova,Creighton,Wildcats,Bluejays,1,2,59,72,-13,1676,Villanova,55,55,0,Substitution: Cole Swider in for Brandon Slater.,NA,FALSE,FALSE,NA,NA,NA,NA,NA,NA,1,NA,NA,NA,Sub already in game,Cole Swider,Collin Gillespie,Brandon Slater,Justin Moore,Saddiq Bey,Ty-Shon Alexander,Damien Jefferson,Mitch Ballock,Marcus Zegarowski,Denzel Mahoney
2019-20,2020-02-01,2187339,308,0,2,Villanova,Creighton,Wildcats,Bluejays,1,2,59,72,-13,1676,Villanova,50,50,5,Marcus Zegarowski steals the ball from Cole Swider.,NA,FALSE,FALSE,NA,NA,NA,NA,NA,NA,0,Villanova,Creighton,133,NA,Cole Swider,Collin Gillespie,Brandon Slater,Justin Moore,Saddiq Bey,Ty-Shon Alexander,Damien Jefferson,Mitch Ballock,Marcus Zegarowski,Denzel Mahoney
2019-20,2020-02-01,2187339,309,0,2,Villanova,Creighton,Wildcats,Bluejays,1,2,59,72,-13,1676,Villanova,46,46,4,Personal foul committed by Collin Gillespie.,NA,FALSE,FALSE,NA,NA,NA,NA,NA,NA,0,Creighton,Creighton,134,NA,Cole Swider,Collin Gillespie,Brandon Slater,Justin Moore,Saddiq Bey,Ty-Shon Alexander,Damien Jefferson,Mitch Ballock,Marcus Zegarowski,Denzel Mahoney
2019-20,2020-02-01,2187339,310,0,2,Villanova,Creighton,Wildcats,Bluejays,1,2,59,72,-13,1676,Villanova,46,46,0,Substitution: Jeremiah Robinson-Earl in for Jermaine Samuels.,NA,FALSE,FALSE,NA,NA,NA,NA,NA,NA,1,NA,NA,NA,Player leaving not previously in game,Cole Swider,Collin Gillespie,Brandon Slater,Justin Moore,Saddiq Bey,Ty-Shon Alexander,Damien Jefferson,Mitch Ballock,Marcus Zegarowski,Denzel Mahoney
2019-20,2020-02-01,2187339,311,0,2,Villanova,Creighton,Wildcats,Bluejays,1,2,59,72,-13,1676,Villanova,46,46,0,Substitution: Brandon Slater in for Cole Swider.,NA,FALSE,FALSE,NA,NA,NA,NA,NA,NA,1,NA,NA,NA,Sub already in game,Cole Swider,Collin Gillespie,Brandon Slater,Justin Moore,Saddiq Bey,Ty-Shon Alexander,Damien Jefferson,Mitch Ballock,Marcus Zegarowski,Denzel Mahoney
2019-20,2020-02-01,2187339,312,0,2,Villanova,Creighton,Wildcats,Bluejays,1,2,59,72,-13,1676,Villanova,44,44,2,Personal foul committed by Justin Moore.,NA,FALSE,FALSE,NA,NA,NA,NA,NA,NA,0,Creighton,Creighton,134,NA,Cole Swider,Collin Gillespie,Brandon Slater,Justin Moore,Saddiq Bey,Ty-Shon Alexander,Damien Jefferson,Mitch Ballock,Marcus Zegarowski,Denzel Mahoney
2019-20,2020-02-01,2187339,313,0,2,Villanova,Creighton,Wildcats,Bluejays,1,2,59,72,-13,1676,Villanova,44,44,0,Substitution: Jermaine Samuels in for Jeremiah Robinson-Earl.,NA,FALSE,FALSE,NA,NA,NA,NA,NA,NA,1,NA,NA,NA,Player leaving not previously in game,Cole Swider,Collin Gillespie,Brandon Slater,Justin Moore,Saddiq Bey,Ty-Shon Alexander,Damien Jefferson,Mitch Ballock,Marcus Zegarowski,Denzel Mahoney
2019-20,2020-02-01,2187339,314,0,2,Villanova,Creighton,Wildcats,Bluejays,1,2,59,72,-13,1676,Villanova,44,44,0,Substitution: Cole Swider in for Brandon Slater.,NA,FALSE,FALSE,NA,NA,NA,NA,NA,NA,1,NA,NA,NA,Sub already in game,Cole Swider,Collin Gillespie,Brandon Slater,Justin Moore,Saddiq Bey,Ty-Shon Alexander,Damien Jefferson,Mitch Ballock,Marcus Zegarowski,Denzel Mahoney
2019-20,2020-02-01,2187339,315,0,2,Villanova,Creighton,Wildcats,Bluejays,1,2,59,73,-14,1367,Creighton,44,44,0,Denzel Mahoney makes free throw 1st of 1-and-1.,made,TRUE,FALSE,NA,NA,NA,NA,NA,NA,0,Creighton,Creighton,134,NA,Cole Swider,Collin Gillespie,Brandon Slater,Justin Moore,Saddiq Bey,Ty-Shon Alexander,Damien Jefferson,Mitch Ballock,Marcus Zegarowski,Denzel Mahoney
2019-20,2020-02-01,2187339,316,0,2,Villanova,Creighton,Wildcats,Bluejays,1,2,59,74,-15,1367,Creighton,44,44,0,Denzel Mahoney makes free throw 2nd of 1-and-1.,made,TRUE,FALSE,NA,NA,NA,NA,NA,NA,0,Creighton,Villanova,134,NA,Cole Swider,Collin Gillespie,Brandon Slater,Justin Moore,Saddiq Bey,Ty-Shon Alexander,Damien Jefferson,Mitch Ballock,Marcus Zegarowski,Denzel Mahoney
2019-20,2020-02-01,2187339,317,0,2,Villanova,Creighton,Wildcats,Bluejays,1,2,61,74,-13,1676,Villanova,34,34,10,Saddiq Bey makes a layup.,made,FALSE,FALSE,Layup Shot,25,5.25,1138653,Saddiq Bey,NA,0,Villanova,Creighton,135,NA,Cole Swider,Collin Gillespie,Brandon Slater,Justin Moore,Saddiq Bey,Ty-Shon Alexander,Damien Jefferson,Mitch Ballock,Marcus Zegarowski,Denzel Mahoney
2019-20,2020-02-01,2187339,318,0,2,Villanova,Creighton,Wildcats,Bluejays,1,2,61,74,-13,1676,Villanova,33,33,1,Personal foul committed by Saddiq Bey.,NA,FALSE,FALSE,NA,NA,NA,NA,NA,NA,0,Creighton,Creighton,136,NA,Cole Swider,Collin Gillespie,Brandon Slater,Justin Moore,Saddiq Bey,Ty-Shon Alexander,Damien Jefferson,Mitch Ballock,Marcus Zegarowski,Denzel Mahoney
2019-20,2020-02-01,2187339,319,0,2,Villanova,Creighton,Wildcats,Bluejays,1,2,61,74,-13,1676,Villanova,33,33,0,Substitution: Brandon Slater in for Saddiq Bey.,NA,FALSE,FALSE,NA,NA,NA,NA,NA,NA,1,NA,NA,NA,Sub already in game,Cole Swider,Collin Gillespie,Brandon Slater,Justin Moore,Saddiq Bey,Ty-Shon Alexander,Damien Jefferson,Mitch Ballock,Marcus Zegarowski,Denzel Mahoney
2019-20,2020-02-01,2187339,320,0,2,Villanova,Creighton,Wildcats,Bluejays,1,2,61,75,-14,1367,Creighton,33,33,0,Ty-Shon Alexander makes free throw 1st of 1-and-1.,made,TRUE,FALSE,NA,NA,NA,NA,NA,NA,0,Creighton,Creighton,136,NA,Cole Swider,Collin Gillespie,Brandon Slater,Justin Moore,Saddiq Bey,Ty-Shon Alexander,Damien Jefferson,Mitch Ballock,Marcus Zegarowski,Denzel Mahoney
2019-20,2020-02-01,2187339,321,0,2,Villanova,Creighton,Wildcats,Bluejays,1,2,61,76,-15,1367,Creighton,33,33,0,Ty-Shon Alexander makes free throw 2nd of 1-and-1.,made,TRUE,FALSE,NA,NA,NA,NA,NA,NA,0,Creighton,Villanova,136,NA,Cole Swider,Collin Gillespie,Brandon Slater,Justin Moore,Saddiq Bey,Ty-Shon Alexander,Damien Jefferson,Mitch Ballock,Marcus Zegarowski,Denzel Mahoney
2019-20,2020-02-01,2187339,322,0,2,Villanova,Creighton,Wildcats,Bluejays,1,2,61,76,-15,1367,Creighton,33,33,0,Substitution: Christian Bishop in for Damien Jefferson.,NA,FALSE,FALSE,NA,NA,NA,NA,NA,NA,1,NA,NA,NA,NA,Cole Swider,Collin Gillespie,Brandon Slater,Justin Moore,Saddiq Bey,Ty-Shon Alexander,Christian Bishop,Mitch Ballock,Marcus Zegarowski,Denzel Mahoney
2019-20,2020-02-01,2187339,323,0,2,Villanova,Creighton,Wildcats,Bluejays,1,2,61,76,-15,1676,Villanova,25,25,8,Justin Moore misses a jump shot from 11 feet out.,missed,FALSE,FALSE,Jump Shot,15.899999999999999,11.650000000000006,1176163,Justin Moore,NA,0,Villanova,Villanova,137,NA,Cole Swider,Collin Gillespie,Brandon Slater,Justin Moore,Saddiq Bey,Ty-Shon Alexander,Christian Bishop,Mitch Ballock,Marcus Zegarowski,Denzel Mahoney
2019-20,2020-02-01,2187339,324,0,2,Villanova,Creighton,Wildcats,Bluejays,1,2,61,76,-15,1367,Creighton,25,25,0,Mitch Ballock with a defensive rebound.,NA,FALSE,FALSE,NA,NA,NA,NA,NA,NA,0,Villanova,Creighton,137,NA,Cole Swider,Collin Gillespie,Brandon Slater,Justin Moore,Saddiq Bey,Ty-Shon Alexander,Christian Bishop,Mitch Ballock,Marcus Zegarowski,Denzel Mahoney
2019-20,2020-02-01,2187339,325,0,2,Villanova,Creighton,Wildcats,Bluejays,1,2,61,76,-15,1676,Villanova,20,20,5,Personal foul committed by Collin Gillespie.,NA,FALSE,FALSE,NA,NA,NA,NA,NA,NA,0,Creighton,Creighton,138,NA,Cole Swider,Collin Gillespie,Brandon Slater,Justin Moore,Saddiq Bey,Ty-Shon Alexander,Christian Bishop,Mitch Ballock,Marcus Zegarowski,Denzel Mahoney
2019-20,2020-02-01,2187339,326,0,2,Villanova,Creighton,Wildcats,Bluejays,1,2,61,76,-15,1367,Creighton,20,20,0,Mitch Ballock misses free throw 1st of 1-and-1.,missed,TRUE,FALSE,NA,NA,NA,NA,NA,NA,0,Creighton,Creighton,138,NA,Cole Swider,Collin Gillespie,Brandon Slater,Justin Moore,Saddiq Bey,Ty-Shon Alexander,Christian Bishop,Mitch Ballock,Marcus Zegarowski,Denzel Mahoney
2019-20,2020-02-01,2187339,327,0,2,Villanova,Creighton,Wildcats,Bluejays,1,2,61,76,-15,1676,Villanova,20,20,0,Cole Swider with a defensive rebound.,NA,FALSE,FALSE,NA,NA,NA,NA,NA,NA,0,Creighton,Villanova,138,NA,Cole Swider,Collin Gillespie,Brandon Slater,Justin Moore,Saddiq Bey,Ty-Shon Alexander,Christian Bishop,Mitch Ballock,Marcus Zegarowski,Denzel Mahoney
2019-20,2020-02-01,2187339,328,0,2,Villanova,Creighton,Wildcats,Bluejays,1,2,61,76,-15,1676,Villanova,16,16,4,Cole Swider with a turnover - Palming,NA,FALSE,FALSE,NA,NA,NA,NA,NA,NA,0,Villanova,Creighton,139,NA,Cole Swider,Collin Gillespie,Brandon Slater,Justin Moore,Saddiq Bey,Ty-Shon Alexander,Christian Bishop,Mitch Ballock,Marcus Zegarowski,Denzel Mahoney
2019-20,2020-02-01,2187339,329,0,2,Villanova,Creighton,Wildcats,Bluejays,1,2,61,76,-15,1367,Creighton,16,16,0,Substitution: Jett Canfield in for Ty-Shon Alexander.,NA,FALSE,FALSE,NA,NA,NA,NA,NA,NA,1,NA,NA,NA,NA,Cole Swider,Collin Gillespie,Brandon Slater,Justin Moore,Saddiq Bey,Jett Canfield,Christian Bishop,Mitch Ballock,Marcus Zegarowski,Denzel Mahoney
2019-20,2020-02-01,2187339,330,0,2,Villanova,Creighton,Wildcats,Bluejays,1,2,61,76,-15,1367,Creighton,16,16,0,Substitution: Jordan Scurry in for Mitch Ballock.,NA,FALSE,FALSE,NA,NA,NA,NA,NA,NA,1,NA,NA,NA,NA,Cole Swider,Collin Gillespie,Brandon Slater,Justin Moore,Saddiq Bey,Jett Canfield,Christian Bishop,Jordan Scurry,Marcus Zegarowski,Denzel Mahoney
2019-20,2020-02-01,2187339,331,0,2,Villanova,Creighton,Wildcats,Bluejays,1,2,61,76,-15,1367,Creighton,16,16,0,Substitution: Jalen Windham in for Christian Bishop.,NA,FALSE,FALSE,NA,NA,NA,NA,NA,NA,1,NA,NA,NA,NA,Cole Swider,Collin Gillespie,Brandon Slater,Justin Moore,Saddiq Bey,Jett Canfield,Jalen Windham,Jordan Scurry,Marcus Zegarowski,Denzel Mahoney
2019-20,2020-02-01,2187339,332,0,2,Villanova,Creighton,Wildcats,Bluejays,1,2,61,76,-15,1367,Creighton,16,16,0,Substitution: Nic Zeil in for Marcus Zegarowski.,NA,FALSE,FALSE,NA,NA,NA,NA,NA,NA,1,NA,NA,NA,NA,Cole Swider,Collin Gillespie,Brandon Slater,Justin Moore,Saddiq Bey,Jett Canfield,Jalen Windham,Jordan Scurry,Nic Zeil,Denzel Mahoney
2019-20,2020-02-01,2187339,333,0,2,Villanova,Creighton,Wildcats,Bluejays,1,2,61,76,-15,1676,Villanova,16,16,0,Substitution: Chris Arcidiacono in for Jermaine Samuels.,NA,FALSE,FALSE,NA,NA,NA,NA,NA,NA,1,NA,NA,NA,Player leaving not previously in game,Cole Swider,Collin Gillespie,Brandon Slater,Justin Moore,Saddiq Bey,Jett Canfield,Jalen Windham,Jordan Scurry,Nic Zeil,Denzel Mahoney
2019-20,2020-02-01,2187339,334,0,2,Villanova,Creighton,Wildcats,Bluejays,1,2,61,76,-15,1676,Villanova,16,16,0,Substitution: Bryan Antoine in for Collin Gillespie.,NA,FALSE,FALSE,NA,NA,NA,NA,NA,NA,1,NA,NA,NA,NA,Cole Swider,Bryan Antoine,Brandon Slater,Justin Moore,Saddiq Bey,Jett Canfield,Jalen Windham,Jordan Scurry,Nic Zeil,Denzel Mahoney
2019-20,2020-02-01,2187339,335,0,2,Villanova,Creighton,Wildcats,Bluejays,1,2,61,76,-15,NA,NA,0,0,16,End of the 2nd Half,NA,FALSE,FALSE,NA,NA,NA,NA,NA,NA,0,NA,NA,NA,NA,Cole Swider,Bryan Antoine,Brandon Slater,Justin Moore,Saddiq Bey,Jett Canfield,Jalen Windham,Jordan Scurry,Nic Zeil,Denzel Mahoney
2019-20,2020-02-01,2187339,336,0,2,Villanova,Creighton,Wildcats,Bluejays,1,2,61,76,-15,NA,NA,0,0,0,End of the Game,NA,FALSE,FALSE,NA,NA,NA,NA,NA,NA,0,Creighton,Creighton,NA,NA,Cole Swider,Bryan Antoine,Brandon Slater,Justin Moore,Saddiq Bey,Jett Canfield,Jalen Windham,Jordan Scurry,Nic Zeil,Denzel Mahoney
