season,date,game_id,play_id,neutral,half,home,away,home_name,away_name,home_timeouts,away_timeouts,home_score,away_score,score_diff,team_id,event_team,game_secs_remaining,half_secs_remaining,play_length,desc,shot_outcome,free_throw,three_pt,shot_desc,loc_x,loc_y,shooter_id,shooter,assist,substitution,poss_before,poss_after,poss_number
2009-10,2010-03-11,962496,1,1,1,Kansas State,Oklahoma State,Wildcats,Cowboys,4,4,0,0,0,NA,NA,2400,1200,NA,Start of the 1st Half,NA,FALSE,FALSE,NA,NA,NA,NA,NA,NA,0,NA,Oklahoma State,NA
2009-10,2010-03-11,962496,8,1,1,Kansas State,Oklahoma State,Wildcats,Cowboys,4,4,0,0,0,1457,Kansas State,2382,1182,18,Shooting foul committed by Wildcats.,NA,FALSE,FALSE,NA,NA,NA,NA,NA,NA,0,Oklahoma State,Oklahoma State,1
2009-10,2010-03-11,962496,10,1,1,Kansas State,Oklahoma State,Wildcats,Cowboys,4,4,0,1,-1,1559,Oklahoma State,2382,1182,0, makes free throw 1 of 2.,made,TRUE,FALSE,NA,NA,NA,NA,NA,NA,0,Oklahoma State,Oklahoma State,1
2009-10,2010-03-11,962496,11,1,1,Kansas State,Oklahoma State,Wildcats,Cowboys,4,4,0,1,-1,1559,Oklahoma State,2382,1182,0, misses free throw 2 of 2.,missed,TRUE,FALSE,NA,NA,NA,NA,NA,NA,0,Oklahoma State,Oklahoma State,1
2009-10,2010-03-11,962496,12,1,1,Kansas State,Oklahoma State,Wildcats,Cowboys,4,4,0,1,-1,1457,Kansas State,2382,1182,0, with a defensive rebound.,NA,FALSE,FALSE,NA,NA,NA,NA,NA,NA,0,Oklahoma State,Kansas State,1
2009-10,2010-03-11,962496,23,1,1,Kansas State,Oklahoma State,Wildcats,Cowboys,4,4,0,1,-1,1457,Kansas State,2347,1147,35, misses a 3-point jump shot from 25 feet out.,missed,FALSE,TRUE,Jump Shot,46.7,18.549999999999997,295917,NA,NA,0,Kansas State,Kansas State,2
2009-10,2010-03-11,962496,24,1,1,Kansas State,Oklahoma State,Wildcats,Cowboys,4,4,0,1,-1,1457,Kansas State,2347,1147,0, with an offensive rebound.,NA,FALSE,FALSE,NA,NA,NA,NA,NA,NA,0,Kansas State,Kansas State,2
2009-10,2010-03-11,962496,40,1,1,Kansas State,Oklahoma State,Wildcats,Cowboys,4,4,0,1,-1,1457,Kansas State,2319,1119,28, misses a layup.,missed,FALSE,FALSE,Layup Shot,26,6.25,295917,NA,NA,0,Kansas State,Kansas State,2
2009-10,2010-03-11,962496,41,1,1,Kansas State,Oklahoma State,Wildcats,Cowboys,4,4,0,1,-1,1457,Kansas State,2319,1119,0, with an offensive rebound.,NA,FALSE,FALSE,NA,NA,NA,NA,NA,NA,0,Kansas State,Kansas State,2
2009-10,2010-03-11,962496,42,1,1,Kansas State,Oklahoma State,Wildcats,Cowboys,4,4,0,1,-1,1559,Oklahoma State,2317,1117,2,Shooting foul committed by Cowboys.,NA,FALSE,FALSE,NA,NA,NA,NA,NA,NA,0,Kansas State,Kansas State,2
2009-10,2010-03-11,962496,43,1,1,Kansas State,Oklahoma State,Wildcats,Cowboys,4,4,0,1,-1,1457,Kansas State,2317,1117,0, misses free throw 1 of 2.,missed,TRUE,FALSE,NA,NA,NA,NA,NA,NA,0,Kansas State,Kansas State,2
2009-10,2010-03-11,962496,45,1,1,Kansas State,Oklahoma State,Wildcats,Cowboys,4,4,1,1,0,1457,Kansas State,2317,1117,0, makes free throw 2 of 2.,made,TRUE,FALSE,NA,NA,NA,NA,NA,NA,0,Kansas State,Oklahoma State,2
2009-10,2010-03-11,962496,47,1,1,Kansas State,Oklahoma State,Wildcats,Cowboys,4,4,4,1,3,1457,Kansas State,2304,1104,13, makes a 3-point jump shot from 25 feet out.  with the assist.,made,FALSE,TRUE,Jump Shot,4.200000000000003,19.75,405354,NA,NA,0,Kansas State,Oklahoma State,3
2009-10,2010-03-11,962496,49,1,1,Kansas State,Oklahoma State,Wildcats,Cowboys,4,4,4,1,3,1559,Oklahoma State,2276,1076,28, misses a layup.,missed,FALSE,FALSE,Layup Shot,26,6.25,341899,NA,NA,0,Oklahoma State,Oklahoma State,4
2009-10,2010-03-11,962496,50,1,1,Kansas State,Oklahoma State,Wildcats,Cowboys,4,4,4,1,3,1457,Kansas State,2276,1076,0, with a defensive rebound.,NA,FALSE,FALSE,NA,NA,NA,NA,NA,NA,0,Oklahoma State,Kansas State,4
2009-10,2010-03-11,962496,51,1,1,Kansas State,Oklahoma State,Wildcats,Cowboys,4,4,4,1,3,1457,Kansas State,2276,1076,0,Shooting foul committed by Wildcats.,NA,FALSE,FALSE,NA,NA,NA,NA,NA,NA,0,Oklahoma State,Oklahoma State,5
2009-10,2010-03-11,962496,52,1,1,Kansas State,Oklahoma State,Wildcats,Cowboys,4,4,4,1,3,1559,Oklahoma State,2276,1076,0, misses free throw 1 of 2.,missed,TRUE,FALSE,NA,NA,NA,NA,NA,NA,0,Oklahoma State,Oklahoma State,5
2009-10,2010-03-11,962496,55,1,1,Kansas State,Oklahoma State,Wildcats,Cowboys,4,4,4,2,2,1559,Oklahoma State,2276,1076,0, makes free throw 2 of 2.,made,TRUE,FALSE,NA,NA,NA,NA,NA,NA,0,Oklahoma State,Kansas State,5
2009-10,2010-03-11,962496,60,1,1,Kansas State,Oklahoma State,Wildcats,Cowboys,4,4,6,2,4,1457,Kansas State,2265,1065,11, makes a layup.,made,FALSE,FALSE,Layup Shot,25,5.25,295917,NA,NA,0,Kansas State,Oklahoma State,6
2009-10,2010-03-11,962496,67,1,1,Kansas State,Oklahoma State,Wildcats,Cowboys,4,4,6,2,4,1559,Oklahoma State,2247,1047,18,Offensive foul committed by Cowboys.,NA,FALSE,FALSE,NA,NA,NA,NA,NA,NA,0,Oklahoma State,Kansas State,7
2009-10,2010-03-11,962496,75,1,1,Kansas State,Oklahoma State,Wildcats,Cowboys,4,4,6,4,2,1559,Oklahoma State,2197,997,50, makes a layup.  with the assist.,made,FALSE,FALSE,Layup Shot,25,5.25,341899,NA,NA,0,Oklahoma State,Kansas State,8
2009-10,2010-03-11,962496,78,1,1,Kansas State,Oklahoma State,Wildcats,Cowboys,4,4,6,4,2,1559,Oklahoma State,2185,985,12,Shooting foul committed by Cowboys.,NA,FALSE,FALSE,NA,NA,NA,NA,NA,NA,0,Kansas State,Kansas State,9
2009-10,2010-03-11,962496,79,1,1,Kansas State,Oklahoma State,Wildcats,Cowboys,4,4,7,4,3,1457,Kansas State,2185,985,0, makes free throw 1 of 2.,made,TRUE,FALSE,NA,NA,NA,NA,NA,NA,0,Kansas State,Kansas State,9
2009-10,2010-03-11,962496,80,1,1,Kansas State,Oklahoma State,Wildcats,Cowboys,4,4,7,4,3,1457,Kansas State,2185,985,0, misses free throw 2 of 2.,missed,TRUE,FALSE,NA,NA,NA,NA,NA,NA,0,Kansas State,Kansas State,9
2009-10,2010-03-11,962496,81,1,1,Kansas State,Oklahoma State,Wildcats,Cowboys,4,4,7,4,3,1559,Oklahoma State,2185,985,0, with a defensive rebound.,NA,FALSE,FALSE,NA,NA,NA,NA,NA,NA,0,Kansas State,Oklahoma State,9
2009-10,2010-03-11,962496,83,1,1,Kansas State,Oklahoma State,Wildcats,Cowboys,4,4,7,4,3,1559,Oklahoma State,2171,971,14, misses a 3-point jump shot from 28 feet out.,missed,FALSE,TRUE,Jump Shot,6.199999999999999,25.75,399702,NA,NA,0,Oklahoma State,Oklahoma State,10
2009-10,2010-03-11,962496,84,1,1,Kansas State,Oklahoma State,Wildcats,Cowboys,4,4,7,4,3,1457,Kansas State,2171,971,0, with a defensive rebound.,NA,FALSE,FALSE,NA,NA,NA,NA,NA,NA,0,Oklahoma State,Kansas State,10
2009-10,2010-03-11,962496,88,1,1,Kansas State,Oklahoma State,Wildcats,Cowboys,4,4,7,4,3,1457,Kansas State,2162,962,9, misses a jump shot from 8 feet out.,missed,FALSE,FALSE,Jump Shot,17.299999999999997,7.549999999999997,405354,NA,NA,0,Kansas State,Kansas State,11
2009-10,2010-03-11,962496,89,1,1,Kansas State,Oklahoma State,Wildcats,Cowboys,4,4,7,4,3,1559,Oklahoma State,2162,962,0, with a defensive rebound.,NA,FALSE,FALSE,NA,NA,NA,NA,NA,NA,0,Kansas State,Oklahoma State,11
2009-10,2010-03-11,962496,90,1,1,Kansas State,Oklahoma State,Wildcats,Cowboys,4,4,7,4,3,1457,Kansas State,2162,962,0,Personal foul committed by Wildcats.,NA,FALSE,FALSE,NA,NA,NA,NA,NA,NA,0,Oklahoma State,Oklahoma State,12
2009-10,2010-03-11,962496,92,1,1,Kansas State,Oklahoma State,Wildcats,Cowboys,4,4,7,6,1,1559,Oklahoma State,2146,946,16, makes a layup.,made,FALSE,FALSE,Layup Shot,25,5.25,329523,NA,NA,0,Oklahoma State,Kansas State,12
2009-10,2010-03-11,962496,97,1,1,Kansas State,Oklahoma State,Wildcats,Cowboys,4,4,7,6,1,1559,Oklahoma State,2130,930,16,Personal foul committed by Cowboys.,NA,FALSE,FALSE,NA,NA,NA,NA,NA,NA,0,Kansas State,Kansas State,13
2009-10,2010-03-11,962496,98,1,1,Kansas State,Oklahoma State,Wildcats,Cowboys,4,4,7,6,1,NA,NA,2130,930,0,Official TV timeout.,NA,FALSE,FALSE,NA,NA,NA,NA,NA,NA,0,NA,NA,NA
2009-10,2010-03-11,962496,101,1,1,Kansas State,Oklahoma State,Wildcats,Cowboys,4,4,10,6,4,1457,Kansas State,2125,925,5, makes a 3-point jump shot from 26 feet out.  with the assist.,made,FALSE,TRUE,Jump Shot,42.5,24.25,405354,NA,NA,0,Kansas State,Oklahoma State,13
2009-10,2010-03-11,962496,108,1,1,Kansas State,Oklahoma State,Wildcats,Cowboys,4,4,12,6,6,1457,Kansas State,2098,898,27, dunks.  with the assist.,made,FALSE,FALSE,Dunk Shot,25,5.25,405355,NA,NA,0,Kansas State,Oklahoma State,14
2009-10,2010-03-11,962496,111,1,1,Kansas State,Oklahoma State,Wildcats,Cowboys,4,4,12,6,6,1457,Kansas State,2090,890,8,Shooting foul committed by Wildcats.,NA,FALSE,FALSE,NA,NA,NA,NA,NA,NA,0,Oklahoma State,Oklahoma State,15
2009-10,2010-03-11,962496,112,1,1,Kansas State,Oklahoma State,Wildcats,Cowboys,4,4,12,7,5,1559,Oklahoma State,2090,890,0, makes free throw 1 of 2.,made,TRUE,FALSE,NA,NA,NA,NA,NA,NA,0,Oklahoma State,Oklahoma State,15
2009-10,2010-03-11,962496,113,1,1,Kansas State,Oklahoma State,Wildcats,Cowboys,4,4,12,8,4,1559,Oklahoma State,2090,890,0, makes free throw 2 of 2.,made,TRUE,FALSE,NA,NA,NA,NA,NA,NA,0,Oklahoma State,Kansas State,15
2009-10,2010-03-11,962496,115,1,1,Kansas State,Oklahoma State,Wildcats,Cowboys,4,4,12,8,4,1457,Kansas State,2083,883,7, misses a 3-point jump shot from 26 feet out.,missed,FALSE,TRUE,Jump Shot,43.7,22.650000000000006,405354,NA,NA,0,Kansas State,Kansas State,16
2009-10,2010-03-11,962496,116,1,1,Kansas State,Oklahoma State,Wildcats,Cowboys,4,4,12,8,4,1457,Kansas State,2083,883,0, with an offensive rebound.,NA,FALSE,FALSE,NA,NA,NA,NA,NA,NA,0,Kansas State,Kansas State,16
2009-10,2010-03-11,962496,120,1,1,Kansas State,Oklahoma State,Wildcats,Cowboys,4,4,12,8,4,1559,Oklahoma State,2075,875,8,Shooting foul committed by Cowboys.,NA,FALSE,FALSE,NA,NA,NA,NA,NA,NA,0,Kansas State,Kansas State,16
2009-10,2010-03-11,962496,121,1,1,Kansas State,Oklahoma State,Wildcats,Cowboys,4,4,13,8,5,1457,Kansas State,2075,875,0, makes free throw 1 of 2.,made,TRUE,FALSE,NA,NA,NA,NA,NA,NA,0,Kansas State,Kansas State,16
2009-10,2010-03-11,962496,122,1,1,Kansas State,Oklahoma State,Wildcats,Cowboys,4,4,14,8,6,1457,Kansas State,2075,875,0, makes free throw 2 of 2.,made,TRUE,FALSE,NA,NA,NA,NA,NA,NA,0,Kansas State,Oklahoma State,16
2009-10,2010-03-11,962496,127,1,1,Kansas State,Oklahoma State,Wildcats,Cowboys,4,4,14,8,6,1457,Kansas State,2058,858,17,Personal foul committed by Wildcats.,NA,FALSE,FALSE,NA,NA,NA,NA,NA,NA,0,Oklahoma State,Oklahoma State,17
2009-10,2010-03-11,962496,132,1,1,Kansas State,Oklahoma State,Wildcats,Cowboys,4,4,14,8,6,1559,Oklahoma State,2051,851,7,Offensive foul committed by Cowboys.,NA,FALSE,FALSE,NA,NA,NA,NA,NA,NA,0,Oklahoma State,Kansas State,17
2009-10,2010-03-11,962496,137,1,1,Kansas State,Oklahoma State,Wildcats,Cowboys,4,4,16,8,8,1457,Kansas State,2026,826,25, makes a layup.  with the assist.,made,FALSE,FALSE,Layup Shot,25,5.25,295917,NA,NA,0,Kansas State,Oklahoma State,18
2009-10,2010-03-11,962496,141,1,1,Kansas State,Oklahoma State,Wildcats,Cowboys,4,4,16,8,8,1559,Oklahoma State,2011,811,15, misses a jump shot from 10 feet out.,missed,FALSE,FALSE,Jump Shot,32.8,10.85,399702,NA,NA,0,Oklahoma State,Oklahoma State,19
2009-10,2010-03-11,962496,142,1,1,Kansas State,Oklahoma State,Wildcats,Cowboys,4,4,16,8,8,1457,Kansas State,2011,811,0, with a defensive rebound.,NA,FALSE,FALSE,NA,NA,NA,NA,NA,NA,0,Oklahoma State,Kansas State,19
2009-10,2010-03-11,962496,143,1,1,Kansas State,Oklahoma State,Wildcats,Cowboys,4,4,16,8,8,1457,Kansas State,2003,803,8, misses a 3-point jump shot from 24 feet out.,missed,FALSE,TRUE,Jump Shot,4.799999999999997,17.849999999999994,506103,NA,NA,0,Kansas State,Kansas State,20
2009-10,2010-03-11,962496,144,1,1,Kansas State,Oklahoma State,Wildcats,Cowboys,4,4,16,8,8,1457,Kansas State,2003,803,0, with an offensive rebound.,NA,FALSE,FALSE,NA,NA,NA,NA,NA,NA,0,Kansas State,Kansas State,20
2009-10,2010-03-11,962496,147,1,1,Kansas State,Oklahoma State,Wildcats,Cowboys,4,4,16,8,8,1457,Kansas State,1997,797,6, misses a 3-point jump shot from 22 feet out.,missed,FALSE,TRUE,Jump Shot,3.299999999999997,7.150000000000006,295917,NA,NA,0,Kansas State,Oklahoma State,20
2009-10,2010-03-11,962496,149,1,1,Kansas State,Oklahoma State,Wildcats,Cowboys,4,4,16,8,8,1457,Kansas State,1997,797,0,Personal foul committed by Wildcats.,NA,FALSE,FALSE,NA,NA,NA,NA,NA,NA,0,Oklahoma State,Oklahoma State,21
2009-10,2010-03-11,962496,158,1,1,Kansas State,Oklahoma State,Wildcats,Cowboys,4,4,16,8,8,1559,Oklahoma State,1981,781,16,Offensive foul committed by Cowboys.,NA,FALSE,FALSE,NA,NA,NA,NA,NA,NA,0,Oklahoma State,Kansas State,21
2009-10,2010-03-11,962496,163,1,1,Kansas State,Oklahoma State,Wildcats,Cowboys,4,4,18,8,10,1457,Kansas State,1972,772,9, makes a jump shot from 6 feet out.,made,FALSE,FALSE,Jump Shot,23.8,11.650000000000006,329483,NA,NA,0,Kansas State,Oklahoma State,22
2009-10,2010-03-11,962496,165,1,1,Kansas State,Oklahoma State,Wildcats,Cowboys,4,4,18,8,10,1457,Kansas State,1963,763,9,Personal foul committed by Wildcats.,NA,FALSE,FALSE,NA,NA,NA,NA,NA,NA,0,Oklahoma State,Oklahoma State,23
2009-10,2010-03-11,962496,166,1,1,Kansas State,Oklahoma State,Wildcats,Cowboys,4,4,18,8,10,1559,Oklahoma State,1963,763,0, misses free throw 1 of 1.,missed,TRUE,FALSE,NA,NA,NA,NA,NA,NA,0,Oklahoma State,Oklahoma State,23
2009-10,2010-03-11,962496,167,1,1,Kansas State,Oklahoma State,Wildcats,Cowboys,4,4,18,8,10,1457,Kansas State,1963,763,0, with a defensive rebound.,NA,FALSE,FALSE,NA,NA,NA,NA,NA,NA,0,Oklahoma State,Kansas State,23
2009-10,2010-03-11,962496,171,1,1,Kansas State,Oklahoma State,Wildcats,Cowboys,4,4,20,8,12,1457,Kansas State,1947,747,16, makes a jump shot from 15 feet out.  with the assist.,made,FALSE,FALSE,Jump Shot,10.200000000000003,5.849999999999994,445364,NA,NA,0,Kansas State,Oklahoma State,24
2009-10,2010-03-11,962496,172,1,1,Kansas State,Oklahoma State,Wildcats,Cowboys,4,4,22,8,14,1457,Kansas State,1925,725,22, dunks.  with the assist.,made,FALSE,FALSE,Dunk Shot,25,5.25,329483,NA,NA,0,Kansas State,Oklahoma State,25
2009-10,2010-03-11,962496,175,1,1,Kansas State,Oklahoma State,Wildcats,Cowboys,4,3,22,8,14,1559,Oklahoma State,1921,721,4,Cowboys take a 30-second timeout.,NA,FALSE,FALSE,NA,NA,NA,NA,NA,NA,0,NA,NA,NA
2009-10,2010-03-11,962496,177,1,1,Kansas State,Oklahoma State,Wildcats,Cowboys,4,3,22,8,14,1559,Oklahoma State,1914,714,7, misses a 3-point jump shot from 27 feet out.,missed,FALSE,TRUE,Jump Shot,39,27.85,399702,NA,NA,0,Oklahoma State,Oklahoma State,26
2009-10,2010-03-11,962496,178,1,1,Kansas State,Oklahoma State,Wildcats,Cowboys,4,3,22,8,14,1457,Kansas State,1914,714,0, with a defensive rebound.,NA,FALSE,FALSE,NA,NA,NA,NA,NA,NA,0,Oklahoma State,Kansas State,26
2009-10,2010-03-11,962496,182,1,1,Kansas State,Oklahoma State,Wildcats,Cowboys,4,3,22,8,14,1559,Oklahoma State,1907,707,7,Shooting foul committed by Cowboys.,NA,FALSE,FALSE,NA,NA,NA,NA,NA,NA,0,Kansas State,Kansas State,27
2009-10,2010-03-11,962496,183,1,1,Kansas State,Oklahoma State,Wildcats,Cowboys,4,3,22,8,14,NA,NA,1907,707,0,Official TV timeout.,NA,FALSE,FALSE,NA,NA,NA,NA,NA,NA,0,NA,NA,NA
2009-10,2010-03-11,962496,184,1,1,Kansas State,Oklahoma State,Wildcats,Cowboys,4,3,22,8,14,1457,Kansas State,1907,707,0, misses free throw 1 of 2.,missed,TRUE,FALSE,NA,NA,NA,NA,NA,NA,0,Kansas State,Kansas State,27
2009-10,2010-03-11,962496,186,1,1,Kansas State,Oklahoma State,Wildcats,Cowboys,4,3,23,8,15,1457,Kansas State,1907,707,0, makes free throw 2 of 2.,made,TRUE,FALSE,NA,NA,NA,NA,NA,NA,0,Kansas State,Oklahoma State,27
2009-10,2010-03-11,962496,189,1,1,Kansas State,Oklahoma State,Wildcats,Cowboys,4,3,23,11,12,1559,Oklahoma State,1898,698,9, makes a 3-point jump shot from 25 feet out.  with the assist.,made,FALSE,TRUE,Jump Shot,20.8,30.05,329523,NA,NA,0,Oklahoma State,Kansas State,28
2009-10,2010-03-11,962496,193,1,1,Kansas State,Oklahoma State,Wildcats,Cowboys,4,3,23,11,12,1457,Kansas State,1881,681,17, misses a hook shot from 5 feet out.,missed,FALSE,FALSE,Hook Shot,20.7,7.75,329483,NA,NA,0,Kansas State,Oklahoma State,29
2009-10,2010-03-11,962496,198,1,1,Kansas State,Oklahoma State,Wildcats,Cowboys,4,3,23,11,12,1457,Kansas State,1860,660,21,Shooting foul committed by Wildcats.,NA,FALSE,FALSE,NA,NA,NA,NA,NA,NA,0,Oklahoma State,Oklahoma State,30
2009-10,2010-03-11,962496,199,1,1,Kansas State,Oklahoma State,Wildcats,Cowboys,4,3,23,11,12,1457,Kansas State,1860,660,0,Substitution:  in for .,NA,FALSE,FALSE,NA,NA,NA,NA,NA,NA,1,NA,NA,NA
2009-10,2010-03-11,962496,200,1,1,Kansas State,Oklahoma State,Wildcats,Cowboys,4,3,23,11,12,1559,Oklahoma State,1860,660,0,Substitution:  in for .,NA,FALSE,FALSE,NA,NA,NA,NA,NA,NA,1,NA,NA,NA
2009-10,2010-03-11,962496,201,1,1,Kansas State,Oklahoma State,Wildcats,Cowboys,4,3,23,12,11,1559,Oklahoma State,1860,660,0, makes free throw 1 of 3.,made,TRUE,FALSE,NA,NA,NA,NA,NA,NA,0,Oklahoma State,Oklahoma State,30
2009-10,2010-03-11,962496,202,1,1,Kansas State,Oklahoma State,Wildcats,Cowboys,4,3,23,12,11,1559,Oklahoma State,1860,660,0, misses free throw 2 of 3.,missed,TRUE,FALSE,NA,NA,NA,NA,NA,NA,0,Oklahoma State,Oklahoma State,30
2009-10,2010-03-11,962496,204,1,1,Kansas State,Oklahoma State,Wildcats,Cowboys,4,3,23,12,11,1559,Oklahoma State,1860,660,0, misses free throw 3 of 3.,missed,TRUE,FALSE,NA,NA,NA,NA,NA,NA,0,Oklahoma State,Oklahoma State,30
2009-10,2010-03-11,962496,205,1,1,Kansas State,Oklahoma State,Wildcats,Cowboys,4,3,23,12,11,1457,Kansas State,1860,660,0, with a defensive rebound.,NA,FALSE,FALSE,NA,NA,NA,NA,NA,NA,0,Oklahoma State,Kansas State,30
2009-10,2010-03-11,962496,207,1,1,Kansas State,Oklahoma State,Wildcats,Cowboys,4,3,23,12,11,1457,Kansas State,1842,642,18, misses a jump shot from 13 feet out.,missed,FALSE,FALSE,Jump Shot,36.8,11.049999999999997,405355,NA,NA,0,Kansas State,Kansas State,31
2009-10,2010-03-11,962496,208,1,1,Kansas State,Oklahoma State,Wildcats,Cowboys,4,3,23,12,11,1457,Kansas State,1842,642,0, with an offensive rebound.,NA,FALSE,FALSE,NA,NA,NA,NA,NA,NA,0,Kansas State,Kansas State,31
2009-10,2010-03-11,962496,209,1,1,Kansas State,Oklahoma State,Wildcats,Cowboys,4,3,25,12,13,1457,Kansas State,1830,630,12, makes a layup.  with the assist.,made,FALSE,FALSE,Layup Shot,25,5.25,445364,NA,NA,0,Kansas State,Oklahoma State,31
2009-10,2010-03-11,962496,210,1,1,Kansas State,Oklahoma State,Wildcats,Cowboys,4,3,25,12,13,1559,Oklahoma State,1806,606,24, misses a 3-point jump shot from 25 feet out.,missed,FALSE,TRUE,Jump Shot,7.800000000000001,24.05,512035,NA,NA,0,Oklahoma State,Oklahoma State,32
2009-10,2010-03-11,962496,211,1,1,Kansas State,Oklahoma State,Wildcats,Cowboys,4,3,25,12,13,1457,Kansas State,1806,606,0, with a defensive rebound.,NA,FALSE,FALSE,NA,NA,NA,NA,NA,NA,0,Oklahoma State,Kansas State,32
2009-10,2010-03-11,962496,212,1,1,Kansas State,Oklahoma State,Wildcats,Cowboys,4,3,25,12,13,1457,Kansas State,1798,598,8, misses a 3-point jump shot from 24 feet out.,missed,FALSE,TRUE,Jump Shot,41,23.650000000000006,405354,NA,NA,0,Kansas State,Kansas State,33
2009-10,2010-03-11,962496,213,1,1,Kansas State,Oklahoma State,Wildcats,Cowboys,4,3,25,12,13,1559,Oklahoma State,1798,598,0, with a defensive rebound.,NA,FALSE,FALSE,NA,NA,NA,NA,NA,NA,0,Kansas State,Oklahoma State,33
2009-10,2010-03-11,962496,214,1,1,Kansas State,Oklahoma State,Wildcats,Cowboys,4,3,25,15,10,1559,Oklahoma State,1792,592,6, makes a 3-point jump shot from 25 feet out.  with the assist.,made,FALSE,TRUE,Jump Shot,5.199999999999999,20.35,458728,NA,NA,0,Oklahoma State,Kansas State,34
2009-10,2010-03-11,962496,217,1,1,Kansas State,Oklahoma State,Wildcats,Cowboys,4,3,25,15,10,1457,Kansas State,1768,568,24,Offensive foul committed by Wildcats.,NA,FALSE,FALSE,NA,NA,NA,NA,NA,NA,0,Kansas State,Oklahoma State,35
2009-10,2010-03-11,962496,223,1,1,Kansas State,Oklahoma State,Wildcats,Cowboys,4,3,25,15,10,1457,Kansas State,1759,559,9,Shooting foul committed by Wildcats.,NA,FALSE,FALSE,NA,NA,NA,NA,NA,NA,0,Oklahoma State,Oklahoma State,36
2009-10,2010-03-11,962496,224,1,1,Kansas State,Oklahoma State,Wildcats,Cowboys,4,3,25,15,10,1457,Kansas State,1759,559,0,Substitution:  in for .,NA,FALSE,FALSE,NA,NA,NA,NA,NA,NA,1,NA,NA,NA
2009-10,2010-03-11,962496,225,1,1,Kansas State,Oklahoma State,Wildcats,Cowboys,4,3,25,16,9,1559,Oklahoma State,1759,559,0, makes free throw 1 of 2.,made,TRUE,FALSE,NA,NA,NA,NA,NA,NA,0,Oklahoma State,Oklahoma State,36
2009-10,2010-03-11,962496,226,1,1,Kansas State,Oklahoma State,Wildcats,Cowboys,4,3,25,17,8,1559,Oklahoma State,1759,559,0, makes free throw 2 of 2.,made,TRUE,FALSE,NA,NA,NA,NA,NA,NA,0,Oklahoma State,Kansas State,36
2009-10,2010-03-11,962496,232,1,1,Kansas State,Oklahoma State,Wildcats,Cowboys,4,3,25,17,8,1457,Kansas State,1739,539,20, misses a 3-point jump shot from 23 feet out.,missed,FALSE,TRUE,Jump Shot,5.299999999999997,16.849999999999994,295917,NA,NA,0,Kansas State,Kansas State,37
2009-10,2010-03-11,962496,233,1,1,Kansas State,Oklahoma State,Wildcats,Cowboys,4,3,25,17,8,1559,Oklahoma State,1739,539,0, with a defensive rebound.,NA,FALSE,FALSE,NA,NA,NA,NA,NA,NA,0,Kansas State,Oklahoma State,37
2009-10,2010-03-11,962496,234,1,1,Kansas State,Oklahoma State,Wildcats,Cowboys,4,3,25,20,5,1559,Oklahoma State,1731,531,8, makes a 3-point jump shot from 22 feet out.,made,FALSE,TRUE,Jump Shot,41.5,20.55,458728,NA,NA,0,Oklahoma State,Kansas State,38
2009-10,2010-03-11,962496,237,1,1,Kansas State,Oklahoma State,Wildcats,Cowboys,3,3,25,20,5,1457,Kansas State,1726,526,5,Wildcats take a 30-second timeout.,NA,FALSE,FALSE,NA,NA,NA,NA,NA,NA,0,NA,NA,NA
2009-10,2010-03-11,962496,240,1,1,Kansas State,Oklahoma State,Wildcats,Cowboys,3,3,27,20,7,1457,Kansas State,1717,517,9, makes a jump shot from 9 feet out.,made,FALSE,FALSE,Jump Shot,20.3,13.349999999999994,445364,NA,NA,0,Kansas State,Oklahoma State,39
2009-10,2010-03-11,962496,241,1,1,Kansas State,Oklahoma State,Wildcats,Cowboys,3,3,27,23,4,1559,Oklahoma State,1702,502,15, makes a 3-point jump shot from 28 feet out.  with the assist.,made,FALSE,TRUE,Jump Shot,5.800000000000001,25.15,399702,NA,NA,0,Oklahoma State,Kansas State,40
2009-10,2010-03-11,962496,242,1,1,Kansas State,Oklahoma State,Wildcats,Cowboys,3,3,27,23,4,1457,Kansas State,1689,489,13, misses a layup.,missed,FALSE,FALSE,Layup Shot,26,6.25,506098,NA,NA,0,Kansas State,Kansas State,41
2009-10,2010-03-11,962496,243,1,1,Kansas State,Oklahoma State,Wildcats,Cowboys,3,3,27,23,4,1457,Kansas State,1689,489,0, with an offensive rebound.,NA,FALSE,FALSE,NA,NA,NA,NA,NA,NA,0,Kansas State,Kansas State,41
2009-10,2010-03-11,962496,247,1,1,Kansas State,Oklahoma State,Wildcats,Cowboys,3,3,27,23,4,1457,Kansas State,1683,483,6, misses a layup.,missed,FALSE,FALSE,Layup Shot,26,6.25,445364,NA,NA,0,Kansas State,Kansas State,41
2009-10,2010-03-11,962496,248,1,1,Kansas State,Oklahoma State,Wildcats,Cowboys,3,3,27,23,4,1457,Kansas State,1683,483,0, with an offensive rebound.,NA,FALSE,FALSE,NA,NA,NA,NA,NA,NA,0,Kansas State,Kansas State,41
2009-10,2010-03-11,962496,249,1,1,Kansas State,Oklahoma State,Wildcats,Cowboys,3,3,27,23,4,1559,Oklahoma State,1683,483,0,Shooting foul committed by Cowboys.,NA,FALSE,FALSE,NA,NA,NA,NA,NA,NA,0,Kansas State,Kansas State,41
2009-10,2010-03-11,962496,251,1,1,Kansas State,Oklahoma State,Wildcats,Cowboys,3,3,28,23,5,1457,Kansas State,1683,483,0, makes free throw 1 of 1.,made,TRUE,FALSE,NA,NA,NA,NA,NA,NA,0,Kansas State,Oklahoma State,41
2009-10,2010-03-11,962496,252,1,1,Kansas State,Oklahoma State,Wildcats,Cowboys,3,3,28,23,5,1559,Oklahoma State,1683,483,0,Substitution:  in for .,NA,FALSE,FALSE,NA,NA,NA,NA,NA,NA,1,NA,NA,NA
2009-10,2010-03-11,962496,253,1,1,Kansas State,Oklahoma State,Wildcats,Cowboys,3,3,29,23,6,1457,Kansas State,1683,483,0, makes free throw 2 of 2.,made,TRUE,FALSE,NA,NA,NA,NA,NA,NA,0,Kansas State,Oklahoma State,42
2009-10,2010-03-11,962496,256,1,1,Kansas State,Oklahoma State,Wildcats,Cowboys,3,3,29,23,6,1559,Oklahoma State,1661,461,22, misses a layup.,missed,FALSE,FALSE,Layup Shot,26,6.25,399702,NA,NA,0,Oklahoma State,Oklahoma State,43
2009-10,2010-03-11,962496,257,1,1,Kansas State,Oklahoma State,Wildcats,Cowboys,3,3,29,23,6,1457,Kansas State,1661,461,0, with a defensive rebound.,NA,FALSE,FALSE,NA,NA,NA,NA,NA,NA,0,Oklahoma State,Kansas State,43
2009-10,2010-03-11,962496,258,1,1,Kansas State,Oklahoma State,Wildcats,Cowboys,3,3,31,23,8,1457,Kansas State,1657,457,4, dunks.  with the assist.,made,FALSE,FALSE,Dunk Shot,25,5.25,405355,NA,NA,0,Kansas State,Oklahoma State,44
2009-10,2010-03-11,962496,260,1,1,Kansas State,Oklahoma State,Wildcats,Cowboys,3,3,31,23,8,NA,NA,1653,453,4,Official TV timeout.,NA,FALSE,FALSE,NA,NA,NA,NA,NA,NA,0,NA,NA,NA
2009-10,2010-03-11,962496,267,1,1,Kansas State,Oklahoma State,Wildcats,Cowboys,3,3,31,25,6,1559,Oklahoma State,1628,428,25, makes a jump shot from 8 feet out.,made,FALSE,FALSE,Jump Shot,28.2,12.65,341899,NA,NA,0,Oklahoma State,Kansas State,45
2009-10,2010-03-11,962496,268,1,1,Kansas State,Oklahoma State,Wildcats,Cowboys,3,3,31,25,6,1457,Kansas State,1597,397,31, misses a jump shot from 10 feet out.,missed,FALSE,FALSE,Jump Shot,20.3,14.349999999999994,405355,NA,NA,0,Kansas State,Kansas State,46
2009-10,2010-03-11,962496,269,1,1,Kansas State,Oklahoma State,Wildcats,Cowboys,3,3,31,25,6,1559,Oklahoma State,1597,397,0, with a defensive rebound.,NA,FALSE,FALSE,NA,NA,NA,NA,NA,NA,0,Kansas State,Oklahoma State,46
2009-10,2010-03-11,962496,270,1,1,Kansas State,Oklahoma State,Wildcats,Cowboys,3,3,31,25,6,1559,Oklahoma State,1588,388,9, misses a 3-point jump shot from 25 feet out.,missed,FALSE,TRUE,Jump Shot,46.5,18.25,399702,NA,NA,0,Oklahoma State,Oklahoma State,47
2009-10,2010-03-11,962496,271,1,1,Kansas State,Oklahoma State,Wildcats,Cowboys,3,3,31,25,6,1457,Kansas State,1588,388,0, with a defensive rebound.,NA,FALSE,FALSE,NA,NA,NA,NA,NA,NA,0,Oklahoma State,Kansas State,47
2009-10,2010-03-11,962496,274,1,1,Kansas State,Oklahoma State,Wildcats,Cowboys,3,3,31,25,6,1559,Oklahoma State,1579,379,9,Shooting foul committed by Cowboys.,NA,FALSE,FALSE,NA,NA,NA,NA,NA,NA,0,Kansas State,Kansas State,48
2009-10,2010-03-11,962496,276,1,1,Kansas State,Oklahoma State,Wildcats,Cowboys,3,3,31,25,6,1457,Kansas State,1579,379,0, misses free throw 1 of 2.,missed,TRUE,FALSE,NA,NA,NA,NA,NA,NA,0,Kansas State,Kansas State,48
2009-10,2010-03-11,962496,278,1,1,Kansas State,Oklahoma State,Wildcats,Cowboys,3,3,32,25,7,1457,Kansas State,1579,379,0, makes free throw 2 of 2.,made,TRUE,FALSE,NA,NA,NA,NA,NA,NA,0,Kansas State,Oklahoma State,48
2009-10,2010-03-11,962496,280,1,1,Kansas State,Oklahoma State,Wildcats,Cowboys,3,3,32,25,7,1559,Oklahoma State,1561,361,18, misses a jump shot from 13 feet out.,missed,FALSE,FALSE,Jump Shot,24.3,18.25,399702,NA,NA,0,Oklahoma State,Oklahoma State,49
2009-10,2010-03-11,962496,281,1,1,Kansas State,Oklahoma State,Wildcats,Cowboys,3,3,32,25,7,1457,Kansas State,1561,361,0, with a defensive rebound.,NA,FALSE,FALSE,NA,NA,NA,NA,NA,NA,0,Oklahoma State,Kansas State,49
2009-10,2010-03-11,962496,282,1,1,Kansas State,Oklahoma State,Wildcats,Cowboys,3,3,35,25,10,1457,Kansas State,1554,354,7, makes a 3-point jump shot from 24 feet out.  with the assist.,made,FALSE,TRUE,Jump Shot,17.299999999999997,28.450000000000003,445364,NA,NA,0,Kansas State,Oklahoma State,50
2009-10,2010-03-11,962496,285,1,1,Kansas State,Oklahoma State,Wildcats,Cowboys,3,3,35,25,10,1457,Kansas State,1542,342,12,Personal foul committed by Wildcats.,NA,FALSE,FALSE,NA,NA,NA,NA,NA,NA,0,Oklahoma State,Oklahoma State,51
2009-10,2010-03-11,962496,286,1,1,Kansas State,Oklahoma State,Wildcats,Cowboys,3,3,35,25,10,1559,Oklahoma State,1542,342,0, misses free throw 1 of 2.,missed,TRUE,FALSE,NA,NA,NA,NA,NA,NA,0,Oklahoma State,Oklahoma State,51
2009-10,2010-03-11,962496,288,1,1,Kansas State,Oklahoma State,Wildcats,Cowboys,3,3,35,26,9,1559,Oklahoma State,1542,342,0, makes free throw 2 of 2.,made,TRUE,FALSE,NA,NA,NA,NA,NA,NA,0,Oklahoma State,Kansas State,51
2009-10,2010-03-11,962496,290,1,1,Kansas State,Oklahoma State,Wildcats,Cowboys,3,3,35,26,9,1559,Oklahoma State,1526,326,16, misses a 3-point jump shot from 25 feet out.,missed,FALSE,TRUE,Jump Shot,45,20.55,399702,NA,NA,0,Oklahoma State,Oklahoma State,52
2009-10,2010-03-11,962496,291,1,1,Kansas State,Oklahoma State,Wildcats,Cowboys,3,3,35,26,9,1457,Kansas State,1526,326,0, with a defensive rebound.,NA,FALSE,FALSE,NA,NA,NA,NA,NA,NA,0,Oklahoma State,Kansas State,52
2009-10,2010-03-11,962496,308,1,1,Kansas State,Oklahoma State,Wildcats,Cowboys,3,3,38,26,12,1457,Kansas State,1457,257,69, makes a 3-point jump shot from 24 feet out.  with the assist.,made,FALSE,TRUE,Jump Shot,44.3,18.950000000000003,405354,NA,NA,0,Kansas State,Oklahoma State,53
2009-10,2010-03-11,962496,313,1,1,Kansas State,Oklahoma State,Wildcats,Cowboys,3,3,38,26,12,1559,Oklahoma State,1426,226,31, misses a jump shot from 14 feet out.,missed,FALSE,FALSE,Jump Shot,33,17.05,512035,NA,NA,0,Oklahoma State,Oklahoma State,54
2009-10,2010-03-11,962496,314,1,1,Kansas State,Oklahoma State,Wildcats,Cowboys,3,3,38,26,12,1457,Kansas State,1426,226,0, with a defensive rebound.,NA,FALSE,FALSE,NA,NA,NA,NA,NA,NA,0,Oklahoma State,Kansas State,54
2009-10,2010-03-11,962496,315,1,1,Kansas State,Oklahoma State,Wildcats,Cowboys,3,3,38,26,12,1559,Oklahoma State,1426,226,0,Personal foul committed by Cowboys.,NA,FALSE,FALSE,NA,NA,NA,NA,NA,NA,0,Kansas State,Kansas State,55
2009-10,2010-03-11,962496,316,1,1,Kansas State,Oklahoma State,Wildcats,Cowboys,3,3,38,26,12,NA,NA,1426,226,0,Official TV timeout.,NA,FALSE,FALSE,NA,NA,NA,NA,NA,NA,0,NA,NA,NA
2009-10,2010-03-11,962496,320,1,1,Kansas State,Oklahoma State,Wildcats,Cowboys,3,3,39,26,13,1457,Kansas State,1426,226,0, makes free throw 1 of 2.,made,TRUE,FALSE,NA,NA,NA,NA,NA,NA,0,Kansas State,Kansas State,55
2009-10,2010-03-11,962496,321,1,1,Kansas State,Oklahoma State,Wildcats,Cowboys,3,3,40,26,14,1457,Kansas State,1426,226,0, makes free throw 2 of 2.,made,TRUE,FALSE,NA,NA,NA,NA,NA,NA,0,Kansas State,Oklahoma State,55
2009-10,2010-03-11,962496,323,1,1,Kansas State,Oklahoma State,Wildcats,Cowboys,3,3,40,26,14,1559,Oklahoma State,1397,197,29, misses a 3-point jump shot from 27 feet out.,missed,FALSE,TRUE,Jump Shot,15.3,30.35,399702,NA,NA,0,Oklahoma State,Oklahoma State,56
2009-10,2010-03-11,962496,324,1,1,Kansas State,Oklahoma State,Wildcats,Cowboys,3,3,40,26,14,1457,Kansas State,1397,197,0, with a defensive rebound.,NA,FALSE,FALSE,NA,NA,NA,NA,NA,NA,0,Oklahoma State,Kansas State,56
2009-10,2010-03-11,962496,325,1,1,Kansas State,Oklahoma State,Wildcats,Cowboys,3,3,40,26,14,1457,Kansas State,1390,190,7, misses a jump shot from 13 feet out.,missed,FALSE,FALSE,Jump Shot,34.2,14.150000000000006,506100,NA,NA,0,Kansas State,Kansas State,57
2009-10,2010-03-11,962496,326,1,1,Kansas State,Oklahoma State,Wildcats,Cowboys,3,3,40,26,14,1457,Kansas State,1390,190,0, with an offensive rebound.,NA,FALSE,FALSE,NA,NA,NA,NA,NA,NA,0,Kansas State,Kansas State,57
2009-10,2010-03-11,962496,327,1,1,Kansas State,Oklahoma State,Wildcats,Cowboys,3,3,42,26,16,1457,Kansas State,1385,185,5, makes a layup.,made,FALSE,FALSE,Layup Shot,25,5.25,445364,NA,NA,0,Kansas State,Oklahoma State,57
2009-10,2010-03-11,962496,328,1,1,Kansas State,Oklahoma State,Wildcats,Cowboys,3,3,44,26,18,1457,Kansas State,1357,157,28, makes a layup.,made,FALSE,FALSE,Layup Shot,25,5.25,506100,NA,NA,0,Kansas State,Oklahoma State,58
2009-10,2010-03-11,962496,330,1,1,Kansas State,Oklahoma State,Wildcats,Cowboys,3,2,44,26,18,1559,Oklahoma State,1354,154,3,Cowboys take a full timeout.,NA,FALSE,FALSE,NA,NA,NA,NA,NA,NA,0,NA,NA,NA
2009-10,2010-03-11,962496,337,1,1,Kansas State,Oklahoma State,Wildcats,Cowboys,3,2,44,26,18,1559,Oklahoma State,1333,133,21, misses a jump shot from 15 feet out.,missed,FALSE,FALSE,Jump Shot,23.2,19.95,512040,NA,NA,0,Oklahoma State,Oklahoma State,59
2009-10,2010-03-11,962496,338,1,1,Kansas State,Oklahoma State,Wildcats,Cowboys,3,2,44,26,18,1457,Kansas State,1333,133,0, with a defensive rebound.,NA,FALSE,FALSE,NA,NA,NA,NA,NA,NA,0,Oklahoma State,Kansas State,59
2009-10,2010-03-11,962496,340,1,1,Kansas State,Oklahoma State,Wildcats,Cowboys,3,2,44,26,18,1559,Oklahoma State,1322,122,11,Personal foul committed by Cowboys.,NA,FALSE,FALSE,NA,NA,NA,NA,NA,NA,0,Kansas State,Kansas State,60
2009-10,2010-03-11,962496,341,1,1,Kansas State,Oklahoma State,Wildcats,Cowboys,3,2,45,26,19,1457,Kansas State,1322,122,0, makes free throw 1 of 2.,made,TRUE,FALSE,NA,NA,NA,NA,NA,NA,0,Kansas State,Kansas State,60
2009-10,2010-03-11,962496,342,1,1,Kansas State,Oklahoma State,Wildcats,Cowboys,3,2,46,26,20,1457,Kansas State,1322,122,0, makes free throw 2 of 2.,made,TRUE,FALSE,NA,NA,NA,NA,NA,NA,0,Kansas State,Oklahoma State,60
2009-10,2010-03-11,962496,344,1,1,Kansas State,Oklahoma State,Wildcats,Cowboys,3,2,46,26,20,1559,Oklahoma State,1303,103,19, misses a 3-point jump shot from 23 feet out.,missed,FALSE,TRUE,Jump Shot,4,13.95,399717,NA,NA,0,Oklahoma State,Oklahoma State,61
2009-10,2010-03-11,962496,345,1,1,Kansas State,Oklahoma State,Wildcats,Cowboys,3,2,46,26,20,1457,Kansas State,1303,103,0, with a defensive rebound.,NA,FALSE,FALSE,NA,NA,NA,NA,NA,NA,0,Oklahoma State,Kansas State,61
2009-10,2010-03-11,962496,346,1,1,Kansas State,Oklahoma State,Wildcats,Cowboys,3,2,48,26,22,1457,Kansas State,1274,74,29, makes a layup.,made,FALSE,FALSE,Layup Shot,25,5.25,405355,NA,NA,0,Kansas State,Oklahoma State,62
2009-10,2010-03-11,962496,347,1,1,Kansas State,Oklahoma State,Wildcats,Cowboys,3,2,48,26,22,1457,Kansas State,1221,21,53, misses a layup.,missed,FALSE,FALSE,Layup Shot,26,6.25,506098,NA,NA,0,Kansas State,Kansas State,63
2009-10,2010-03-11,962496,348,1,1,Kansas State,Oklahoma State,Wildcats,Cowboys,3,2,48,26,22,1559,Oklahoma State,1221,21,0, with a defensive rebound.,NA,FALSE,FALSE,NA,NA,NA,NA,NA,NA,0,Kansas State,Oklahoma State,63
2009-10,2010-03-11,962496,351,1,1,Kansas State,Oklahoma State,Wildcats,Cowboys,3,2,48,26,22,1559,Oklahoma State,1211,11,10, misses a layup.,missed,FALSE,FALSE,Layup Shot,26,6.25,512035,NA,NA,0,Oklahoma State,Kansas State,64
2009-10,2010-03-11,962496,356,1,1,Kansas State,Oklahoma State,Wildcats,Cowboys,3,2,51,26,25,1457,Kansas State,1205,5,6, makes a 3-point jump shot from 27 feet out.  with the assist.,made,FALSE,TRUE,Jump Shot,41,27.450000000000003,445364,NA,NA,0,Kansas State,Oklahoma State,65
2009-10,2010-03-11,962496,357,1,1,Kansas State,Oklahoma State,Wildcats,Cowboys,3,2,51,26,25,NA,NA,1200,0,5,End of the 1st Half,NA,FALSE,FALSE,NA,NA,NA,NA,NA,NA,0,NA,NA,NA
2009-10,2010-03-11,962496,358,1,2,Kansas State,Oklahoma State,Wildcats,Cowboys,4,4,51,26,25,NA,NA,1200,1200,0,Start of the 2nd Half,NA,FALSE,FALSE,NA,NA,NA,NA,NA,NA,0,NA,Oklahoma State,66
2009-10,2010-03-11,962496,369,1,2,Kansas State,Oklahoma State,Wildcats,Cowboys,4,4,51,26,25,1457,Kansas State,1187,1187,13,Shooting foul committed by Wildcats.,NA,FALSE,FALSE,NA,NA,NA,NA,NA,NA,0,Oklahoma State,Oklahoma State,67
2009-10,2010-03-11,962496,370,1,2,Kansas State,Oklahoma State,Wildcats,Cowboys,4,4,51,26,25,1559,Oklahoma State,1187,1187,0, misses free throw 1 of 2.,missed,TRUE,FALSE,NA,NA,NA,NA,NA,NA,0,Oklahoma State,Oklahoma State,67
2009-10,2010-03-11,962496,372,1,2,Kansas State,Oklahoma State,Wildcats,Cowboys,4,4,51,27,24,1559,Oklahoma State,1187,1187,0, makes free throw 2 of 2.,made,TRUE,FALSE,NA,NA,NA,NA,NA,NA,0,Oklahoma State,Kansas State,67
2009-10,2010-03-11,962496,374,1,2,Kansas State,Oklahoma State,Wildcats,Cowboys,4,4,54,27,27,1457,Kansas State,1173,1173,14, makes a 3-point jump shot from 23 feet out.  with the assist.,made,FALSE,TRUE,Jump Shot,47.7,5.049999999999997,295917,NA,NA,0,Kansas State,Oklahoma State,68
2009-10,2010-03-11,962496,375,1,2,Kansas State,Oklahoma State,Wildcats,Cowboys,4,4,54,27,27,1559,Oklahoma State,1156,1156,17, misses a 3-point jump shot from 26 feet out.,missed,FALSE,TRUE,Jump Shot,16,29.25,399702,NA,NA,0,Oklahoma State,Oklahoma State,69
2009-10,2010-03-11,962496,376,1,2,Kansas State,Oklahoma State,Wildcats,Cowboys,4,4,54,27,27,1457,Kansas State,1156,1156,0, with a defensive rebound.,NA,FALSE,FALSE,NA,NA,NA,NA,NA,NA,0,Oklahoma State,Kansas State,69
2009-10,2010-03-11,962496,377,1,2,Kansas State,Oklahoma State,Wildcats,Cowboys,4,4,56,27,29,1457,Kansas State,1149,1149,7, makes a layup.,made,FALSE,FALSE,Layup Shot,25,5.25,405354,NA,NA,0,Kansas State,Oklahoma State,70
2009-10,2010-03-11,962496,378,1,2,Kansas State,Oklahoma State,Wildcats,Cowboys,4,4,56,29,27,1559,Oklahoma State,1127,1127,22, dunks.,made,FALSE,FALSE,Dunk Shot,25,5.25,399702,NA,NA,0,Oklahoma State,Kansas State,71
2009-10,2010-03-11,962496,379,1,2,Kansas State,Oklahoma State,Wildcats,Cowboys,4,4,58,29,29,1457,Kansas State,1106,1106,21, makes a layup.  with the assist.,made,FALSE,FALSE,Layup Shot,25,5.25,330356,NA,NA,0,Kansas State,Oklahoma State,72
2009-10,2010-03-11,962496,383,1,2,Kansas State,Oklahoma State,Wildcats,Cowboys,4,4,58,29,29,1559,Oklahoma State,1086,1086,20,Offensive foul committed by Cowboys.,NA,FALSE,FALSE,NA,NA,NA,NA,NA,NA,0,Oklahoma State,Kansas State,73
2009-10,2010-03-11,962496,385,1,2,Kansas State,Oklahoma State,Wildcats,Cowboys,4,4,58,29,29,1457,Kansas State,1068,1068,18, misses a hook shot from 5 feet out.,missed,FALSE,FALSE,Hook Shot,24,9.650000000000006,329483,NA,NA,0,Kansas State,Kansas State,74
2009-10,2010-03-11,962496,386,1,2,Kansas State,Oklahoma State,Wildcats,Cowboys,4,4,58,29,29,1559,Oklahoma State,1068,1068,0, with a defensive rebound.,NA,FALSE,FALSE,NA,NA,NA,NA,NA,NA,0,Kansas State,Oklahoma State,74
2009-10,2010-03-11,962496,387,1,2,Kansas State,Oklahoma State,Wildcats,Cowboys,4,4,58,29,29,1559,Oklahoma State,1057,1057,11, misses a layup.,missed,FALSE,FALSE,Layup Shot,26,6.25,329523,NA,NA,0,Oklahoma State,Oklahoma State,75
2009-10,2010-03-11,962496,388,1,2,Kansas State,Oklahoma State,Wildcats,Cowboys,4,4,58,29,29,1457,Kansas State,1057,1057,0, with a defensive rebound.,NA,FALSE,FALSE,NA,NA,NA,NA,NA,NA,0,Oklahoma State,Kansas State,75
2009-10,2010-03-11,962496,392,1,2,Kansas State,Oklahoma State,Wildcats,Cowboys,4,4,58,29,29,1457,Kansas State,1042,1042,15,Personal foul committed by Wildcats.,NA,FALSE,FALSE,NA,NA,NA,NA,NA,NA,0,Oklahoma State,Oklahoma State,76
2009-10,2010-03-11,962496,397,1,2,Kansas State,Oklahoma State,Wildcats,Cowboys,4,4,58,29,29,1559,Oklahoma State,1025,1025,17, misses a 3-point jump shot from 27 feet out.,missed,FALSE,TRUE,Jump Shot,5,23.65,329523,NA,NA,0,Oklahoma State,Oklahoma State,76
2009-10,2010-03-11,962496,400,1,2,Kansas State,Oklahoma State,Wildcats,Cowboys,4,4,58,29,29,1559,Oklahoma State,1012,1012,13, misses a 3-point jump shot from 26 feet out.,missed,FALSE,TRUE,Jump Shot,13,28.85,458728,NA,NA,0,Oklahoma State,Oklahoma State,76
2009-10,2010-03-11,962496,401,1,2,Kansas State,Oklahoma State,Wildcats,Cowboys,4,4,58,29,29,1559,Oklahoma State,1012,1012,0, with an offensive rebound.,NA,FALSE,FALSE,NA,NA,NA,NA,NA,NA,0,Oklahoma State,Oklahoma State,76
2009-10,2010-03-11,962496,402,1,2,Kansas State,Oklahoma State,Wildcats,Cowboys,4,4,58,31,27,1559,Oklahoma State,1003,1003,9, makes a layup.,made,FALSE,FALSE,Layup Shot,25,5.25,399712,NA,NA,0,Oklahoma State,Kansas State,76
2009-10,2010-03-11,962496,405,1,2,Kansas State,Oklahoma State,Wildcats,Cowboys,4,4,58,31,27,1559,Oklahoma State,997,997,6,Personal foul committed by Cowboys.,NA,FALSE,FALSE,NA,NA,NA,NA,NA,NA,0,Kansas State,Kansas State,77
2009-10,2010-03-11,962496,407,1,2,Kansas State,Oklahoma State,Wildcats,Cowboys,4,4,61,31,30,1457,Kansas State,986,986,11, makes a 3-point jump shot from 24 feet out.,made,FALSE,TRUE,Jump Shot,43.5,20.549999999999997,295917,NA,NA,0,Kansas State,Oklahoma State,77
2009-10,2010-03-11,962496,415,1,2,Kansas State,Oklahoma State,Wildcats,Cowboys,4,4,61,31,30,1457,Kansas State,962,962,24,Personal foul committed by Wildcats.,NA,FALSE,FALSE,NA,NA,NA,NA,NA,NA,0,Oklahoma State,Oklahoma State,78
2009-10,2010-03-11,962496,417,1,2,Kansas State,Oklahoma State,Wildcats,Cowboys,4,4,61,31,30,1559,Oklahoma State,950,950,12, misses a jump shot from 9 feet out.,missed,FALSE,FALSE,Jump Shot,17.2,8.95,399712,NA,NA,0,Oklahoma State,Oklahoma State,78
2009-10,2010-03-11,962496,418,1,2,Kansas State,Oklahoma State,Wildcats,Cowboys,4,4,61,31,30,1457,Kansas State,950,950,0, with a defensive rebound.,NA,FALSE,FALSE,NA,NA,NA,NA,NA,NA,0,Oklahoma State,Kansas State,78
2009-10,2010-03-11,962496,420,1,2,Kansas State,Oklahoma State,Wildcats,Cowboys,4,4,61,31,30,NA,NA,937,937,13,Official TV timeout.,NA,FALSE,FALSE,NA,NA,NA,NA,NA,NA,0,NA,NA,NA
2009-10,2010-03-11,962496,426,1,2,Kansas State,Oklahoma State,Wildcats,Cowboys,4,4,61,31,30,1559,Oklahoma State,921,921,16, misses a 3-point jump shot from 22 feet out.,missed,FALSE,TRUE,Jump Shot,47,6.75,458728,NA,NA,0,Oklahoma State,Oklahoma State,79
2009-10,2010-03-11,962496,427,1,2,Kansas State,Oklahoma State,Wildcats,Cowboys,4,4,61,31,30,1457,Kansas State,921,921,0, with a defensive rebound.,NA,FALSE,FALSE,NA,NA,NA,NA,NA,NA,0,Oklahoma State,Kansas State,79
2009-10,2010-03-11,962496,430,1,2,Kansas State,Oklahoma State,Wildcats,Cowboys,4,4,61,31,30,1559,Oklahoma State,918,918,3,Personal foul committed by Cowboys.,NA,FALSE,FALSE,NA,NA,NA,NA,NA,NA,0,Kansas State,Kansas State,80
2009-10,2010-03-11,962496,436,1,2,Kansas State,Oklahoma State,Wildcats,Cowboys,4,4,61,31,30,1457,Kansas State,909,909,9,Offensive foul committed by Wildcats.,NA,FALSE,FALSE,NA,NA,NA,NA,NA,NA,0,Kansas State,Oklahoma State,80
2009-10,2010-03-11,962496,438,1,2,Kansas State,Oklahoma State,Wildcats,Cowboys,4,4,61,31,30,1559,Oklahoma State,899,899,10, misses a layup.,missed,FALSE,FALSE,Layup Shot,26,6.25,512038,NA,NA,0,Oklahoma State,Oklahoma State,81
2009-10,2010-03-11,962496,439,1,2,Kansas State,Oklahoma State,Wildcats,Cowboys,4,4,61,31,30,1457,Kansas State,899,899,0, with a defensive rebound.,NA,FALSE,FALSE,NA,NA,NA,NA,NA,NA,0,Oklahoma State,Kansas State,81
2009-10,2010-03-11,962496,440,1,2,Kansas State,Oklahoma State,Wildcats,Cowboys,4,4,61,31,30,1457,Kansas State,867,867,32, misses a jump shot from 13 feet out.,missed,FALSE,FALSE,Jump Shot,38,6.950000000000003,329483,NA,NA,0,Kansas State,Kansas State,82
2009-10,2010-03-11,962496,441,1,2,Kansas State,Oklahoma State,Wildcats,Cowboys,4,4,61,31,30,1559,Oklahoma State,867,867,0, with a defensive rebound.,NA,FALSE,FALSE,NA,NA,NA,NA,NA,NA,0,Kansas State,Oklahoma State,82
2009-10,2010-03-11,962496,442,1,2,Kansas State,Oklahoma State,Wildcats,Cowboys,4,4,61,31,30,1559,Oklahoma State,845,845,22, misses a 3-point jump shot from 24 feet out.,missed,FALSE,TRUE,Jump Shot,3.5,15.85,399702,NA,NA,0,Oklahoma State,Oklahoma State,83
2009-10,2010-03-11,962496,443,1,2,Kansas State,Oklahoma State,Wildcats,Cowboys,4,4,61,31,30,1457,Kansas State,845,845,0, with a defensive rebound.,NA,FALSE,FALSE,NA,NA,NA,NA,NA,NA,0,Oklahoma State,Kansas State,83
2009-10,2010-03-11,962496,444,1,2,Kansas State,Oklahoma State,Wildcats,Cowboys,4,4,63,31,32,1457,Kansas State,817,817,28, makes a jump shot from 15 feet out.,made,FALSE,FALSE,Jump Shot,11.5,11.049999999999997,295917,NA,NA,0,Kansas State,Oklahoma State,84
2009-10,2010-03-11,962496,446,1,2,Kansas State,Oklahoma State,Wildcats,Cowboys,4,4,63,34,29,1559,Oklahoma State,791,791,26, makes a 3-point jump shot from 22 feet out.  with the assist.,made,FALSE,TRUE,Jump Shot,47.3,3.75,399702,NA,NA,0,Oklahoma State,Kansas State,85
2009-10,2010-03-11,962496,454,1,2,Kansas State,Oklahoma State,Wildcats,Cowboys,4,4,63,34,29,1559,Oklahoma State,747,747,44,Personal foul committed by Cowboys.,NA,FALSE,FALSE,NA,NA,NA,NA,NA,NA,0,Kansas State,Kansas State,86
2009-10,2010-03-11,962496,457,1,2,Kansas State,Oklahoma State,Wildcats,Cowboys,4,4,65,34,31,1457,Kansas State,738,738,9, makes a layup.,made,FALSE,FALSE,Layup Shot,25,5.25,405355,NA,NA,0,Kansas State,Kansas State,86
2009-10,2010-03-11,962496,458,1,2,Kansas State,Oklahoma State,Wildcats,Cowboys,4,4,65,34,31,1559,Oklahoma State,738,738,0,Shooting foul committed by Cowboys.,NA,FALSE,FALSE,NA,NA,NA,NA,NA,NA,0,Kansas State,Kansas State,86
2009-10,2010-03-11,962496,459,1,2,Kansas State,Oklahoma State,Wildcats,Cowboys,4,4,66,34,32,1457,Kansas State,738,738,0, makes free throw 1 of 1.,made,TRUE,FALSE,NA,NA,NA,NA,NA,NA,0,Kansas State,Kansas State,86
2009-10,2010-03-11,962496,468,1,2,Kansas State,Oklahoma State,Wildcats,Cowboys,4,4,66,34,32,1559,Oklahoma State,713,713,25,Shooting foul committed by Cowboys.,NA,FALSE,FALSE,NA,NA,NA,NA,NA,NA,0,Kansas State,Kansas State,86
2009-10,2010-03-11,962496,469,1,2,Kansas State,Oklahoma State,Wildcats,Cowboys,4,4,66,34,32,NA,NA,713,713,0,Official TV timeout.,NA,FALSE,FALSE,NA,NA,NA,NA,NA,NA,0,NA,NA,NA
2009-10,2010-03-11,962496,470,1,2,Kansas State,Oklahoma State,Wildcats,Cowboys,4,4,66,34,32,1457,Kansas State,713,713,0, misses free throw 1 of 2.,missed,TRUE,FALSE,NA,NA,NA,NA,NA,NA,0,Kansas State,Kansas State,86
2009-10,2010-03-11,962496,472,1,2,Kansas State,Oklahoma State,Wildcats,Cowboys,4,4,67,34,33,1457,Kansas State,713,713,0, makes free throw 2 of 2.,made,TRUE,FALSE,NA,NA,NA,NA,NA,NA,0,Kansas State,Oklahoma State,86
2009-10,2010-03-11,962496,474,1,2,Kansas State,Oklahoma State,Wildcats,Cowboys,4,4,67,36,31,1559,Oklahoma State,696,696,17, makes a jump shot from 15 feet out.  with the assist.,made,FALSE,FALSE,Jump Shot,25,20.35,512039,NA,NA,0,Oklahoma State,Kansas State,87
2009-10,2010-03-11,962496,475,1,2,Kansas State,Oklahoma State,Wildcats,Cowboys,4,4,67,36,31,1457,Kansas State,681,681,15, misses a 3-point jump shot from 23 feet out.,missed,FALSE,TRUE,Jump Shot,42,21.150000000000006,506100,NA,NA,0,Kansas State,Kansas State,88
2009-10,2010-03-11,962496,476,1,2,Kansas State,Oklahoma State,Wildcats,Cowboys,4,4,67,36,31,1559,Oklahoma State,681,681,0, with a defensive rebound.,NA,FALSE,FALSE,NA,NA,NA,NA,NA,NA,0,Kansas State,Oklahoma State,88
2009-10,2010-03-11,962496,477,1,2,Kansas State,Oklahoma State,Wildcats,Cowboys,4,4,67,36,31,1559,Oklahoma State,675,675,6, misses a 3-point jump shot from 25 feet out.,missed,FALSE,TRUE,Jump Shot,41.5,24.25,458728,NA,NA,0,Oklahoma State,Oklahoma State,89
2009-10,2010-03-11,962496,478,1,2,Kansas State,Oklahoma State,Wildcats,Cowboys,4,4,67,36,31,1559,Oklahoma State,675,675,0, with an offensive rebound.,NA,FALSE,FALSE,NA,NA,NA,NA,NA,NA,0,Oklahoma State,Oklahoma State,89
2009-10,2010-03-11,962496,479,1,2,Kansas State,Oklahoma State,Wildcats,Cowboys,4,4,67,36,31,1559,Oklahoma State,672,672,3, misses a layup.,missed,FALSE,FALSE,Layup Shot,26,6.25,512039,NA,NA,0,Oklahoma State,Oklahoma State,89
2009-10,2010-03-11,962496,480,1,2,Kansas State,Oklahoma State,Wildcats,Cowboys,4,4,67,36,31,1457,Kansas State,672,672,0, with a defensive rebound.,NA,FALSE,FALSE,NA,NA,NA,NA,NA,NA,0,Oklahoma State,Kansas State,89
2009-10,2010-03-11,962496,483,1,2,Kansas State,Oklahoma State,Wildcats,Cowboys,4,4,67,36,31,1559,Oklahoma State,653,653,19,Shooting foul committed by Cowboys.,NA,FALSE,FALSE,NA,NA,NA,NA,NA,NA,0,Kansas State,Kansas State,90
2009-10,2010-03-11,962496,485,1,2,Kansas State,Oklahoma State,Wildcats,Cowboys,4,4,67,36,31,1457,Kansas State,653,653,0, misses free throw 1 of 2.,missed,TRUE,FALSE,NA,NA,NA,NA,NA,NA,0,Kansas State,Kansas State,90
2009-10,2010-03-11,962496,487,1,2,Kansas State,Oklahoma State,Wildcats,Cowboys,4,4,68,36,32,1457,Kansas State,653,653,0, makes free throw 2 of 2.,made,TRUE,FALSE,NA,NA,NA,NA,NA,NA,0,Kansas State,Oklahoma State,90
2009-10,2010-03-11,962496,490,1,2,Kansas State,Oklahoma State,Wildcats,Cowboys,4,4,68,38,30,1559,Oklahoma State,648,648,5, makes a jump shot.  with the assist.,made,FALSE,FALSE,Jump Shot,24.8,5.65,399702,NA,NA,0,Oklahoma State,Kansas State,91
2009-10,2010-03-11,962496,491,1,2,Kansas State,Oklahoma State,Wildcats,Cowboys,4,4,68,38,30,1457,Kansas State,628,628,20, misses a jump shot from 9 feet out.,missed,FALSE,FALSE,Jump Shot,16.5,7.349999999999994,506103,NA,NA,0,Kansas State,Kansas State,92
2009-10,2010-03-11,962496,492,1,2,Kansas State,Oklahoma State,Wildcats,Cowboys,4,4,68,38,30,1559,Oklahoma State,628,628,0, with a defensive rebound.,NA,FALSE,FALSE,NA,NA,NA,NA,NA,NA,0,Kansas State,Oklahoma State,92
2009-10,2010-03-11,962496,493,1,2,Kansas State,Oklahoma State,Wildcats,Cowboys,4,4,68,41,27,1559,Oklahoma State,622,622,6, makes a 3-point jump shot from 24 feet out.,made,FALSE,TRUE,Jump Shot,45.5,18.25,399702,NA,NA,0,Oklahoma State,Kansas State,93
2009-10,2010-03-11,962496,494,1,2,Kansas State,Oklahoma State,Wildcats,Cowboys,4,4,68,41,27,1457,Kansas State,607,607,15, misses a hook shot from 3 feet out.,missed,FALSE,FALSE,Hook Shot,24.5,7.950000000000003,330356,NA,NA,0,Kansas State,Kansas State,94
2009-10,2010-03-11,962496,495,1,2,Kansas State,Oklahoma State,Wildcats,Cowboys,4,4,68,41,27,1559,Oklahoma State,607,607,0, with a defensive rebound.,NA,FALSE,FALSE,NA,NA,NA,NA,NA,NA,0,Kansas State,Oklahoma State,94
2009-10,2010-03-11,962496,496,1,2,Kansas State,Oklahoma State,Wildcats,Cowboys,4,4,68,41,27,1559,Oklahoma State,600,600,7, misses a 3-point jump shot from 25 feet out.,missed,FALSE,TRUE,Jump Shot,41,23.85,399702,NA,NA,0,Oklahoma State,Oklahoma State,95
2009-10,2010-03-11,962496,497,1,2,Kansas State,Oklahoma State,Wildcats,Cowboys,4,4,68,41,27,1457,Kansas State,600,600,0, with a defensive rebound.,NA,FALSE,FALSE,NA,NA,NA,NA,NA,NA,0,Oklahoma State,Kansas State,95
2009-10,2010-03-11,962496,512,1,2,Kansas State,Oklahoma State,Wildcats,Cowboys,4,4,68,44,24,1559,Oklahoma State,570,570,30, makes a 3-point jump shot from 26 feet out.  with the assist.,made,FALSE,TRUE,Jump Shot,43.2,23.25,399702,NA,NA,0,Oklahoma State,Kansas State,96
2009-10,2010-03-11,962496,516,1,2,Kansas State,Oklahoma State,Wildcats,Cowboys,3,4,68,44,24,1457,Kansas State,566,566,4,Wildcats take a full timeout.,NA,FALSE,FALSE,NA,NA,NA,NA,NA,NA,0,NA,NA,NA
2009-10,2010-03-11,962496,527,1,2,Kansas State,Oklahoma State,Wildcats,Cowboys,3,4,68,44,24,1457,Kansas State,544,544,22, misses a jump shot from 14 feet out.,missed,FALSE,FALSE,Jump Shot,15.700000000000003,15.549999999999997,405355,NA,NA,0,Kansas State,Kansas State,97
2009-10,2010-03-11,962496,528,1,2,Kansas State,Oklahoma State,Wildcats,Cowboys,3,4,68,44,24,1457,Kansas State,544,544,0, with an offensive rebound.,NA,FALSE,FALSE,NA,NA,NA,NA,NA,NA,0,Kansas State,Kansas State,97
2009-10,2010-03-11,962496,529,1,2,Kansas State,Oklahoma State,Wildcats,Cowboys,3,4,68,44,24,1457,Kansas State,519,519,25, misses a jump shot from 11 feet out.,missed,FALSE,FALSE,Jump Shot,26,16.650000000000006,405355,NA,NA,0,Kansas State,Kansas State,97
2009-10,2010-03-11,962496,530,1,2,Kansas State,Oklahoma State,Wildcats,Cowboys,3,4,68,44,24,1457,Kansas State,519,519,0, with an offensive rebound.,NA,FALSE,FALSE,NA,NA,NA,NA,NA,NA,0,Kansas State,Kansas State,97
2009-10,2010-03-11,962496,531,1,2,Kansas State,Oklahoma State,Wildcats,Cowboys,3,4,68,44,24,1457,Kansas State,514,514,5, misses a layup.,missed,FALSE,FALSE,Layup Shot,26,6.25,405355,NA,NA,0,Kansas State,Kansas State,97
2009-10,2010-03-11,962496,532,1,2,Kansas State,Oklahoma State,Wildcats,Cowboys,3,4,68,44,24,1559,Oklahoma State,514,514,0, with a defensive rebound.,NA,FALSE,FALSE,NA,NA,NA,NA,NA,NA,0,Kansas State,Oklahoma State,97
2009-10,2010-03-11,962496,535,1,2,Kansas State,Oklahoma State,Wildcats,Cowboys,3,4,68,44,24,1559,Oklahoma State,478,478,36, misses a 3-point jump shot from 24 feet out.,missed,FALSE,TRUE,Jump Shot,46.7,14.55,399717,NA,NA,0,Oklahoma State,Kansas State,98
2009-10,2010-03-11,962496,537,1,2,Kansas State,Oklahoma State,Wildcats,Cowboys,3,4,68,44,24,NA,NA,478,478,0,Official TV timeout.,NA,FALSE,FALSE,NA,NA,NA,NA,NA,NA,0,NA,NA,NA
2009-10,2010-03-11,962496,550,1,2,Kansas State,Oklahoma State,Wildcats,Cowboys,3,4,71,44,27,1457,Kansas State,454,454,24, makes a 3-point jump shot from 26 feet out.  with the assist.,made,FALSE,TRUE,Jump Shot,45.2,21.349999999999994,405354,NA,NA,0,Kansas State,Oklahoma State,99
2009-10,2010-03-11,962496,552,1,2,Kansas State,Oklahoma State,Wildcats,Cowboys,3,4,71,44,27,1559,Oklahoma State,439,439,15, misses a jump shot from 12 feet out.,missed,FALSE,FALSE,Jump Shot,21.5,16.85,512039,NA,NA,0,Oklahoma State,Oklahoma State,100
2009-10,2010-03-11,962496,553,1,2,Kansas State,Oklahoma State,Wildcats,Cowboys,3,4,71,44,27,1559,Oklahoma State,439,439,0, with an offensive rebound.,NA,FALSE,FALSE,NA,NA,NA,NA,NA,NA,0,Oklahoma State,Oklahoma State,100
2009-10,2010-03-11,962496,554,1,2,Kansas State,Oklahoma State,Wildcats,Cowboys,3,4,71,46,25,1559,Oklahoma State,437,437,2, makes a layup.,made,FALSE,FALSE,Layup Shot,25,5.25,399702,NA,NA,0,Oklahoma State,Oklahoma State,100
2009-10,2010-03-11,962496,555,1,2,Kansas State,Oklahoma State,Wildcats,Cowboys,3,4,71,46,25,1457,Kansas State,437,437,0,Shooting foul committed by Wildcats.,NA,FALSE,FALSE,NA,NA,NA,NA,NA,NA,0,Oklahoma State,Oklahoma State,100
2009-10,2010-03-11,962496,556,1,2,Kansas State,Oklahoma State,Wildcats,Cowboys,3,4,71,46,25,1559,Oklahoma State,437,437,0, misses free throw 1 of 1.,missed,TRUE,FALSE,NA,NA,NA,NA,NA,NA,0,Oklahoma State,Oklahoma State,100
2009-10,2010-03-11,962496,557,1,2,Kansas State,Oklahoma State,Wildcats,Cowboys,3,4,71,46,25,1457,Kansas State,437,437,0, with a defensive rebound.,NA,FALSE,FALSE,NA,NA,NA,NA,NA,NA,0,Oklahoma State,Kansas State,100
2009-10,2010-03-11,962496,560,1,2,Kansas State,Oklahoma State,Wildcats,Cowboys,3,4,71,46,25,1457,Kansas State,424,424,13, misses a 3-point jump shot from 27 feet out.,missed,FALSE,TRUE,Jump Shot,8,26.150000000000006,295917,NA,NA,0,Kansas State,Kansas State,101
2009-10,2010-03-11,962496,561,1,2,Kansas State,Oklahoma State,Wildcats,Cowboys,3,4,71,46,25,1559,Oklahoma State,424,424,0, with a defensive rebound.,NA,FALSE,FALSE,NA,NA,NA,NA,NA,NA,0,Kansas State,Oklahoma State,101
2009-10,2010-03-11,962496,567,1,2,Kansas State,Oklahoma State,Wildcats,Cowboys,3,4,71,46,25,1559,Oklahoma State,412,412,12, misses a layup.,missed,FALSE,FALSE,Layup Shot,26,6.25,458728,NA,NA,0,Oklahoma State,Oklahoma State,102
2009-10,2010-03-11,962496,568,1,2,Kansas State,Oklahoma State,Wildcats,Cowboys,3,4,71,46,25,1457,Kansas State,412,412,0, with a defensive rebound.,NA,FALSE,FALSE,NA,NA,NA,NA,NA,NA,0,Oklahoma State,Kansas State,102
2009-10,2010-03-11,962496,569,1,2,Kansas State,Oklahoma State,Wildcats,Cowboys,3,4,73,46,27,1457,Kansas State,408,408,4, makes a layup.  with the assist.,made,FALSE,FALSE,Layup Shot,25,5.25,445364,NA,NA,0,Kansas State,Oklahoma State,103
2009-10,2010-03-11,962496,572,1,2,Kansas State,Oklahoma State,Wildcats,Cowboys,3,4,73,46,27,1457,Kansas State,398,398,10,Personal foul committed by Wildcats.,NA,FALSE,FALSE,NA,NA,NA,NA,NA,NA,0,Oklahoma State,Oklahoma State,104
2009-10,2010-03-11,962496,573,1,2,Kansas State,Oklahoma State,Wildcats,Cowboys,3,4,73,47,26,1559,Oklahoma State,398,398,0, makes free throw 1 of 2.,made,TRUE,FALSE,NA,NA,NA,NA,NA,NA,0,Oklahoma State,Oklahoma State,104
2009-10,2010-03-11,962496,574,1,2,Kansas State,Oklahoma State,Wildcats,Cowboys,3,4,73,48,25,1559,Oklahoma State,398,398,0, makes free throw 2 of 2.,made,TRUE,FALSE,NA,NA,NA,NA,NA,NA,0,Oklahoma State,Kansas State,104
2009-10,2010-03-11,962496,576,1,2,Kansas State,Oklahoma State,Wildcats,Cowboys,3,4,73,48,25,1457,Kansas State,374,374,24, misses a jump shot from 16 feet out.,missed,FALSE,FALSE,Jump Shot,25.5,20.950000000000003,405354,NA,NA,0,Kansas State,Kansas State,105
2009-10,2010-03-11,962496,577,1,2,Kansas State,Oklahoma State,Wildcats,Cowboys,3,4,73,48,25,1559,Oklahoma State,374,374,0, with a defensive rebound.,NA,FALSE,FALSE,NA,NA,NA,NA,NA,NA,0,Kansas State,Oklahoma State,105
2009-10,2010-03-11,962496,578,1,2,Kansas State,Oklahoma State,Wildcats,Cowboys,3,4,73,51,22,1559,Oklahoma State,362,362,12, makes a 3-point jump shot from 28 feet out.  with the assist.,made,FALSE,TRUE,Jump Shot,5.199999999999999,25.15,329523,NA,NA,0,Oklahoma State,Kansas State,106
2009-10,2010-03-11,962496,579,1,2,Kansas State,Oklahoma State,Wildcats,Cowboys,3,4,73,51,22,1457,Kansas State,323,323,39, misses a jump shot from 7 feet out.,missed,FALSE,FALSE,Jump Shot,25,12.650000000000006,330356,NA,NA,0,Kansas State,Kansas State,107
2009-10,2010-03-11,962496,580,1,2,Kansas State,Oklahoma State,Wildcats,Cowboys,3,4,73,51,22,1559,Oklahoma State,323,323,0, with a defensive rebound.,NA,FALSE,FALSE,NA,NA,NA,NA,NA,NA,0,Kansas State,Oklahoma State,107
2009-10,2010-03-11,962496,581,1,2,Kansas State,Oklahoma State,Wildcats,Cowboys,3,4,73,51,22,1559,Oklahoma State,317,317,6, misses a 3-point jump shot from 25 feet out.,missed,FALSE,TRUE,Jump Shot,38.2,26.75,399702,NA,NA,0,Oklahoma State,Oklahoma State,108
2009-10,2010-03-11,962496,582,1,2,Kansas State,Oklahoma State,Wildcats,Cowboys,3,4,73,51,22,1457,Kansas State,317,317,0, with a defensive rebound.,NA,FALSE,FALSE,NA,NA,NA,NA,NA,NA,0,Oklahoma State,Kansas State,108
2009-10,2010-03-11,962496,585,1,2,Kansas State,Oklahoma State,Wildcats,Cowboys,3,4,73,51,22,1559,Oklahoma State,292,292,25,Shooting foul committed by Cowboys.,NA,FALSE,FALSE,NA,NA,NA,NA,NA,NA,0,Kansas State,Kansas State,109
2009-10,2010-03-11,962496,586,1,2,Kansas State,Oklahoma State,Wildcats,Cowboys,3,4,74,51,23,1457,Kansas State,292,292,0, makes free throw 1 of 2.,made,TRUE,FALSE,NA,NA,NA,NA,NA,NA,0,Kansas State,Kansas State,109
2009-10,2010-03-11,962496,587,1,2,Kansas State,Oklahoma State,Wildcats,Cowboys,3,4,75,51,24,1457,Kansas State,292,292,0, makes free throw 2 of 2.,made,TRUE,FALSE,NA,NA,NA,NA,NA,NA,0,Kansas State,Oklahoma State,109
2009-10,2010-03-11,962496,589,1,2,Kansas State,Oklahoma State,Wildcats,Cowboys,3,4,75,54,21,1559,Oklahoma State,287,287,5, makes a 3-point jump shot from 30 feet out.,made,FALSE,TRUE,Jump Shot,36.3,32.55,458728,NA,NA,0,Oklahoma State,Kansas State,110
2009-10,2010-03-11,962496,590,1,2,Kansas State,Oklahoma State,Wildcats,Cowboys,3,4,75,54,21,1457,Kansas State,266,266,21, misses a 3-point jump shot from 22 feet out.,missed,FALSE,TRUE,Jump Shot,46.7,10.25,405354,NA,NA,0,Kansas State,Kansas State,111
2009-10,2010-03-11,962496,591,1,2,Kansas State,Oklahoma State,Wildcats,Cowboys,3,4,75,54,21,1457,Kansas State,266,266,0, with an offensive rebound.,NA,FALSE,FALSE,NA,NA,NA,NA,NA,NA,0,Kansas State,Kansas State,111
2009-10,2010-03-11,962496,592,1,2,Kansas State,Oklahoma State,Wildcats,Cowboys,3,4,75,54,21,1457,Kansas State,238,238,28, misses a 3-point jump shot from 27 feet out.,missed,FALSE,TRUE,Jump Shot,17.799999999999997,31.35,295917,NA,NA,0,Kansas State,Kansas State,111
2009-10,2010-03-11,962496,593,1,2,Kansas State,Oklahoma State,Wildcats,Cowboys,3,4,75,54,21,1559,Oklahoma State,238,238,0, with a defensive rebound.,NA,FALSE,FALSE,NA,NA,NA,NA,NA,NA,0,Kansas State,Oklahoma State,111
2009-10,2010-03-11,962496,594,1,2,Kansas State,Oklahoma State,Wildcats,Cowboys,3,4,75,54,21,1559,Oklahoma State,231,231,7, misses a jump shot from 12 feet out.,missed,FALSE,FALSE,Jump Shot,35.2,11.85,458728,NA,NA,0,Oklahoma State,Oklahoma State,112
2009-10,2010-03-11,962496,595,1,2,Kansas State,Oklahoma State,Wildcats,Cowboys,3,4,75,54,21,1559,Oklahoma State,231,231,0, with an offensive rebound.,NA,FALSE,FALSE,NA,NA,NA,NA,NA,NA,0,Oklahoma State,Oklahoma State,112
2009-10,2010-03-11,962496,596,1,2,Kansas State,Oklahoma State,Wildcats,Cowboys,3,4,75,56,19,1559,Oklahoma State,228,228,3, dunks.,made,FALSE,FALSE,Dunk Shot,25,5.25,341899,NA,NA,0,Oklahoma State,Kansas State,112
2009-10,2010-03-11,962496,600,1,2,Kansas State,Oklahoma State,Wildcats,Cowboys,3,4,75,56,19,1559,Oklahoma State,223,223,5,Shooting foul committed by Cowboys.,NA,FALSE,FALSE,NA,NA,NA,NA,NA,NA,0,Kansas State,Kansas State,113
2009-10,2010-03-11,962496,601,1,2,Kansas State,Oklahoma State,Wildcats,Cowboys,3,4,75,56,19,NA,NA,223,223,0,Official TV timeout.,NA,FALSE,FALSE,NA,NA,NA,NA,NA,NA,0,NA,NA,NA
2009-10,2010-03-11,962496,603,1,2,Kansas State,Oklahoma State,Wildcats,Cowboys,3,4,76,56,20,1457,Kansas State,223,223,0, makes free throw 1 of 2.,made,TRUE,FALSE,NA,NA,NA,NA,NA,NA,0,Kansas State,Kansas State,113
2009-10,2010-03-11,962496,604,1,2,Kansas State,Oklahoma State,Wildcats,Cowboys,3,4,76,56,20,1457,Kansas State,223,223,0, misses free throw 2 of 2.,missed,TRUE,FALSE,NA,NA,NA,NA,NA,NA,0,Kansas State,Kansas State,113
2009-10,2010-03-11,962496,605,1,2,Kansas State,Oklahoma State,Wildcats,Cowboys,3,4,76,56,20,1457,Kansas State,223,223,0, with an offensive rebound.,NA,FALSE,FALSE,NA,NA,NA,NA,NA,NA,0,Kansas State,Kansas State,113
2009-10,2010-03-11,962496,607,1,2,Kansas State,Oklahoma State,Wildcats,Cowboys,3,4,76,56,20,1457,Kansas State,196,196,27, misses a 3-point jump shot from 22 feet out.,missed,FALSE,TRUE,Jump Shot,47.3,7.349999999999994,445364,NA,NA,0,Kansas State,Kansas State,113
2009-10,2010-03-11,962496,608,1,2,Kansas State,Oklahoma State,Wildcats,Cowboys,3,4,76,56,20,1559,Oklahoma State,196,196,0, with a defensive rebound.,NA,FALSE,FALSE,NA,NA,NA,NA,NA,NA,0,Kansas State,Oklahoma State,113
2009-10,2010-03-11,962496,609,1,2,Kansas State,Oklahoma State,Wildcats,Cowboys,3,4,78,56,22,1457,Kansas State,176,176,20, dunks.  with the assist.,made,FALSE,FALSE,Dunk Shot,25,5.25,405355,NA,NA,0,Kansas State,Oklahoma State,114
2009-10,2010-03-11,962496,610,1,2,Kansas State,Oklahoma State,Wildcats,Cowboys,3,4,78,59,19,1559,Oklahoma State,165,165,11, makes a 3-point jump shot from 26 feet out.  with the assist.,made,FALSE,TRUE,Jump Shot,6.699999999999999,24.05,329523,NA,NA,0,Oklahoma State,Kansas State,115
2009-10,2010-03-11,962496,611,1,2,Kansas State,Oklahoma State,Wildcats,Cowboys,3,4,81,59,22,1457,Kansas State,138,138,27, makes a 3-point jump shot from 25 feet out.  with the assist.,made,FALSE,TRUE,Jump Shot,46.5,18.450000000000003,405354,NA,NA,0,Kansas State,Oklahoma State,116
2009-10,2010-03-11,962496,615,1,2,Kansas State,Oklahoma State,Wildcats,Cowboys,3,4,81,59,22,1457,Kansas State,117,117,21,Shooting foul committed by Wildcats.,NA,FALSE,FALSE,NA,NA,NA,NA,NA,NA,0,Oklahoma State,Oklahoma State,117
2009-10,2010-03-11,962496,616,1,2,Kansas State,Oklahoma State,Wildcats,Cowboys,3,4,81,61,20,1559,Oklahoma State,117,117,0, makes a layup.  with the assist.,made,FALSE,FALSE,Layup Shot,25,5.25,341899,NA,NA,0,Oklahoma State,Kansas State,117
2009-10,2010-03-11,962496,617,1,2,Kansas State,Oklahoma State,Wildcats,Cowboys,3,4,81,61,20,1559,Oklahoma State,117,117,0, misses free throw 1 of 1.,missed,TRUE,FALSE,NA,NA,NA,NA,NA,NA,0,Oklahoma State,Oklahoma State,118
2009-10,2010-03-11,962496,618,1,2,Kansas State,Oklahoma State,Wildcats,Cowboys,3,4,81,61,20,1457,Kansas State,117,117,0, with a defensive rebound.,NA,FALSE,FALSE,NA,NA,NA,NA,NA,NA,0,Oklahoma State,Kansas State,118
2009-10,2010-03-11,962496,626,1,2,Kansas State,Oklahoma State,Wildcats,Cowboys,3,4,81,61,20,1457,Kansas State,88,88,29, misses a jump shot from 10 feet out.,missed,FALSE,FALSE,Jump Shot,26.5,15.349999999999994,506105,NA,NA,0,Kansas State,Kansas State,119
2009-10,2010-03-11,962496,627,1,2,Kansas State,Oklahoma State,Wildcats,Cowboys,3,4,81,61,20,1559,Oklahoma State,88,88,0, with a defensive rebound.,NA,FALSE,FALSE,NA,NA,NA,NA,NA,NA,0,Kansas State,Oklahoma State,119
2009-10,2010-03-11,962496,628,1,2,Kansas State,Oklahoma State,Wildcats,Cowboys,3,4,81,61,20,1559,Oklahoma State,81,81,7, misses a 3-point jump shot from 24 feet out.,missed,FALSE,TRUE,Jump Shot,41.5,23.05,399702,NA,NA,0,Oklahoma State,Oklahoma State,120
2009-10,2010-03-11,962496,629,1,2,Kansas State,Oklahoma State,Wildcats,Cowboys,3,4,81,61,20,1457,Kansas State,81,81,0, with a defensive rebound.,NA,FALSE,FALSE,NA,NA,NA,NA,NA,NA,0,Oklahoma State,Kansas State,120
2009-10,2010-03-11,962496,630,1,2,Kansas State,Oklahoma State,Wildcats,Cowboys,3,4,83,61,22,1457,Kansas State,59,59,22, makes a jump shot from 6 feet out.  with the assist.,made,FALSE,FALSE,Jump Shot,25.2,10.849999999999994,506103,NA,NA,0,Kansas State,Oklahoma State,121
2009-10,2010-03-11,962496,632,1,2,Kansas State,Oklahoma State,Wildcats,Cowboys,3,4,83,61,22,1559,Oklahoma State,47,47,12, misses a 3-point jump shot from 26 feet out.,missed,FALSE,TRUE,Jump Shot,42.7,24.25,341899,NA,NA,0,Oklahoma State,Oklahoma State,122
2009-10,2010-03-11,962496,633,1,2,Kansas State,Oklahoma State,Wildcats,Cowboys,3,4,83,61,22,1559,Oklahoma State,47,47,0, with an offensive rebound.,NA,FALSE,FALSE,NA,NA,NA,NA,NA,NA,0,Oklahoma State,Oklahoma State,122
2009-10,2010-03-11,962496,635,1,2,Kansas State,Oklahoma State,Wildcats,Cowboys,3,4,83,63,20,1559,Oklahoma State,38,38,9, makes a layup.,made,FALSE,FALSE,Layup Shot,25,5.25,399702,NA,NA,0,Oklahoma State,Oklahoma State,122
2009-10,2010-03-11,962496,636,1,2,Kansas State,Oklahoma State,Wildcats,Cowboys,3,4,83,63,20,1457,Kansas State,38,38,0,Shooting foul committed by Wildcats.,NA,FALSE,FALSE,NA,NA,NA,NA,NA,NA,0,Oklahoma State,Oklahoma State,122
2009-10,2010-03-11,962496,637,1,2,Kansas State,Oklahoma State,Wildcats,Cowboys,3,4,83,64,19,1559,Oklahoma State,38,38,0, makes free throw 1 of 1.,made,TRUE,FALSE,NA,NA,NA,NA,NA,NA,0,Oklahoma State,Kansas State,122
2009-10,2010-03-11,962496,643,1,2,Kansas State,Oklahoma State,Wildcats,Cowboys,3,4,83,64,19,1457,Kansas State,21,21,17, misses a 3-point jump shot from 26 feet out.,missed,FALSE,TRUE,Jump Shot,18.5,30.35,506098,NA,NA,0,Kansas State,Kansas State,123
2009-10,2010-03-11,962496,644,1,2,Kansas State,Oklahoma State,Wildcats,Cowboys,3,4,83,64,19,1559,Oklahoma State,21,21,0, with a defensive rebound.,NA,FALSE,FALSE,NA,NA,NA,NA,NA,NA,0,Kansas State,Oklahoma State,123
2009-10,2010-03-11,962496,647,1,2,Kansas State,Oklahoma State,Wildcats,Cowboys,3,4,83,64,19,NA,NA,0,0,21,End of the 2nd Half,NA,FALSE,FALSE,NA,NA,NA,NA,NA,NA,0,NA,NA,NA
2009-10,2010-03-11,962496,648,1,2,Kansas State,Oklahoma State,Wildcats,Cowboys,3,4,83,64,19,NA,NA,0,0,0,End of the Game,NA,FALSE,FALSE,NA,NA,NA,NA,NA,NA,0,Oklahoma State,Oklahoma State,NA
