season,date,game_id,play_id,neutral,half,home,away,home_name,away_name,home_timeouts,away_timeouts,home_score,away_score,score_diff,team_id,event_team,game_secs_remaining,half_secs_remaining,play_length,desc,shot_outcome,free_throw,three_pt,shot_desc,loc_x,loc_y,shooter_id,shooter,assist,substitution,poss_before,poss_after,poss_number,sub_error,home_1,home_2,home_3,home_4,home_5,away_1,away_2,away_3,away_4,away_5
2013-14,2013-12-07,1358585,1,0,1,UCF,Stetson,Knights,Hatters,4,4,0,0,0,1344,UCF,NA,NA,NA,Starting Lineup - Tristan Spurlock,NA,FALSE,FALSE,NA,NA,NA,NA,NA,NA,1,NA,NA,NA,NA,Tristan Spurlock,Isaiah Sykes,Calvin Newell,Kasey Wilson,Eugene McCrory,Willie Green,Raymone Andrews,Aaron Graham,Kyle Sikora,Kentwan Smith
2013-14,2013-12-07,1358585,1,0,1,UCF,Stetson,Knights,Hatters,4,4,0,0,0,1629,Stetson,NA,NA,NA,Starting Lineup - Willie Green,NA,FALSE,FALSE,NA,NA,NA,NA,NA,NA,1,NA,NA,NA,NA,Tristan Spurlock,Isaiah Sykes,Calvin Newell,Kasey Wilson,Eugene McCrory,Willie Green,Raymone Andrews,Aaron Graham,Kyle Sikora,Kentwan Smith
2013-14,2013-12-07,1358585,1,0,1,UCF,Stetson,Knights,Hatters,4,4,0,0,0,1629,Stetson,NA,NA,NA,Starting Lineup - Raymone Andrews,NA,FALSE,FALSE,NA,NA,NA,NA,NA,NA,1,NA,NA,NA,NA,Tristan Spurlock,Isaiah Sykes,Calvin Newell,Kasey Wilson,Eugene McCrory,Willie Green,Raymone Andrews,Aaron Graham,Kyle Sikora,Kentwan Smith
2013-14,2013-12-07,1358585,1,0,1,UCF,Stetson,Knights,Hatters,4,4,0,0,0,1629,Stetson,NA,NA,NA,Starting Lineup - Aaron Graham,NA,FALSE,FALSE,NA,NA,NA,NA,NA,NA,1,NA,NA,NA,NA,Tristan Spurlock,Isaiah Sykes,Calvin Newell,Kasey Wilson,Eugene McCrory,Willie Green,Raymone Andrews,Aaron Graham,Kyle Sikora,Kentwan Smith
2013-14,2013-12-07,1358585,1,0,1,UCF,Stetson,Knights,Hatters,4,4,0,0,0,1344,UCF,NA,NA,NA,Starting Lineup - Isaiah Sykes,NA,FALSE,FALSE,NA,NA,NA,NA,NA,NA,1,NA,NA,NA,NA,Tristan Spurlock,Isaiah Sykes,Calvin Newell,Kasey Wilson,Eugene McCrory,Willie Green,Raymone Andrews,Aaron Graham,Kyle Sikora,Kentwan Smith
2013-14,2013-12-07,1358585,1,0,1,UCF,Stetson,Knights,Hatters,4,4,0,0,0,1344,UCF,NA,NA,NA,Starting Lineup - Calvin Newell,NA,FALSE,FALSE,NA,NA,NA,NA,NA,NA,1,NA,NA,NA,NA,Tristan Spurlock,Isaiah Sykes,Calvin Newell,Kasey Wilson,Eugene McCrory,Willie Green,Raymone Andrews,Aaron Graham,Kyle Sikora,Kentwan Smith
2013-14,2013-12-07,1358585,1,0,1,UCF,Stetson,Knights,Hatters,4,4,0,0,0,1629,Stetson,NA,NA,NA,Starting Lineup - Kyle Sikora,NA,FALSE,FALSE,NA,NA,NA,NA,NA,NA,1,NA,NA,NA,NA,Tristan Spurlock,Isaiah Sykes,Calvin Newell,Kasey Wilson,Eugene McCrory,Willie Green,Raymone Andrews,Aaron Graham,Kyle Sikora,Kentwan Smith
2013-14,2013-12-07,1358585,1,0,1,UCF,Stetson,Knights,Hatters,4,4,0,0,0,1344,UCF,NA,NA,NA,Starting Lineup - Kasey Wilson,NA,FALSE,FALSE,NA,NA,NA,NA,NA,NA,1,NA,NA,NA,NA,Tristan Spurlock,Isaiah Sykes,Calvin Newell,Kasey Wilson,Eugene McCrory,Willie Green,Raymone Andrews,Aaron Graham,Kyle Sikora,Kentwan Smith
2013-14,2013-12-07,1358585,1,0,1,UCF,Stetson,Knights,Hatters,4,4,0,0,0,1629,Stetson,NA,NA,NA,Starting Lineup - Kentwan Smith,NA,FALSE,FALSE,NA,NA,NA,NA,NA,NA,1,NA,NA,NA,NA,Tristan Spurlock,Isaiah Sykes,Calvin Newell,Kasey Wilson,Eugene McCrory,Willie Green,Raymone Andrews,Aaron Graham,Kyle Sikora,Kentwan Smith
2013-14,2013-12-07,1358585,1,0,1,UCF,Stetson,Knights,Hatters,4,4,0,0,0,1344,UCF,NA,NA,NA,Starting Lineup - Eugene McCrory,NA,FALSE,FALSE,NA,NA,NA,NA,NA,NA,1,NA,NA,NA,NA,Tristan Spurlock,Isaiah Sykes,Calvin Newell,Kasey Wilson,Eugene McCrory,Willie Green,Raymone Andrews,Aaron Graham,Kyle Sikora,Kentwan Smith
2013-14,2013-12-07,1358585,2,0,1,UCF,Stetson,Knights,Hatters,4,4,0,0,0,NA,NA,2400,1200,NA,Start of the 1st Half,NA,FALSE,FALSE,NA,NA,NA,NA,NA,NA,0,NA,Stetson,1,NA,Tristan Spurlock,Isaiah Sykes,Calvin Newell,Kasey Wilson,Eugene McCrory,Willie Green,Raymone Andrews,Aaron Graham,Kyle Sikora,Kentwan Smith
2013-14,2013-12-07,1358585,17,0,1,UCF,Stetson,Knights,Hatters,4,4,0,0,0,1629,Stetson,2357,1157,43,Willie Green misses free throw 1 of 2.,missed,TRUE,FALSE,NA,NA,NA,NA,NA,NA,0,Stetson,Stetson,1,NA,Tristan Spurlock,Isaiah Sykes,Calvin Newell,Kasey Wilson,Eugene McCrory,Willie Green,Raymone Andrews,Aaron Graham,Kyle Sikora,Kentwan Smith
2013-14,2013-12-07,1358585,18,0,1,UCF,Stetson,Knights,Hatters,4,4,0,0,0,1344,UCF,2357,1157,0,Personal foul committed by Eugene McCrory.,NA,FALSE,FALSE,NA,NA,NA,NA,NA,NA,0,Stetson,Stetson,1,NA,Tristan Spurlock,Isaiah Sykes,Calvin Newell,Kasey Wilson,Eugene McCrory,Willie Green,Raymone Andrews,Aaron Graham,Kyle Sikora,Kentwan Smith
2013-14,2013-12-07,1358585,19,0,1,UCF,Stetson,Knights,Hatters,4,4,0,0,0,1629,Stetson,2357,1157,0,Willie Green misses free throw 2 of 2.,missed,TRUE,FALSE,NA,NA,NA,NA,NA,NA,0,Stetson,UCF,1,NA,Tristan Spurlock,Isaiah Sykes,Calvin Newell,Kasey Wilson,Eugene McCrory,Willie Green,Raymone Andrews,Aaron Graham,Kyle Sikora,Kentwan Smith
2013-14,2013-12-07,1358585,22,0,1,UCF,Stetson,Knights,Hatters,4,4,0,0,0,1344,UCF,2356,1156,1,Tristan Spurlock misses a layup.,missed,FALSE,FALSE,Layup Shot,26,6.25,513514,Tristan Spurlock,NA,0,UCF,UCF,2,NA,Tristan Spurlock,Isaiah Sykes,Calvin Newell,Kasey Wilson,Eugene McCrory,Willie Green,Raymone Andrews,Aaron Graham,Kyle Sikora,Kentwan Smith
2013-14,2013-12-07,1358585,39,0,1,UCF,Stetson,Knights,Hatters,4,4,2,0,2,1344,UCF,2330,1130,26,Isaiah Sykes makes a jump shot from 6 feet out.,made,FALSE,FALSE,Jump Shot,25.4,10.950000000000003,549951,Isaiah Sykes,NA,0,UCF,Stetson,2,NA,Tristan Spurlock,Isaiah Sykes,Calvin Newell,Kasey Wilson,Eugene McCrory,Willie Green,Raymone Andrews,Aaron Graham,Kyle Sikora,Kentwan Smith
2013-14,2013-12-07,1358585,43,0,1,UCF,Stetson,Knights,Hatters,4,4,4,0,4,1344,UCF,2306,1106,24,Calvin Newell makes a layup.,made,FALSE,FALSE,Layup Shot,26,6.25,553180,Calvin Newell,NA,0,UCF,Stetson,3,NA,Tristan Spurlock,Isaiah Sykes,Calvin Newell,Kasey Wilson,Eugene McCrory,Willie Green,Raymone Andrews,Aaron Graham,Kyle Sikora,Kentwan Smith
2013-14,2013-12-07,1358585,44,0,1,UCF,Stetson,Knights,Hatters,4,4,4,0,4,1629,Stetson,2306,1106,0,Personal foul committed by Kentwan Smith.,NA,FALSE,FALSE,NA,NA,NA,NA,NA,NA,0,UCF,UCF,4,NA,Tristan Spurlock,Isaiah Sykes,Calvin Newell,Kasey Wilson,Eugene McCrory,Willie Green,Raymone Andrews,Aaron Graham,Kyle Sikora,Kentwan Smith
2013-14,2013-12-07,1358585,45,0,1,UCF,Stetson,Knights,Hatters,4,4,4,0,4,1344,UCF,2306,1106,0,Calvin Newell misses free throw 1 of 1.,missed,TRUE,FALSE,NA,NA,NA,NA,NA,NA,0,UCF,Stetson,4,NA,Tristan Spurlock,Isaiah Sykes,Calvin Newell,Kasey Wilson,Eugene McCrory,Willie Green,Raymone Andrews,Aaron Graham,Kyle Sikora,Kentwan Smith
2013-14,2013-12-07,1358585,47,0,1,UCF,Stetson,Knights,Hatters,4,4,4,0,4,1629,Stetson,2299,1099,7,Raymone Andrews misses a layup.,missed,FALSE,FALSE,Layup Shot,25,5.25,522883,Raymone Andrews,NA,0,Stetson,Stetson,5,NA,Tristan Spurlock,Isaiah Sykes,Calvin Newell,Kasey Wilson,Eugene McCrory,Willie Green,Raymone Andrews,Aaron Graham,Kyle Sikora,Kentwan Smith
2013-14,2013-12-07,1358585,49,0,1,UCF,Stetson,Knights,Hatters,4,4,4,2,2,1629,Stetson,2295,1095,4,Kyle Sikora makes a jump shot from 3 feet out.,made,FALSE,FALSE,Jump Shot,23.9,7.55,560135,Kyle Sikora,NA,0,Stetson,UCF,5,NA,Tristan Spurlock,Isaiah Sykes,Calvin Newell,Kasey Wilson,Eugene McCrory,Willie Green,Raymone Andrews,Aaron Graham,Kyle Sikora,Kentwan Smith
2013-14,2013-12-07,1358585,52,0,1,UCF,Stetson,Knights,Hatters,4,4,4,2,2,1344,UCF,2270,1070,25,Isaiah Sykes misses a 3-point jump shot from 23 feet out.,missed,FALSE,TRUE,Jump Shot,41.8,20.849999999999994,549951,Isaiah Sykes,NA,0,UCF,Stetson,6,NA,Tristan Spurlock,Isaiah Sykes,Calvin Newell,Kasey Wilson,Eugene McCrory,Willie Green,Raymone Andrews,Aaron Graham,Kyle Sikora,Kentwan Smith
2013-14,2013-12-07,1358585,55,0,1,UCF,Stetson,Knights,Hatters,4,4,4,5,-1,1629,Stetson,2252,1052,18,Aaron Graham makes a 3-point jump shot from 23 feet out.,made,FALSE,TRUE,Jump Shot,6.199999999999999,17.95,523852,Aaron Graham,NA,0,Stetson,UCF,7,NA,Tristan Spurlock,Isaiah Sykes,Calvin Newell,Kasey Wilson,Eugene McCrory,Willie Green,Raymone Andrews,Aaron Graham,Kyle Sikora,Kentwan Smith
2013-14,2013-12-07,1358585,61,0,1,UCF,Stetson,Knights,Hatters,4,4,4,5,-1,1629,Stetson,2233,1033,19,Personal foul committed by Willie Green.,NA,FALSE,FALSE,NA,NA,NA,NA,NA,NA,0,UCF,UCF,8,NA,Tristan Spurlock,Isaiah Sykes,Calvin Newell,Kasey Wilson,Eugene McCrory,Willie Green,Raymone Andrews,Aaron Graham,Kyle Sikora,Kentwan Smith
2013-14,2013-12-07,1358585,66,0,1,UCF,Stetson,Knights,Hatters,4,4,4,5,-1,1629,Stetson,2225,1025,8,Personal foul committed by Willie Green.,NA,FALSE,FALSE,NA,NA,NA,NA,NA,NA,0,UCF,UCF,8,NA,Tristan Spurlock,Isaiah Sykes,Calvin Newell,Kasey Wilson,Eugene McCrory,Willie Green,Raymone Andrews,Aaron Graham,Kyle Sikora,Kentwan Smith
2013-14,2013-12-07,1358585,67,0,1,UCF,Stetson,Knights,Hatters,4,4,4,5,-1,1629,Stetson,2225,1025,0,Substitution: Brian Pegg in for Willie Green.,NA,FALSE,FALSE,NA,NA,NA,NA,NA,NA,1,NA,NA,NA,NA,Tristan Spurlock,Isaiah Sykes,Calvin Newell,Kasey Wilson,Eugene McCrory,Brian Pegg,Raymone Andrews,Aaron Graham,Kyle Sikora,Kentwan Smith
2013-14,2013-12-07,1358585,74,0,1,UCF,Stetson,Knights,Hatters,4,4,4,5,-1,1629,Stetson,2212,1012,13,Shooting foul committed by Raymone Andrews.,NA,FALSE,FALSE,NA,NA,NA,NA,NA,NA,0,UCF,UCF,8,NA,Tristan Spurlock,Isaiah Sykes,Calvin Newell,Kasey Wilson,Eugene McCrory,Brian Pegg,Raymone Andrews,Aaron Graham,Kyle Sikora,Kentwan Smith
2013-14,2013-12-07,1358585,75,0,1,UCF,Stetson,Knights,Hatters,4,4,5,5,0,1344,UCF,2212,1012,0,Kasey Wilson makes free throw 1 of 2.,made,TRUE,FALSE,NA,NA,NA,NA,NA,NA,0,UCF,UCF,8,NA,Tristan Spurlock,Isaiah Sykes,Calvin Newell,Kasey Wilson,Eugene McCrory,Brian Pegg,Raymone Andrews,Aaron Graham,Kyle Sikora,Kentwan Smith
2013-14,2013-12-07,1358585,76,0,1,UCF,Stetson,Knights,Hatters,4,4,6,5,1,1344,UCF,2212,1012,0,Kasey Wilson makes free throw 2 of 2.,made,TRUE,FALSE,NA,NA,NA,NA,NA,NA,0,UCF,Stetson,8,NA,Tristan Spurlock,Isaiah Sykes,Calvin Newell,Kasey Wilson,Eugene McCrory,Brian Pegg,Raymone Andrews,Aaron Graham,Kyle Sikora,Kentwan Smith
2013-14,2013-12-07,1358585,77,0,1,UCF,Stetson,Knights,Hatters,4,4,6,5,1,1344,UCF,2212,1012,0,Substitution: Matt Williams Jr. in for Kasey Wilson.,NA,FALSE,FALSE,NA,NA,NA,NA,NA,NA,1,NA,NA,NA,NA,Tristan Spurlock,Isaiah Sykes,Calvin Newell,Matt Williams Jr.,Eugene McCrory,Brian Pegg,Raymone Andrews,Aaron Graham,Kyle Sikora,Kentwan Smith
2013-14,2013-12-07,1358585,81,0,1,UCF,Stetson,Knights,Hatters,4,4,6,5,1,1629,Stetson,2188,988,24,Raymone Andrews misses a 3-point jump shot from 24 feet out.,missed,FALSE,TRUE,Jump Shot,12,25.05,522883,Raymone Andrews,NA,0,Stetson,UCF,9,NA,Tristan Spurlock,Isaiah Sykes,Calvin Newell,Matt Williams Jr.,Eugene McCrory,Brian Pegg,Raymone Andrews,Aaron Graham,Kyle Sikora,Kentwan Smith
2013-14,2013-12-07,1358585,83,0,1,UCF,Stetson,Knights,Hatters,4,4,8,5,3,1344,UCF,2174,974,14,Isaiah Sykes makes a jump shot from 21 feet out.,made,FALSE,FALSE,Jump Shot,45.7,5.450000000000003,549951,Isaiah Sykes,NA,0,UCF,Stetson,10,NA,Tristan Spurlock,Isaiah Sykes,Calvin Newell,Matt Williams Jr.,Eugene McCrory,Brian Pegg,Raymone Andrews,Aaron Graham,Kyle Sikora,Kentwan Smith
2013-14,2013-12-07,1358585,85,0,1,UCF,Stetson,Knights,Hatters,4,4,8,7,1,1629,Stetson,2151,951,23,Brian Pegg makes a layup.,made,FALSE,FALSE,Layup Shot,25,5.25,679367,Brian Pegg,NA,0,Stetson,UCF,11,NA,Tristan Spurlock,Isaiah Sykes,Calvin Newell,Matt Williams Jr.,Eugene McCrory,Brian Pegg,Raymone Andrews,Aaron Graham,Kyle Sikora,Kentwan Smith
2013-14,2013-12-07,1358585,87,0,1,UCF,Stetson,Knights,Hatters,4,4,8,7,1,1344,UCF,2137,937,14,Matt Williams Jr. misses a 3-point jump shot from 22 feet out.,missed,FALSE,TRUE,Jump Shot,46.9,5.849999999999994,692688,Matt Williams Jr.,NA,0,UCF,UCF,12,NA,Tristan Spurlock,Isaiah Sykes,Calvin Newell,Matt Williams Jr.,Eugene McCrory,Brian Pegg,Raymone Andrews,Aaron Graham,Kyle Sikora,Kentwan Smith
2013-14,2013-12-07,1358585,91,0,1,UCF,Stetson,Knights,Hatters,4,4,8,7,1,NA,NA,2130,930,7,Official TV timeout.,NA,FALSE,FALSE,NA,NA,NA,NA,NA,NA,0,NA,NA,NA,NA,Tristan Spurlock,Isaiah Sykes,Calvin Newell,Matt Williams Jr.,Eugene McCrory,Brian Pegg,Raymone Andrews,Aaron Graham,Kyle Sikora,Kentwan Smith
2013-14,2013-12-07,1358585,95,0,1,UCF,Stetson,Knights,Hatters,4,4,11,7,4,1344,UCF,2116,916,14,Tristan Spurlock makes a 3-point jump shot from 23 feet out.,made,FALSE,TRUE,Jump Shot,44,19.150000000000006,513514,Tristan Spurlock,NA,0,UCF,Stetson,12,NA,Tristan Spurlock,Isaiah Sykes,Calvin Newell,Matt Williams Jr.,Eugene McCrory,Brian Pegg,Raymone Andrews,Aaron Graham,Kyle Sikora,Kentwan Smith
2013-14,2013-12-07,1358585,97,0,1,UCF,Stetson,Knights,Hatters,4,4,11,10,1,1629,Stetson,2097,897,19,Aaron Graham makes a 3-point jump shot from 22 feet out.,made,FALSE,TRUE,Jump Shot,39.9,21.45,523852,Aaron Graham,NA,0,Stetson,UCF,13,NA,Tristan Spurlock,Isaiah Sykes,Calvin Newell,Matt Williams Jr.,Eugene McCrory,Brian Pegg,Raymone Andrews,Aaron Graham,Kyle Sikora,Kentwan Smith
2013-14,2013-12-07,1358585,101,0,1,UCF,Stetson,Knights,Hatters,4,4,13,10,3,1344,UCF,2068,868,29,Tristan Spurlock makes a layup.,made,FALSE,FALSE,Layup Shot,25,5.25,513514,Tristan Spurlock,NA,0,UCF,Stetson,14,NA,Tristan Spurlock,Isaiah Sykes,Calvin Newell,Matt Williams Jr.,Eugene McCrory,Brian Pegg,Raymone Andrews,Aaron Graham,Kyle Sikora,Kentwan Smith
2013-14,2013-12-07,1358585,108,0,1,UCF,Stetson,Knights,Hatters,4,4,13,10,3,1344,UCF,2068,868,0,Tristan Spurlock misses a 3-point jump shot from 23 feet out.,missed,FALSE,TRUE,Jump Shot,16.9,26.450000000000003,513514,Tristan Spurlock,NA,0,UCF,Stetson,15,NA,Tristan Spurlock,Isaiah Sykes,Calvin Newell,Matt Williams Jr.,Eugene McCrory,Brian Pegg,Raymone Andrews,Aaron Graham,Kyle Sikora,Kentwan Smith
2013-14,2013-12-07,1358585,109,0,1,UCF,Stetson,Knights,Hatters,4,4,13,10,3,1629,Stetson,2061,861,7,B.J. Glasford misses a layup.,missed,FALSE,FALSE,Layup Shot,25,5.25,756328,B.J. Glasford,NA,0,Stetson,Stetson,16,NA,Tristan Spurlock,Isaiah Sykes,Calvin Newell,Matt Williams Jr.,Eugene McCrory,Brian Pegg,Raymone Andrews,Aaron Graham,Kyle Sikora,Kentwan Smith
2013-14,2013-12-07,1358585,110,0,1,UCF,Stetson,Knights,Hatters,4,4,13,12,1,1629,Stetson,2046,846,15,Leke Solanke makes a layup.,made,FALSE,FALSE,Layup Shot,25,5.25,679365,Leke Solanke,NA,0,Stetson,UCF,16,NA,Tristan Spurlock,Isaiah Sykes,Calvin Newell,Matt Williams Jr.,Eugene McCrory,Brian Pegg,Raymone Andrews,Aaron Graham,Kyle Sikora,Kentwan Smith
2013-14,2013-12-07,1358585,140,0,1,UCF,Stetson,Knights,Hatters,4,4,13,12,1,1344,UCF,1980,780,66,Matt Williams Jr. misses a 3-point jump shot from 23 feet out.,missed,FALSE,TRUE,Jump Shot,11.100000000000001,23.349999999999994,692688,Matt Williams Jr.,NA,0,UCF,UCF,17,NA,Tristan Spurlock,Isaiah Sykes,Calvin Newell,Matt Williams Jr.,Eugene McCrory,Brian Pegg,Raymone Andrews,Aaron Graham,Kyle Sikora,Kentwan Smith
2013-14,2013-12-07,1358585,141,0,1,UCF,Stetson,Knights,Hatters,4,4,15,12,3,1344,UCF,1976,776,4,Staphon Blair makes a jump shot from 4 feet out.,made,FALSE,FALSE,Jump Shot,26.6,8.75,692675,Staphon Blair,NA,0,UCF,Stetson,17,NA,Tristan Spurlock,Isaiah Sykes,Calvin Newell,Matt Williams Jr.,Eugene McCrory,Brian Pegg,Raymone Andrews,Aaron Graham,Kyle Sikora,Kentwan Smith
2013-14,2013-12-07,1358585,144,0,1,UCF,Stetson,Knights,Hatters,4,4,15,12,3,1344,UCF,1951,751,25,Personal foul committed by Brandon Goodwin.,NA,FALSE,FALSE,NA,NA,NA,NA,NA,NA,0,Stetson,Stetson,18,NA,Tristan Spurlock,Isaiah Sykes,Calvin Newell,Matt Williams Jr.,Eugene McCrory,Brian Pegg,Raymone Andrews,Aaron Graham,Kyle Sikora,Kentwan Smith
2013-14,2013-12-07,1358585,147,0,1,UCF,Stetson,Knights,Hatters,4,4,15,14,1,1629,Stetson,1950,750,1,Brian Pegg makes a layup.,made,FALSE,FALSE,Layup Shot,25,5.25,679367,Brian Pegg,NA,0,Stetson,UCF,18,NA,Tristan Spurlock,Isaiah Sykes,Calvin Newell,Matt Williams Jr.,Eugene McCrory,Brian Pegg,Raymone Andrews,Aaron Graham,Kyle Sikora,Kentwan Smith
2013-14,2013-12-07,1358585,153,0,1,UCF,Stetson,Knights,Hatters,4,4,15,14,1,1629,Stetson,1907,707,43,Glenn Baral misses a 3-point jump shot from 23 feet out.,missed,FALSE,TRUE,Jump Shot,10.5,23.65,756317,Glenn Baral,NA,0,Stetson,UCF,19,NA,Tristan Spurlock,Isaiah Sykes,Calvin Newell,Matt Williams Jr.,Eugene McCrory,Brian Pegg,Raymone Andrews,Aaron Graham,Kyle Sikora,Kentwan Smith
2013-14,2013-12-07,1358585,155,0,1,UCF,Stetson,Knights,Hatters,4,4,17,14,3,1344,UCF,1895,695,12,Isaiah Sykes makes a layup.,made,FALSE,FALSE,Layup Shot,25,5.25,549951,Isaiah Sykes,NA,0,UCF,UCF,20,NA,Tristan Spurlock,Isaiah Sykes,Calvin Newell,Matt Williams Jr.,Eugene McCrory,Brian Pegg,Raymone Andrews,Aaron Graham,Kyle Sikora,Kentwan Smith
2013-14,2013-12-07,1358585,156,0,1,UCF,Stetson,Knights,Hatters,4,4,17,14,3,1629,Stetson,1895,695,0,Shooting foul committed by Leke Solanke.,NA,FALSE,FALSE,NA,NA,NA,NA,NA,NA,0,UCF,UCF,20,NA,Tristan Spurlock,Isaiah Sykes,Calvin Newell,Matt Williams Jr.,Eugene McCrory,Brian Pegg,Raymone Andrews,Aaron Graham,Kyle Sikora,Kentwan Smith
2013-14,2013-12-07,1358585,157,0,1,UCF,Stetson,Knights,Hatters,4,4,17,14,3,NA,NA,1895,695,0,Official TV timeout.,NA,FALSE,FALSE,NA,NA,NA,NA,NA,NA,0,NA,NA,NA,NA,Tristan Spurlock,Isaiah Sykes,Calvin Newell,Matt Williams Jr.,Eugene McCrory,Brian Pegg,Raymone Andrews,Aaron Graham,Kyle Sikora,Kentwan Smith
2013-14,2013-12-07,1358585,158,0,1,UCF,Stetson,Knights,Hatters,4,4,17,14,3,1344,UCF,1895,695,0,Isaiah Sykes misses free throw 1 of 1.,missed,TRUE,FALSE,NA,NA,NA,NA,NA,NA,0,UCF,Stetson,20,NA,Tristan Spurlock,Isaiah Sykes,Calvin Newell,Matt Williams Jr.,Eugene McCrory,Brian Pegg,Raymone Andrews,Aaron Graham,Kyle Sikora,Kentwan Smith
2013-14,2013-12-07,1358585,163,0,1,UCF,Stetson,Knights,Hatters,4,4,17,14,3,1629,Stetson,1862,662,33,Hunter Miller misses a layup.,missed,FALSE,FALSE,Layup Shot,25,5.25,521903,Hunter Miller,NA,0,Stetson,UCF,21,NA,Tristan Spurlock,Isaiah Sykes,Calvin Newell,Matt Williams Jr.,Eugene McCrory,Brian Pegg,Raymone Andrews,Aaron Graham,Kyle Sikora,Kentwan Smith
2013-14,2013-12-07,1358585,169,0,1,UCF,Stetson,Knights,Hatters,4,4,19,14,5,1344,UCF,1843,643,19,Calvin Newell makes a layup.,made,FALSE,FALSE,Layup Shot,26,6.25,553180,Calvin Newell,NA,0,UCF,Stetson,22,NA,Tristan Spurlock,Isaiah Sykes,Calvin Newell,Matt Williams Jr.,Eugene McCrory,Brian Pegg,Raymone Andrews,Aaron Graham,Kyle Sikora,Kentwan Smith
2013-14,2013-12-07,1358585,172,0,1,UCF,Stetson,Knights,Hatters,4,4,19,14,5,1629,Stetson,1824,624,19,Aaron Graham misses a layup.,missed,FALSE,FALSE,Layup Shot,26,6.25,523852,Aaron Graham,NA,0,Stetson,UCF,23,NA,Tristan Spurlock,Isaiah Sykes,Calvin Newell,Matt Williams Jr.,Eugene McCrory,Brian Pegg,Raymone Andrews,Aaron Graham,Kyle Sikora,Kentwan Smith
2013-14,2013-12-07,1358585,175,0,1,UCF,Stetson,Knights,Hatters,4,4,19,14,5,1629,Stetson,1819,619,5,Personal foul committed by Hunter Miller.,NA,FALSE,FALSE,NA,NA,NA,NA,NA,NA,0,UCF,UCF,24,NA,Tristan Spurlock,Isaiah Sykes,Calvin Newell,Matt Williams Jr.,Eugene McCrory,Brian Pegg,Raymone Andrews,Aaron Graham,Kyle Sikora,Kentwan Smith
2013-14,2013-12-07,1358585,176,0,1,UCF,Stetson,Knights,Hatters,4,4,20,14,6,1344,UCF,1819,619,0,Brandon Goodwin makes free throw 1 of 2.,made,TRUE,FALSE,NA,NA,NA,NA,NA,NA,0,UCF,UCF,24,NA,Tristan Spurlock,Isaiah Sykes,Calvin Newell,Matt Williams Jr.,Eugene McCrory,Brian Pegg,Raymone Andrews,Aaron Graham,Kyle Sikora,Kentwan Smith
2013-14,2013-12-07,1358585,177,0,1,UCF,Stetson,Knights,Hatters,4,4,21,14,7,1344,UCF,1819,619,0,Brandon Goodwin makes free throw 2 of 2.,made,TRUE,FALSE,NA,NA,NA,NA,NA,NA,0,UCF,Stetson,24,NA,Tristan Spurlock,Isaiah Sykes,Calvin Newell,Matt Williams Jr.,Eugene McCrory,Brian Pegg,Raymone Andrews,Aaron Graham,Kyle Sikora,Kentwan Smith
2013-14,2013-12-07,1358585,181,0,1,UCF,Stetson,Knights,Hatters,4,4,21,14,7,1344,UCF,1805,605,14,Personal foul committed by Brandon Goodwin.,NA,FALSE,FALSE,NA,NA,NA,NA,NA,NA,0,Stetson,Stetson,25,NA,Tristan Spurlock,Isaiah Sykes,Calvin Newell,Matt Williams Jr.,Eugene McCrory,Brian Pegg,Raymone Andrews,Aaron Graham,Kyle Sikora,Kentwan Smith
2013-14,2013-12-07,1358585,183,0,1,UCF,Stetson,Knights,Hatters,4,4,21,14,7,1629,Stetson,1800,600,5,Raymone Andrews misses a jump shot from 7 feet out.,missed,FALSE,FALSE,Jump Shot,24.6,11.95,522883,Raymone Andrews,NA,0,Stetson,Stetson,25,NA,Tristan Spurlock,Isaiah Sykes,Calvin Newell,Matt Williams Jr.,Eugene McCrory,Brian Pegg,Raymone Andrews,Aaron Graham,Kyle Sikora,Kentwan Smith
2013-14,2013-12-07,1358585,184,0,1,UCF,Stetson,Knights,Hatters,4,4,21,16,5,1629,Stetson,1795,595,5,Brian Pegg makes a layup.,made,FALSE,FALSE,Layup Shot,25,5.25,679367,Brian Pegg,NA,0,Stetson,UCF,25,NA,Tristan Spurlock,Isaiah Sykes,Calvin Newell,Matt Williams Jr.,Eugene McCrory,Brian Pegg,Raymone Andrews,Aaron Graham,Kyle Sikora,Kentwan Smith
2013-14,2013-12-07,1358585,185,0,1,UCF,Stetson,Knights,Hatters,4,4,21,16,5,1344,UCF,1789,589,6,Calvin Newell misses a layup.,missed,FALSE,FALSE,Layup Shot,25,5.25,553180,Calvin Newell,NA,0,UCF,UCF,26,NA,Tristan Spurlock,Isaiah Sykes,Calvin Newell,Matt Williams Jr.,Eugene McCrory,Brian Pegg,Raymone Andrews,Aaron Graham,Kyle Sikora,Kentwan Smith
2013-14,2013-12-07,1358585,188,0,1,UCF,Stetson,Knights,Hatters,4,4,21,16,5,1629,Stetson,1781,581,8,Personal foul committed by Kyle Sikora.,NA,FALSE,FALSE,NA,NA,NA,NA,NA,NA,0,UCF,UCF,26,NA,Tristan Spurlock,Isaiah Sykes,Calvin Newell,Matt Williams Jr.,Eugene McCrory,Brian Pegg,Raymone Andrews,Aaron Graham,Kyle Sikora,Kentwan Smith
2013-14,2013-12-07,1358585,189.5,0,1,UCF,Stetson,Knights,Hatters,4,4,22,16,6,1344,UCF,1781,581,0,Staphon Blair makes free throw 1st of 1-and-1.,made,TRUE,FALSE,NA,NA,NA,NA,NA,NA,0,UCF,UCF,26,NA,Tristan Spurlock,Isaiah Sykes,Calvin Newell,Matt Williams Jr.,Eugene McCrory,Brian Pegg,Raymone Andrews,Aaron Graham,Kyle Sikora,Kentwan Smith
2013-14,2013-12-07,1358585,190.25,0,1,UCF,Stetson,Knights,Hatters,4,4,23,16,7,1344,UCF,1781,581,0,Staphon Blair makes free throw 2nd of 1-and-1.,made,TRUE,FALSE,NA,NA,NA,NA,NA,NA,0,UCF,Stetson,26,NA,Tristan Spurlock,Isaiah Sykes,Calvin Newell,Matt Williams Jr.,Eugene McCrory,Brian Pegg,Raymone Andrews,Aaron Graham,Kyle Sikora,Kentwan Smith
2013-14,2013-12-07,1358585,191,0,1,UCF,Stetson,Knights,Hatters,4,4,23,16,7,1344,UCF,1780,580,1,Calvin Newell misses a 3-point jump shot from 27 feet out.,missed,FALSE,TRUE,Jump Shot,44.3,24.549999999999997,553180,Calvin Newell,NA,0,UCF,UCF,27,NA,Tristan Spurlock,Isaiah Sykes,Calvin Newell,Matt Williams Jr.,Eugene McCrory,Brian Pegg,Raymone Andrews,Aaron Graham,Kyle Sikora,Kentwan Smith
2013-14,2013-12-07,1358585,208,0,1,UCF,Stetson,Knights,Hatters,4,4,25,16,9,1344,UCF,1749,549,31,Calvin Newell dunks.,made,FALSE,FALSE,Dunk Shot,26,6.25,553180,Calvin Newell,NA,0,UCF,Stetson,27,NA,Tristan Spurlock,Isaiah Sykes,Calvin Newell,Matt Williams Jr.,Eugene McCrory,Brian Pegg,Raymone Andrews,Aaron Graham,Kyle Sikora,Kentwan Smith
2013-14,2013-12-07,1358585,215,0,1,UCF,Stetson,Knights,Hatters,4,4,25,16,9,1344,UCF,1729,529,20,Personal foul committed by Staphon Blair.,NA,FALSE,FALSE,NA,NA,NA,NA,NA,NA,0,Stetson,Stetson,28,NA,Tristan Spurlock,Isaiah Sykes,Calvin Newell,Matt Williams Jr.,Eugene McCrory,Brian Pegg,Raymone Andrews,Aaron Graham,Kyle Sikora,Kentwan Smith
2013-14,2013-12-07,1358585,216,0,1,UCF,Stetson,Knights,Hatters,4,4,25,17,8,1629,Stetson,1729,529,0,Kentwan Smith makes free throw 1 of 2.,made,TRUE,FALSE,NA,NA,NA,NA,NA,NA,0,Stetson,Stetson,28,NA,Tristan Spurlock,Isaiah Sykes,Calvin Newell,Matt Williams Jr.,Eugene McCrory,Brian Pegg,Raymone Andrews,Aaron Graham,Kyle Sikora,Kentwan Smith
2013-14,2013-12-07,1358585,217,0,1,UCF,Stetson,Knights,Hatters,4,4,25,17,8,1629,Stetson,1729,529,0,Kentwan Smith misses free throw 2 of 2.,missed,TRUE,FALSE,NA,NA,NA,NA,NA,NA,0,Stetson,Stetson,28,NA,Tristan Spurlock,Isaiah Sykes,Calvin Newell,Matt Williams Jr.,Eugene McCrory,Brian Pegg,Raymone Andrews,Aaron Graham,Kyle Sikora,Kentwan Smith
2013-14,2013-12-07,1358585,225,0,1,UCF,Stetson,Knights,Hatters,4,4,25,17,8,1344,UCF,1715,515,14,Personal foul committed by Daiquan Walker.,NA,FALSE,FALSE,NA,NA,NA,NA,NA,NA,0,Stetson,Stetson,28,NA,Tristan Spurlock,Isaiah Sykes,Calvin Newell,Matt Williams Jr.,Eugene McCrory,Brian Pegg,Raymone Andrews,Aaron Graham,Kyle Sikora,Kentwan Smith
2013-14,2013-12-07,1358585,227,0,1,UCF,Stetson,Knights,Hatters,4,4,25,19,6,1629,Stetson,1705,505,10,Kentwan Smith makes a tip shot from 4 feet out.,made,FALSE,FALSE,Tip Shot,25.9,8.75,608665,Kentwan Smith,NA,0,Stetson,UCF,28,NA,Tristan Spurlock,Isaiah Sykes,Calvin Newell,Matt Williams Jr.,Eugene McCrory,Brian Pegg,Raymone Andrews,Aaron Graham,Kyle Sikora,Kentwan Smith
2013-14,2013-12-07,1358585,228,0,1,UCF,Stetson,Knights,Hatters,4,4,27,19,8,1344,UCF,1692,492,13,Tristan Spurlock dunks.,made,FALSE,FALSE,Dunk Shot,25,5.25,513514,Tristan Spurlock,NA,0,UCF,Stetson,29,NA,Tristan Spurlock,Isaiah Sykes,Calvin Newell,Matt Williams Jr.,Eugene McCrory,Brian Pegg,Raymone Andrews,Aaron Graham,Kyle Sikora,Kentwan Smith
2013-14,2013-12-07,1358585,231,0,1,UCF,Stetson,Knights,Hatters,4,4,27,19,8,1629,Stetson,1671,471,21,Brian Pegg misses a layup.,missed,FALSE,FALSE,Layup Shot,26,6.25,679367,Brian Pegg,NA,0,Stetson,UCF,30,NA,Tristan Spurlock,Isaiah Sykes,Calvin Newell,Matt Williams Jr.,Eugene McCrory,Brian Pegg,Raymone Andrews,Aaron Graham,Kyle Sikora,Kentwan Smith
2013-14,2013-12-07,1358585,232,0,1,UCF,Stetson,Knights,Hatters,4,4,30,19,11,1344,UCF,1664,464,7,Calvin Newell makes a 3-point jump shot from 24 feet out.,made,FALSE,TRUE,Jump Shot,44.1,19.950000000000003,553180,Calvin Newell,NA,0,UCF,Stetson,31,NA,Tristan Spurlock,Isaiah Sykes,Calvin Newell,Matt Williams Jr.,Eugene McCrory,Brian Pegg,Raymone Andrews,Aaron Graham,Kyle Sikora,Kentwan Smith
2013-14,2013-12-07,1358585,235,0,1,UCF,Stetson,Knights,Hatters,4,3,30,19,11,1629,Stetson,1658,458,6,Hatters take a 30-second timeout.,NA,FALSE,FALSE,NA,NA,NA,NA,NA,NA,0,NA,NA,NA,NA,Tristan Spurlock,Isaiah Sykes,Calvin Newell,Matt Williams Jr.,Eugene McCrory,Brian Pegg,Raymone Andrews,Aaron Graham,Kyle Sikora,Kentwan Smith
2013-14,2013-12-07,1358585,239,0,1,UCF,Stetson,Knights,Hatters,4,3,32,19,13,1344,UCF,1635,435,23,Calvin Newell makes a layup.,made,FALSE,FALSE,Layup Shot,26,6.25,553180,Calvin Newell,NA,0,UCF,Stetson,32,NA,Tristan Spurlock,Isaiah Sykes,Calvin Newell,Matt Williams Jr.,Eugene McCrory,Brian Pegg,Raymone Andrews,Aaron Graham,Kyle Sikora,Kentwan Smith
2013-14,2013-12-07,1358585,245,0,1,UCF,Stetson,Knights,Hatters,4,3,32,19,13,NA,NA,1614,414,21,Official TV timeout.,NA,FALSE,FALSE,NA,NA,NA,NA,NA,NA,0,NA,NA,NA,NA,Tristan Spurlock,Isaiah Sykes,Calvin Newell,Matt Williams Jr.,Eugene McCrory,Brian Pegg,Raymone Andrews,Aaron Graham,Kyle Sikora,Kentwan Smith
2013-14,2013-12-07,1358585,246,0,1,UCF,Stetson,Knights,Hatters,4,3,32,19,13,1344,UCF,1614,414,0,Personal foul committed by Isaiah Sykes.,NA,FALSE,FALSE,NA,NA,NA,NA,NA,NA,0,Stetson,Stetson,33,NA,Tristan Spurlock,Isaiah Sykes,Calvin Newell,Matt Williams Jr.,Eugene McCrory,Brian Pegg,Raymone Andrews,Aaron Graham,Kyle Sikora,Kentwan Smith
2013-14,2013-12-07,1358585,247,0,1,UCF,Stetson,Knights,Hatters,4,3,32,19,13,1629,Stetson,1614,414,0,Personal foul committed by Kyle Sikora.,NA,FALSE,FALSE,NA,NA,NA,NA,NA,NA,0,UCF,UCF,33,NA,Tristan Spurlock,Isaiah Sykes,Calvin Newell,Matt Williams Jr.,Eugene McCrory,Brian Pegg,Raymone Andrews,Aaron Graham,Kyle Sikora,Kentwan Smith
2013-14,2013-12-07,1358585,248,0,1,UCF,Stetson,Knights,Hatters,4,3,32,19,13,1344,UCF,1614,414,0,Eugene McCrory misses free throw 1st of 1-and-1.,missed,TRUE,FALSE,NA,NA,NA,NA,NA,NA,0,UCF,Stetson,33,NA,Tristan Spurlock,Isaiah Sykes,Calvin Newell,Matt Williams Jr.,Eugene McCrory,Brian Pegg,Raymone Andrews,Aaron Graham,Kyle Sikora,Kentwan Smith
2013-14,2013-12-07,1358585,254,0,1,UCF,Stetson,Knights,Hatters,4,3,32,22,10,1629,Stetson,1584,384,30,Raymone Andrews makes a 3-point jump shot from 21 feet out.,made,FALSE,TRUE,Jump Shot,11.1,21.65,522883,Raymone Andrews,NA,0,Stetson,UCF,34,NA,Tristan Spurlock,Isaiah Sykes,Calvin Newell,Matt Williams Jr.,Eugene McCrory,Brian Pegg,Raymone Andrews,Aaron Graham,Kyle Sikora,Kentwan Smith
2013-14,2013-12-07,1358585,260,0,1,UCF,Stetson,Knights,Hatters,4,3,32,22,10,1629,Stetson,1561,361,23,Shooting foul committed by Kentwan Smith.,NA,FALSE,FALSE,NA,NA,NA,NA,NA,NA,0,UCF,UCF,35,NA,Tristan Spurlock,Isaiah Sykes,Calvin Newell,Matt Williams Jr.,Eugene McCrory,Brian Pegg,Raymone Andrews,Aaron Graham,Kyle Sikora,Kentwan Smith
2013-14,2013-12-07,1358585,261,0,1,UCF,Stetson,Knights,Hatters,4,3,32,22,10,1344,UCF,1561,361,0,Tristan Spurlock misses free throw 1 of 2.,missed,TRUE,FALSE,NA,NA,NA,NA,NA,NA,0,UCF,UCF,35,NA,Tristan Spurlock,Isaiah Sykes,Calvin Newell,Matt Williams Jr.,Eugene McCrory,Brian Pegg,Raymone Andrews,Aaron Graham,Kyle Sikora,Kentwan Smith
2013-14,2013-12-07,1358585,262,0,1,UCF,Stetson,Knights,Hatters,4,3,33,22,11,1344,UCF,1561,361,0,Tristan Spurlock makes free throw 2 of 2.,made,TRUE,FALSE,NA,NA,NA,NA,NA,NA,0,UCF,Stetson,35,NA,Tristan Spurlock,Isaiah Sykes,Calvin Newell,Matt Williams Jr.,Eugene McCrory,Brian Pegg,Raymone Andrews,Aaron Graham,Kyle Sikora,Kentwan Smith
2013-14,2013-12-07,1358585,266,0,1,UCF,Stetson,Knights,Hatters,4,3,33,24,9,1629,Stetson,1551,351,10,Raymone Andrews makes a layup.,made,FALSE,FALSE,Layup Shot,26,6.25,522883,Raymone Andrews,NA,0,Stetson,UCF,36,NA,Tristan Spurlock,Isaiah Sykes,Calvin Newell,Matt Williams Jr.,Eugene McCrory,Brian Pegg,Raymone Andrews,Aaron Graham,Kyle Sikora,Kentwan Smith
2013-14,2013-12-07,1358585,273,0,1,UCF,Stetson,Knights,Hatters,4,3,35,24,11,1344,UCF,1513,313,38,Tristan Spurlock makes a layup.,made,FALSE,FALSE,Layup Shot,25,5.25,513514,Tristan Spurlock,NA,0,UCF,Stetson,37,NA,Tristan Spurlock,Isaiah Sykes,Calvin Newell,Matt Williams Jr.,Eugene McCrory,Brian Pegg,Raymone Andrews,Aaron Graham,Kyle Sikora,Kentwan Smith
2013-14,2013-12-07,1358585,279,0,1,UCF,Stetson,Knights,Hatters,4,3,35,26,9,1629,Stetson,1495,295,18,Raymone Andrews makes a layup.,made,FALSE,FALSE,Layup Shot,26,6.25,522883,Raymone Andrews,NA,0,Stetson,UCF,38,NA,Tristan Spurlock,Isaiah Sykes,Calvin Newell,Matt Williams Jr.,Eugene McCrory,Brian Pegg,Raymone Andrews,Aaron Graham,Kyle Sikora,Kentwan Smith
2013-14,2013-12-07,1358585,280,0,1,UCF,Stetson,Knights,Hatters,4,3,35,27,8,1629,Stetson,1495,295,0,Raymone Andrews makes free throw 1 of 1.,made,TRUE,FALSE,NA,NA,NA,NA,NA,NA,0,Stetson,Stetson,39,NA,Tristan Spurlock,Isaiah Sykes,Calvin Newell,Matt Williams Jr.,Eugene McCrory,Brian Pegg,Raymone Andrews,Aaron Graham,Kyle Sikora,Kentwan Smith
2013-14,2013-12-07,1358585,281,0,1,UCF,Stetson,Knights,Hatters,4,3,35,27,8,1344,UCF,1495,295,0,Shooting foul committed by Calvin Newell.,NA,FALSE,FALSE,NA,NA,NA,NA,NA,NA,0,Stetson,Stetson,39,NA,Tristan Spurlock,Isaiah Sykes,Calvin Newell,Matt Williams Jr.,Eugene McCrory,Brian Pegg,Raymone Andrews,Aaron Graham,Kyle Sikora,Kentwan Smith
2013-14,2013-12-07,1358585,291,0,1,UCF,Stetson,Knights,Hatters,4,3,35,27,8,1344,UCF,1478,278,17,Offensive foul committed by Isaiah Sykes.,NA,FALSE,FALSE,NA,NA,NA,NA,NA,NA,0,UCF,Stetson,39,NA,Tristan Spurlock,Isaiah Sykes,Calvin Newell,Matt Williams Jr.,Eugene McCrory,Brian Pegg,Raymone Andrews,Aaron Graham,Kyle Sikora,Kentwan Smith
2013-14,2013-12-07,1358585,300,0,1,UCF,Stetson,Knights,Hatters,4,3,35,27,8,1344,UCF,1440,240,38,Personal foul committed by Kasey Wilson.,NA,FALSE,FALSE,NA,NA,NA,NA,NA,NA,0,Stetson,Stetson,40,NA,Tristan Spurlock,Isaiah Sykes,Calvin Newell,Matt Williams Jr.,Eugene McCrory,Brian Pegg,Raymone Andrews,Aaron Graham,Kyle Sikora,Kentwan Smith
2013-14,2013-12-07,1358585,301,0,1,UCF,Stetson,Knights,Hatters,4,3,35,28,7,1629,Stetson,1440,240,0,Raymone Andrews makes free throw 1 of 2.,made,TRUE,FALSE,NA,NA,NA,NA,NA,NA,0,Stetson,Stetson,40,NA,Tristan Spurlock,Isaiah Sykes,Calvin Newell,Matt Williams Jr.,Eugene McCrory,Brian Pegg,Raymone Andrews,Aaron Graham,Kyle Sikora,Kentwan Smith
2013-14,2013-12-07,1358585,302,0,1,UCF,Stetson,Knights,Hatters,4,3,35,28,7,1629,Stetson,1440,240,0,Raymone Andrews misses free throw 2 of 2.,missed,TRUE,FALSE,NA,NA,NA,NA,NA,NA,0,Stetson,UCF,40,NA,Tristan Spurlock,Isaiah Sykes,Calvin Newell,Matt Williams Jr.,Eugene McCrory,Brian Pegg,Raymone Andrews,Aaron Graham,Kyle Sikora,Kentwan Smith
2013-14,2013-12-07,1358585,305,0,1,UCF,Stetson,Knights,Hatters,4,3,35,28,7,1344,UCF,1424,224,16,Calvin Newell misses a 3-point jump shot from 23 feet out.,missed,FALSE,TRUE,Jump Shot,16.799999999999997,26.25,553180,Calvin Newell,NA,0,UCF,Stetson,41,NA,Tristan Spurlock,Isaiah Sykes,Calvin Newell,Matt Williams Jr.,Eugene McCrory,Brian Pegg,Raymone Andrews,Aaron Graham,Kyle Sikora,Kentwan Smith
2013-14,2013-12-07,1358585,309,0,1,UCF,Stetson,Knights,Hatters,4,3,35,28,7,NA,NA,1404,204,20,Official TV timeout.,NA,FALSE,FALSE,NA,NA,NA,NA,NA,NA,0,NA,NA,NA,NA,Tristan Spurlock,Isaiah Sykes,Calvin Newell,Matt Williams Jr.,Eugene McCrory,Brian Pegg,Raymone Andrews,Aaron Graham,Kyle Sikora,Kentwan Smith
2013-14,2013-12-07,1358585,310,0,1,UCF,Stetson,Knights,Hatters,4,3,35,28,7,1344,UCF,1404,204,0,Personal foul committed by Matt Williams Jr..,NA,FALSE,FALSE,NA,NA,NA,NA,NA,NA,0,Stetson,Stetson,42,NA,Tristan Spurlock,Isaiah Sykes,Calvin Newell,Matt Williams Jr.,Eugene McCrory,Brian Pegg,Raymone Andrews,Aaron Graham,Kyle Sikora,Kentwan Smith
2013-14,2013-12-07,1358585,311,0,1,UCF,Stetson,Knights,Hatters,4,3,35,29,6,1629,Stetson,1404,204,0,Raymone Andrews makes free throw 1 of 2.,made,TRUE,FALSE,NA,NA,NA,NA,NA,NA,0,Stetson,Stetson,42,NA,Tristan Spurlock,Isaiah Sykes,Calvin Newell,Matt Williams Jr.,Eugene McCrory,Brian Pegg,Raymone Andrews,Aaron Graham,Kyle Sikora,Kentwan Smith
2013-14,2013-12-07,1358585,312,0,1,UCF,Stetson,Knights,Hatters,4,3,35,30,5,1629,Stetson,1404,204,0,Raymone Andrews makes free throw 2 of 2.,made,TRUE,FALSE,NA,NA,NA,NA,NA,NA,0,Stetson,UCF,42,NA,Tristan Spurlock,Isaiah Sykes,Calvin Newell,Matt Williams Jr.,Eugene McCrory,Brian Pegg,Raymone Andrews,Aaron Graham,Kyle Sikora,Kentwan Smith
2013-14,2013-12-07,1358585,320,0,1,UCF,Stetson,Knights,Hatters,4,3,35,30,5,1629,Stetson,1381,181,23,Shooting foul committed by Glenn Baral.,NA,FALSE,FALSE,NA,NA,NA,NA,NA,NA,0,UCF,UCF,43,NA,Tristan Spurlock,Isaiah Sykes,Calvin Newell,Matt Williams Jr.,Eugene McCrory,Brian Pegg,Raymone Andrews,Aaron Graham,Kyle Sikora,Kentwan Smith
2013-14,2013-12-07,1358585,321,0,1,UCF,Stetson,Knights,Hatters,4,3,35,30,5,1344,UCF,1381,181,0,Kasey Wilson misses free throw 1 of 2.,missed,TRUE,FALSE,NA,NA,NA,NA,NA,NA,0,UCF,UCF,43,NA,Tristan Spurlock,Isaiah Sykes,Calvin Newell,Matt Williams Jr.,Eugene McCrory,Brian Pegg,Raymone Andrews,Aaron Graham,Kyle Sikora,Kentwan Smith
2013-14,2013-12-07,1358585,322,0,1,UCF,Stetson,Knights,Hatters,4,3,36,30,6,1344,UCF,1381,181,0,Kasey Wilson makes free throw 2 of 2.,made,TRUE,FALSE,NA,NA,NA,NA,NA,NA,0,UCF,Stetson,43,NA,Tristan Spurlock,Isaiah Sykes,Calvin Newell,Matt Williams Jr.,Eugene McCrory,Brian Pegg,Raymone Andrews,Aaron Graham,Kyle Sikora,Kentwan Smith
2013-14,2013-12-07,1358585,325,0,1,UCF,Stetson,Knights,Hatters,4,3,36,30,6,1629,Stetson,1367,167,14,Aaron Graham misses a 3-point jump shot from 22 feet out.,missed,FALSE,TRUE,Jump Shot,40.9,20.45,523852,Aaron Graham,NA,0,Stetson,UCF,44,NA,Tristan Spurlock,Isaiah Sykes,Calvin Newell,Matt Williams Jr.,Eugene McCrory,Brian Pegg,Raymone Andrews,Aaron Graham,Kyle Sikora,Kentwan Smith
2013-14,2013-12-07,1358585,328,0,1,UCF,Stetson,Knights,Hatters,4,3,36,30,6,1344,UCF,1356,156,11,Offensive foul committed by Kasey Wilson.,NA,FALSE,FALSE,NA,NA,NA,NA,NA,NA,0,UCF,Stetson,45,NA,Tristan Spurlock,Isaiah Sykes,Calvin Newell,Matt Williams Jr.,Eugene McCrory,Brian Pegg,Raymone Andrews,Aaron Graham,Kyle Sikora,Kentwan Smith
2013-14,2013-12-07,1358585,332,0,1,UCF,Stetson,Knights,Hatters,4,3,36,30,6,1629,Stetson,1338,138,18,Aaron Graham misses a 3-point jump shot from 22 feet out.,missed,FALSE,TRUE,Jump Shot,46.9,7.75,523852,Aaron Graham,NA,0,Stetson,Stetson,46,NA,Tristan Spurlock,Isaiah Sykes,Calvin Newell,Matt Williams Jr.,Eugene McCrory,Brian Pegg,Raymone Andrews,Aaron Graham,Kyle Sikora,Kentwan Smith
2013-14,2013-12-07,1358585,339,0,1,UCF,Stetson,Knights,Hatters,4,3,36,33,3,1629,Stetson,1291,91,47,Aaron Graham makes a 3-point jump shot from 22 feet out.,made,FALSE,TRUE,Jump Shot,14,24.55,523852,Aaron Graham,NA,0,Stetson,UCF,46,NA,Tristan Spurlock,Isaiah Sykes,Calvin Newell,Matt Williams Jr.,Eugene McCrory,Brian Pegg,Raymone Andrews,Aaron Graham,Kyle Sikora,Kentwan Smith
2013-14,2013-12-07,1358585,342,0,1,UCF,Stetson,Knights,Hatters,4,3,38,33,5,1344,UCF,1272,72,19,Tristan Spurlock makes a layup.,made,FALSE,FALSE,Layup Shot,25,5.25,513514,Tristan Spurlock,NA,0,UCF,Stetson,47,NA,Tristan Spurlock,Isaiah Sykes,Calvin Newell,Matt Williams Jr.,Eugene McCrory,Brian Pegg,Raymone Andrews,Aaron Graham,Kyle Sikora,Kentwan Smith
2013-14,2013-12-07,1358585,348,0,1,UCF,Stetson,Knights,Hatters,4,3,38,33,5,1344,UCF,1240,40,32,Personal foul committed by Matt Williams Jr..,NA,FALSE,FALSE,NA,NA,NA,NA,NA,NA,0,Stetson,Stetson,48,NA,Tristan Spurlock,Isaiah Sykes,Calvin Newell,Matt Williams Jr.,Eugene McCrory,Brian Pegg,Raymone Andrews,Aaron Graham,Kyle Sikora,Kentwan Smith
2013-14,2013-12-07,1358585,349,0,1,UCF,Stetson,Knights,Hatters,4,3,38,33,5,1629,Stetson,1240,40,0,B.J. Glasford misses a 3-point jump shot from 22 feet out.,missed,FALSE,TRUE,Jump Shot,14,24.55,756328,B.J. Glasford,NA,0,Stetson,Stetson,48,NA,Tristan Spurlock,Isaiah Sykes,Calvin Newell,Matt Williams Jr.,Eugene McCrory,Brian Pegg,Raymone Andrews,Aaron Graham,Kyle Sikora,Kentwan Smith
2013-14,2013-12-07,1358585,350,0,1,UCF,Stetson,Knights,Hatters,4,3,38,33,5,1629,Stetson,1240,40,0,Raymone Andrews misses free throw 1 of 2.,missed,TRUE,FALSE,NA,NA,NA,NA,NA,NA,0,Stetson,Stetson,48,NA,Tristan Spurlock,Isaiah Sykes,Calvin Newell,Matt Williams Jr.,Eugene McCrory,Brian Pegg,Raymone Andrews,Aaron Graham,Kyle Sikora,Kentwan Smith
2013-14,2013-12-07,1358585,351,0,1,UCF,Stetson,Knights,Hatters,4,3,38,34,4,1629,Stetson,1240,40,0,Raymone Andrews makes free throw 2 of 2.,made,TRUE,FALSE,NA,NA,NA,NA,NA,NA,0,Stetson,UCF,48,NA,Tristan Spurlock,Isaiah Sykes,Calvin Newell,Matt Williams Jr.,Eugene McCrory,Brian Pegg,Raymone Andrews,Aaron Graham,Kyle Sikora,Kentwan Smith
2013-14,2013-12-07,1358585,358,0,1,UCF,Stetson,Knights,Hatters,3,3,38,34,4,1344,UCF,1236,36,4,Knights take a 30-second timeout.,NA,FALSE,FALSE,NA,NA,NA,NA,NA,NA,0,NA,NA,NA,NA,Tristan Spurlock,Isaiah Sykes,Calvin Newell,Matt Williams Jr.,Eugene McCrory,Brian Pegg,Raymone Andrews,Aaron Graham,Kyle Sikora,Kentwan Smith
2013-14,2013-12-07,1358585,367,0,1,UCF,Stetson,Knights,Hatters,3,3,38,34,4,1629,Stetson,1211,11,25,Hunter Miller misses a layup.,missed,FALSE,FALSE,Layup Shot,25,5.25,521903,Hunter Miller,NA,0,Stetson,UCF,49,NA,Tristan Spurlock,Isaiah Sykes,Calvin Newell,Matt Williams Jr.,Eugene McCrory,Brian Pegg,Raymone Andrews,Aaron Graham,Kyle Sikora,Kentwan Smith
2013-14,2013-12-07,1358585,375,0,1,UCF,Stetson,Knights,Hatters,3,3,38,34,4,1629,Stetson,1206,6,5,Personal foul committed by Brian Pegg.,NA,FALSE,FALSE,NA,NA,NA,NA,NA,NA,0,UCF,UCF,50,NA,Tristan Spurlock,Isaiah Sykes,Calvin Newell,Matt Williams Jr.,Eugene McCrory,Brian Pegg,Raymone Andrews,Aaron Graham,Kyle Sikora,Kentwan Smith
2013-14,2013-12-07,1358585,376,0,1,UCF,Stetson,Knights,Hatters,3,3,39,34,5,1344,UCF,1206,6,0,Brandon Goodwin makes free throw 1 of 2.,made,TRUE,FALSE,NA,NA,NA,NA,NA,NA,0,UCF,UCF,50,NA,Tristan Spurlock,Isaiah Sykes,Calvin Newell,Matt Williams Jr.,Eugene McCrory,Brian Pegg,Raymone Andrews,Aaron Graham,Kyle Sikora,Kentwan Smith
2013-14,2013-12-07,1358585,377,0,1,UCF,Stetson,Knights,Hatters,3,3,39,34,5,1344,UCF,1206,6,0,Brandon Goodwin misses free throw 2 of 2.,missed,TRUE,FALSE,NA,NA,NA,NA,NA,NA,0,UCF,UCF,50,NA,Tristan Spurlock,Isaiah Sykes,Calvin Newell,Matt Williams Jr.,Eugene McCrory,Brian Pegg,Raymone Andrews,Aaron Graham,Kyle Sikora,Kentwan Smith
2013-14,2013-12-07,1358585,380,0,1,UCF,Stetson,Knights,Hatters,3,3,39,34,5,1344,UCF,1202,2,4,Tristan Spurlock misses a jump shot from 7 feet out.,missed,FALSE,FALSE,Jump Shot,29.2,10.450000000000003,513514,Tristan Spurlock,NA,0,UCF,UCF,50,NA,Tristan Spurlock,Isaiah Sykes,Calvin Newell,Matt Williams Jr.,Eugene McCrory,Brian Pegg,Raymone Andrews,Aaron Graham,Kyle Sikora,Kentwan Smith
2013-14,2013-12-07,1358585,381,0,1,UCF,Stetson,Knights,Hatters,3,3,39,34,5,NA,NA,1200,0,2,End of the 1st Half,NA,FALSE,FALSE,NA,NA,NA,NA,NA,NA,0,NA,NA,NA,NA,Tristan Spurlock,Isaiah Sykes,Calvin Newell,Matt Williams Jr.,Eugene McCrory,Brian Pegg,Raymone Andrews,Aaron Graham,Kyle Sikora,Kentwan Smith
2013-14,2013-12-07,1358585,382,0,2,UCF,Stetson,Knights,Hatters,4,4,39,34,5,NA,NA,1200,1200,0,Start of the 2nd Half,NA,FALSE,FALSE,NA,NA,NA,NA,NA,NA,0,NA,UCF,50,NA,Tristan Spurlock,Isaiah Sykes,Calvin Newell,Matt Williams Jr.,Eugene McCrory,Brian Pegg,Raymone Andrews,Aaron Graham,Kyle Sikora,Kentwan Smith
2013-14,2013-12-07,1358585,386,0,2,UCF,Stetson,Knights,Hatters,4,4,39,34,5,1629,Stetson,1185,1185,15,Personal foul committed by Raymone Andrews.,NA,FALSE,FALSE,NA,NA,NA,NA,NA,NA,0,UCF,UCF,51,NA,Tristan Spurlock,Isaiah Sykes,Calvin Newell,Matt Williams Jr.,Eugene McCrory,Brian Pegg,Raymone Andrews,Aaron Graham,Kyle Sikora,Kentwan Smith
2013-14,2013-12-07,1358585,389,0,2,UCF,Stetson,Knights,Hatters,4,4,41,34,7,1344,UCF,1177,1177,8,Kasey Wilson makes a layup.,made,FALSE,FALSE,Layup Shot,25,5.25,602249,Kasey Wilson,NA,0,UCF,Stetson,51,NA,Tristan Spurlock,Isaiah Sykes,Calvin Newell,Matt Williams Jr.,Eugene McCrory,Brian Pegg,Raymone Andrews,Aaron Graham,Kyle Sikora,Kentwan Smith
2013-14,2013-12-07,1358585,392,0,2,UCF,Stetson,Knights,Hatters,4,4,41,34,7,1344,UCF,1162,1162,15,Personal foul committed by Calvin Newell.,NA,FALSE,FALSE,NA,NA,NA,NA,NA,NA,0,Stetson,Stetson,52,NA,Tristan Spurlock,Isaiah Sykes,Calvin Newell,Matt Williams Jr.,Eugene McCrory,Brian Pegg,Raymone Andrews,Aaron Graham,Kyle Sikora,Kentwan Smith
2013-14,2013-12-07,1358585,395,0,2,UCF,Stetson,Knights,Hatters,4,4,41,36,5,1629,Stetson,1159,1159,3,Brian Pegg dunks.,made,FALSE,FALSE,Dunk Shot,25,5.25,679367,Brian Pegg,NA,0,Stetson,UCF,52,NA,Tristan Spurlock,Isaiah Sykes,Calvin Newell,Matt Williams Jr.,Eugene McCrory,Brian Pegg,Raymone Andrews,Aaron Graham,Kyle Sikora,Kentwan Smith
2013-14,2013-12-07,1358585,400,0,2,UCF,Stetson,Knights,Hatters,4,4,41,36,5,1344,UCF,1142,1142,17,Offensive foul committed by Kasey Wilson.,NA,FALSE,FALSE,NA,NA,NA,NA,NA,NA,0,UCF,Stetson,53,NA,Tristan Spurlock,Isaiah Sykes,Calvin Newell,Matt Williams Jr.,Eugene McCrory,Brian Pegg,Raymone Andrews,Aaron Graham,Kyle Sikora,Kentwan Smith
2013-14,2013-12-07,1358585,413,0,2,UCF,Stetson,Knights,Hatters,4,4,41,36,5,1344,UCF,1119,1119,23,Shooting foul committed by Isaiah Sykes.,NA,FALSE,FALSE,NA,NA,NA,NA,NA,NA,0,Stetson,Stetson,54,NA,Tristan Spurlock,Isaiah Sykes,Calvin Newell,Matt Williams Jr.,Eugene McCrory,Brian Pegg,Raymone Andrews,Aaron Graham,Kyle Sikora,Kentwan Smith
2013-14,2013-12-07,1358585,414,0,2,UCF,Stetson,Knights,Hatters,4,4,41,36,5,1629,Stetson,1119,1119,0,Willie Green misses free throw 1 of 2.,missed,TRUE,FALSE,NA,NA,NA,NA,NA,NA,0,Stetson,Stetson,54,NA,Tristan Spurlock,Isaiah Sykes,Calvin Newell,Matt Williams Jr.,Eugene McCrory,Brian Pegg,Raymone Andrews,Aaron Graham,Kyle Sikora,Kentwan Smith
2013-14,2013-12-07,1358585,415,0,2,UCF,Stetson,Knights,Hatters,4,4,41,36,5,1629,Stetson,1119,1119,0,Willie Green misses free throw 2 of 2.,missed,TRUE,FALSE,NA,NA,NA,NA,NA,NA,0,Stetson,Stetson,54,NA,Tristan Spurlock,Isaiah Sykes,Calvin Newell,Matt Williams Jr.,Eugene McCrory,Brian Pegg,Raymone Andrews,Aaron Graham,Kyle Sikora,Kentwan Smith
2013-14,2013-12-07,1358585,422,0,2,UCF,Stetson,Knights,Hatters,4,4,41,36,5,1629,Stetson,1086,1086,33,Kentwan Smith misses a jump shot from 18 feet out.,missed,FALSE,FALSE,Jump Shot,6.899999999999999,6.15,608665,Kentwan Smith,NA,0,Stetson,UCF,54,NA,Tristan Spurlock,Isaiah Sykes,Calvin Newell,Matt Williams Jr.,Eugene McCrory,Brian Pegg,Raymone Andrews,Aaron Graham,Kyle Sikora,Kentwan Smith
2013-14,2013-12-07,1358585,426,0,2,UCF,Stetson,Knights,Hatters,4,4,41,36,5,1629,Stetson,1069,1069,17,Personal foul committed by Aaron Graham.,NA,FALSE,FALSE,NA,NA,NA,NA,NA,NA,0,UCF,UCF,55,NA,Tristan Spurlock,Isaiah Sykes,Calvin Newell,Matt Williams Jr.,Eugene McCrory,Brian Pegg,Raymone Andrews,Aaron Graham,Kyle Sikora,Kentwan Smith
2013-14,2013-12-07,1358585,431,0,2,UCF,Stetson,Knights,Hatters,4,4,41,36,5,1629,Stetson,1050,1050,19,Personal foul committed by Raymone Andrews.,NA,FALSE,FALSE,NA,NA,NA,NA,NA,NA,0,UCF,UCF,55,NA,Tristan Spurlock,Isaiah Sykes,Calvin Newell,Matt Williams Jr.,Eugene McCrory,Brian Pegg,Raymone Andrews,Aaron Graham,Kyle Sikora,Kentwan Smith
2013-14,2013-12-07,1358585,432,0,2,UCF,Stetson,Knights,Hatters,4,4,42,36,6,1344,UCF,1050,1050,0,Brandon Goodwin makes free throw 1 of 2.,made,TRUE,FALSE,NA,NA,NA,NA,NA,NA,0,UCF,UCF,55,NA,Tristan Spurlock,Isaiah Sykes,Calvin Newell,Matt Williams Jr.,Eugene McCrory,Brian Pegg,Raymone Andrews,Aaron Graham,Kyle Sikora,Kentwan Smith
2013-14,2013-12-07,1358585,433,0,2,UCF,Stetson,Knights,Hatters,4,4,43,36,7,1344,UCF,1050,1050,0,Brandon Goodwin makes free throw 2 of 2.,made,TRUE,FALSE,NA,NA,NA,NA,NA,NA,0,UCF,Stetson,55,NA,Tristan Spurlock,Isaiah Sykes,Calvin Newell,Matt Williams Jr.,Eugene McCrory,Brian Pegg,Raymone Andrews,Aaron Graham,Kyle Sikora,Kentwan Smith
2013-14,2013-12-07,1358585,436,0,2,UCF,Stetson,Knights,Hatters,4,4,43,38,5,1629,Stetson,1038,1038,12,Willie Green makes a layup.,made,FALSE,FALSE,Layup Shot,25,5.25,513521,Willie Green,NA,0,Stetson,UCF,56,NA,Tristan Spurlock,Isaiah Sykes,Calvin Newell,Matt Williams Jr.,Eugene McCrory,Brian Pegg,Raymone Andrews,Aaron Graham,Kyle Sikora,Kentwan Smith
2013-14,2013-12-07,1358585,439,0,2,UCF,Stetson,Knights,Hatters,4,4,45,38,7,1344,UCF,1013,1013,25,Tristan Spurlock dunks.,made,FALSE,FALSE,Dunk Shot,25,5.25,513514,Tristan Spurlock,NA,0,UCF,Stetson,57,NA,Tristan Spurlock,Isaiah Sykes,Calvin Newell,Matt Williams Jr.,Eugene McCrory,Brian Pegg,Raymone Andrews,Aaron Graham,Kyle Sikora,Kentwan Smith
2013-14,2013-12-07,1358585,441,0,2,UCF,Stetson,Knights,Hatters,4,4,45,40,5,1629,Stetson,996,996,17,Willie Green dunks.,made,FALSE,FALSE,Dunk Shot,25,5.25,513521,Willie Green,NA,0,Stetson,UCF,58,NA,Tristan Spurlock,Isaiah Sykes,Calvin Newell,Matt Williams Jr.,Eugene McCrory,Brian Pegg,Raymone Andrews,Aaron Graham,Kyle Sikora,Kentwan Smith
2013-14,2013-12-07,1358585,445,0,2,UCF,Stetson,Knights,Hatters,4,4,47,40,7,1344,UCF,971,971,25,Isaiah Sykes makes a layup.,made,FALSE,FALSE,Layup Shot,25,5.25,549951,Isaiah Sykes,NA,0,UCF,UCF,59,NA,Tristan Spurlock,Isaiah Sykes,Calvin Newell,Matt Williams Jr.,Eugene McCrory,Brian Pegg,Raymone Andrews,Aaron Graham,Kyle Sikora,Kentwan Smith
2013-14,2013-12-07,1358585,446,0,2,UCF,Stetson,Knights,Hatters,4,4,47,40,7,1629,Stetson,970,970,1,Shooting foul committed by Brian Pegg.,NA,FALSE,FALSE,NA,NA,NA,NA,NA,NA,0,UCF,UCF,59,NA,Tristan Spurlock,Isaiah Sykes,Calvin Newell,Matt Williams Jr.,Eugene McCrory,Brian Pegg,Raymone Andrews,Aaron Graham,Kyle Sikora,Kentwan Smith
2013-14,2013-12-07,1358585,447,0,2,UCF,Stetson,Knights,Hatters,4,4,47,40,7,1344,UCF,970,970,0,Isaiah Sykes misses free throw 1 of 1.,missed,TRUE,FALSE,NA,NA,NA,NA,NA,NA,0,UCF,Stetson,59,NA,Tristan Spurlock,Isaiah Sykes,Calvin Newell,Matt Williams Jr.,Eugene McCrory,Brian Pegg,Raymone Andrews,Aaron Graham,Kyle Sikora,Kentwan Smith
2013-14,2013-12-07,1358585,451,0,2,UCF,Stetson,Knights,Hatters,4,4,47,43,4,1629,Stetson,956,956,14,Aaron Graham makes a 3-point jump shot from 22 feet out.,made,FALSE,TRUE,Jump Shot,15.4,25.35,523852,Aaron Graham,NA,0,Stetson,UCF,60,NA,Tristan Spurlock,Isaiah Sykes,Calvin Newell,Matt Williams Jr.,Eugene McCrory,Brian Pegg,Raymone Andrews,Aaron Graham,Kyle Sikora,Kentwan Smith
2013-14,2013-12-07,1358585,458,0,2,UCF,Stetson,Knights,Hatters,4,4,47,43,4,1344,UCF,933,933,23,Tristan Spurlock misses a 3-point jump shot from 22 feet out.,missed,FALSE,TRUE,Jump Shot,7.600000000000001,17.950000000000003,513514,Tristan Spurlock,NA,0,UCF,Stetson,61,NA,Tristan Spurlock,Isaiah Sykes,Calvin Newell,Matt Williams Jr.,Eugene McCrory,Brian Pegg,Raymone Andrews,Aaron Graham,Kyle Sikora,Kentwan Smith
2013-14,2013-12-07,1358585,459,0,2,UCF,Stetson,Knights,Hatters,4,4,47,43,4,NA,NA,932,932,1,Official TV timeout.,NA,FALSE,FALSE,NA,NA,NA,NA,NA,NA,0,NA,NA,NA,NA,Tristan Spurlock,Isaiah Sykes,Calvin Newell,Matt Williams Jr.,Eugene McCrory,Brian Pegg,Raymone Andrews,Aaron Graham,Kyle Sikora,Kentwan Smith
2013-14,2013-12-07,1358585,462,0,2,UCF,Stetson,Knights,Hatters,4,4,47,43,4,1629,Stetson,912,912,20,Aaron Graham misses a 3-point jump shot from 22 feet out.,missed,FALSE,TRUE,Jump Shot,12.8,23.35,523852,Aaron Graham,NA,0,Stetson,UCF,62,NA,Tristan Spurlock,Isaiah Sykes,Calvin Newell,Matt Williams Jr.,Eugene McCrory,Brian Pegg,Raymone Andrews,Aaron Graham,Kyle Sikora,Kentwan Smith
2013-14,2013-12-07,1358585,467,0,2,UCF,Stetson,Knights,Hatters,4,4,47,43,4,1344,UCF,885,885,27,Offensive foul committed by Brandon Goodwin.,NA,FALSE,FALSE,NA,NA,NA,NA,NA,NA,0,UCF,Stetson,63,NA,Tristan Spurlock,Isaiah Sykes,Calvin Newell,Matt Williams Jr.,Eugene McCrory,Brian Pegg,Raymone Andrews,Aaron Graham,Kyle Sikora,Kentwan Smith
2013-14,2013-12-07,1358585,471,0,2,UCF,Stetson,Knights,Hatters,4,4,47,43,4,1629,Stetson,861,861,24,Raymone Andrews misses a jump shot from 17 feet out.,missed,FALSE,FALSE,Jump Shot,37.5,16.55,522883,Raymone Andrews,NA,0,Stetson,Stetson,64,NA,Tristan Spurlock,Isaiah Sykes,Calvin Newell,Matt Williams Jr.,Eugene McCrory,Brian Pegg,Raymone Andrews,Aaron Graham,Kyle Sikora,Kentwan Smith
2013-14,2013-12-07,1358585,472,0,2,UCF,Stetson,Knights,Hatters,4,4,47,43,4,1344,UCF,860,860,1,Shooting foul committed by Calvin Newell.,NA,FALSE,FALSE,NA,NA,NA,NA,NA,NA,0,Stetson,Stetson,64,NA,Tristan Spurlock,Isaiah Sykes,Calvin Newell,Matt Williams Jr.,Eugene McCrory,Brian Pegg,Raymone Andrews,Aaron Graham,Kyle Sikora,Kentwan Smith
2013-14,2013-12-07,1358585,473,0,2,UCF,Stetson,Knights,Hatters,4,4,47,43,4,1629,Stetson,860,860,0,Kyle Sikora misses free throw 1 of 2.,missed,TRUE,FALSE,NA,NA,NA,NA,NA,NA,0,Stetson,Stetson,64,NA,Tristan Spurlock,Isaiah Sykes,Calvin Newell,Matt Williams Jr.,Eugene McCrory,Brian Pegg,Raymone Andrews,Aaron Graham,Kyle Sikora,Kentwan Smith
2013-14,2013-12-07,1358585,474,0,2,UCF,Stetson,Knights,Hatters,4,4,47,44,3,1629,Stetson,860,860,0,Kyle Sikora makes free throw 2 of 2.,made,TRUE,FALSE,NA,NA,NA,NA,NA,NA,0,Stetson,UCF,64,NA,Tristan Spurlock,Isaiah Sykes,Calvin Newell,Matt Williams Jr.,Eugene McCrory,Brian Pegg,Raymone Andrews,Aaron Graham,Kyle Sikora,Kentwan Smith
2013-14,2013-12-07,1358585,477,0,2,UCF,Stetson,Knights,Hatters,4,4,50,44,6,1344,UCF,841,841,19,Matt Williams Jr. makes a 3-point jump shot from 23 feet out.,made,FALSE,TRUE,Jump Shot,6.200000000000003,18.450000000000003,692688,Matt Williams Jr.,NA,0,UCF,Stetson,65,NA,Tristan Spurlock,Isaiah Sykes,Calvin Newell,Matt Williams Jr.,Eugene McCrory,Brian Pegg,Raymone Andrews,Aaron Graham,Kyle Sikora,Kentwan Smith
2013-14,2013-12-07,1358585,482,0,2,UCF,Stetson,Knights,Hatters,4,4,50,44,6,1629,Stetson,814,814,27,Kyle Sikora misses a layup.,missed,FALSE,FALSE,Layup Shot,25,5.25,560135,Kyle Sikora,NA,0,Stetson,UCF,66,NA,Tristan Spurlock,Isaiah Sykes,Calvin Newell,Matt Williams Jr.,Eugene McCrory,Brian Pegg,Raymone Andrews,Aaron Graham,Kyle Sikora,Kentwan Smith
2013-14,2013-12-07,1358585,483,0,2,UCF,Stetson,Knights,Hatters,4,4,50,44,6,1629,Stetson,814,814,0,Personal foul committed by Aaron Graham.,NA,FALSE,FALSE,NA,NA,NA,NA,NA,NA,0,UCF,UCF,67,NA,Tristan Spurlock,Isaiah Sykes,Calvin Newell,Matt Williams Jr.,Eugene McCrory,Brian Pegg,Raymone Andrews,Aaron Graham,Kyle Sikora,Kentwan Smith
2013-14,2013-12-07,1358585,490,0,2,UCF,Stetson,Knights,Hatters,4,4,50,44,6,1629,Stetson,796,796,18,Personal foul committed by Hunter Miller.,NA,FALSE,FALSE,NA,NA,NA,NA,NA,NA,0,UCF,UCF,67,NA,Tristan Spurlock,Isaiah Sykes,Calvin Newell,Matt Williams Jr.,Eugene McCrory,Brian Pegg,Raymone Andrews,Aaron Graham,Kyle Sikora,Kentwan Smith
2013-14,2013-12-07,1358585,498,0,2,UCF,Stetson,Knights,Hatters,4,4,52,44,8,1344,UCF,789,789,7,Isaiah Sykes makes a layup.,made,FALSE,FALSE,Layup Shot,25,5.25,549951,Isaiah Sykes,NA,0,UCF,UCF,67,NA,Tristan Spurlock,Isaiah Sykes,Calvin Newell,Matt Williams Jr.,Eugene McCrory,Brian Pegg,Raymone Andrews,Aaron Graham,Kyle Sikora,Kentwan Smith
2013-14,2013-12-07,1358585,499,0,2,UCF,Stetson,Knights,Hatters,4,4,52,44,8,1629,Stetson,789,789,0,Shooting foul committed by Kyle Sikora.,NA,FALSE,FALSE,NA,NA,NA,NA,NA,NA,0,UCF,UCF,67,NA,Tristan Spurlock,Isaiah Sykes,Calvin Newell,Matt Williams Jr.,Eugene McCrory,Brian Pegg,Raymone Andrews,Aaron Graham,Kyle Sikora,Kentwan Smith
2013-14,2013-12-07,1358585,500,0,2,UCF,Stetson,Knights,Hatters,4,4,52,44,8,1344,UCF,789,789,0,Isaiah Sykes misses free throw 1 of 1.,missed,TRUE,FALSE,NA,NA,NA,NA,NA,NA,0,UCF,UCF,67,NA,Tristan Spurlock,Isaiah Sykes,Calvin Newell,Matt Williams Jr.,Eugene McCrory,Brian Pegg,Raymone Andrews,Aaron Graham,Kyle Sikora,Kentwan Smith
2013-14,2013-12-07,1358585,509,0,2,UCF,Stetson,Knights,Hatters,4,3,52,44,8,1629,Stetson,762,762,27,Hatters take a 30-second timeout.,NA,FALSE,FALSE,NA,NA,NA,NA,NA,NA,0,NA,NA,NA,NA,Tristan Spurlock,Isaiah Sykes,Calvin Newell,Matt Williams Jr.,Eugene McCrory,Brian Pegg,Raymone Andrews,Aaron Graham,Kyle Sikora,Kentwan Smith
2013-14,2013-12-07,1358585,514,0,2,UCF,Stetson,Knights,Hatters,4,3,52,44,8,1344,UCF,741,741,21,Tristan Spurlock misses a 3-point jump shot from 22 feet out.,missed,FALSE,TRUE,Jump Shot,38.4,22.849999999999994,513514,Tristan Spurlock,NA,0,UCF,UCF,67,NA,Tristan Spurlock,Isaiah Sykes,Calvin Newell,Matt Williams Jr.,Eugene McCrory,Brian Pegg,Raymone Andrews,Aaron Graham,Kyle Sikora,Kentwan Smith
2013-14,2013-12-07,1358585,515,0,2,UCF,Stetson,Knights,Hatters,4,3,52,44,8,1344,UCF,736,736,5,Isaiah Sykes misses a jump shot from 7 feet out.,missed,FALSE,FALSE,Jump Shot,19.3,9.049999999999997,549951,Isaiah Sykes,NA,0,UCF,Stetson,67,NA,Tristan Spurlock,Isaiah Sykes,Calvin Newell,Matt Williams Jr.,Eugene McCrory,Brian Pegg,Raymone Andrews,Aaron Graham,Kyle Sikora,Kentwan Smith
2013-14,2013-12-07,1358585,518,0,2,UCF,Stetson,Knights,Hatters,4,3,52,44,8,1629,Stetson,712,712,24,Brian Pegg misses a layup.,missed,FALSE,FALSE,Layup Shot,26,6.25,679367,Brian Pegg,NA,0,Stetson,UCF,68,NA,Tristan Spurlock,Isaiah Sykes,Calvin Newell,Matt Williams Jr.,Eugene McCrory,Brian Pegg,Raymone Andrews,Aaron Graham,Kyle Sikora,Kentwan Smith
2013-14,2013-12-07,1358585,519,0,2,UCF,Stetson,Knights,Hatters,4,3,54,44,10,1344,UCF,708,708,4,Brandon Goodwin makes a layup.,made,FALSE,FALSE,Layup Shot,26,6.25,795361,Brandon Goodwin,NA,0,UCF,Stetson,69,NA,Tristan Spurlock,Isaiah Sykes,Calvin Newell,Matt Williams Jr.,Eugene McCrory,Brian Pegg,Raymone Andrews,Aaron Graham,Kyle Sikora,Kentwan Smith
2013-14,2013-12-07,1358585,521,0,2,UCF,Stetson,Knights,Hatters,4,3,54,44,10,1629,Stetson,687,687,21,Aaron Graham misses a 3-point jump shot from 22 feet out.,missed,FALSE,TRUE,Jump Shot,4,11.15,523852,Aaron Graham,NA,0,Stetson,UCF,70,NA,Tristan Spurlock,Isaiah Sykes,Calvin Newell,Matt Williams Jr.,Eugene McCrory,Brian Pegg,Raymone Andrews,Aaron Graham,Kyle Sikora,Kentwan Smith
2013-14,2013-12-07,1358585,522,0,2,UCF,Stetson,Knights,Hatters,4,3,56,44,12,1344,UCF,680,680,7,Isaiah Sykes makes a layup.,made,FALSE,FALSE,Layup Shot,25,5.25,549951,Isaiah Sykes,NA,0,UCF,Stetson,71,NA,Tristan Spurlock,Isaiah Sykes,Calvin Newell,Matt Williams Jr.,Eugene McCrory,Brian Pegg,Raymone Andrews,Aaron Graham,Kyle Sikora,Kentwan Smith
2013-14,2013-12-07,1358585,526,0,2,UCF,Stetson,Knights,Hatters,4,2,56,44,12,1629,Stetson,670,670,10,Hatters take a full timeout.,NA,FALSE,FALSE,NA,NA,NA,NA,NA,NA,0,NA,NA,NA,NA,Tristan Spurlock,Isaiah Sykes,Calvin Newell,Matt Williams Jr.,Eugene McCrory,Brian Pegg,Raymone Andrews,Aaron Graham,Kyle Sikora,Kentwan Smith
2013-14,2013-12-07,1358585,529,0,2,UCF,Stetson,Knights,Hatters,4,2,56,44,12,1629,Stetson,648,648,22,Raymone Andrews misses a 3-point jump shot from 27 feet out.,missed,FALSE,TRUE,Jump Shot,43.8,24.85,522883,Raymone Andrews,NA,0,Stetson,UCF,72,NA,Tristan Spurlock,Isaiah Sykes,Calvin Newell,Matt Williams Jr.,Eugene McCrory,Brian Pegg,Raymone Andrews,Aaron Graham,Kyle Sikora,Kentwan Smith
2013-14,2013-12-07,1358585,532,0,2,UCF,Stetson,Knights,Hatters,4,2,56,44,12,1629,Stetson,638,638,10,Personal foul committed by B.J. Glasford.,NA,FALSE,FALSE,NA,NA,NA,NA,NA,NA,0,UCF,UCF,73,NA,Tristan Spurlock,Isaiah Sykes,Calvin Newell,Matt Williams Jr.,Eugene McCrory,Brian Pegg,Raymone Andrews,Aaron Graham,Kyle Sikora,Kentwan Smith
2013-14,2013-12-07,1358585,533,0,2,UCF,Stetson,Knights,Hatters,4,2,56,44,12,NA,NA,638,638,0,Official TV timeout.,NA,FALSE,FALSE,NA,NA,NA,NA,NA,NA,0,NA,NA,NA,NA,Tristan Spurlock,Isaiah Sykes,Calvin Newell,Matt Williams Jr.,Eugene McCrory,Brian Pegg,Raymone Andrews,Aaron Graham,Kyle Sikora,Kentwan Smith
2013-14,2013-12-07,1358585,534,0,2,UCF,Stetson,Knights,Hatters,4,2,57,44,13,1344,UCF,638,638,0,Brandon Goodwin makes free throw 1st of 1-and-1.,made,TRUE,FALSE,NA,NA,NA,NA,NA,NA,0,UCF,UCF,73,NA,Tristan Spurlock,Isaiah Sykes,Calvin Newell,Matt Williams Jr.,Eugene McCrory,Brian Pegg,Raymone Andrews,Aaron Graham,Kyle Sikora,Kentwan Smith
2013-14,2013-12-07,1358585,535,0,2,UCF,Stetson,Knights,Hatters,4,2,58,44,14,1344,UCF,638,638,0,Brandon Goodwin makes free throw 2nd of 1-and-1.,made,TRUE,FALSE,NA,NA,NA,NA,NA,NA,0,UCF,Stetson,73,NA,Tristan Spurlock,Isaiah Sykes,Calvin Newell,Matt Williams Jr.,Eugene McCrory,Brian Pegg,Raymone Andrews,Aaron Graham,Kyle Sikora,Kentwan Smith
2013-14,2013-12-07,1358585,543,0,2,UCF,Stetson,Knights,Hatters,4,2,58,44,14,1629,Stetson,626,626,12,Aaron Graham misses a 3-point jump shot from 23 feet out.,missed,FALSE,TRUE,Jump Shot,21.9,28.25,523852,Aaron Graham,NA,0,Stetson,Stetson,74,NA,Tristan Spurlock,Isaiah Sykes,Calvin Newell,Matt Williams Jr.,Eugene McCrory,Brian Pegg,Raymone Andrews,Aaron Graham,Kyle Sikora,Kentwan Smith
2013-14,2013-12-07,1358585,548,0,2,UCF,Stetson,Knights,Hatters,4,2,58,44,14,1629,Stetson,614,614,12,Glenn Baral misses a 3-point jump shot from 23 feet out.,missed,FALSE,TRUE,Jump Shot,2.1000000000000014,8.85,756317,Glenn Baral,NA,0,Stetson,UCF,74,NA,Tristan Spurlock,Isaiah Sykes,Calvin Newell,Matt Williams Jr.,Eugene McCrory,Brian Pegg,Raymone Andrews,Aaron Graham,Kyle Sikora,Kentwan Smith
2013-14,2013-12-07,1358585,549,0,2,UCF,Stetson,Knights,Hatters,4,2,58,44,14,1344,UCF,606,606,8,Matt Williams Jr. misses a 3-point jump shot from 22 feet out.,missed,FALSE,TRUE,Jump Shot,38.4,23.150000000000006,692688,Matt Williams Jr.,NA,0,UCF,Stetson,75,NA,Tristan Spurlock,Isaiah Sykes,Calvin Newell,Matt Williams Jr.,Eugene McCrory,Brian Pegg,Raymone Andrews,Aaron Graham,Kyle Sikora,Kentwan Smith
2013-14,2013-12-07,1358585,551,0,2,UCF,Stetson,Knights,Hatters,4,2,58,44,14,1629,Stetson,595,595,11,Aaron Graham misses a 3-point jump shot from 22 feet out.,missed,FALSE,TRUE,Jump Shot,40.2,21.45,523852,Aaron Graham,NA,0,Stetson,UCF,76,NA,Tristan Spurlock,Isaiah Sykes,Calvin Newell,Matt Williams Jr.,Eugene McCrory,Brian Pegg,Raymone Andrews,Aaron Graham,Kyle Sikora,Kentwan Smith
2013-14,2013-12-07,1358585,553,0,2,UCF,Stetson,Knights,Hatters,4,2,61,44,17,1344,UCF,586,586,9,Tristan Spurlock makes a 3-point jump shot from 23 feet out.,made,FALSE,TRUE,Jump Shot,7.700000000000003,20.950000000000003,513514,Tristan Spurlock,NA,0,UCF,Stetson,77,NA,Tristan Spurlock,Isaiah Sykes,Calvin Newell,Matt Williams Jr.,Eugene McCrory,Brian Pegg,Raymone Andrews,Aaron Graham,Kyle Sikora,Kentwan Smith
2013-14,2013-12-07,1358585,554,0,2,UCF,Stetson,Knights,Hatters,4,2,61,44,17,1629,Stetson,575,575,11,Glenn Baral misses a 3-point jump shot from 22 feet out.,missed,FALSE,TRUE,Jump Shot,3,6.65,756317,Glenn Baral,NA,0,Stetson,UCF,78,NA,Tristan Spurlock,Isaiah Sykes,Calvin Newell,Matt Williams Jr.,Eugene McCrory,Brian Pegg,Raymone Andrews,Aaron Graham,Kyle Sikora,Kentwan Smith
2013-14,2013-12-07,1358585,559,0,2,UCF,Stetson,Knights,Hatters,4,2,61,44,17,1344,UCF,540,540,35,Brandon Goodwin misses a layup.,missed,FALSE,FALSE,Layup Shot,25,5.25,795361,Brandon Goodwin,NA,0,UCF,UCF,79,NA,Tristan Spurlock,Isaiah Sykes,Calvin Newell,Matt Williams Jr.,Eugene McCrory,Brian Pegg,Raymone Andrews,Aaron Graham,Kyle Sikora,Kentwan Smith
2013-14,2013-12-07,1358585,562,0,2,UCF,Stetson,Knights,Hatters,4,2,61,44,17,1629,Stetson,531,531,9,Shooting foul committed by Aaron Graham.,NA,FALSE,FALSE,NA,NA,NA,NA,NA,NA,0,UCF,UCF,79,NA,Tristan Spurlock,Isaiah Sykes,Calvin Newell,Matt Williams Jr.,Eugene McCrory,Brian Pegg,Raymone Andrews,Aaron Graham,Kyle Sikora,Kentwan Smith
2013-14,2013-12-07,1358585,564,0,2,UCF,Stetson,Knights,Hatters,4,2,61,44,17,1344,UCF,531,531,0,Staphon Blair misses free throw 1 of 2.,missed,TRUE,FALSE,NA,NA,NA,NA,NA,NA,0,UCF,UCF,79,NA,Tristan Spurlock,Isaiah Sykes,Calvin Newell,Matt Williams Jr.,Eugene McCrory,Brian Pegg,Raymone Andrews,Aaron Graham,Kyle Sikora,Kentwan Smith
2013-14,2013-12-07,1358585,565,0,2,UCF,Stetson,Knights,Hatters,4,2,61,44,17,1344,UCF,531,531,0,Staphon Blair misses free throw 2 of 2.,missed,TRUE,FALSE,NA,NA,NA,NA,NA,NA,0,UCF,UCF,79,NA,Tristan Spurlock,Isaiah Sykes,Calvin Newell,Matt Williams Jr.,Eugene McCrory,Brian Pegg,Raymone Andrews,Aaron Graham,Kyle Sikora,Kentwan Smith
2013-14,2013-12-07,1358585,568,0,2,UCF,Stetson,Knights,Hatters,4,2,61,44,17,1344,UCF,528,528,3,Kasey Wilson misses a layup.,missed,FALSE,FALSE,Layup Shot,26,6.25,602249,Kasey Wilson,NA,0,UCF,Stetson,79,NA,Tristan Spurlock,Isaiah Sykes,Calvin Newell,Matt Williams Jr.,Eugene McCrory,Brian Pegg,Raymone Andrews,Aaron Graham,Kyle Sikora,Kentwan Smith
2013-14,2013-12-07,1358585,569,0,2,UCF,Stetson,Knights,Hatters,4,2,61,46,15,1629,Stetson,522,522,6,Kentwan Smith makes a layup.,made,FALSE,FALSE,Layup Shot,26,6.25,608665,Kentwan Smith,NA,0,Stetson,UCF,80,NA,Tristan Spurlock,Isaiah Sykes,Calvin Newell,Matt Williams Jr.,Eugene McCrory,Brian Pegg,Raymone Andrews,Aaron Graham,Kyle Sikora,Kentwan Smith
2013-14,2013-12-07,1358585,573,0,2,UCF,Stetson,Knights,Hatters,4,2,63,46,17,1344,UCF,505,505,17,Kasey Wilson makes a jump shot from 8 feet out.,made,FALSE,FALSE,Jump Shot,24.6,13.150000000000006,602249,Kasey Wilson,NA,0,UCF,UCF,81,NA,Tristan Spurlock,Isaiah Sykes,Calvin Newell,Matt Williams Jr.,Eugene McCrory,Brian Pegg,Raymone Andrews,Aaron Graham,Kyle Sikora,Kentwan Smith
2013-14,2013-12-07,1358585,574,0,2,UCF,Stetson,Knights,Hatters,4,2,63,46,17,1629,Stetson,505,505,0,Shooting foul committed by Raymone Andrews.,NA,FALSE,FALSE,NA,NA,NA,NA,NA,NA,0,UCF,UCF,81,NA,Tristan Spurlock,Isaiah Sykes,Calvin Newell,Matt Williams Jr.,Eugene McCrory,Brian Pegg,Raymone Andrews,Aaron Graham,Kyle Sikora,Kentwan Smith
2013-14,2013-12-07,1358585,575,0,2,UCF,Stetson,Knights,Hatters,4,2,64,46,18,1344,UCF,505,505,0,Kasey Wilson makes free throw 1 of 1.,made,TRUE,FALSE,NA,NA,NA,NA,NA,NA,0,UCF,Stetson,81,NA,Tristan Spurlock,Isaiah Sykes,Calvin Newell,Matt Williams Jr.,Eugene McCrory,Brian Pegg,Raymone Andrews,Aaron Graham,Kyle Sikora,Kentwan Smith
2013-14,2013-12-07,1358585,590,0,2,UCF,Stetson,Knights,Hatters,4,2,64,49,15,1629,Stetson,481,481,24,Glenn Baral makes a 3-point jump shot from 22 feet out.,made,FALSE,TRUE,Jump Shot,13,24.25,756317,Glenn Baral,NA,0,Stetson,UCF,82,NA,Tristan Spurlock,Isaiah Sykes,Calvin Newell,Matt Williams Jr.,Eugene McCrory,Brian Pegg,Raymone Andrews,Aaron Graham,Kyle Sikora,Kentwan Smith
2013-14,2013-12-07,1358585,594,0,2,UCF,Stetson,Knights,Hatters,4,2,64,49,15,1344,UCF,453,453,28,Staphon Blair misses a jump shot from 4 feet out.,missed,FALSE,FALSE,Jump Shot,27.5,8.349999999999994,692675,Staphon Blair,NA,0,UCF,Stetson,83,NA,Tristan Spurlock,Isaiah Sykes,Calvin Newell,Matt Williams Jr.,Eugene McCrory,Brian Pegg,Raymone Andrews,Aaron Graham,Kyle Sikora,Kentwan Smith
2013-14,2013-12-07,1358585,596,0,2,UCF,Stetson,Knights,Hatters,4,2,64,49,15,1629,Stetson,444,444,9,Kentwan Smith misses a 3-point jump shot from 23 feet out.,missed,FALSE,TRUE,Jump Shot,43.1,19.65,608665,Kentwan Smith,NA,0,Stetson,UCF,84,NA,Tristan Spurlock,Isaiah Sykes,Calvin Newell,Matt Williams Jr.,Eugene McCrory,Brian Pegg,Raymone Andrews,Aaron Graham,Kyle Sikora,Kentwan Smith
2013-14,2013-12-07,1358585,608,0,2,UCF,Stetson,Knights,Hatters,4,2,64,49,15,1344,UCF,415,415,29,Offensive foul committed by Staphon Blair.,NA,FALSE,FALSE,NA,NA,NA,NA,NA,NA,0,UCF,Stetson,85,NA,Tristan Spurlock,Isaiah Sykes,Calvin Newell,Matt Williams Jr.,Eugene McCrory,Brian Pegg,Raymone Andrews,Aaron Graham,Kyle Sikora,Kentwan Smith
2013-14,2013-12-07,1358585,609,0,2,UCF,Stetson,Knights,Hatters,4,2,64,49,15,NA,NA,415,415,0,Official TV timeout.,NA,FALSE,FALSE,NA,NA,NA,NA,NA,NA,0,NA,NA,NA,NA,Tristan Spurlock,Isaiah Sykes,Calvin Newell,Matt Williams Jr.,Eugene McCrory,Brian Pegg,Raymone Andrews,Aaron Graham,Kyle Sikora,Kentwan Smith
2013-14,2013-12-07,1358585,617,0,2,UCF,Stetson,Knights,Hatters,4,2,64,49,15,1629,Stetson,394,394,21,Shooting foul committed by B.J. Glasford.,NA,FALSE,FALSE,NA,NA,NA,NA,NA,NA,0,UCF,UCF,86,NA,Tristan Spurlock,Isaiah Sykes,Calvin Newell,Matt Williams Jr.,Eugene McCrory,Brian Pegg,Raymone Andrews,Aaron Graham,Kyle Sikora,Kentwan Smith
2013-14,2013-12-07,1358585,618,0,2,UCF,Stetson,Knights,Hatters,4,2,65,49,16,1344,UCF,394,394,0,Tristan Spurlock makes free throw 1 of 2.,made,TRUE,FALSE,NA,NA,NA,NA,NA,NA,0,UCF,UCF,86,NA,Tristan Spurlock,Isaiah Sykes,Calvin Newell,Matt Williams Jr.,Eugene McCrory,Brian Pegg,Raymone Andrews,Aaron Graham,Kyle Sikora,Kentwan Smith
2013-14,2013-12-07,1358585,622,0,2,UCF,Stetson,Knights,Hatters,4,2,66,49,17,1344,UCF,394,394,0,Tristan Spurlock makes free throw 2 of 2.,made,TRUE,FALSE,NA,NA,NA,NA,NA,NA,0,UCF,Stetson,86,NA,Tristan Spurlock,Isaiah Sykes,Calvin Newell,Matt Williams Jr.,Eugene McCrory,Brian Pegg,Raymone Andrews,Aaron Graham,Kyle Sikora,Kentwan Smith
2013-14,2013-12-07,1358585,637,0,2,UCF,Stetson,Knights,Hatters,4,2,66,49,17,1344,UCF,370,370,24,Shooting foul committed by Tristan Spurlock.,NA,FALSE,FALSE,NA,NA,NA,NA,NA,NA,0,Stetson,Stetson,87,NA,Tristan Spurlock,Isaiah Sykes,Calvin Newell,Matt Williams Jr.,Eugene McCrory,Brian Pegg,Raymone Andrews,Aaron Graham,Kyle Sikora,Kentwan Smith
2013-14,2013-12-07,1358585,638,0,2,UCF,Stetson,Knights,Hatters,4,2,66,49,17,1629,Stetson,370,370,0,Leke Solanke misses free throw 1 of 2.,missed,TRUE,FALSE,NA,NA,NA,NA,NA,NA,0,Stetson,Stetson,87,NA,Tristan Spurlock,Isaiah Sykes,Calvin Newell,Matt Williams Jr.,Eugene McCrory,Brian Pegg,Raymone Andrews,Aaron Graham,Kyle Sikora,Kentwan Smith
2013-14,2013-12-07,1358585,639,0,2,UCF,Stetson,Knights,Hatters,4,2,66,50,16,1629,Stetson,370,370,0,Leke Solanke makes free throw 2 of 2.,made,TRUE,FALSE,NA,NA,NA,NA,NA,NA,0,Stetson,UCF,87,NA,Tristan Spurlock,Isaiah Sykes,Calvin Newell,Matt Williams Jr.,Eugene McCrory,Brian Pegg,Raymone Andrews,Aaron Graham,Kyle Sikora,Kentwan Smith
2013-14,2013-12-07,1358585,644,0,2,UCF,Stetson,Knights,Hatters,4,2,66,50,16,1629,Stetson,356,356,14,Shooting foul committed by Willie Green.,NA,FALSE,FALSE,NA,NA,NA,NA,NA,NA,0,UCF,UCF,88,NA,Tristan Spurlock,Isaiah Sykes,Calvin Newell,Matt Williams Jr.,Eugene McCrory,Brian Pegg,Raymone Andrews,Aaron Graham,Kyle Sikora,Kentwan Smith
2013-14,2013-12-07,1358585,645,0,2,UCF,Stetson,Knights,Hatters,4,2,66,50,16,1344,UCF,356,356,0,Eugene McCrory misses free throw 1 of 2.,missed,TRUE,FALSE,NA,NA,NA,NA,NA,NA,0,UCF,UCF,88,NA,Tristan Spurlock,Isaiah Sykes,Calvin Newell,Matt Williams Jr.,Eugene McCrory,Brian Pegg,Raymone Andrews,Aaron Graham,Kyle Sikora,Kentwan Smith
2013-14,2013-12-07,1358585,646,0,2,UCF,Stetson,Knights,Hatters,4,2,66,50,16,1344,UCF,356,356,0,Eugene McCrory misses free throw 2 of 2.,missed,TRUE,FALSE,NA,NA,NA,NA,NA,NA,0,UCF,Stetson,88,NA,Tristan Spurlock,Isaiah Sykes,Calvin Newell,Matt Williams Jr.,Eugene McCrory,Brian Pegg,Raymone Andrews,Aaron Graham,Kyle Sikora,Kentwan Smith
2013-14,2013-12-07,1358585,659,0,2,UCF,Stetson,Knights,Hatters,4,2,66,50,16,1629,Stetson,344,344,12,B.J. Glasford misses a jump shot from 19 feet out.,missed,FALSE,FALSE,Jump Shot,12.5,19.15,756328,B.J. Glasford,NA,0,Stetson,UCF,89,NA,Tristan Spurlock,Isaiah Sykes,Calvin Newell,Matt Williams Jr.,Eugene McCrory,Brian Pegg,Raymone Andrews,Aaron Graham,Kyle Sikora,Kentwan Smith
2013-14,2013-12-07,1358585,668,0,2,UCF,Stetson,Knights,Hatters,4,2,66,50,16,1344,UCF,327,327,17,Calvin Newell misses a 3-point jump shot from 23 feet out.,missed,FALSE,TRUE,Jump Shot,41.9,20.650000000000006,553180,Calvin Newell,NA,0,UCF,Stetson,90,NA,Tristan Spurlock,Isaiah Sykes,Calvin Newell,Matt Williams Jr.,Eugene McCrory,Brian Pegg,Raymone Andrews,Aaron Graham,Kyle Sikora,Kentwan Smith
2013-14,2013-12-07,1358585,674,0,2,UCF,Stetson,Knights,Hatters,4,2,66,50,16,1344,UCF,300,300,27,Shooting foul committed by Eugene McCrory.,NA,FALSE,FALSE,NA,NA,NA,NA,NA,NA,0,Stetson,Stetson,91,NA,Tristan Spurlock,Isaiah Sykes,Calvin Newell,Matt Williams Jr.,Eugene McCrory,Brian Pegg,Raymone Andrews,Aaron Graham,Kyle Sikora,Kentwan Smith
2013-14,2013-12-07,1358585,675,0,2,UCF,Stetson,Knights,Hatters,4,2,66,50,16,1629,Stetson,300,300,0,Brian Pegg misses free throw 1 of 2.,missed,TRUE,FALSE,NA,NA,NA,NA,NA,NA,0,Stetson,Stetson,91,NA,Tristan Spurlock,Isaiah Sykes,Calvin Newell,Matt Williams Jr.,Eugene McCrory,Brian Pegg,Raymone Andrews,Aaron Graham,Kyle Sikora,Kentwan Smith
2013-14,2013-12-07,1358585,676,0,2,UCF,Stetson,Knights,Hatters,4,2,66,51,15,1629,Stetson,300,300,0,Brian Pegg makes free throw 2 of 2.,made,TRUE,FALSE,NA,NA,NA,NA,NA,NA,0,Stetson,UCF,91,NA,Tristan Spurlock,Isaiah Sykes,Calvin Newell,Matt Williams Jr.,Eugene McCrory,Brian Pegg,Raymone Andrews,Aaron Graham,Kyle Sikora,Kentwan Smith
2013-14,2013-12-07,1358585,681,0,2,UCF,Stetson,Knights,Hatters,4,2,66,51,15,1344,UCF,272,272,28,Brandon Goodwin misses a layup.,missed,FALSE,FALSE,Layup Shot,25,5.25,795361,Brandon Goodwin,NA,0,UCF,Stetson,92,NA,Tristan Spurlock,Isaiah Sykes,Calvin Newell,Matt Williams Jr.,Eugene McCrory,Brian Pegg,Raymone Andrews,Aaron Graham,Kyle Sikora,Kentwan Smith
2013-14,2013-12-07,1358585,683,0,2,UCF,Stetson,Knights,Hatters,4,2,66,54,12,1629,Stetson,259,259,13,Hunter Miller makes a 3-point jump shot from 24 feet out.,made,FALSE,TRUE,Jump Shot,7.899999999999999,22.65,521903,Hunter Miller,NA,0,Stetson,UCF,93,NA,Tristan Spurlock,Isaiah Sykes,Calvin Newell,Matt Williams Jr.,Eugene McCrory,Brian Pegg,Raymone Andrews,Aaron Graham,Kyle Sikora,Kentwan Smith
2013-14,2013-12-07,1358585,684,0,2,UCF,Stetson,Knights,Hatters,4,2,66,54,12,1344,UCF,259,259,0,Brandon Goodwin misses a jump shot from 4 feet out.,missed,FALSE,FALSE,Jump Shot,27.5,8.349999999999994,795361,Brandon Goodwin,NA,0,UCF,UCF,94,NA,Tristan Spurlock,Isaiah Sykes,Calvin Newell,Matt Williams Jr.,Eugene McCrory,Brian Pegg,Raymone Andrews,Aaron Graham,Kyle Sikora,Kentwan Smith
2013-14,2013-12-07,1358585,685,0,2,UCF,Stetson,Knights,Hatters,4,1,66,54,12,1629,Stetson,259,259,0,Hatters take a 30-second timeout.,NA,FALSE,FALSE,NA,NA,NA,NA,NA,NA,0,NA,NA,NA,NA,Tristan Spurlock,Isaiah Sykes,Calvin Newell,Matt Williams Jr.,Eugene McCrory,Brian Pegg,Raymone Andrews,Aaron Graham,Kyle Sikora,Kentwan Smith
2013-14,2013-12-07,1358585,692,0,2,UCF,Stetson,Knights,Hatters,4,1,68,54,14,1344,UCF,233,233,26,Calvin Newell makes a layup.,made,FALSE,FALSE,Layup Shot,26,6.25,553180,Calvin Newell,NA,0,UCF,Stetson,94,NA,Tristan Spurlock,Isaiah Sykes,Calvin Newell,Matt Williams Jr.,Eugene McCrory,Brian Pegg,Raymone Andrews,Aaron Graham,Kyle Sikora,Kentwan Smith
2013-14,2013-12-07,1358585,693,0,2,UCF,Stetson,Knights,Hatters,4,1,68,54,14,1629,Stetson,223,223,10,Hunter Miller misses a 3-point jump shot from 23 feet out.,missed,FALSE,TRUE,Jump Shot,28.1,28.15,521903,Hunter Miller,NA,0,Stetson,UCF,95,NA,Tristan Spurlock,Isaiah Sykes,Calvin Newell,Matt Williams Jr.,Eugene McCrory,Brian Pegg,Raymone Andrews,Aaron Graham,Kyle Sikora,Kentwan Smith
2013-14,2013-12-07,1358585,696,0,2,UCF,Stetson,Knights,Hatters,4,1,70,54,16,1344,UCF,214,214,9,Isaiah Sykes makes a layup.,made,FALSE,FALSE,Layup Shot,25,5.25,549951,Isaiah Sykes,NA,0,UCF,UCF,96,NA,Tristan Spurlock,Isaiah Sykes,Calvin Newell,Matt Williams Jr.,Eugene McCrory,Brian Pegg,Raymone Andrews,Aaron Graham,Kyle Sikora,Kentwan Smith
2013-14,2013-12-07,1358585,702,0,2,UCF,Stetson,Knights,Hatters,4,1,70,54,16,1629,Stetson,209,209,5,Shooting foul committed by Hunter Miller.,NA,FALSE,FALSE,NA,NA,NA,NA,NA,NA,0,UCF,UCF,96,NA,Tristan Spurlock,Isaiah Sykes,Calvin Newell,Matt Williams Jr.,Eugene McCrory,Brian Pegg,Raymone Andrews,Aaron Graham,Kyle Sikora,Kentwan Smith
2013-14,2013-12-07,1358585,703,0,2,UCF,Stetson,Knights,Hatters,4,1,70,54,16,NA,NA,209,209,0,Official TV timeout.,NA,FALSE,FALSE,NA,NA,NA,NA,NA,NA,0,NA,NA,NA,NA,Tristan Spurlock,Isaiah Sykes,Calvin Newell,Matt Williams Jr.,Eugene McCrory,Brian Pegg,Raymone Andrews,Aaron Graham,Kyle Sikora,Kentwan Smith
2013-14,2013-12-07,1358585,704,0,2,UCF,Stetson,Knights,Hatters,4,1,70,54,16,1344,UCF,209,209,0,Isaiah Sykes misses free throw 1 of 1.,missed,TRUE,FALSE,NA,NA,NA,NA,NA,NA,0,UCF,UCF,96,NA,Tristan Spurlock,Isaiah Sykes,Calvin Newell,Matt Williams Jr.,Eugene McCrory,Brian Pegg,Raymone Andrews,Aaron Graham,Kyle Sikora,Kentwan Smith
2013-14,2013-12-07,1358585,706,0,2,UCF,Stetson,Knights,Hatters,4,1,72,54,18,1344,UCF,204,204,5,Tristan Spurlock makes a layup.,made,FALSE,FALSE,Layup Shot,25,5.25,513514,Tristan Spurlock,NA,0,UCF,Stetson,96,NA,Tristan Spurlock,Isaiah Sykes,Calvin Newell,Matt Williams Jr.,Eugene McCrory,Brian Pegg,Raymone Andrews,Aaron Graham,Kyle Sikora,Kentwan Smith
2013-14,2013-12-07,1358585,708,0,2,UCF,Stetson,Knights,Hatters,4,1,72,56,16,1629,Stetson,190,190,14,Brian Pegg dunks.,made,FALSE,FALSE,Dunk Shot,25,5.25,679367,Brian Pegg,NA,0,Stetson,UCF,97,NA,Tristan Spurlock,Isaiah Sykes,Calvin Newell,Matt Williams Jr.,Eugene McCrory,Brian Pegg,Raymone Andrews,Aaron Graham,Kyle Sikora,Kentwan Smith
2013-14,2013-12-07,1358585,713,0,2,UCF,Stetson,Knights,Hatters,4,1,72,56,16,1344,UCF,158,158,32,Kasey Wilson misses a jump shot from 17 feet out.,missed,FALSE,FALSE,Jump Shot,36.6,18.049999999999997,602249,Kasey Wilson,NA,0,UCF,Stetson,98,NA,Tristan Spurlock,Isaiah Sykes,Calvin Newell,Matt Williams Jr.,Eugene McCrory,Brian Pegg,Raymone Andrews,Aaron Graham,Kyle Sikora,Kentwan Smith
2013-14,2013-12-07,1358585,716,0,2,UCF,Stetson,Knights,Hatters,4,1,72,57,15,1629,Stetson,144,144,14,Brian Pegg makes free throw 1 of 2.,made,TRUE,FALSE,NA,NA,NA,NA,NA,NA,0,Stetson,Stetson,99,NA,Tristan Spurlock,Isaiah Sykes,Calvin Newell,Matt Williams Jr.,Eugene McCrory,Brian Pegg,Raymone Andrews,Aaron Graham,Kyle Sikora,Kentwan Smith
2013-14,2013-12-07,1358585,717,0,2,UCF,Stetson,Knights,Hatters,4,1,72,58,14,1629,Stetson,144,144,0,Brian Pegg makes free throw 2 of 2.,made,TRUE,FALSE,NA,NA,NA,NA,NA,NA,0,Stetson,Stetson,99,NA,Tristan Spurlock,Isaiah Sykes,Calvin Newell,Matt Williams Jr.,Eugene McCrory,Brian Pegg,Raymone Andrews,Aaron Graham,Kyle Sikora,Kentwan Smith
2013-14,2013-12-07,1358585,718,0,2,UCF,Stetson,Knights,Hatters,4,1,72,58,14,1344,UCF,144,144,0,Shooting foul committed by Kasey Wilson.,NA,FALSE,FALSE,NA,NA,NA,NA,NA,NA,0,Stetson,Stetson,99,NA,Tristan Spurlock,Isaiah Sykes,Calvin Newell,Matt Williams Jr.,Eugene McCrory,Brian Pegg,Raymone Andrews,Aaron Graham,Kyle Sikora,Kentwan Smith
2013-14,2013-12-07,1358585,727,0,2,UCF,Stetson,Knights,Hatters,4,1,72,58,14,1629,Stetson,104,104,40,Brian Pegg misses a jump shot from 6 feet out.,missed,FALSE,FALSE,Jump Shot,23.6,10.95,679367,Brian Pegg,NA,0,Stetson,Stetson,99,NA,Tristan Spurlock,Isaiah Sykes,Calvin Newell,Matt Williams Jr.,Eugene McCrory,Brian Pegg,Raymone Andrews,Aaron Graham,Kyle Sikora,Kentwan Smith
2013-14,2013-12-07,1358585,728,0,2,UCF,Stetson,Knights,Hatters,4,1,72,58,14,1629,Stetson,94,94,10,Glenn Baral misses a jump shot from 9 feet out.,missed,FALSE,FALSE,Jump Shot,33.9,7.35,756317,Glenn Baral,NA,0,Stetson,UCF,99,NA,Tristan Spurlock,Isaiah Sykes,Calvin Newell,Matt Williams Jr.,Eugene McCrory,Brian Pegg,Raymone Andrews,Aaron Graham,Kyle Sikora,Kentwan Smith
2013-14,2013-12-07,1358585,731,0,2,UCF,Stetson,Knights,Hatters,4,1,75,58,17,1344,UCF,75,75,19,Isaiah Sykes makes a 3-point jump shot from 22 feet out.,made,FALSE,TRUE,Jump Shot,5.5,16.25,549951,Isaiah Sykes,NA,0,UCF,Stetson,100,NA,Tristan Spurlock,Isaiah Sykes,Calvin Newell,Matt Williams Jr.,Eugene McCrory,Brian Pegg,Raymone Andrews,Aaron Graham,Kyle Sikora,Kentwan Smith
2013-14,2013-12-07,1358585,741,0,2,UCF,Stetson,Knights,Hatters,4,1,77,58,19,1344,UCF,12,12,63,Brandon Goodwin makes a jump shot from 8 feet out.,made,FALSE,FALSE,Jump Shot,23,13.450000000000003,795361,Brandon Goodwin,NA,0,UCF,Stetson,101,NA,Tristan Spurlock,Isaiah Sykes,Calvin Newell,Matt Williams Jr.,Eugene McCrory,Brian Pegg,Raymone Andrews,Aaron Graham,Kyle Sikora,Kentwan Smith
2013-14,2013-12-07,1358585,742,0,2,UCF,Stetson,Knights,Hatters,4,1,77,58,19,1629,Stetson,3,3,9,Glenn Baral misses a 3-point jump shot from 23 feet out.,missed,FALSE,TRUE,Jump Shot,47.2,10.25,756317,Glenn Baral,NA,0,Stetson,NA,102,NA,Tristan Spurlock,Isaiah Sykes,Calvin Newell,Matt Williams Jr.,Eugene McCrory,Brian Pegg,Raymone Andrews,Aaron Graham,Kyle Sikora,Kentwan Smith
2013-14,2013-12-07,1358585,743,0,2,UCF,Stetson,Knights,Hatters,4,1,77,58,19,NA,NA,0,0,3,End of the 2nd Half,NA,FALSE,FALSE,NA,NA,NA,NA,NA,NA,0,NA,NA,NA,NA,Tristan Spurlock,Isaiah Sykes,Calvin Newell,Matt Williams Jr.,Eugene McCrory,Brian Pegg,Raymone Andrews,Aaron Graham,Kyle Sikora,Kentwan Smith
2013-14,2013-12-07,1358585,744,0,2,UCF,Stetson,Knights,Hatters,4,1,77,58,19,NA,NA,0,0,0,End of the Game,NA,FALSE,FALSE,NA,NA,NA,NA,NA,NA,0,Stetson,Stetson,NA,NA,Tristan Spurlock,Isaiah Sykes,Calvin Newell,Matt Williams Jr.,Eugene McCrory,Brian Pegg,Raymone Andrews,Aaron Graham,Kyle Sikora,Kentwan Smith
