season,date,game_id,play_id,neutral,half,home,away,home_name,away_name,home_timeouts,away_timeouts,home_score,away_score,score_diff,team_id,event_team,game_secs_remaining,half_secs_remaining,play_length,desc,shot_outcome,free_throw,three_pt,shot_desc,loc_x,loc_y,shooter_id,shooter,assist,substitution,poss_before,poss_after,poss_number
2014-15,2015-02-07,1474911,1,0,1,San Francisco,Gonzaga,Dons,Bulldogs,4,4,0,0,0,1593,San Francisco,NA,NA,NA,Starting Lineup - Matt Glover,NA,FALSE,FALSE,NA,NA,NA,NA,NA,NA,1,NA,NA,NA
2014-15,2015-02-07,1474911,1,0,1,San Francisco,Gonzaga,Dons,Bulldogs,4,4,0,0,0,1423,Gonzaga,NA,NA,NA,Starting Lineup - Kyle Wiltjer,NA,FALSE,FALSE,NA,NA,NA,NA,NA,NA,1,NA,NA,NA
2014-15,2015-02-07,1474911,1,0,1,San Francisco,Gonzaga,Dons,Bulldogs,4,4,0,0,0,1423,Gonzaga,NA,NA,NA,Starting Lineup - Byron Wesley,NA,FALSE,FALSE,NA,NA,NA,NA,NA,NA,1,NA,NA,NA
2014-15,2015-02-07,1474911,1,0,1,San Francisco,Gonzaga,Dons,Bulldogs,4,4,0,0,0,1423,Gonzaga,NA,NA,NA,Starting Lineup - Kevin Pangos,NA,FALSE,FALSE,NA,NA,NA,NA,NA,NA,1,NA,NA,NA
2014-15,2015-02-07,1474911,1,0,1,San Francisco,Gonzaga,Dons,Bulldogs,4,4,0,0,0,1423,Gonzaga,NA,NA,NA,Starting Lineup - Gary Bell Jr.,NA,FALSE,FALSE,NA,NA,NA,NA,NA,NA,1,NA,NA,NA
2014-15,2015-02-07,1474911,1,0,1,San Francisco,Gonzaga,Dons,Bulldogs,4,4,0,0,0,1593,San Francisco,NA,NA,NA,Starting Lineup - Mark Tollefsen,NA,FALSE,FALSE,NA,NA,NA,NA,NA,NA,1,NA,NA,NA
2014-15,2015-02-07,1474911,1,0,1,San Francisco,Gonzaga,Dons,Bulldogs,4,4,0,0,0,1593,San Francisco,NA,NA,NA,Starting Lineup - Matt Christiansen,NA,FALSE,FALSE,NA,NA,NA,NA,NA,NA,1,NA,NA,NA
2014-15,2015-02-07,1474911,1,0,1,San Francisco,Gonzaga,Dons,Bulldogs,4,4,0,0,0,1593,San Francisco,NA,NA,NA,Starting Lineup - Tim Derksen,NA,FALSE,FALSE,NA,NA,NA,NA,NA,NA,1,NA,NA,NA
2014-15,2015-02-07,1474911,1,0,1,San Francisco,Gonzaga,Dons,Bulldogs,4,4,0,0,0,1423,Gonzaga,NA,NA,NA,Starting Lineup - Przemek Karnowski,NA,FALSE,FALSE,NA,NA,NA,NA,NA,NA,1,NA,NA,NA
2014-15,2015-02-07,1474911,1,0,1,San Francisco,Gonzaga,Dons,Bulldogs,4,4,0,0,0,1593,San Francisco,NA,NA,NA,Starting Lineup - Devin Watson,NA,FALSE,FALSE,NA,NA,NA,NA,NA,NA,1,NA,NA,NA
2014-15,2015-02-07,1474911,2,0,1,San Francisco,Gonzaga,Dons,Bulldogs,4,4,0,0,0,NA,NA,2400,1200,NA,Start of the 1st Half,NA,FALSE,FALSE,NA,NA,NA,NA,NA,NA,0,NA,San Francisco,1
2014-15,2015-02-07,1474911,8,0,1,San Francisco,Gonzaga,Dons,Bulldogs,4,4,0,0,0,1593,San Francisco,2374,1174,26,Devin Watson misses a jump shot from 11 feet out.,missed,FALSE,FALSE,Jump Shot,22.2,16.25,850334,Devin Watson,NA,0,San Francisco,San Francisco,1
2014-15,2015-02-07,1474911,9,0,1,San Francisco,Gonzaga,Dons,Bulldogs,4,4,0,0,0,1593,San Francisco,2374,1174,0,Tim Derksen with an offensive rebound.,NA,FALSE,FALSE,NA,NA,NA,NA,NA,NA,0,San Francisco,San Francisco,1
2014-15,2015-02-07,1474911,10,0,1,San Francisco,Gonzaga,Dons,Bulldogs,4,4,0,0,0,1593,San Francisco,2366,1166,8,Tim Derksen misses a jump shot from 6 feet out.,missed,FALSE,FALSE,Jump Shot,28.1,9.950000000000003,707259,Tim Derksen,NA,0,San Francisco,San Francisco,1
2014-15,2015-02-07,1474911,11,0,1,San Francisco,Gonzaga,Dons,Bulldogs,4,4,0,0,0,1423,Gonzaga,2366,1166,0,Kyle Wiltjer with a defensive rebound.,NA,FALSE,FALSE,NA,NA,NA,NA,NA,NA,0,San Francisco,Gonzaga,1
2014-15,2015-02-07,1474911,12,0,1,San Francisco,Gonzaga,Dons,Bulldogs,4,4,0,2,-2,1423,Gonzaga,2361,1161,5,Przemek Karnowski makes a jump shot from 3 feet out. Kyle Wiltjer with the assist.,made,FALSE,FALSE,Jump Shot,25,8.25,711028,Przemek Karnowski,Kyle Wiltjer,0,Gonzaga,San Francisco,2
2014-15,2015-02-07,1474911,13,0,1,San Francisco,Gonzaga,Dons,Bulldogs,4,4,2,2,0,1593,San Francisco,2342,1142,19,Matt Christiansen makes a jump shot from 10 feet out.,made,FALSE,FALSE,Jump Shot,23.6,15.549999999999997,707246,Matt Christiansen,NA,0,San Francisco,Gonzaga,3
2014-15,2015-02-07,1474911,16,0,1,San Francisco,Gonzaga,Dons,Bulldogs,4,4,2,2,0,1423,Gonzaga,2318,1118,24,Kyle Wiltjer misses a hook shot from 6 feet out.,missed,FALSE,FALSE,Hook Shot,22.9,10.55,603098,Kyle Wiltjer,NA,0,Gonzaga,Gonzaga,4
2014-15,2015-02-07,1474911,17,0,1,San Francisco,Gonzaga,Dons,Bulldogs,4,4,2,2,0,1423,Gonzaga,2318,1118,0,Kevin Pangos with an offensive rebound.,NA,FALSE,FALSE,NA,NA,NA,NA,NA,NA,0,Gonzaga,Gonzaga,4
2014-15,2015-02-07,1474911,18,0,1,San Francisco,Gonzaga,Dons,Bulldogs,4,4,2,2,0,1423,Gonzaga,2308,1108,10,Byron Wesley misses a jump shot from 9 feet out.,missed,FALSE,FALSE,Jump Shot,20.3,12.45,606655,Byron Wesley,NA,0,Gonzaga,Gonzaga,4
2014-15,2015-02-07,1474911,19,0,1,San Francisco,Gonzaga,Dons,Bulldogs,4,4,2,2,0,1593,San Francisco,2308,1108,0,Mark Tollefsen with a defensive rebound.,NA,FALSE,FALSE,NA,NA,NA,NA,NA,NA,0,Gonzaga,San Francisco,4
2014-15,2015-02-07,1474911,20,0,1,San Francisco,Gonzaga,Dons,Bulldogs,4,4,2,2,0,1593,San Francisco,2290,1090,18,Matt Christiansen misses a jump shot from 10 feet out.,missed,FALSE,FALSE,Jump Shot,23,14.849999999999994,707246,Matt Christiansen,NA,0,San Francisco,San Francisco,5
2014-15,2015-02-07,1474911,21,0,1,San Francisco,Gonzaga,Dons,Bulldogs,4,4,2,2,0,1423,Gonzaga,2290,1090,0,Przemek Karnowski with a defensive rebound.,NA,FALSE,FALSE,NA,NA,NA,NA,NA,NA,0,San Francisco,Gonzaga,5
2014-15,2015-02-07,1474911,22,0,1,San Francisco,Gonzaga,Dons,Bulldogs,4,4,2,2,0,1423,Gonzaga,2276,1076,14,Gary Bell Jr. misses a 3-point jump shot from 23 feet out.,missed,FALSE,TRUE,Jump Shot,14.7,26.25,606933,Gary Bell Jr.,NA,0,Gonzaga,Gonzaga,6
2014-15,2015-02-07,1474911,23,0,1,San Francisco,Gonzaga,Dons,Bulldogs,4,4,2,2,0,1593,San Francisco,2276,1076,0,Matt Christiansen with a defensive rebound.,NA,FALSE,FALSE,NA,NA,NA,NA,NA,NA,0,Gonzaga,San Francisco,6
2014-15,2015-02-07,1474911,24,0,1,San Francisco,Gonzaga,Dons,Bulldogs,4,4,2,2,0,1593,San Francisco,2263,1063,13,Devin Watson misses a jump shot from 10 feet out.,missed,FALSE,FALSE,Jump Shot,20.8,14.549999999999997,850334,Devin Watson,NA,0,San Francisco,San Francisco,7
2014-15,2015-02-07,1474911,25,0,1,San Francisco,Gonzaga,Dons,Bulldogs,4,4,2,2,0,1423,Gonzaga,2263,1063,0,Gary Bell Jr. with a defensive rebound.,NA,FALSE,FALSE,NA,NA,NA,NA,NA,NA,0,San Francisco,Gonzaga,7
2014-15,2015-02-07,1474911,26,0,1,San Francisco,Gonzaga,Dons,Bulldogs,4,4,2,5,-3,1423,Gonzaga,2254,1054,9,Kyle Wiltjer makes a 3-point jump shot from 23 feet out.,made,FALSE,TRUE,Jump Shot,42.9,20.25,603098,Kyle Wiltjer,NA,0,Gonzaga,San Francisco,8
2014-15,2015-02-07,1474911,31,0,1,San Francisco,Gonzaga,Dons,Bulldogs,4,4,2,5,-3,1423,Gonzaga,2232,1032,22,Personal foul committed by Przemek Karnowski.,NA,FALSE,FALSE,NA,NA,NA,NA,NA,NA,0,San Francisco,San Francisco,9
2014-15,2015-02-07,1474911,35,0,1,San Francisco,Gonzaga,Dons,Bulldogs,4,4,4,5,-1,1593,San Francisco,2224,1024,8,Matt Glover makes a layup.,made,FALSE,FALSE,Layup Shot,26,6.25,602062,Matt Glover,NA,0,San Francisco,San Francisco,9
2014-15,2015-02-07,1474911,36,0,1,San Francisco,Gonzaga,Dons,Bulldogs,4,4,4,5,-1,1423,Gonzaga,2224,1024,0,Shooting foul committed by Kevin Pangos.,NA,FALSE,FALSE,NA,NA,NA,NA,NA,NA,0,San Francisco,San Francisco,9
2014-15,2015-02-07,1474911,37,0,1,San Francisco,Gonzaga,Dons,Bulldogs,4,4,4,5,-1,1593,San Francisco,2224,1024,0,Matt Glover misses free throw 1 of 1.,missed,TRUE,FALSE,NA,NA,NA,NA,NA,NA,0,San Francisco,San Francisco,9
2014-15,2015-02-07,1474911,38,0,1,San Francisco,Gonzaga,Dons,Bulldogs,4,4,4,5,-1,1423,Gonzaga,2224,1024,0,Domantas Sabonis with a defensive rebound.,NA,FALSE,FALSE,NA,NA,NA,NA,NA,NA,0,San Francisco,Gonzaga,9
2014-15,2015-02-07,1474911,43,0,1,San Francisco,Gonzaga,Dons,Bulldogs,4,4,4,5,-1,1423,Gonzaga,2207,1007,17,Gary Bell Jr. misses a jump shot from 8 feet out.,missed,FALSE,FALSE,Jump Shot,29.8,11.15,606933,Gary Bell Jr.,NA,0,Gonzaga,Gonzaga,10
2014-15,2015-02-07,1474911,44,0,1,San Francisco,Gonzaga,Dons,Bulldogs,4,4,4,5,-1,1423,Gonzaga,2207,1007,0,Domantas Sabonis with an offensive rebound.,NA,FALSE,FALSE,NA,NA,NA,NA,NA,NA,0,Gonzaga,Gonzaga,10
2014-15,2015-02-07,1474911,45,0,1,San Francisco,Gonzaga,Dons,Bulldogs,4,4,4,5,-1,1423,Gonzaga,2199,999,8,Domantas Sabonis misses a jump shot from 5 feet out.,missed,FALSE,FALSE,Jump Shot,25,10.25,850111,Domantas Sabonis,NA,0,Gonzaga,Gonzaga,10
2014-15,2015-02-07,1474911,46,0,1,San Francisco,Gonzaga,Dons,Bulldogs,4,4,4,5,-1,1593,San Francisco,2199,999,0,Mark Tollefsen with a defensive rebound.,NA,FALSE,FALSE,NA,NA,NA,NA,NA,NA,0,Gonzaga,San Francisco,10
2014-15,2015-02-07,1474911,47,0,1,San Francisco,Gonzaga,Dons,Bulldogs,4,4,4,5,-1,1593,San Francisco,2178,978,21,Tim Derksen misses a 3-point jump shot from 23 feet out.,missed,FALSE,TRUE,Jump Shot,12.299999999999997,24.75,707259,Tim Derksen,NA,0,San Francisco,San Francisco,11
2014-15,2015-02-07,1474911,48,0,1,San Francisco,Gonzaga,Dons,Bulldogs,4,4,4,5,-1,1423,Gonzaga,2178,978,0,Domantas Sabonis with a defensive rebound.,NA,FALSE,FALSE,NA,NA,NA,NA,NA,NA,0,San Francisco,Gonzaga,11
2014-15,2015-02-07,1474911,49,0,1,San Francisco,Gonzaga,Dons,Bulldogs,4,4,4,7,-3,1423,Gonzaga,2169,969,9,Kevin Pangos makes a layup.,made,FALSE,FALSE,Layup Shot,25,5.25,606932,Kevin Pangos,NA,0,Gonzaga,San Francisco,12
2014-15,2015-02-07,1474911,50,0,1,San Francisco,Gonzaga,Dons,Bulldogs,4,4,4,7,-3,1593,San Francisco,2154,954,15,Kruize Pinkins misses a jump shot from 14 feet out.,missed,FALSE,FALSE,Jump Shot,11.5,4.950000000000003,754081,Kruize Pinkins,NA,0,San Francisco,San Francisco,13
2014-15,2015-02-07,1474911,51,0,1,San Francisco,Gonzaga,Dons,Bulldogs,4,4,4,7,-3,1423,Gonzaga,2154,954,0,Kyle Wiltjer with a defensive rebound.,NA,FALSE,FALSE,NA,NA,NA,NA,NA,NA,0,San Francisco,Gonzaga,13
2014-15,2015-02-07,1474911,53,0,1,San Francisco,Gonzaga,Dons,Bulldogs,4,4,4,7,-3,1423,Gonzaga,2140,940,14,Domantas Sabonis misses a jump shot from 8 feet out.,missed,FALSE,FALSE,Jump Shot,28.1,12.85,850111,Domantas Sabonis,NA,0,Gonzaga,Gonzaga,14
2014-15,2015-02-07,1474911,54,0,1,San Francisco,Gonzaga,Dons,Bulldogs,4,4,4,7,-3,1423,Gonzaga,2140,940,0,Kyle Wiltjer with an offensive rebound.,NA,FALSE,FALSE,NA,NA,NA,NA,NA,NA,0,Gonzaga,Gonzaga,14
2014-15,2015-02-07,1474911,55,0,1,San Francisco,Gonzaga,Dons,Bulldogs,4,4,4,7,-3,1593,San Francisco,2140,940,0,Shooting foul committed by Mark Tollefsen.,NA,FALSE,FALSE,NA,NA,NA,NA,NA,NA,0,Gonzaga,Gonzaga,14
2014-15,2015-02-07,1474911,56,0,1,San Francisco,Gonzaga,Dons,Bulldogs,4,4,4,7,-3,NA,NA,2140,940,0,Official TV timeout.,NA,FALSE,FALSE,NA,NA,NA,NA,NA,NA,0,NA,NA,NA
2014-15,2015-02-07,1474911,61,0,1,San Francisco,Gonzaga,Dons,Bulldogs,4,4,4,8,-4,1423,Gonzaga,2140,940,0,Kyle Wiltjer makes free throw 1 of 2.,made,TRUE,FALSE,NA,NA,NA,NA,NA,NA,0,Gonzaga,Gonzaga,14
2014-15,2015-02-07,1474911,62,0,1,San Francisco,Gonzaga,Dons,Bulldogs,4,4,4,9,-5,1423,Gonzaga,2140,940,0,Kyle Wiltjer makes free throw 2 of 2.,made,TRUE,FALSE,NA,NA,NA,NA,NA,NA,0,Gonzaga,San Francisco,14
2014-15,2015-02-07,1474911,64,0,1,San Francisco,Gonzaga,Dons,Bulldogs,4,4,6,9,-3,1593,San Francisco,2111,911,29,Matt Christiansen makes a hook shot from 9 feet out.,made,FALSE,FALSE,Hook Shot,33.2,7.849999999999994,707246,Matt Christiansen,NA,0,San Francisco,Gonzaga,15
2014-15,2015-02-07,1474911,65,0,1,San Francisco,Gonzaga,Dons,Bulldogs,4,4,6,9,-3,1423,Gonzaga,2079,879,32,Corey Hilliard steals the ball from Byron Wesley.,NA,FALSE,FALSE,NA,NA,NA,NA,NA,NA,0,Gonzaga,San Francisco,16
2014-15,2015-02-07,1474911,66,0,1,San Francisco,Gonzaga,Dons,Bulldogs,4,4,8,9,-1,1593,San Francisco,2072,872,7,Corey Hilliard makes a layup.,made,FALSE,FALSE,Layup Shot,25,5.25,607492,Corey Hilliard,NA,0,San Francisco,Gonzaga,17
2014-15,2015-02-07,1474911,67,0,1,San Francisco,Gonzaga,Dons,Bulldogs,4,4,8,11,-3,1423,Gonzaga,2060,860,12,Domantas Sabonis makes a jump shot from 3 feet out.,made,FALSE,FALSE,Jump Shot,27.5,6.85,850111,Domantas Sabonis,NA,0,Gonzaga,San Francisco,18
2014-15,2015-02-07,1474911,68,0,1,San Francisco,Gonzaga,Dons,Bulldogs,4,4,8,11,-3,1593,San Francisco,2038,838,22,Devin Watson misses a jump shot from 9 feet out.,missed,FALSE,FALSE,Jump Shot,33.6,8.849999999999994,850334,Devin Watson,NA,0,San Francisco,San Francisco,19
2014-15,2015-02-07,1474911,69,0,1,San Francisco,Gonzaga,Dons,Bulldogs,4,4,8,11,-3,1423,Gonzaga,2038,838,0,Domantas Sabonis with a defensive rebound.,NA,FALSE,FALSE,NA,NA,NA,NA,NA,NA,0,San Francisco,Gonzaga,19
2014-15,2015-02-07,1474911,70,0,1,San Francisco,Gonzaga,Dons,Bulldogs,4,4,8,13,-5,1423,Gonzaga,2023,823,15,Byron Wesley makes a jump shot from 11 feet out.,made,FALSE,FALSE,Jump Shot,14.5,6.55,606655,Byron Wesley,NA,0,Gonzaga,San Francisco,20
2014-15,2015-02-07,1474911,71,0,1,San Francisco,Gonzaga,Dons,Bulldogs,4,4,8,13,-5,1593,San Francisco,1999,799,24,Domantas Sabonis steals the ball from Kruize Pinkins.,NA,FALSE,FALSE,NA,NA,NA,NA,NA,NA,0,San Francisco,Gonzaga,21
2014-15,2015-02-07,1474911,73,0,1,San Francisco,Gonzaga,Dons,Bulldogs,4,4,8,13,-5,1593,San Francisco,1991,791,8,Shooting foul committed by Uche Ofoegbu.,NA,FALSE,FALSE,NA,NA,NA,NA,NA,NA,0,Gonzaga,Gonzaga,22
2014-15,2015-02-07,1474911,75,0,1,San Francisco,Gonzaga,Dons,Bulldogs,4,4,8,13,-5,1423,Gonzaga,1991,791,0,Gary Bell Jr. misses free throw 1 of 2.,missed,TRUE,FALSE,NA,NA,NA,NA,NA,NA,0,Gonzaga,Gonzaga,22
2014-15,2015-02-07,1474911,77,0,1,San Francisco,Gonzaga,Dons,Bulldogs,4,4,8,14,-6,1423,Gonzaga,1991,791,0,Gary Bell Jr. makes free throw 2 of 2.,made,TRUE,FALSE,NA,NA,NA,NA,NA,NA,0,Gonzaga,San Francisco,22
2014-15,2015-02-07,1474911,82,0,1,San Francisco,Gonzaga,Dons,Bulldogs,4,4,8,14,-6,1423,Gonzaga,1980,780,11,Personal foul committed by Byron Wesley.,NA,FALSE,FALSE,NA,NA,NA,NA,NA,NA,0,San Francisco,San Francisco,23
2014-15,2015-02-07,1474911,85,0,1,San Francisco,Gonzaga,Dons,Bulldogs,4,4,8,14,-6,1593,San Francisco,1966,766,14,Mark Tollefsen with a turnover - Lost Ball,NA,FALSE,FALSE,NA,NA,NA,NA,NA,NA,0,San Francisco,Gonzaga,23
2014-15,2015-02-07,1474911,90,0,1,San Francisco,Gonzaga,Dons,Bulldogs,4,4,8,14,-6,1423,Gonzaga,1947,747,19,Gary Bell Jr. misses a 3-point jump shot from 23 feet out.,missed,FALSE,TRUE,Jump Shot,12,24.25,606933,Gary Bell Jr.,NA,0,Gonzaga,Gonzaga,24
2014-15,2015-02-07,1474911,91,0,1,San Francisco,Gonzaga,Dons,Bulldogs,4,4,8,14,-6,1593,San Francisco,1947,747,0,Mark Tollefsen with a defensive rebound.,NA,FALSE,FALSE,NA,NA,NA,NA,NA,NA,0,Gonzaga,San Francisco,24
2014-15,2015-02-07,1474911,92,0,1,San Francisco,Gonzaga,Dons,Bulldogs,4,4,8,14,-6,1423,Gonzaga,1947,747,0,Personal foul committed by Domantas Sabonis.,NA,FALSE,FALSE,NA,NA,NA,NA,NA,NA,0,San Francisco,San Francisco,25
2014-15,2015-02-07,1474911,95,0,1,San Francisco,Gonzaga,Dons,Bulldogs,4,4,11,14,-3,1593,San Francisco,1915,715,32,Tim Derksen makes a 3-point jump shot from 23 feet out. Matt Glover with the assist.,made,FALSE,TRUE,Jump Shot,1.6000000000000014,7.049999999999997,707259,Tim Derksen,Matt Glover,0,San Francisco,Gonzaga,25
2014-15,2015-02-07,1474911,98,0,1,San Francisco,Gonzaga,Dons,Bulldogs,4,4,11,14,-3,1593,San Francisco,1895,695,20,Personal foul committed by Matt Christiansen.,NA,FALSE,FALSE,NA,NA,NA,NA,NA,NA,0,Gonzaga,Gonzaga,26
2014-15,2015-02-07,1474911,99,0,1,San Francisco,Gonzaga,Dons,Bulldogs,4,4,11,14,-3,NA,NA,1895,695,0,Official TV timeout.,NA,FALSE,FALSE,NA,NA,NA,NA,NA,NA,0,NA,NA,NA
2014-15,2015-02-07,1474911,102,0,1,San Francisco,Gonzaga,Dons,Bulldogs,4,4,11,14,-3,1593,San Francisco,1895,695,0,Personal foul committed by Corey Hilliard.,NA,FALSE,FALSE,NA,NA,NA,NA,NA,NA,0,Gonzaga,Gonzaga,26
2014-15,2015-02-07,1474911,104,0,1,San Francisco,Gonzaga,Dons,Bulldogs,4,4,11,17,-6,1423,Gonzaga,1890,690,5,Kevin Pangos makes a 3-point jump shot from 22 feet out. Kyle Dranginis with the assist.,made,FALSE,TRUE,Jump Shot,46.3,8.75,606932,Kevin Pangos,Kyle Dranginis,0,Gonzaga,San Francisco,26
2014-15,2015-02-07,1474911,105,0,1,San Francisco,Gonzaga,Dons,Bulldogs,4,4,14,17,-3,1593,San Francisco,1876,676,14,Mark Tollefsen makes a 3-point jump shot from 23 feet out.,made,FALSE,TRUE,Jump Shot,37,24.25,609580,Mark Tollefsen,NA,0,San Francisco,Gonzaga,27
2014-15,2015-02-07,1474911,106,0,1,San Francisco,Gonzaga,Dons,Bulldogs,4,4,14,17,-3,1423,Gonzaga,1860,660,16,Mark Tollefsen steals the ball from Silas Melson.,NA,FALSE,FALSE,NA,NA,NA,NA,NA,NA,0,Gonzaga,San Francisco,28
2014-15,2015-02-07,1474911,108,0,1,San Francisco,Gonzaga,Dons,Bulldogs,4,4,14,17,-3,1423,Gonzaga,1850,650,10,Personal foul committed by Silas Melson.,NA,FALSE,FALSE,NA,NA,NA,NA,NA,NA,0,San Francisco,San Francisco,29
2014-15,2015-02-07,1474911,113,0,1,San Francisco,Gonzaga,Dons,Bulldogs,4,4,14,17,-3,1593,San Francisco,1828,628,22,Tim Derksen misses a jump shot from 6 feet out.,missed,FALSE,FALSE,Jump Shot,29.2,9.75,707259,Tim Derksen,NA,0,San Francisco,San Francisco,29
2014-15,2015-02-07,1474911,117,0,1,San Francisco,Gonzaga,Dons,Bulldogs,4,4,16,17,-1,1593,San Francisco,1811,611,17,Kruize Pinkins makes a jump shot from 20 feet out.,made,FALSE,FALSE,Jump Shot,5.200000000000003,6.650000000000006,754081,Kruize Pinkins,NA,0,San Francisco,Gonzaga,29
2014-15,2015-02-07,1474911,119,0,1,San Francisco,Gonzaga,Dons,Bulldogs,4,4,16,17,-1,1423,Gonzaga,1794,594,17,Matt Glover steals the ball from Kevin Pangos.,NA,FALSE,FALSE,NA,NA,NA,NA,NA,NA,0,Gonzaga,San Francisco,30
2014-15,2015-02-07,1474911,120,0,1,San Francisco,Gonzaga,Dons,Bulldogs,4,4,16,17,-1,1593,San Francisco,1792,592,2,Matt Glover with a turnover - Bad Pass,NA,FALSE,FALSE,NA,NA,NA,NA,NA,NA,0,San Francisco,Gonzaga,31
2014-15,2015-02-07,1474911,130,0,1,San Francisco,Gonzaga,Dons,Bulldogs,4,4,16,17,-1,1593,San Francisco,1779,579,13,Personal foul committed by Devin Watson.,NA,FALSE,FALSE,NA,NA,NA,NA,NA,NA,0,Gonzaga,Gonzaga,32
2014-15,2015-02-07,1474911,132,0,1,San Francisco,Gonzaga,Dons,Bulldogs,4,4,16,17,-1,1423,Gonzaga,1776,576,3,Kyle Wiltjer misses a 3-point jump shot from 23 feet out.,missed,FALSE,TRUE,Jump Shot,21.3,27.65,603098,Kyle Wiltjer,NA,0,Gonzaga,Gonzaga,32
2014-15,2015-02-07,1474911,133,0,1,San Francisco,Gonzaga,Dons,Bulldogs,4,4,16,17,-1,1593,San Francisco,1776,576,0,Matt Glover with a defensive rebound.,NA,FALSE,FALSE,NA,NA,NA,NA,NA,NA,0,Gonzaga,San Francisco,32
2014-15,2015-02-07,1474911,142,0,1,San Francisco,Gonzaga,Dons,Bulldogs,4,4,16,17,-1,1593,San Francisco,1746,546,30,Corey Hilliard misses a jump shot from 9 feet out.,missed,FALSE,FALSE,Jump Shot,33.6,6.349999999999994,607492,Corey Hilliard,NA,0,San Francisco,San Francisco,33
2014-15,2015-02-07,1474911,143,0,1,San Francisco,Gonzaga,Dons,Bulldogs,4,4,16,17,-1,1423,Gonzaga,1746,546,0,Kyle Wiltjer with a defensive rebound.,NA,FALSE,FALSE,NA,NA,NA,NA,NA,NA,0,San Francisco,Gonzaga,33
2014-15,2015-02-07,1474911,144,0,1,San Francisco,Gonzaga,Dons,Bulldogs,4,4,16,19,-3,1423,Gonzaga,1734,534,12,Kevin Pangos makes a layup.,made,FALSE,FALSE,Layup Shot,25,5.25,606932,Kevin Pangos,NA,0,Gonzaga,San Francisco,34
2014-15,2015-02-07,1474911,145,0,1,San Francisco,Gonzaga,Dons,Bulldogs,4,4,19,19,0,1593,San Francisco,1710,510,24,Corey Hilliard makes a 3-point jump shot from 22 feet out. Matt Glover with the assist.,made,FALSE,TRUE,Jump Shot,4.5,14.349999999999994,607492,Corey Hilliard,Matt Glover,0,San Francisco,Gonzaga,35
2014-15,2015-02-07,1474911,146,0,1,San Francisco,Gonzaga,Dons,Bulldogs,4,4,19,21,-2,1423,Gonzaga,1695,495,15,Silas Melson makes a jump shot from 8 feet out.,made,FALSE,FALSE,Jump Shot,19.5,10.95,850107,Silas Melson,NA,0,Gonzaga,San Francisco,36
2014-15,2015-02-07,1474911,148,0,1,San Francisco,Gonzaga,Dons,Bulldogs,4,4,19,21,-2,1423,Gonzaga,1664,464,31,Personal foul committed by Przemek Karnowski.,NA,FALSE,FALSE,NA,NA,NA,NA,NA,NA,0,San Francisco,San Francisco,37
2014-15,2015-02-07,1474911,149,0,1,San Francisco,Gonzaga,Dons,Bulldogs,4,4,19,21,-2,NA,NA,1664,464,0,Official TV timeout.,NA,FALSE,FALSE,NA,NA,NA,NA,NA,NA,0,NA,NA,NA
2014-15,2015-02-07,1474911,151,0,1,San Francisco,Gonzaga,Dons,Bulldogs,4,4,19,21,-2,1593,San Francisco,1631,431,33,Corey Hilliard misses a jump shot from 20 feet out.,missed,FALSE,FALSE,Jump Shot,20.3,24.349999999999994,607492,Corey Hilliard,NA,0,San Francisco,San Francisco,37
2014-15,2015-02-07,1474911,152,0,1,San Francisco,Gonzaga,Dons,Bulldogs,4,4,19,21,-2,1423,Gonzaga,1631,431,0,Byron Wesley with a defensive rebound.,NA,FALSE,FALSE,NA,NA,NA,NA,NA,NA,0,San Francisco,Gonzaga,37
2014-15,2015-02-07,1474911,153,0,1,San Francisco,Gonzaga,Dons,Bulldogs,4,4,19,21,-2,1423,Gonzaga,1617,417,14,Gary Bell Jr. misses a 3-point jump shot from 22 feet out.,missed,FALSE,TRUE,Jump Shot,2.6000000000000014,6.55,606933,Gary Bell Jr.,NA,0,Gonzaga,Gonzaga,38
2014-15,2015-02-07,1474911,154,0,1,San Francisco,Gonzaga,Dons,Bulldogs,4,4,19,21,-2,1423,Gonzaga,1617,417,0,Kyle Wiltjer with an offensive rebound.,NA,FALSE,FALSE,NA,NA,NA,NA,NA,NA,0,Gonzaga,Gonzaga,38
2014-15,2015-02-07,1474911,155,0,1,San Francisco,Gonzaga,Dons,Bulldogs,4,4,19,23,-4,1423,Gonzaga,1612,412,5,Kyle Wiltjer makes a layup.,made,FALSE,FALSE,Layup Shot,25,5.25,603098,Kyle Wiltjer,NA,0,Gonzaga,San Francisco,38
2014-15,2015-02-07,1474911,156,0,1,San Francisco,Gonzaga,Dons,Bulldogs,4,4,21,23,-2,1593,San Francisco,1595,395,17,Mark Tollefsen makes a hook shot from 11 feet out.,made,FALSE,FALSE,Hook Shot,20,15.349999999999994,609580,Mark Tollefsen,NA,0,San Francisco,Gonzaga,39
2014-15,2015-02-07,1474911,157,0,1,San Francisco,Gonzaga,Dons,Bulldogs,4,4,21,23,-2,1423,Gonzaga,1579,379,16,Gary Bell Jr. misses a layup.,missed,FALSE,FALSE,Layup Shot,25,5.25,606933,Gary Bell Jr.,NA,0,Gonzaga,Gonzaga,40
2014-15,2015-02-07,1474911,158,0,1,San Francisco,Gonzaga,Dons,Bulldogs,4,4,21,23,-2,1593,San Francisco,1579,379,0,Devin Watson with a defensive rebound.,NA,FALSE,FALSE,NA,NA,NA,NA,NA,NA,0,Gonzaga,San Francisco,40
2014-15,2015-02-07,1474911,159,0,1,San Francisco,Gonzaga,Dons,Bulldogs,4,4,23,23,0,1593,San Francisco,1574,374,5,Devin Watson makes a layup.,made,FALSE,FALSE,Layup Shot,25,5.25,850334,Devin Watson,NA,0,San Francisco,Gonzaga,41
2014-15,2015-02-07,1474911,160,0,1,San Francisco,Gonzaga,Dons,Bulldogs,4,4,23,25,-2,1423,Gonzaga,1553,353,21,Kyle Wiltjer makes a jump shot from 15 feet out.,made,FALSE,FALSE,Jump Shot,17.8,17.95,603098,Kyle Wiltjer,NA,0,Gonzaga,San Francisco,42
2014-15,2015-02-07,1474911,161,0,1,San Francisco,Gonzaga,Dons,Bulldogs,4,4,23,25,-2,1593,San Francisco,1535,335,18,Devin Watson misses a 3-point jump shot from 23 feet out.,missed,FALSE,TRUE,Jump Shot,10.5,23.650000000000006,850334,Devin Watson,NA,0,San Francisco,San Francisco,43
2014-15,2015-02-07,1474911,162,0,1,San Francisco,Gonzaga,Dons,Bulldogs,4,4,23,25,-2,1423,Gonzaga,1535,335,0,Domantas Sabonis with a defensive rebound.,NA,FALSE,FALSE,NA,NA,NA,NA,NA,NA,0,San Francisco,Gonzaga,43
2014-15,2015-02-07,1474911,166,0,1,San Francisco,Gonzaga,Dons,Bulldogs,4,4,23,25,-2,1593,San Francisco,1522,322,13,Personal foul committed by Tim Derksen.,NA,FALSE,FALSE,NA,NA,NA,NA,NA,NA,0,Gonzaga,Gonzaga,44
2014-15,2015-02-07,1474911,178,0,1,San Francisco,Gonzaga,Dons,Bulldogs,4,4,23,25,-2,1423,Gonzaga,1510,310,12,Kyle Wiltjer misses a jump shot from 13 feet out.,missed,FALSE,FALSE,Jump Shot,38,7.05,603098,Kyle Wiltjer,NA,0,Gonzaga,Gonzaga,44
2014-15,2015-02-07,1474911,179,0,1,San Francisco,Gonzaga,Dons,Bulldogs,4,4,23,25,-2,1423,Gonzaga,1510,310,0,Eric McClellan with an offensive rebound.,NA,FALSE,FALSE,NA,NA,NA,NA,NA,NA,0,Gonzaga,Gonzaga,44
2014-15,2015-02-07,1474911,180,0,1,San Francisco,Gonzaga,Dons,Bulldogs,4,4,23,25,-2,1423,Gonzaga,1502,302,8,Kyle Wiltjer misses a 3-point jump shot from 23 feet out.,missed,FALSE,TRUE,Jump Shot,45.7,16.35,603098,Kyle Wiltjer,NA,0,Gonzaga,San Francisco,44
2014-15,2015-02-07,1474911,184,0,1,San Francisco,Gonzaga,Dons,Bulldogs,4,4,23,25,-2,1593,San Francisco,1489,289,13,Matt Glover misses a 3-point jump shot from 24 feet out.,missed,FALSE,TRUE,Jump Shot,42.9,20.450000000000003,602062,Matt Glover,NA,0,San Francisco,San Francisco,45
2014-15,2015-02-07,1474911,185,0,1,San Francisco,Gonzaga,Dons,Bulldogs,4,4,23,25,-2,1593,San Francisco,1489,289,0,Kruize Pinkins with an offensive rebound.,NA,FALSE,FALSE,NA,NA,NA,NA,NA,NA,0,San Francisco,San Francisco,45
2014-15,2015-02-07,1474911,186,0,1,San Francisco,Gonzaga,Dons,Bulldogs,4,4,23,25,-2,1593,San Francisco,1482,282,7,Kruize Pinkins misses a jump shot from 8 feet out.,missed,FALSE,FALSE,Jump Shot,20.7,11.75,754081,Kruize Pinkins,NA,0,San Francisco,San Francisco,45
2014-15,2015-02-07,1474911,187,0,1,San Francisco,Gonzaga,Dons,Bulldogs,4,4,23,25,-2,1423,Gonzaga,1482,282,0,Domantas Sabonis with a defensive rebound.,NA,FALSE,FALSE,NA,NA,NA,NA,NA,NA,0,San Francisco,Gonzaga,45
2014-15,2015-02-07,1474911,188,0,1,San Francisco,Gonzaga,Dons,Bulldogs,4,4,23,25,-2,1593,San Francisco,1482,282,0,Personal foul committed by Matt Glover.,NA,FALSE,FALSE,NA,NA,NA,NA,NA,NA,0,Gonzaga,Gonzaga,46
2014-15,2015-02-07,1474911,189,0,1,San Francisco,Gonzaga,Dons,Bulldogs,4,4,23,26,-3,1423,Gonzaga,1482,282,0,Domantas Sabonis makes free throw 1st of 1-and-1.,made,TRUE,FALSE,NA,NA,NA,NA,NA,NA,0,Gonzaga,Gonzaga,46
2014-15,2015-02-07,1474911,190,0,1,San Francisco,Gonzaga,Dons,Bulldogs,4,4,23,27,-4,1423,Gonzaga,1482,282,0,Domantas Sabonis makes free throw 2nd of 1-and-1.,made,TRUE,FALSE,NA,NA,NA,NA,NA,NA,0,Gonzaga,San Francisco,46
2014-15,2015-02-07,1474911,192,0,1,San Francisco,Gonzaga,Dons,Bulldogs,4,4,23,27,-4,1593,San Francisco,1463,263,19,Tim Derksen misses a jump shot from 9 feet out.,missed,FALSE,FALSE,Jump Shot,21.7,13.150000000000006,707259,Tim Derksen,NA,0,San Francisco,San Francisco,47
2014-15,2015-02-07,1474911,193,0,1,San Francisco,Gonzaga,Dons,Bulldogs,4,4,23,27,-4,1593,San Francisco,1463,263,0,Matt Glover with an offensive rebound.,NA,FALSE,FALSE,NA,NA,NA,NA,NA,NA,0,San Francisco,San Francisco,47
2014-15,2015-02-07,1474911,194,0,1,San Francisco,Gonzaga,Dons,Bulldogs,4,4,25,27,-2,1593,San Francisco,1451,251,12,Matt Christiansen makes a jump shot from 4 feet out. Matt Glover with the assist.,made,FALSE,FALSE,Jump Shot,28.3,6.650000000000006,707246,Matt Christiansen,Matt Glover,0,San Francisco,Gonzaga,47
2014-15,2015-02-07,1474911,195,0,1,San Francisco,Gonzaga,Dons,Bulldogs,4,4,25,29,-4,1423,Gonzaga,1423,223,28,Byron Wesley makes a jump shot from 11 feet out.,made,FALSE,FALSE,Jump Shot,27.1,15.85,606655,Byron Wesley,NA,0,Gonzaga,San Francisco,48
2014-15,2015-02-07,1474911,196,0,1,San Francisco,Gonzaga,Dons,Bulldogs,4,4,28,29,-1,1593,San Francisco,1410,210,13,Kruize Pinkins makes a 3-point jump shot from 23 feet out. Devin Watson with the assist.,made,FALSE,TRUE,Jump Shot,14.200000000000003,25.349999999999994,754081,Kruize Pinkins,Devin Watson,0,San Francisco,Gonzaga,49
2014-15,2015-02-07,1474911,197,0,1,San Francisco,Gonzaga,Dons,Bulldogs,4,4,28,31,-3,1423,Gonzaga,1402,202,8,Domantas Sabonis dunks. Eric McClellan with the assist.,made,FALSE,FALSE,Dunk Shot,25,5.25,850111,Domantas Sabonis,Eric McClellan,0,Gonzaga,San Francisco,50
2014-15,2015-02-07,1474911,199,0,1,San Francisco,Gonzaga,Dons,Bulldogs,4,4,28,31,-3,1423,Gonzaga,1384,184,18,Personal foul committed by Domantas Sabonis.,NA,FALSE,FALSE,NA,NA,NA,NA,NA,NA,0,San Francisco,San Francisco,51
2014-15,2015-02-07,1474911,208,0,1,San Francisco,Gonzaga,Dons,Bulldogs,4,4,28,31,-3,NA,NA,1384,184,0,Official TV timeout.,NA,FALSE,FALSE,NA,NA,NA,NA,NA,NA,0,NA,NA,NA
2014-15,2015-02-07,1474911,209,0,1,San Francisco,Gonzaga,Dons,Bulldogs,4,4,29,31,-2,1593,San Francisco,1384,184,0,Kruize Pinkins makes free throw 1 of 2.,made,TRUE,FALSE,NA,NA,NA,NA,NA,NA,0,San Francisco,San Francisco,51
2014-15,2015-02-07,1474911,210,0,1,San Francisco,Gonzaga,Dons,Bulldogs,4,4,30,31,-1,1593,San Francisco,1384,184,0,Kruize Pinkins makes free throw 2 of 2.,made,TRUE,FALSE,NA,NA,NA,NA,NA,NA,0,San Francisco,Gonzaga,51
2014-15,2015-02-07,1474911,215,0,1,San Francisco,Gonzaga,Dons,Bulldogs,4,4,30,31,-1,1593,San Francisco,1375,175,9,Shooting foul committed by Matt Glover.,NA,FALSE,FALSE,NA,NA,NA,NA,NA,NA,0,Gonzaga,Gonzaga,52
2014-15,2015-02-07,1474911,216,0,1,San Francisco,Gonzaga,Dons,Bulldogs,4,4,30,32,-2,1423,Gonzaga,1375,175,0,Byron Wesley makes free throw 1 of 2.,made,TRUE,FALSE,NA,NA,NA,NA,NA,NA,0,Gonzaga,Gonzaga,52
2014-15,2015-02-07,1474911,218,0,1,San Francisco,Gonzaga,Dons,Bulldogs,4,4,30,32,-2,1423,Gonzaga,1375,175,0,Byron Wesley misses free throw 2 of 2.,missed,TRUE,FALSE,NA,NA,NA,NA,NA,NA,0,Gonzaga,Gonzaga,52
2014-15,2015-02-07,1474911,219,0,1,San Francisco,Gonzaga,Dons,Bulldogs,4,4,30,32,-2,1593,San Francisco,1375,175,0,Uche Ofoegbu with a defensive rebound.,NA,FALSE,FALSE,NA,NA,NA,NA,NA,NA,0,Gonzaga,San Francisco,52
2014-15,2015-02-07,1474911,228,0,1,San Francisco,Gonzaga,Dons,Bulldogs,4,4,30,32,-2,1593,San Francisco,1356,156,19,Devin Watson misses a dunk.,missed,FALSE,FALSE,Dunk Shot,25,5.25,850334,Devin Watson,NA,0,San Francisco,San Francisco,53
2014-15,2015-02-07,1474911,229,0,1,San Francisco,Gonzaga,Dons,Bulldogs,4,4,30,32,-2,1423,Gonzaga,1356,156,0,Angel Nunez with a defensive rebound.,NA,FALSE,FALSE,NA,NA,NA,NA,NA,NA,0,San Francisco,Gonzaga,53
2014-15,2015-02-07,1474911,230,0,1,San Francisco,Gonzaga,Dons,Bulldogs,4,4,30,34,-4,1423,Gonzaga,1346,146,10,Angel Nunez makes a layup.,made,FALSE,FALSE,Layup Shot,26,6.25,609432,Angel Nunez,NA,0,Gonzaga,San Francisco,54
2014-15,2015-02-07,1474911,234,0,1,San Francisco,Gonzaga,Dons,Bulldogs,4,4,30,34,-4,1423,Gonzaga,1330,130,16,Personal foul committed by Angel Nunez.,NA,FALSE,FALSE,NA,NA,NA,NA,NA,NA,0,San Francisco,San Francisco,55
2014-15,2015-02-07,1474911,235,0,1,San Francisco,Gonzaga,Dons,Bulldogs,4,4,31,34,-3,1593,San Francisco,1330,130,0,Mark Tollefsen makes free throw 1 of 2.,made,TRUE,FALSE,NA,NA,NA,NA,NA,NA,0,San Francisco,San Francisco,55
2014-15,2015-02-07,1474911,236,0,1,San Francisco,Gonzaga,Dons,Bulldogs,4,4,32,34,-2,1593,San Francisco,1330,130,0,Mark Tollefsen makes free throw 2 of 2.,made,TRUE,FALSE,NA,NA,NA,NA,NA,NA,0,San Francisco,Gonzaga,55
2014-15,2015-02-07,1474911,240,0,1,San Francisco,Gonzaga,Dons,Bulldogs,4,4,32,34,-2,1593,San Francisco,1311,111,19,Personal foul committed by Chris Adams.,NA,FALSE,FALSE,NA,NA,NA,NA,NA,NA,0,Gonzaga,Gonzaga,56
2014-15,2015-02-07,1474911,241,0,1,San Francisco,Gonzaga,Dons,Bulldogs,4,4,32,35,-3,1423,Gonzaga,1311,111,0,Eric McClellan makes free throw 1 of 2.,made,TRUE,FALSE,NA,NA,NA,NA,NA,NA,0,Gonzaga,Gonzaga,56
2014-15,2015-02-07,1474911,242,0,1,San Francisco,Gonzaga,Dons,Bulldogs,4,4,32,36,-4,1423,Gonzaga,1311,111,0,Eric McClellan makes free throw 2nd of 1-and-1.,made,TRUE,FALSE,NA,NA,NA,NA,NA,NA,0,Gonzaga,San Francisco,56
2014-15,2015-02-07,1474911,244,0,1,San Francisco,Gonzaga,Dons,Bulldogs,4,4,34,36,-2,1593,San Francisco,1290,90,21,Mark Tollefsen dunks. Tim Derksen with the assist.,made,FALSE,FALSE,Dunk Shot,26,6.25,609580,Mark Tollefsen,Tim Derksen,0,San Francisco,Gonzaga,57
2014-15,2015-02-07,1474911,246,0,1,San Francisco,Gonzaga,Dons,Bulldogs,4,4,34,36,-2,1423,Gonzaga,1268,68,22,Kevin Pangos misses a 3-point jump shot from 24 feet out.,missed,FALSE,TRUE,Jump Shot,4.699999999999999,17.45,606932,Kevin Pangos,NA,0,Gonzaga,Gonzaga,58
2014-15,2015-02-07,1474911,248,0,1,San Francisco,Gonzaga,Dons,Bulldogs,4,4,34,36,-2,1593,San Francisco,1267,67,1,Personal foul committed by Tim Derksen.,NA,FALSE,FALSE,NA,NA,NA,NA,NA,NA,0,Gonzaga,Gonzaga,58
2014-15,2015-02-07,1474911,249,0,1,San Francisco,Gonzaga,Dons,Bulldogs,4,4,34,37,-3,1423,Gonzaga,1267,67,0,Angel Nunez makes free throw 1 of 2.,made,TRUE,FALSE,NA,NA,NA,NA,NA,NA,0,Gonzaga,Gonzaga,58
2014-15,2015-02-07,1474911,250,0,1,San Francisco,Gonzaga,Dons,Bulldogs,4,4,34,37,-3,1423,Gonzaga,1267,67,0,Angel Nunez misses free throw 2 of 2.,missed,TRUE,FALSE,NA,NA,NA,NA,NA,NA,0,Gonzaga,Gonzaga,58
2014-15,2015-02-07,1474911,251,0,1,San Francisco,Gonzaga,Dons,Bulldogs,4,4,34,37,-3,1593,San Francisco,1267,67,0,Kruize Pinkins with a defensive rebound.,NA,FALSE,FALSE,NA,NA,NA,NA,NA,NA,0,Gonzaga,San Francisco,58
2014-15,2015-02-07,1474911,258,0,1,San Francisco,Gonzaga,Dons,Bulldogs,4,4,36,37,-1,1593,San Francisco,1251,51,16,Devin Watson makes a jump shot from 12 feet out.,made,FALSE,FALSE,Jump Shot,15.100000000000001,11.450000000000003,850334,Devin Watson,NA,0,San Francisco,Gonzaga,59
2014-15,2015-02-07,1474911,261,0,1,San Francisco,Gonzaga,Dons,Bulldogs,4,3,36,37,-1,1423,Gonzaga,1239,39,12,Bulldogs take a 30-second timeout.,NA,FALSE,FALSE,NA,NA,NA,NA,NA,NA,0,NA,NA,NA
2014-15,2015-02-07,1474911,265,0,1,San Francisco,Gonzaga,Dons,Bulldogs,4,3,36,37,-1,1423,Gonzaga,1221,21,18,Kyle Dranginis misses a layup.,missed,FALSE,FALSE,Layup Shot,26,6.25,606931,Kyle Dranginis,NA,0,Gonzaga,Gonzaga,60
2014-15,2015-02-07,1474911,266,0,1,San Francisco,Gonzaga,Dons,Bulldogs,4,3,36,37,-1,1423,Gonzaga,1221,21,0,Kyle Wiltjer with an offensive rebound.,NA,FALSE,FALSE,NA,NA,NA,NA,NA,NA,0,Gonzaga,Gonzaga,60
2014-15,2015-02-07,1474911,275,0,1,San Francisco,Gonzaga,Dons,Bulldogs,4,3,36,37,-1,1593,San Francisco,1207,7,14,Shooting foul committed by Kruize Pinkins.,NA,FALSE,FALSE,NA,NA,NA,NA,NA,NA,0,Gonzaga,Gonzaga,60
2014-15,2015-02-07,1474911,276,0,1,San Francisco,Gonzaga,Dons,Bulldogs,4,3,36,37,-1,1423,Gonzaga,1207,7,0,Byron Wesley misses free throw 1 of 2.,missed,TRUE,FALSE,NA,NA,NA,NA,NA,NA,0,Gonzaga,Gonzaga,60
2014-15,2015-02-07,1474911,278,0,1,San Francisco,Gonzaga,Dons,Bulldogs,4,3,36,38,-2,1423,Gonzaga,1207,7,0,Byron Wesley makes free throw 2 of 2.,made,TRUE,FALSE,NA,NA,NA,NA,NA,NA,0,Gonzaga,San Francisco,60
2014-15,2015-02-07,1474911,281,0,1,San Francisco,Gonzaga,Dons,Bulldogs,4,3,36,38,-2,1593,San Francisco,1202,2,5,Kyle Dranginis blocks a Devin Watson layup.,missed,FALSE,FALSE,Layup Shot,25,5.25,850334,Devin Watson,NA,0,San Francisco,San Francisco,61
2014-15,2015-02-07,1474911,283,0,1,San Francisco,Gonzaga,Dons,Bulldogs,3,3,36,38,-2,1593,San Francisco,1202,2,0,Dons take a 30-second timeout.,NA,FALSE,FALSE,NA,NA,NA,NA,NA,NA,0,NA,NA,NA
2014-15,2015-02-07,1474911,285,0,1,San Francisco,Gonzaga,Dons,Bulldogs,3,3,38,38,0,1593,San Francisco,1200,0,2,Mark Tollefsen makes a jump shot from 8 feet out. Matt Glover with the assist.,made,FALSE,FALSE,Jump Shot,25.6,13.650000000000006,609580,Mark Tollefsen,Matt Glover,0,San Francisco,Gonzaga,61
2014-15,2015-02-07,1474911,286,0,1,San Francisco,Gonzaga,Dons,Bulldogs,3,3,38,38,0,NA,NA,1200,0,0,End of the 1st Half,NA,FALSE,FALSE,NA,NA,NA,NA,NA,NA,0,NA,NA,NA
2014-15,2015-02-07,1474911,287,0,2,San Francisco,Gonzaga,Dons,Bulldogs,4,4,38,38,0,NA,NA,1200,1200,0,Start of the 2nd Half,NA,FALSE,FALSE,NA,NA,NA,NA,NA,NA,0,NA,Gonzaga,62
2014-15,2015-02-07,1474911,291,0,2,San Francisco,Gonzaga,Dons,Bulldogs,4,4,38,38,0,1423,Gonzaga,1186,1186,14,Matt Glover steals the ball from Gary Bell Jr..,NA,FALSE,FALSE,NA,NA,NA,NA,NA,NA,0,Gonzaga,San Francisco,63
2014-15,2015-02-07,1474911,292,0,2,San Francisco,Gonzaga,Dons,Bulldogs,4,4,40,38,2,1593,San Francisco,1180,1180,6,Mark Tollefsen makes a jump shot from 4 feet out. Matt Christiansen with the assist.,made,FALSE,FALSE,Jump Shot,22,7.25,609580,Mark Tollefsen,Matt Christiansen,0,San Francisco,Gonzaga,64
2014-15,2015-02-07,1474911,293,0,2,San Francisco,Gonzaga,Dons,Bulldogs,4,4,40,41,-1,1423,Gonzaga,1157,1157,23,Kevin Pangos makes a 3-point jump shot from 24 feet out. Kyle Wiltjer with the assist.,made,FALSE,TRUE,Jump Shot,45,18.45,606932,Kevin Pangos,Kyle Wiltjer,0,Gonzaga,San Francisco,65
2014-15,2015-02-07,1474911,294,0,2,San Francisco,Gonzaga,Dons,Bulldogs,4,4,40,41,-1,1593,San Francisco,1125,1125,32,Byron Wesley steals the ball from Matt Glover.,NA,FALSE,FALSE,NA,NA,NA,NA,NA,NA,0,San Francisco,Gonzaga,66
2014-15,2015-02-07,1474911,295,0,2,San Francisco,Gonzaga,Dons,Bulldogs,4,4,40,41,-1,1423,Gonzaga,1109,1109,16,Gary Bell Jr. misses a jump shot from 5 feet out.,missed,FALSE,FALSE,Jump Shot,29,8.55,606933,Gary Bell Jr.,NA,0,Gonzaga,Gonzaga,67
2014-15,2015-02-07,1474911,296,0,2,San Francisco,Gonzaga,Dons,Bulldogs,4,4,40,41,-1,1423,Gonzaga,1109,1109,0,Przemek Karnowski with an offensive rebound.,NA,FALSE,FALSE,NA,NA,NA,NA,NA,NA,0,Gonzaga,Gonzaga,67
2014-15,2015-02-07,1474911,297,0,2,San Francisco,Gonzaga,Dons,Bulldogs,4,4,40,41,-1,1423,Gonzaga,1105,1105,4,Przemek Karnowski misses a jump shot from 3 feet out.,missed,FALSE,FALSE,Jump Shot,26.4,8.25,711028,Przemek Karnowski,NA,0,Gonzaga,Gonzaga,67
2014-15,2015-02-07,1474911,298,0,2,San Francisco,Gonzaga,Dons,Bulldogs,4,4,40,41,-1,1593,San Francisco,1105,1105,0,Tim Derksen with a defensive rebound.,NA,FALSE,FALSE,NA,NA,NA,NA,NA,NA,0,Gonzaga,San Francisco,67
2014-15,2015-02-07,1474911,299,0,2,San Francisco,Gonzaga,Dons,Bulldogs,4,4,42,41,1,1593,San Francisco,1092,1092,13,Mark Tollefsen makes a layup. Matt Christiansen with the assist.,made,FALSE,FALSE,Layup Shot,26,6.25,609580,Mark Tollefsen,Matt Christiansen,0,San Francisco,Gonzaga,68
2014-15,2015-02-07,1474911,301,0,2,San Francisco,Gonzaga,Dons,Bulldogs,4,4,42,41,1,1423,Gonzaga,1074,1074,18,Kevin Pangos misses a 3-point jump shot from 22 feet out.,missed,FALSE,TRUE,Jump Shot,47.4,6.55,606932,Kevin Pangos,NA,0,Gonzaga,Gonzaga,69
2014-15,2015-02-07,1474911,302,0,2,San Francisco,Gonzaga,Dons,Bulldogs,4,4,42,41,1,1423,Gonzaga,1074,1074,0,Przemek Karnowski with an offensive rebound.,NA,FALSE,FALSE,NA,NA,NA,NA,NA,NA,0,Gonzaga,Gonzaga,69
2014-15,2015-02-07,1474911,303,0,2,San Francisco,Gonzaga,Dons,Bulldogs,4,4,42,41,1,1593,San Francisco,1072,1072,2,Personal foul committed by Matt Glover.,NA,FALSE,FALSE,NA,NA,NA,NA,NA,NA,0,Gonzaga,Gonzaga,69
2014-15,2015-02-07,1474911,307,0,2,San Francisco,Gonzaga,Dons,Bulldogs,4,4,42,43,-1,1423,Gonzaga,1062,1062,10,Kyle Wiltjer makes a jump shot from 3 feet out.,made,FALSE,FALSE,Jump Shot,22.9,7.05,603098,Kyle Wiltjer,NA,0,Gonzaga,San Francisco,69
2014-15,2015-02-07,1474911,310,0,2,San Francisco,Gonzaga,Dons,Bulldogs,4,4,42,43,-1,1423,Gonzaga,1047,1047,15,Shooting foul committed by Gary Bell Jr..,NA,FALSE,FALSE,NA,NA,NA,NA,NA,NA,0,San Francisco,San Francisco,70
2014-15,2015-02-07,1474911,311,0,2,San Francisco,Gonzaga,Dons,Bulldogs,4,4,42,43,-1,1593,San Francisco,1047,1047,0,Corey Hilliard misses free throw 1 of 2.,missed,TRUE,FALSE,NA,NA,NA,NA,NA,NA,0,San Francisco,San Francisco,70
2014-15,2015-02-07,1474911,313,0,2,San Francisco,Gonzaga,Dons,Bulldogs,4,4,43,43,0,1593,San Francisco,1047,1047,0,Corey Hilliard makes free throw 2 of 2.,made,TRUE,FALSE,NA,NA,NA,NA,NA,NA,0,San Francisco,Gonzaga,70
2014-15,2015-02-07,1474911,318,0,2,San Francisco,Gonzaga,Dons,Bulldogs,4,4,43,43,0,1593,San Francisco,1025,1025,22,Shooting foul committed by Mark Tollefsen.,NA,FALSE,FALSE,NA,NA,NA,NA,NA,NA,0,Gonzaga,Gonzaga,71
2014-15,2015-02-07,1474911,319,0,2,San Francisco,Gonzaga,Dons,Bulldogs,4,4,43,44,-1,1423,Gonzaga,1025,1025,0,Kyle Wiltjer makes free throw 1 of 2.,made,TRUE,FALSE,NA,NA,NA,NA,NA,NA,0,Gonzaga,Gonzaga,71
2014-15,2015-02-07,1474911,320,0,2,San Francisco,Gonzaga,Dons,Bulldogs,4,4,43,44,-1,1423,Gonzaga,1025,1025,0,Kyle Wiltjer misses free throw 2 of 2.,missed,TRUE,FALSE,NA,NA,NA,NA,NA,NA,0,Gonzaga,Gonzaga,71
2014-15,2015-02-07,1474911,321,0,2,San Francisco,Gonzaga,Dons,Bulldogs,4,4,43,44,-1,1593,San Francisco,1025,1025,0,Matt Christiansen with a defensive rebound.,NA,FALSE,FALSE,NA,NA,NA,NA,NA,NA,0,Gonzaga,San Francisco,71
2014-15,2015-02-07,1474911,327,0,2,San Francisco,Gonzaga,Dons,Bulldogs,4,4,46,44,2,1593,San Francisco,1010,1010,15,Corey Hilliard makes a 3-point jump shot from 23 feet out.,made,FALSE,TRUE,Jump Shot,12.799999999999997,24.849999999999994,607492,Corey Hilliard,NA,0,San Francisco,Gonzaga,72
2014-15,2015-02-07,1474911,331,0,2,San Francisco,Gonzaga,Dons,Bulldogs,4,4,46,44,2,1593,San Francisco,1001,1001,9,Shooting foul committed by Chris Adams.,NA,FALSE,FALSE,NA,NA,NA,NA,NA,NA,0,Gonzaga,Gonzaga,73
2014-15,2015-02-07,1474911,332,0,2,San Francisco,Gonzaga,Dons,Bulldogs,4,4,46,45,1,1423,Gonzaga,1001,1001,0,Byron Wesley makes free throw 1 of 2.,made,TRUE,FALSE,NA,NA,NA,NA,NA,NA,0,Gonzaga,Gonzaga,73
2014-15,2015-02-07,1474911,333,0,2,San Francisco,Gonzaga,Dons,Bulldogs,4,4,46,46,0,1423,Gonzaga,1001,1001,0,Byron Wesley makes free throw 2 of 2.,made,TRUE,FALSE,NA,NA,NA,NA,NA,NA,0,Gonzaga,San Francisco,73
2014-15,2015-02-07,1474911,335,0,2,San Francisco,Gonzaga,Dons,Bulldogs,4,4,46,46,0,1593,San Francisco,978,978,23,Chris Adams misses a 3-point jump shot from 23 feet out.,missed,FALSE,TRUE,Jump Shot,47.4,8.349999999999994,609579,Chris Adams,NA,0,San Francisco,San Francisco,74
2014-15,2015-02-07,1474911,336,0,2,San Francisco,Gonzaga,Dons,Bulldogs,4,4,46,46,0,1423,Gonzaga,978,978,0,Gary Bell Jr. with a defensive rebound.,NA,FALSE,FALSE,NA,NA,NA,NA,NA,NA,0,San Francisco,Gonzaga,74
2014-15,2015-02-07,1474911,337,0,2,San Francisco,Gonzaga,Dons,Bulldogs,4,4,46,46,0,1423,Gonzaga,962,962,16,Kyle Wiltjer misses a hook shot from 5 feet out.,missed,FALSE,FALSE,Hook Shot,28.3,9.55,603098,Kyle Wiltjer,NA,0,Gonzaga,Gonzaga,75
2014-15,2015-02-07,1474911,338,0,2,San Francisco,Gonzaga,Dons,Bulldogs,4,4,46,46,0,1423,Gonzaga,962,962,0,Przemek Karnowski with an offensive rebound.,NA,FALSE,FALSE,NA,NA,NA,NA,NA,NA,0,Gonzaga,Gonzaga,75
2014-15,2015-02-07,1474911,339,0,2,San Francisco,Gonzaga,Dons,Bulldogs,4,4,46,46,0,1423,Gonzaga,950,950,12,Kevin Pangos misses a 3-point jump shot from 21 feet out.,missed,FALSE,TRUE,Jump Shot,5,12.25,606932,Kevin Pangos,NA,0,Gonzaga,Gonzaga,75
2014-15,2015-02-07,1474911,340,0,2,San Francisco,Gonzaga,Dons,Bulldogs,4,4,46,46,0,1593,San Francisco,950,950,0,Chris Adams with a defensive rebound.,NA,FALSE,FALSE,NA,NA,NA,NA,NA,NA,0,Gonzaga,San Francisco,75
2014-15,2015-02-07,1474911,340.5,0,2,San Francisco,Gonzaga,Dons,Bulldogs,4,4,46,46,0,1593,San Francisco,939,939,11,Kevin Pangos steals the ball from Matt Glover.,NA,FALSE,FALSE,NA,NA,NA,NA,NA,NA,0,San Francisco,Gonzaga,76
2014-15,2015-02-07,1474911,341,0,2,San Francisco,Gonzaga,Dons,Bulldogs,4,4,46,48,-2,1423,Gonzaga,939,939,0,Kyle Wiltjer makes a layup. Kevin Pangos with the assist.,made,FALSE,FALSE,Layup Shot,25,5.25,603098,Kyle Wiltjer,Kevin Pangos,0,Gonzaga,San Francisco,77
2014-15,2015-02-07,1474911,342,0,2,San Francisco,Gonzaga,Dons,Bulldogs,4,4,48,48,0,1593,San Francisco,919,919,20,Corey Hilliard makes a jump shot from 13 feet out.,made,FALSE,FALSE,Jump Shot,29.3,17.950000000000003,607492,Corey Hilliard,NA,0,San Francisco,Gonzaga,78
2014-15,2015-02-07,1474911,343,0,2,San Francisco,Gonzaga,Dons,Bulldogs,4,4,48,50,-2,1423,Gonzaga,911,911,8,Przemek Karnowski makes a layup. Kevin Pangos with the assist.,made,FALSE,FALSE,Layup Shot,26,6.25,711028,Przemek Karnowski,Kevin Pangos,0,Gonzaga,San Francisco,79
2014-15,2015-02-07,1474911,344,0,2,San Francisco,Gonzaga,Dons,Bulldogs,4,4,50,50,0,1593,San Francisco,886,886,25,Kruize Pinkins makes a jump shot from 4 feet out. Matt Christiansen with the assist.,made,FALSE,FALSE,Jump Shot,27.8,7.549999999999997,754081,Kruize Pinkins,Matt Christiansen,0,San Francisco,Gonzaga,80
2014-15,2015-02-07,1474911,347,0,2,San Francisco,Gonzaga,Dons,Bulldogs,4,4,50,50,0,1593,San Francisco,873,873,13,Personal foul committed by Chris Adams.,NA,FALSE,FALSE,NA,NA,NA,NA,NA,NA,0,Gonzaga,Gonzaga,81
2014-15,2015-02-07,1474911,348,0,2,San Francisco,Gonzaga,Dons,Bulldogs,4,4,50,50,0,NA,NA,873,873,0,Official TV timeout.,NA,FALSE,FALSE,NA,NA,NA,NA,NA,NA,0,NA,NA,NA
2014-15,2015-02-07,1474911,359,0,2,San Francisco,Gonzaga,Dons,Bulldogs,4,4,50,50,0,1423,Gonzaga,860,860,13,Offensive foul committed by Kyle Wiltjer.,NA,FALSE,FALSE,NA,NA,NA,NA,NA,NA,0,Gonzaga,Gonzaga,81
2014-15,2015-02-07,1474911,360,0,2,San Francisco,Gonzaga,Dons,Bulldogs,4,4,50,50,0,1423,Gonzaga,860,860,0,Kyle Wiltjer with a turnover,NA,FALSE,FALSE,NA,NA,NA,NA,NA,NA,0,Gonzaga,San Francisco,81
2014-15,2015-02-07,1474911,383,0,2,San Francisco,Gonzaga,Dons,Bulldogs,4,4,50,50,0,1593,San Francisco,827,827,33,Corey Hilliard misses a jump shot from 10 feet out.,missed,FALSE,FALSE,Jump Shot,20.5,14.650000000000006,607492,Corey Hilliard,NA,0,San Francisco,San Francisco,82
2014-15,2015-02-07,1474911,384,0,2,San Francisco,Gonzaga,Dons,Bulldogs,4,4,50,50,0,1423,Gonzaga,827,827,0,Kyle Wiltjer with a defensive rebound.,NA,FALSE,FALSE,NA,NA,NA,NA,NA,NA,0,San Francisco,Gonzaga,82
2014-15,2015-02-07,1474911,388,0,2,San Francisco,Gonzaga,Dons,Bulldogs,4,4,50,52,-2,1423,Gonzaga,818,818,9,Kyle Wiltjer makes a layup.,made,FALSE,FALSE,Layup Shot,25,5.25,603098,Kyle Wiltjer,NA,0,Gonzaga,Gonzaga,83
2014-15,2015-02-07,1474911,389,0,2,San Francisco,Gonzaga,Dons,Bulldogs,4,4,50,52,-2,1593,San Francisco,818,818,0,Shooting foul committed by Mark Tollefsen.,NA,FALSE,FALSE,NA,NA,NA,NA,NA,NA,0,Gonzaga,Gonzaga,83
2014-15,2015-02-07,1474911,390,0,2,San Francisco,Gonzaga,Dons,Bulldogs,4,4,50,53,-3,1423,Gonzaga,818,818,0,Kyle Wiltjer makes free throw 1 of 1.,made,TRUE,FALSE,NA,NA,NA,NA,NA,NA,0,Gonzaga,San Francisco,83
2014-15,2015-02-07,1474911,392,0,2,San Francisco,Gonzaga,Dons,Bulldogs,4,4,53,53,0,1593,San Francisco,802,802,16,Tim Derksen makes a 3-point jump shot from 23 feet out. Kruize Pinkins with the assist.,made,FALSE,TRUE,Jump Shot,46.7,11.450000000000003,707259,Tim Derksen,Kruize Pinkins,0,San Francisco,Gonzaga,84
2014-15,2015-02-07,1474911,393,0,2,San Francisco,Gonzaga,Dons,Bulldogs,4,4,53,53,0,1423,Gonzaga,782,782,20,Kyle Wiltjer misses a 3-point jump shot from 25 feet out.,missed,FALSE,TRUE,Jump Shot,43.3,22.35,603098,Kyle Wiltjer,NA,0,Gonzaga,Gonzaga,85
2014-15,2015-02-07,1474911,394,0,2,San Francisco,Gonzaga,Dons,Bulldogs,4,4,53,53,0,1423,Gonzaga,782,782,0,Domantas Sabonis with an offensive rebound.,NA,FALSE,FALSE,NA,NA,NA,NA,NA,NA,0,Gonzaga,Gonzaga,85
2014-15,2015-02-07,1474911,397,0,2,San Francisco,Gonzaga,Dons,Bulldogs,4,4,53,55,-2,1423,Gonzaga,774,774,8,Kyle Wiltjer makes a jump shot from 4 feet out. Byron Wesley with the assist.,made,FALSE,FALSE,Jump Shot,27.6,7.75,603098,Kyle Wiltjer,Byron Wesley,0,Gonzaga,San Francisco,85
2014-15,2015-02-07,1474911,410,0,2,San Francisco,Gonzaga,Dons,Bulldogs,4,4,53,55,-2,1593,San Francisco,755,755,19,Byron Wesley steals the ball from Devin Watson.,NA,FALSE,FALSE,NA,NA,NA,NA,NA,NA,0,San Francisco,Gonzaga,86
2014-15,2015-02-07,1474911,414.5,0,2,San Francisco,Gonzaga,Dons,Bulldogs,4,4,53,55,-2,1423,Gonzaga,754,754,1,Offensive foul committed by Byron Wesley.,NA,FALSE,FALSE,NA,NA,NA,NA,NA,NA,0,Gonzaga,San Francisco,87
2014-15,2015-02-07,1474911,415.25,0,2,San Francisco,Gonzaga,Dons,Bulldogs,4,4,53,55,-2,1423,Gonzaga,754,754,0,Matt Glover steals the ball from Byron Wesley.,NA,FALSE,FALSE,NA,NA,NA,NA,NA,NA,0,Gonzaga,San Francisco,88
2014-15,2015-02-07,1474911,416,0,2,San Francisco,Gonzaga,Dons,Bulldogs,4,4,53,55,-2,1593,San Francisco,725,725,29,Przemek Karnowski steals the ball from Devin Watson.,NA,FALSE,FALSE,NA,NA,NA,NA,NA,NA,0,San Francisco,Gonzaga,89
2014-15,2015-02-07,1474911,418,0,2,San Francisco,Gonzaga,Dons,Bulldogs,4,4,53,55,-2,1423,Gonzaga,716,716,9,Offensive foul committed by Kevin Pangos.,NA,FALSE,FALSE,NA,NA,NA,NA,NA,NA,0,Gonzaga,Gonzaga,90
2014-15,2015-02-07,1474911,419,0,2,San Francisco,Gonzaga,Dons,Bulldogs,4,4,53,55,-2,1423,Gonzaga,716,716,0,Kevin Pangos with a turnover,NA,FALSE,FALSE,NA,NA,NA,NA,NA,NA,0,Gonzaga,San Francisco,90
2014-15,2015-02-07,1474911,420,0,2,San Francisco,Gonzaga,Dons,Bulldogs,4,4,53,55,-2,NA,NA,716,716,0,Official TV timeout.,NA,FALSE,FALSE,NA,NA,NA,NA,NA,NA,0,NA,NA,NA
2014-15,2015-02-07,1474911,428,0,2,San Francisco,Gonzaga,Dons,Bulldogs,4,4,55,55,0,1593,San Francisco,703,703,13,Mark Tollefsen makes a hook shot from 7 feet out. Kruize Pinkins with the assist.,made,FALSE,FALSE,Hook Shot,17.9,6.849999999999994,609580,Mark Tollefsen,Kruize Pinkins,0,San Francisco,Gonzaga,91
2014-15,2015-02-07,1474911,431,0,2,San Francisco,Gonzaga,Dons,Bulldogs,4,4,55,55,0,1423,Gonzaga,684,684,19,Przemek Karnowski misses a jump shot from 8 feet out.,missed,FALSE,FALSE,Jump Shot,18.5,9.25,711028,Przemek Karnowski,NA,0,Gonzaga,Gonzaga,92
2014-15,2015-02-07,1474911,432,0,2,San Francisco,Gonzaga,Dons,Bulldogs,4,4,55,55,0,1423,Gonzaga,684,684,0,Domantas Sabonis with an offensive rebound.,NA,FALSE,FALSE,NA,NA,NA,NA,NA,NA,0,Gonzaga,Gonzaga,92
2014-15,2015-02-07,1474911,433,0,2,San Francisco,Gonzaga,Dons,Bulldogs,4,4,55,55,0,1423,Gonzaga,669,669,15,Mark Tollefsen steals the ball from Przemek Karnowski.,NA,FALSE,FALSE,NA,NA,NA,NA,NA,NA,0,Gonzaga,San Francisco,92
2014-15,2015-02-07,1474911,434,0,2,San Francisco,Gonzaga,Dons,Bulldogs,4,4,55,55,0,1593,San Francisco,648,648,21,Mark Tollefsen misses a hook shot from 8 feet out.,missed,FALSE,FALSE,Hook Shot,18.6,9.549999999999997,609580,Mark Tollefsen,NA,0,San Francisco,San Francisco,93
2014-15,2015-02-07,1474911,435,0,2,San Francisco,Gonzaga,Dons,Bulldogs,4,4,55,55,0,1423,Gonzaga,648,648,0,Kyle Dranginis with a defensive rebound.,NA,FALSE,FALSE,NA,NA,NA,NA,NA,NA,0,San Francisco,Gonzaga,93
2014-15,2015-02-07,1474911,436,0,2,San Francisco,Gonzaga,Dons,Bulldogs,4,4,55,58,-3,1423,Gonzaga,640,640,8,Kevin Pangos makes a 3-point jump shot from 24 feet out. Byron Wesley with the assist.,made,FALSE,TRUE,Jump Shot,5.199999999999999,18.55,606932,Kevin Pangos,Byron Wesley,0,Gonzaga,San Francisco,94
2014-15,2015-02-07,1474911,439,0,2,San Francisco,Gonzaga,Dons,Bulldogs,4,4,55,58,-3,1593,San Francisco,621,621,19,Kruize Pinkins misses a jump shot from 16 feet out.,missed,FALSE,FALSE,Jump Shot,13,16.549999999999997,754081,Kruize Pinkins,NA,0,San Francisco,San Francisco,95
2014-15,2015-02-07,1474911,440,0,2,San Francisco,Gonzaga,Dons,Bulldogs,4,4,55,58,-3,1593,San Francisco,621,621,0,Tim Derksen with an offensive rebound.,NA,FALSE,FALSE,NA,NA,NA,NA,NA,NA,0,San Francisco,San Francisco,95
2014-15,2015-02-07,1474911,441,0,2,San Francisco,Gonzaga,Dons,Bulldogs,4,4,55,58,-3,1423,Gonzaga,621,621,0,Personal foul committed by Kevin Pangos.,NA,FALSE,FALSE,NA,NA,NA,NA,NA,NA,0,San Francisco,San Francisco,95
2014-15,2015-02-07,1474911,444,0,2,San Francisco,Gonzaga,Dons,Bulldogs,4,4,55,58,-3,1593,San Francisco,618,618,3,Devin Watson misses a 3-point jump shot from 22 feet out.,missed,FALSE,TRUE,Jump Shot,46.5,11.650000000000006,850334,Devin Watson,NA,0,San Francisco,San Francisco,95
2014-15,2015-02-07,1474911,445,0,2,San Francisco,Gonzaga,Dons,Bulldogs,4,4,55,58,-3,1593,San Francisco,618,618,0,Tim Derksen with an offensive rebound.,NA,FALSE,FALSE,NA,NA,NA,NA,NA,NA,0,San Francisco,San Francisco,95
2014-15,2015-02-07,1474911,446,0,2,San Francisco,Gonzaga,Dons,Bulldogs,4,4,55,58,-3,1423,Gonzaga,617,617,1,Personal foul committed by Kyle Wiltjer.,NA,FALSE,FALSE,NA,NA,NA,NA,NA,NA,0,San Francisco,San Francisco,95
2014-15,2015-02-07,1474911,450,0,2,San Francisco,Gonzaga,Dons,Bulldogs,4,4,55,58,-3,1423,Gonzaga,604,604,13,Shooting foul committed by Przemek Karnowski.,NA,FALSE,FALSE,NA,NA,NA,NA,NA,NA,0,San Francisco,San Francisco,95
2014-15,2015-02-07,1474911,451,0,2,San Francisco,Gonzaga,Dons,Bulldogs,4,4,56,58,-2,1593,San Francisco,604,604,0,Kruize Pinkins makes free throw 1 of 2.,made,TRUE,FALSE,NA,NA,NA,NA,NA,NA,0,San Francisco,San Francisco,95
2014-15,2015-02-07,1474911,452,0,2,San Francisco,Gonzaga,Dons,Bulldogs,4,4,56,58,-2,1593,San Francisco,604,604,0,Kruize Pinkins misses free throw 2 of 2.,missed,TRUE,FALSE,NA,NA,NA,NA,NA,NA,0,San Francisco,San Francisco,95
2014-15,2015-02-07,1474911,453,0,2,San Francisco,Gonzaga,Dons,Bulldogs,4,4,56,58,-2,1423,Gonzaga,604,604,0,Przemek Karnowski with a defensive rebound.,NA,FALSE,FALSE,NA,NA,NA,NA,NA,NA,0,San Francisco,Gonzaga,95
2014-15,2015-02-07,1474911,458,0,2,San Francisco,Gonzaga,Dons,Bulldogs,4,4,56,58,-2,1593,San Francisco,589,589,15,Personal foul committed by Kruize Pinkins.,NA,FALSE,FALSE,NA,NA,NA,NA,NA,NA,0,Gonzaga,Gonzaga,96
2014-15,2015-02-07,1474911,460,0,2,San Francisco,Gonzaga,Dons,Bulldogs,4,4,56,61,-5,1423,Gonzaga,584,584,5,Kyle Wiltjer makes a 3-point jump shot from 22 feet out. Kyle Dranginis with the assist.,made,FALSE,TRUE,Jump Shot,3.6999999999999993,11.75,603098,Kyle Wiltjer,Kyle Dranginis,0,Gonzaga,San Francisco,96
2014-15,2015-02-07,1474911,461,0,2,San Francisco,Gonzaga,Dons,Bulldogs,4,4,56,61,-5,1593,San Francisco,561,561,23,Kruize Pinkins misses a jump shot from 13 feet out.,missed,FALSE,FALSE,Jump Shot,37.7,6.150000000000006,754081,Kruize Pinkins,NA,0,San Francisco,San Francisco,97
2014-15,2015-02-07,1474911,462,0,2,San Francisco,Gonzaga,Dons,Bulldogs,4,4,56,61,-5,1423,Gonzaga,561,561,0,Kyle Wiltjer with a defensive rebound.,NA,FALSE,FALSE,NA,NA,NA,NA,NA,NA,0,San Francisco,Gonzaga,97
2014-15,2015-02-07,1474911,464,0,2,San Francisco,Gonzaga,Dons,Bulldogs,4,4,56,63,-7,1423,Gonzaga,551,551,10,Przemek Karnowski makes a jump shot from 4 feet out. Kyle Wiltjer with the assist.,made,FALSE,FALSE,Jump Shot,21.3,6.85,711028,Przemek Karnowski,Kyle Wiltjer,0,Gonzaga,San Francisco,98
2014-15,2015-02-07,1474911,466,0,2,San Francisco,Gonzaga,Dons,Bulldogs,3,4,56,63,-7,1593,San Francisco,550,550,1,Dons take a 30-second timeout.,NA,FALSE,FALSE,NA,NA,NA,NA,NA,NA,0,NA,NA,NA
2014-15,2015-02-07,1474911,471,0,2,San Francisco,Gonzaga,Dons,Bulldogs,3,4,56,63,-7,1593,San Francisco,533,533,17,Kruize Pinkins with a turnover - 3 Second,NA,FALSE,FALSE,NA,NA,NA,NA,NA,NA,0,San Francisco,Gonzaga,99
2014-15,2015-02-07,1474911,473,0,2,San Francisco,Gonzaga,Dons,Bulldogs,3,4,56,66,-10,1423,Gonzaga,510,510,23,Kyle Wiltjer makes a 3-point jump shot from 23 feet out.,made,FALSE,TRUE,Jump Shot,7.399999999999999,19.95,603098,Kyle Wiltjer,NA,0,Gonzaga,San Francisco,100
2014-15,2015-02-07,1474911,474,0,2,San Francisco,Gonzaga,Dons,Bulldogs,3,4,59,66,-7,1593,San Francisco,475,475,35,Devin Watson makes a 3-point jump shot from 23 feet out. Matt Glover with the assist.,made,FALSE,TRUE,Jump Shot,36.5,24.75,850334,Devin Watson,Matt Glover,0,San Francisco,Gonzaga,101
2014-15,2015-02-07,1474911,475,0,2,San Francisco,Gonzaga,Dons,Bulldogs,3,4,59,66,-7,1423,Gonzaga,455,455,20,Kyle Wiltjer misses a 3-point jump shot from 24 feet out.,missed,FALSE,TRUE,Jump Shot,6.699999999999999,21.35,603098,Kyle Wiltjer,NA,0,Gonzaga,Gonzaga,102
2014-15,2015-02-07,1474911,476,0,2,San Francisco,Gonzaga,Dons,Bulldogs,3,4,59,66,-7,1593,San Francisco,455,455,0,Mark Tollefsen with a defensive rebound.,NA,FALSE,FALSE,NA,NA,NA,NA,NA,NA,0,Gonzaga,San Francisco,102
2014-15,2015-02-07,1474911,477,0,2,San Francisco,Gonzaga,Dons,Bulldogs,3,4,59,66,-7,1593,San Francisco,420,420,35,Matt Christiansen misses a jump shot from 7 feet out.,missed,FALSE,FALSE,Jump Shot,25.4,12.650000000000006,707246,Matt Christiansen,NA,0,San Francisco,San Francisco,103
2014-15,2015-02-07,1474911,478,0,2,San Francisco,Gonzaga,Dons,Bulldogs,3,4,59,66,-7,1423,Gonzaga,420,420,0,Kyle Wiltjer with a defensive rebound.,NA,FALSE,FALSE,NA,NA,NA,NA,NA,NA,0,San Francisco,Gonzaga,103
2014-15,2015-02-07,1474911,480,0,2,San Francisco,Gonzaga,Dons,Bulldogs,3,4,59,66,-7,1593,San Francisco,400,400,20,Personal foul committed by Matt Christiansen.,NA,FALSE,FALSE,NA,NA,NA,NA,NA,NA,0,Gonzaga,Gonzaga,104
2014-15,2015-02-07,1474911,481,0,2,San Francisco,Gonzaga,Dons,Bulldogs,3,4,59,66,-7,NA,NA,400,400,0,Official TV timeout.,NA,FALSE,FALSE,NA,NA,NA,NA,NA,NA,0,NA,NA,NA
2014-15,2015-02-07,1474911,482,0,2,San Francisco,Gonzaga,Dons,Bulldogs,3,4,59,66,-7,1423,Gonzaga,400,400,0,Przemek Karnowski misses free throw 1st of 1-and-1.,missed,TRUE,FALSE,NA,NA,NA,NA,NA,NA,0,Gonzaga,Gonzaga,104
2014-15,2015-02-07,1474911,483,0,2,San Francisco,Gonzaga,Dons,Bulldogs,3,4,59,66,-7,1593,San Francisco,400,400,0,Mark Tollefsen with a defensive rebound.,NA,FALSE,FALSE,NA,NA,NA,NA,NA,NA,0,Gonzaga,San Francisco,104
2014-15,2015-02-07,1474911,489,0,2,San Francisco,Gonzaga,Dons,Bulldogs,3,4,59,66,-7,1423,Gonzaga,377,377,23,Personal foul committed by Kyle Dranginis.,NA,FALSE,FALSE,NA,NA,NA,NA,NA,NA,0,San Francisco,San Francisco,105
2014-15,2015-02-07,1474911,490,0,2,San Francisco,Gonzaga,Dons,Bulldogs,3,4,59,66,-7,1593,San Francisco,377,377,0,Kruize Pinkins misses free throw 1 of 2.,missed,TRUE,FALSE,NA,NA,NA,NA,NA,NA,0,San Francisco,San Francisco,105
2014-15,2015-02-07,1474911,492,0,2,San Francisco,Gonzaga,Dons,Bulldogs,3,4,60,66,-6,1593,San Francisco,377,377,0,Kruize Pinkins makes free throw 2 of 2.,made,TRUE,FALSE,NA,NA,NA,NA,NA,NA,0,San Francisco,Gonzaga,105
2014-15,2015-02-07,1474911,497,0,2,San Francisco,Gonzaga,Dons,Bulldogs,3,4,60,66,-6,1423,Gonzaga,369,369,8,Domantas Sabonis misses a jump shot from 6 feet out.,missed,FALSE,FALSE,Jump Shot,20.8,9.25,850111,Domantas Sabonis,NA,0,Gonzaga,Gonzaga,106
2014-15,2015-02-07,1474911,498,0,2,San Francisco,Gonzaga,Dons,Bulldogs,3,4,60,66,-6,1423,Gonzaga,369,369,0,Kyle Dranginis with an offensive rebound.,NA,FALSE,FALSE,NA,NA,NA,NA,NA,NA,0,Gonzaga,Gonzaga,106
2014-15,2015-02-07,1474911,501,0,2,San Francisco,Gonzaga,Dons,Bulldogs,3,3,60,66,-6,1423,Gonzaga,366,366,3,Bulldogs take a 30-second timeout.,NA,FALSE,FALSE,NA,NA,NA,NA,NA,NA,0,NA,NA,NA
2014-15,2015-02-07,1474911,506,0,2,San Francisco,Gonzaga,Dons,Bulldogs,3,3,60,66,-6,1423,Gonzaga,360,360,6,Offensive foul committed by Domantas Sabonis.,NA,FALSE,FALSE,NA,NA,NA,NA,NA,NA,0,Gonzaga,Gonzaga,106
2014-15,2015-02-07,1474911,507,0,2,San Francisco,Gonzaga,Dons,Bulldogs,3,3,60,66,-6,1423,Gonzaga,360,360,0,Domantas Sabonis with a turnover,NA,FALSE,FALSE,NA,NA,NA,NA,NA,NA,0,Gonzaga,San Francisco,106
2014-15,2015-02-07,1474911,511,0,2,San Francisco,Gonzaga,Dons,Bulldogs,3,3,63,66,-3,1593,San Francisco,342,342,18,Chris Adams makes a 3-point jump shot from 25 feet out. Devin Watson with the assist.,made,FALSE,TRUE,Jump Shot,32.1,28.75,609579,Chris Adams,Devin Watson,0,San Francisco,Gonzaga,107
2014-15,2015-02-07,1474911,512,0,2,San Francisco,Gonzaga,Dons,Bulldogs,3,3,63,66,-3,1423,Gonzaga,319,319,23,Kevin Pangos misses a 3-point jump shot from 22 feet out.,missed,FALSE,TRUE,Jump Shot,3.6999999999999993,12.25,606932,Kevin Pangos,NA,0,Gonzaga,Gonzaga,108
2014-15,2015-02-07,1474911,513,0,2,San Francisco,Gonzaga,Dons,Bulldogs,3,3,63,66,-3,1593,San Francisco,319,319,0,Chris Adams with a defensive rebound.,NA,FALSE,FALSE,NA,NA,NA,NA,NA,NA,0,Gonzaga,San Francisco,108
2014-15,2015-02-07,1474911,514,0,2,San Francisco,Gonzaga,Dons,Bulldogs,3,3,63,66,-3,1593,San Francisco,296,296,23,Devin Watson misses a 3-point jump shot from 25 feet out.,missed,FALSE,TRUE,Jump Shot,37.5,27.450000000000003,850334,Devin Watson,NA,0,San Francisco,San Francisco,109
2014-15,2015-02-07,1474911,515,0,2,San Francisco,Gonzaga,Dons,Bulldogs,3,3,63,66,-3,1423,Gonzaga,296,296,0,Kyle Wiltjer with a defensive rebound.,NA,FALSE,FALSE,NA,NA,NA,NA,NA,NA,0,San Francisco,Gonzaga,109
2014-15,2015-02-07,1474911,516,0,2,San Francisco,Gonzaga,Dons,Bulldogs,3,3,63,68,-5,1423,Gonzaga,270,270,26,Byron Wesley makes a jump shot from 17 feet out. Gary Bell Jr. with the assist.,made,FALSE,FALSE,Jump Shot,16.8,19.65,606655,Byron Wesley,Gary Bell Jr.,0,Gonzaga,San Francisco,110
2014-15,2015-02-07,1474911,518,0,2,San Francisco,Gonzaga,Dons,Bulldogs,3,3,65,68,-3,1593,San Francisco,246,246,24,Corey Hilliard makes a jump shot from 15 feet out.,made,FALSE,FALSE,Jump Shot,31.4,18.450000000000003,607492,Corey Hilliard,NA,0,San Francisco,Gonzaga,111
2014-15,2015-02-07,1474911,519,0,2,San Francisco,Gonzaga,Dons,Bulldogs,2,3,65,68,-3,1593,San Francisco,245,245,1,Dons take a 30-second timeout.,NA,FALSE,FALSE,NA,NA,NA,NA,NA,NA,0,NA,NA,NA
2014-15,2015-02-07,1474911,526,0,2,San Francisco,Gonzaga,Dons,Bulldogs,2,2,65,68,-3,1423,Gonzaga,236,236,9,Bulldogs take a 30-second timeout.,NA,FALSE,FALSE,NA,NA,NA,NA,NA,NA,0,NA,NA,NA
2014-15,2015-02-07,1474911,527,0,2,San Francisco,Gonzaga,Dons,Bulldogs,2,1,65,68,-3,1423,Gonzaga,236,236,0,Bulldogs take a 30-second timeout.,NA,FALSE,FALSE,NA,NA,NA,NA,NA,NA,0,NA,NA,NA
2014-15,2015-02-07,1474911,530,0,2,San Francisco,Gonzaga,Dons,Bulldogs,2,1,65,68,-3,1593,San Francisco,220,220,16,Personal foul committed by Tim Derksen.,NA,FALSE,FALSE,NA,NA,NA,NA,NA,NA,0,Gonzaga,Gonzaga,112
2014-15,2015-02-07,1474911,531,0,2,San Francisco,Gonzaga,Dons,Bulldogs,2,1,65,68,-3,NA,NA,220,220,0,Official TV timeout.,NA,FALSE,FALSE,NA,NA,NA,NA,NA,NA,0,NA,NA,NA
2014-15,2015-02-07,1474911,532,0,2,San Francisco,Gonzaga,Dons,Bulldogs,2,1,65,69,-4,1423,Gonzaga,220,220,0,Gary Bell Jr. makes free throw 1st of 1-and-1.,made,TRUE,FALSE,NA,NA,NA,NA,NA,NA,0,Gonzaga,Gonzaga,112
2014-15,2015-02-07,1474911,533,0,2,San Francisco,Gonzaga,Dons,Bulldogs,2,1,65,69,-4,1423,Gonzaga,220,220,0,Gary Bell Jr. misses free throw 2nd of 1-and-1.,missed,TRUE,FALSE,NA,NA,NA,NA,NA,NA,0,Gonzaga,Gonzaga,112
2014-15,2015-02-07,1474911,534,0,2,San Francisco,Gonzaga,Dons,Bulldogs,2,1,65,69,-4,1423,Gonzaga,220,220,0,Domantas Sabonis with an offensive rebound.,NA,FALSE,FALSE,NA,NA,NA,NA,NA,NA,0,Gonzaga,Gonzaga,112
2014-15,2015-02-07,1474911,543,0,2,San Francisco,Gonzaga,Dons,Bulldogs,2,1,65,69,-4,1593,San Francisco,191,191,29,Personal foul committed by Corey Hilliard.,NA,FALSE,FALSE,NA,NA,NA,NA,NA,NA,0,Gonzaga,Gonzaga,112
2014-15,2015-02-07,1474911,544,0,2,San Francisco,Gonzaga,Dons,Bulldogs,2,1,65,70,-5,1423,Gonzaga,191,191,0,Byron Wesley makes free throw 1st of 1-and-1.,made,TRUE,FALSE,NA,NA,NA,NA,NA,NA,0,Gonzaga,Gonzaga,112
2014-15,2015-02-07,1474911,545,0,2,San Francisco,Gonzaga,Dons,Bulldogs,2,1,65,71,-6,1423,Gonzaga,191,191,0,Byron Wesley makes free throw 2nd of 1-and-1.,made,TRUE,FALSE,NA,NA,NA,NA,NA,NA,0,Gonzaga,San Francisco,112
2014-15,2015-02-07,1474911,547,0,2,San Francisco,Gonzaga,Dons,Bulldogs,2,1,65,71,-6,1593,San Francisco,168,168,23,Kruize Pinkins misses a jump shot from 14 feet out.,missed,FALSE,FALSE,Jump Shot,35.6,13.950000000000003,754081,Kruize Pinkins,NA,0,San Francisco,San Francisco,113
2014-15,2015-02-07,1474911,548,0,2,San Francisco,Gonzaga,Dons,Bulldogs,2,1,65,71,-6,1423,Gonzaga,168,168,0,Kyle Wiltjer with a defensive rebound.,NA,FALSE,FALSE,NA,NA,NA,NA,NA,NA,0,San Francisco,Gonzaga,113
2014-15,2015-02-07,1474911,549,0,2,San Francisco,Gonzaga,Dons,Bulldogs,2,1,65,71,-6,1423,Gonzaga,151,151,17,Gary Bell Jr. misses a 3-point jump shot from 22 feet out.,missed,FALSE,TRUE,Jump Shot,45.5,13.35,606933,Gary Bell Jr.,NA,0,Gonzaga,Gonzaga,114
2014-15,2015-02-07,1474911,550,0,2,San Francisco,Gonzaga,Dons,Bulldogs,2,1,65,71,-6,1423,Gonzaga,151,151,0,Byron Wesley with an offensive rebound.,NA,FALSE,FALSE,NA,NA,NA,NA,NA,NA,0,Gonzaga,Gonzaga,114
2014-15,2015-02-07,1474911,553,0,2,San Francisco,Gonzaga,Dons,Bulldogs,2,1,65,71,-6,1593,San Francisco,123,123,28,Shooting foul committed by Kruize Pinkins.,NA,FALSE,FALSE,NA,NA,NA,NA,NA,NA,0,Gonzaga,Gonzaga,114
2014-15,2015-02-07,1474911,554,0,2,San Francisco,Gonzaga,Dons,Bulldogs,2,1,65,72,-7,1423,Gonzaga,123,123,0,Kyle Wiltjer makes free throw 1 of 2.,made,TRUE,FALSE,NA,NA,NA,NA,NA,NA,0,Gonzaga,Gonzaga,114
2014-15,2015-02-07,1474911,555,0,2,San Francisco,Gonzaga,Dons,Bulldogs,2,1,65,73,-8,1423,Gonzaga,123,123,0,Kyle Wiltjer makes free throw 2 of 2.,made,TRUE,FALSE,NA,NA,NA,NA,NA,NA,0,Gonzaga,San Francisco,114
2014-15,2015-02-07,1474911,558,0,2,San Francisco,Gonzaga,Dons,Bulldogs,2,1,68,73,-5,1593,San Francisco,100,100,23,Mark Tollefsen makes a 3-point jump shot from 21 feet out. Corey Hilliard with the assist.,made,FALSE,TRUE,Jump Shot,3.799999999999997,7.150000000000006,609580,Mark Tollefsen,Corey Hilliard,0,San Francisco,Gonzaga,115
2014-15,2015-02-07,1474911,559,0,2,San Francisco,Gonzaga,Dons,Bulldogs,1,1,68,73,-5,1593,San Francisco,99,99,1,Dons take a 30-second timeout.,NA,FALSE,FALSE,NA,NA,NA,NA,NA,NA,0,NA,NA,NA
2014-15,2015-02-07,1474911,560,0,2,San Francisco,Gonzaga,Dons,Bulldogs,1,1,68,73,-5,1593,San Francisco,99,99,0,Technical foul committed by Matt Glover.,NA,FALSE,FALSE,NA,NA,NA,NA,NA,NA,0,Gonzaga,Gonzaga,116
2014-15,2015-02-07,1474911,561,0,2,San Francisco,Gonzaga,Dons,Bulldogs,1,1,68,74,-6,1423,Gonzaga,99,99,0,Kevin Pangos makes free throw technical.,made,TRUE,FALSE,NA,NA,NA,NA,NA,NA,0,Gonzaga,Gonzaga,116
2014-15,2015-02-07,1474911,562,0,2,San Francisco,Gonzaga,Dons,Bulldogs,1,1,68,75,-7,1423,Gonzaga,99,99,0,Kevin Pangos makes free throw technical.,made,TRUE,FALSE,NA,NA,NA,NA,NA,NA,0,Gonzaga,Gonzaga,116
2014-15,2015-02-07,1474911,564,0,2,San Francisco,Gonzaga,Dons,Bulldogs,1,1,68,77,-9,1423,Gonzaga,70,70,29,Kyle Wiltjer makes a jump shot from 8 feet out.,made,FALSE,FALSE,Jump Shot,20,11.65,603098,Kyle Wiltjer,NA,0,Gonzaga,San Francisco,116
2014-15,2015-02-07,1474911,567,0,2,San Francisco,Gonzaga,Dons,Bulldogs,1,1,68,77,-9,1593,San Francisco,51,51,19,Mark Tollefsen misses a jump shot from 15 feet out.,missed,FALSE,FALSE,Jump Shot,34,17.25,609580,Mark Tollefsen,NA,0,San Francisco,San Francisco,117
2014-15,2015-02-07,1474911,568,0,2,San Francisco,Gonzaga,Dons,Bulldogs,1,1,68,77,-9,1423,Gonzaga,51,51,0,Kevin Pangos with a defensive rebound.,NA,FALSE,FALSE,NA,NA,NA,NA,NA,NA,0,San Francisco,Gonzaga,117
2014-15,2015-02-07,1474911,570,0,2,San Francisco,Gonzaga,Dons,Bulldogs,1,1,68,79,-11,1423,Gonzaga,40,40,11,Eric McClellan dunks. Kevin Pangos with the assist.,made,FALSE,FALSE,Dunk Shot,25,5.25,609873,Eric McClellan,Kevin Pangos,0,Gonzaga,San Francisco,118
2014-15,2015-02-07,1474911,575,0,2,San Francisco,Gonzaga,Dons,Bulldogs,1,1,68,79,-11,1593,San Francisco,31,31,9,Corey Hilliard misses a layup.,missed,FALSE,FALSE,Layup Shot,26,6.25,607492,Corey Hilliard,NA,0,San Francisco,San Francisco,119
2014-15,2015-02-07,1474911,576,0,2,San Francisco,Gonzaga,Dons,Bulldogs,1,1,68,79,-11,1423,Gonzaga,31,31,0,Kyle Dranginis with a defensive rebound.,NA,FALSE,FALSE,NA,NA,NA,NA,NA,NA,0,San Francisco,Gonzaga,119
2014-15,2015-02-07,1474911,577,0,2,San Francisco,Gonzaga,Dons,Bulldogs,1,1,68,79,-11,1593,San Francisco,31,31,0,Personal foul committed by Corey Hilliard.,NA,FALSE,FALSE,NA,NA,NA,NA,NA,NA,0,Gonzaga,Gonzaga,120
2014-15,2015-02-07,1474911,578,0,2,San Francisco,Gonzaga,Dons,Bulldogs,1,1,68,80,-12,1423,Gonzaga,31,31,0,Kevin Pangos makes free throw 1 of 2.,made,TRUE,FALSE,NA,NA,NA,NA,NA,NA,0,Gonzaga,Gonzaga,120
2014-15,2015-02-07,1474911,579,0,2,San Francisco,Gonzaga,Dons,Bulldogs,1,1,68,81,-13,1423,Gonzaga,31,31,0,Kevin Pangos makes free throw 2 of 2.,made,TRUE,FALSE,NA,NA,NA,NA,NA,NA,0,Gonzaga,San Francisco,120
2014-15,2015-02-07,1474911,584,0,2,San Francisco,Gonzaga,Dons,Bulldogs,1,1,68,81,-13,1423,Gonzaga,28,28,3,Shooting foul committed by Eric McClellan.,NA,FALSE,FALSE,NA,NA,NA,NA,NA,NA,0,San Francisco,San Francisco,121
2014-15,2015-02-07,1474911,585,0,2,San Francisco,Gonzaga,Dons,Bulldogs,1,1,69,81,-12,1593,San Francisco,28,28,0,Devin Watson makes free throw 1 of 2.,made,TRUE,FALSE,NA,NA,NA,NA,NA,NA,0,San Francisco,San Francisco,121
2014-15,2015-02-07,1474911,586,0,2,San Francisco,Gonzaga,Dons,Bulldogs,1,1,70,81,-11,1593,San Francisco,28,28,0,Devin Watson makes free throw 2 of 2.,made,TRUE,FALSE,NA,NA,NA,NA,NA,NA,0,San Francisco,Gonzaga,121
2014-15,2015-02-07,1474911,588,0,2,San Francisco,Gonzaga,Dons,Bulldogs,1,1,70,81,-11,1423,Gonzaga,23,23,5,Tim Derksen steals the ball from Kevin Pangos.,NA,FALSE,FALSE,NA,NA,NA,NA,NA,NA,0,Gonzaga,San Francisco,122
2014-15,2015-02-07,1474911,592,0,2,San Francisco,Gonzaga,Dons,Bulldogs,1,1,70,81,-11,1593,San Francisco,20,20,3,Offensive foul committed by Tim Derksen.,NA,FALSE,FALSE,NA,NA,NA,NA,NA,NA,0,San Francisco,San Francisco,123
2014-15,2015-02-07,1474911,593,0,2,San Francisco,Gonzaga,Dons,Bulldogs,1,1,70,81,-11,1593,San Francisco,20,20,0,Tim Derksen with a turnover,NA,FALSE,FALSE,NA,NA,NA,NA,NA,NA,0,San Francisco,Gonzaga,123
2014-15,2015-02-07,1474911,595,0,2,San Francisco,Gonzaga,Dons,Bulldogs,1,1,70,81,-11,NA,NA,0,0,20,End of the 2nd Half,NA,FALSE,FALSE,NA,NA,NA,NA,NA,NA,0,NA,NA,NA
2014-15,2015-02-07,1474911,596,0,2,San Francisco,Gonzaga,Dons,Bulldogs,1,1,70,81,-11,NA,NA,0,0,0,End of the Game,NA,FALSE,FALSE,NA,NA,NA,NA,NA,NA,0,Gonzaga,Gonzaga,NA
