season,date,game_id,play_id,neutral,half,home,away,home_name,away_name,home_timeouts,away_timeouts,home_score,away_score,score_diff,team_id,event_team,game_secs_remaining,half_secs_remaining,play_length,desc,shot_outcome,free_throw,three_pt,shot_desc,loc_x,loc_y,shooter_id,shooter,assist,substitution,poss_before,poss_after,poss_number
2014-15,2014-12-29,1479140,1,0,1,Florida A&M,FIU,Rattlers,Golden Panthers,4,4,0,0,0,1408,Florida A&M,NA,NA,NA,Starting Lineup - Quentin Bastian,NA,FALSE,FALSE,NA,NA,NA,NA,NA,NA,1,NA,NA,NA
2014-15,2014-12-29,1479140,1,0,1,Florida A&M,FIU,Rattlers,Golden Panthers,4,4,0,0,0,1409,FIU,NA,NA,NA,Starting Lineup - Adrian Diaz,NA,FALSE,FALSE,NA,NA,NA,NA,NA,NA,1,NA,NA,NA
2014-15,2014-12-29,1479140,1,0,1,Florida A&M,FIU,Rattlers,Golden Panthers,4,4,0,0,0,1409,FIU,NA,NA,NA,Starting Lineup - Jason Boswell,NA,FALSE,FALSE,NA,NA,NA,NA,NA,NA,1,NA,NA,NA
2014-15,2014-12-29,1479140,1,0,1,Florida A&M,FIU,Rattlers,Golden Panthers,4,4,0,0,0,1409,FIU,NA,NA,NA,Starting Lineup - Tashawn Desir,NA,FALSE,FALSE,NA,NA,NA,NA,NA,NA,1,NA,NA,NA
2014-15,2014-12-29,1479140,1,0,1,Florida A&M,FIU,Rattlers,Golden Panthers,4,4,0,0,0,1409,FIU,NA,NA,NA,Starting Lineup - Larry Dennis,NA,FALSE,FALSE,NA,NA,NA,NA,NA,NA,1,NA,NA,NA
2014-15,2014-12-29,1479140,1,0,1,Florida A&M,FIU,Rattlers,Golden Panthers,4,4,0,0,0,1408,Florida A&M,NA,NA,NA,Starting Lineup - Craig Bowman,NA,FALSE,FALSE,NA,NA,NA,NA,NA,NA,1,NA,NA,NA
2014-15,2014-12-29,1479140,1,0,1,Florida A&M,FIU,Rattlers,Golden Panthers,4,4,0,0,0,1408,Florida A&M,NA,NA,NA,Starting Lineup - Jerran Foster,NA,FALSE,FALSE,NA,NA,NA,NA,NA,NA,1,NA,NA,NA
2014-15,2014-12-29,1479140,1,0,1,Florida A&M,FIU,Rattlers,Golden Panthers,4,4,0,0,0,1408,Florida A&M,NA,NA,NA,Starting Lineup - Jordan Jackson,NA,FALSE,FALSE,NA,NA,NA,NA,NA,NA,1,NA,NA,NA
2014-15,2014-12-29,1479140,1,0,1,Florida A&M,FIU,Rattlers,Golden Panthers,4,4,0,0,0,1408,Florida A&M,NA,NA,NA,Starting Lineup - Mario Karailiev,NA,FALSE,FALSE,NA,NA,NA,NA,NA,NA,1,NA,NA,NA
2014-15,2014-12-29,1479140,1,0,1,Florida A&M,FIU,Rattlers,Golden Panthers,4,4,0,0,0,1409,FIU,NA,NA,NA,Starting Lineup - Daviyon Draper,NA,FALSE,FALSE,NA,NA,NA,NA,NA,NA,1,NA,NA,NA
2014-15,2014-12-29,1479140,2,0,1,Florida A&M,FIU,Rattlers,Golden Panthers,4,4,0,0,0,NA,NA,2400,1200,NA,Start of the 1st Half,NA,FALSE,FALSE,NA,NA,NA,NA,NA,NA,0,NA,FIU,1
2014-15,2014-12-29,1479140,16,0,1,Florida A&M,FIU,Rattlers,Golden Panthers,4,4,0,2,-2,1409,FIU,2312,1112,88,Anthony Boswell makes a jump shot from 18 feet out.,made,FALSE,FALSE,Jump Shot,11.8,17.05,793489,Anthony Boswell,NA,0,FIU,Florida A&M,1
2014-15,2014-12-29,1479140,18,0,1,Florida A&M,FIU,Rattlers,Golden Panthers,4,4,2,2,0,1408,Florida A&M,2297,1097,15,Craig Bowman makes a jump shot from 17 feet out.,made,FALSE,FALSE,Jump Shot,36.5,17.75,853552,Craig Bowman,NA,0,Florida A&M,FIU,2
2014-15,2014-12-29,1479140,19,0,1,Florida A&M,FIU,Rattlers,Golden Panthers,4,4,2,5,-3,1409,FIU,2289,1089,8,Anthony Boswell makes a 3-point jump shot from 25 feet out.,made,FALSE,TRUE,Jump Shot,3.5,17.45,793489,Anthony Boswell,NA,0,FIU,Florida A&M,3
2014-15,2014-12-29,1479140,20,0,1,Florida A&M,FIU,Rattlers,Golden Panthers,4,4,2,5,-3,1408,Florida A&M,2283,1083,6,Jerran Foster misses a jump shot from 18 feet out.,missed,FALSE,FALSE,Jump Shot,37.5,17.950000000000003,853557,Jerran Foster,NA,0,Florida A&M,Florida A&M,4
2014-15,2014-12-29,1479140,21,0,1,Florida A&M,FIU,Rattlers,Golden Panthers,4,4,4,5,-1,1408,Florida A&M,2277,1077,6,Quentin Bastian makes a jump shot from 17 feet out.,made,FALSE,FALSE,Jump Shot,37.8,15.650000000000006,579927,Quentin Bastian,NA,0,Florida A&M,FIU,4
2014-15,2014-12-29,1479140,24,0,1,Florida A&M,FIU,Rattlers,Golden Panthers,4,4,4,7,-3,1409,FIU,2258,1058,19,Tashawn Desir makes a jump shot from 16 feet out.,made,FALSE,FALSE,Jump Shot,12.7,16.25,846609,Tashawn Desir,NA,0,FIU,Florida A&M,5
2014-15,2014-12-29,1479140,28,0,1,Florida A&M,FIU,Rattlers,Golden Panthers,4,4,4,10,-6,1409,FIU,2235,1035,23,Adrian Diaz makes a 3-point jump shot from 23 feet out.,made,FALSE,TRUE,Jump Shot,4.5,16.25,601507,Adrian Diaz,NA,0,FIU,Florida A&M,6
2014-15,2014-12-29,1479140,31,0,1,Florida A&M,FIU,Rattlers,Golden Panthers,4,4,7,10,-3,1408,Florida A&M,2213,1013,22,Jordan Jackson makes a 3-point jump shot from 24 feet out.,made,FALSE,TRUE,Jump Shot,44.1,19.450000000000003,853559,Jordan Jackson,NA,0,Florida A&M,FIU,7
2014-15,2014-12-29,1479140,32,0,1,Florida A&M,FIU,Rattlers,Golden Panthers,4,4,7,12,-5,1409,FIU,2201,1001,12,Larry Dennis makes a jump shot from 17 feet out.,made,FALSE,FALSE,Jump Shot,10.5,13.35,846611,Larry Dennis,NA,0,FIU,Florida A&M,8
2014-15,2014-12-29,1479140,33,0,1,Florida A&M,FIU,Rattlers,Golden Panthers,4,4,7,14,-7,1409,FIU,2197,997,4,Adrian Diaz makes a jump shot from 16 feet out.,made,FALSE,FALSE,Jump Shot,12.3,15.05,601507,Adrian Diaz,NA,0,FIU,Florida A&M,9
2014-15,2014-12-29,1479140,79,0,1,Florida A&M,FIU,Rattlers,Golden Panthers,4,4,10,14,-4,1408,Florida A&M,1871,671,326,Jerran Foster makes a 3-point jump shot from 23 feet out.,made,FALSE,TRUE,Jump Shot,44.5,17.950000000000003,853557,Jerran Foster,NA,0,Florida A&M,FIU,10
2014-15,2014-12-29,1479140,81,0,1,Florida A&M,FIU,Rattlers,Golden Panthers,4,4,13,14,-1,1408,Florida A&M,1865,665,6,Jerran Foster makes a 3-point jump shot from 24 feet out.,made,FALSE,TRUE,Jump Shot,46.2,17.450000000000003,853557,Jerran Foster,NA,0,Florida A&M,FIU,11
2014-15,2014-12-29,1479140,85,0,1,Florida A&M,FIU,Rattlers,Golden Panthers,4,4,13,17,-4,1409,FIU,1827,627,38,Anthony Boswell makes a 3-point jump shot from 24 feet out.,made,FALSE,TRUE,Jump Shot,4.199999999999999,16.75,793489,Anthony Boswell,NA,0,FIU,Florida A&M,12
2014-15,2014-12-29,1479140,86,0,1,Florida A&M,FIU,Rattlers,Golden Panthers,4,4,13,19,-6,1409,FIU,1822,622,5,Tashawn Desir makes a jump shot from 14 feet out.,made,FALSE,FALSE,Jump Shot,26.1,19.65,846609,Tashawn Desir,NA,0,FIU,Florida A&M,13
2014-15,2014-12-29,1479140,114,0,1,Florida A&M,FIU,Rattlers,Golden Panthers,4,4,14,19,-5,1408,Florida A&M,1591,391,231,Johnathan Spicer makes free throw 1 of 1.,made,TRUE,FALSE,NA,NA,NA,NA,NA,NA,0,Florida A&M,FIU,14
2014-15,2014-12-29,1479140,117,0,1,Florida A&M,FIU,Rattlers,Golden Panthers,4,4,16,19,-3,1408,Florida A&M,1589,389,2,Johnathan Spicer makes a layup.,made,FALSE,FALSE,Layup Shot,25,5.25,853579,Johnathan Spicer,NA,0,Florida A&M,FIU,15
2014-15,2014-12-29,1479140,124,0,1,Florida A&M,FIU,Rattlers,Golden Panthers,4,4,16,21,-5,1409,FIU,1544,344,45,Dennis Mavin makes a jump shot from 16 feet out.,made,FALSE,FALSE,Jump Shot,12.3,14.55,567439,Dennis Mavin,NA,0,FIU,Florida A&M,16
2014-15,2014-12-29,1479140,125,0,1,Florida A&M,FIU,Rattlers,Golden Panthers,4,4,16,23,-7,1409,FIU,1537,337,7,Dennis Mavin makes a jump shot from 16 feet out.,made,FALSE,FALSE,Jump Shot,11,12.95,567439,Dennis Mavin,NA,0,FIU,Florida A&M,17
2014-15,2014-12-29,1479140,126,0,1,Florida A&M,FIU,Rattlers,Golden Panthers,4,4,16,25,-9,1409,FIU,1533,333,4,Dennis Mavin makes a jump shot from 15 feet out.,made,FALSE,FALSE,Jump Shot,12.7,13.45,567439,Dennis Mavin,NA,0,FIU,Florida A&M,18
2014-15,2014-12-29,1479140,150,0,1,Florida A&M,FIU,Rattlers,Golden Panthers,4,4,16,27,-11,1409,FIU,1363,163,170,Larry Dennis makes a jump shot from 17 feet out.,made,FALSE,FALSE,Jump Shot,9.6,12.45,846611,Larry Dennis,NA,0,FIU,Florida A&M,19
2014-15,2014-12-29,1479140,151,0,1,Florida A&M,FIU,Rattlers,Golden Panthers,4,4,16,29,-13,1409,FIU,1358,158,5,Larry Dennis makes a jump shot from 17 feet out.,made,FALSE,FALSE,Jump Shot,10.1,14.35,846611,Larry Dennis,NA,0,FIU,Florida A&M,20
2014-15,2014-12-29,1479140,152,0,1,Florida A&M,FIU,Rattlers,Golden Panthers,4,4,16,31,-15,1409,FIU,1354,154,4,Anthony Boswell makes a jump shot from 15 feet out.,made,FALSE,FALSE,Jump Shot,11.6,12.95,793489,Anthony Boswell,NA,0,FIU,Florida A&M,21
2014-15,2014-12-29,1479140,153,0,1,Florida A&M,FIU,Rattlers,Golden Panthers,4,4,16,33,-17,1409,FIU,1349,149,5,Tashawn Desir makes a jump shot from 17 feet out.,made,FALSE,FALSE,Jump Shot,10.8,14.65,846609,Tashawn Desir,NA,0,FIU,Florida A&M,22
2014-15,2014-12-29,1479140,155,0,1,Florida A&M,FIU,Rattlers,Golden Panthers,4,4,16,36,-20,1409,FIU,1344,144,5,Dennis Mavin makes a 3-point jump shot from 24 feet out.,made,FALSE,TRUE,Jump Shot,5,18.25,567439,Dennis Mavin,NA,0,FIU,Florida A&M,23
2014-15,2014-12-29,1479140,162,0,1,Florida A&M,FIU,Rattlers,Golden Panthers,4,4,17,36,-19,1408,Florida A&M,1300,100,44,Mario Karailiev makes free throw 1 of 1.,made,TRUE,FALSE,NA,NA,NA,NA,NA,NA,0,Florida A&M,FIU,24
2014-15,2014-12-29,1479140,168,0,1,Florida A&M,FIU,Rattlers,Golden Panthers,4,4,17,38,-21,1409,FIU,1287,87,13,Dennis Mavin makes a jump shot from 16 feet out.,made,FALSE,FALSE,Jump Shot,11.3,13.65,567439,Dennis Mavin,NA,0,FIU,Florida A&M,25
2014-15,2014-12-29,1479140,169,0,1,Florida A&M,FIU,Rattlers,Golden Panthers,4,4,19,38,-19,1408,Florida A&M,1281,81,6,Craig Bowman dunks.,made,FALSE,FALSE,Dunk Shot,25,5.25,853552,Craig Bowman,NA,0,Florida A&M,FIU,26
2014-15,2014-12-29,1479140,176,0,1,Florida A&M,FIU,Rattlers,Golden Panthers,4,4,19,38,-19,NA,NA,1200,0,81,End of the 1st Half,NA,FALSE,FALSE,NA,NA,NA,NA,NA,NA,0,NA,NA,NA
2014-15,2014-12-29,1479140,177,0,2,Florida A&M,FIU,Rattlers,Golden Panthers,4,4,19,38,-19,NA,NA,1200,1200,0,Start of the 2nd Half,NA,FALSE,FALSE,NA,NA,NA,NA,NA,NA,0,NA,FIU,27
2014-15,2014-12-29,1479140,180,0,2,Florida A&M,FIU,Rattlers,Golden Panthers,4,4,19,40,-21,1409,FIU,1179,1179,21,Tashawn Desir makes a jump shot from 13 feet out.,made,FALSE,FALSE,Jump Shot,13.5,12.25,846609,Tashawn Desir,NA,0,FIU,Florida A&M,28
2014-15,2014-12-29,1479140,183,0,2,Florida A&M,FIU,Rattlers,Golden Panthers,4,4,21,40,-19,1408,Florida A&M,1161,1161,18,Jerran Foster makes a jump shot from 15 feet out.,made,FALSE,FALSE,Jump Shot,35.1,16.849999999999994,853557,Jerran Foster,NA,0,Florida A&M,FIU,29
2014-15,2014-12-29,1479140,184,0,2,Florida A&M,FIU,Rattlers,Golden Panthers,4,4,23,40,-17,1408,Florida A&M,1152,1152,9,Jerran Foster makes a jump shot from 16 feet out.,made,FALSE,FALSE,Jump Shot,35.5,17.049999999999997,853557,Jerran Foster,NA,0,Florida A&M,FIU,30
2014-15,2014-12-29,1479140,196,0,2,Florida A&M,FIU,Rattlers,Golden Panthers,4,4,23,43,-20,1409,FIU,1056,1056,96,Dennis Mavin makes a 3-point jump shot from 25 feet out.,made,FALSE,TRUE,Jump Shot,3,17.75,567439,Dennis Mavin,NA,0,FIU,Florida A&M,31
2014-15,2014-12-29,1479140,219,0,2,Florida A&M,FIU,Rattlers,Golden Panthers,4,4,26,43,-17,1408,Florida A&M,933,933,123,Jermaine Ruttley makes a 3-point jump shot from 24 feet out.,made,FALSE,TRUE,Jump Shot,44,19.75,853570,Jermaine Ruttley,NA,0,Florida A&M,FIU,32
2014-15,2014-12-29,1479140,228,0,2,Florida A&M,FIU,Rattlers,Golden Panthers,4,4,29,43,-14,1408,Florida A&M,869,869,64,Craig Bowman makes a 3-point jump shot from 24 feet out.,made,FALSE,TRUE,Jump Shot,43.6,21.150000000000006,853552,Craig Bowman,NA,0,Florida A&M,FIU,33
2014-15,2014-12-29,1479140,239,0,2,Florida A&M,FIU,Rattlers,Golden Panthers,4,4,29,45,-16,1409,FIU,809,809,60,Larry Dennis makes a jump shot from 15 feet out.,made,FALSE,FALSE,Jump Shot,12.3,12.95,846611,Larry Dennis,NA,0,FIU,Florida A&M,34
2014-15,2014-12-29,1479140,240,0,2,Florida A&M,FIU,Rattlers,Golden Panthers,4,4,29,47,-18,1409,FIU,804,804,5,Larry Dennis makes a jump shot from 18 feet out.,made,FALSE,FALSE,Jump Shot,9.4,13.65,846611,Larry Dennis,NA,0,FIU,Florida A&M,35
2014-15,2014-12-29,1479140,242,0,2,Florida A&M,FIU,Rattlers,Golden Panthers,4,4,29,49,-20,1409,FIU,790,790,14,Anthony Boswell makes a jump shot from 17 feet out.,made,FALSE,FALSE,Jump Shot,11.6,16.05,793489,Anthony Boswell,NA,0,FIU,Florida A&M,36
2014-15,2014-12-29,1479140,243,0,2,Florida A&M,FIU,Rattlers,Golden Panthers,4,4,29,51,-22,1409,FIU,785,785,5,Larry Dennis dunks.,made,FALSE,FALSE,Dunk Shot,25,5.25,846611,Larry Dennis,NA,0,FIU,Florida A&M,37
2014-15,2014-12-29,1479140,244,0,2,Florida A&M,FIU,Rattlers,Golden Panthers,4,4,29,53,-24,1409,FIU,780,780,5,Larry Dennis makes a jump shot from 15 feet out.,made,FALSE,FALSE,Jump Shot,13.5,14.55,846611,Larry Dennis,NA,0,FIU,Florida A&M,38
2014-15,2014-12-29,1479140,245,0,2,Florida A&M,FIU,Rattlers,Golden Panthers,4,4,29,55,-26,1409,FIU,776,776,4,Adrian Diaz makes a jump shot from 15 feet out.,made,FALSE,FALSE,Jump Shot,11.8,11.45,601507,Adrian Diaz,NA,0,FIU,Florida A&M,39
2014-15,2014-12-29,1479140,247,0,2,Florida A&M,FIU,Rattlers,Golden Panthers,4,4,31,55,-24,1408,Florida A&M,767,767,9,Jordan Jackson makes a jump shot from 16 feet out.,made,FALSE,FALSE,Jump Shot,37.3,15.549999999999997,853559,Jordan Jackson,NA,0,Florida A&M,FIU,40
2014-15,2014-12-29,1479140,248,0,2,Florida A&M,FIU,Rattlers,Golden Panthers,4,4,33,55,-22,1408,Florida A&M,762,762,5,Jermaine Ruttley makes a jump shot from 14 feet out.,made,FALSE,FALSE,Jump Shot,36.3,13.950000000000003,853570,Jermaine Ruttley,NA,0,Florida A&M,FIU,41
2014-15,2014-12-29,1479140,249,0,2,Florida A&M,FIU,Rattlers,Golden Panthers,4,4,35,55,-20,1408,Florida A&M,759,759,3,Jerran Foster makes a jump shot from 15 feet out.,made,FALSE,FALSE,Jump Shot,38.5,12.25,853557,Jerran Foster,NA,0,Florida A&M,FIU,42
2014-15,2014-12-29,1479140,250,0,2,Florida A&M,FIU,Rattlers,Golden Panthers,4,4,37,55,-18,1408,Florida A&M,754,754,5,Craig Bowman makes a jump shot from 16 feet out.,made,FALSE,FALSE,Jump Shot,39.9,12.150000000000006,853552,Craig Bowman,NA,0,Florida A&M,FIU,43
2014-15,2014-12-29,1479140,286,0,2,Florida A&M,FIU,Rattlers,Golden Panthers,4,4,37,57,-20,1409,FIU,457,457,297,Dennis Mavin makes a jump shot from 15 feet out.,made,FALSE,FALSE,Jump Shot,12.8,13.45,567439,Dennis Mavin,NA,0,FIU,Florida A&M,44
2014-15,2014-12-29,1479140,288,0,2,Florida A&M,FIU,Rattlers,Golden Panthers,4,4,37,59,-22,1409,FIU,448,448,9,Dennis Mavin makes a jump shot from 17 feet out.,made,FALSE,FALSE,Jump Shot,10.8,14.55,567439,Dennis Mavin,NA,0,FIU,Florida A&M,45
2014-15,2014-12-29,1479140,289,0,2,Florida A&M,FIU,Rattlers,Golden Panthers,4,4,37,61,-24,1409,FIU,443,443,5,Dennis Mavin makes a jump shot from 16 feet out.,made,FALSE,FALSE,Jump Shot,11,13.65,567439,Dennis Mavin,NA,0,FIU,Florida A&M,46
2014-15,2014-12-29,1479140,290,0,2,Florida A&M,FIU,Rattlers,Golden Panthers,4,4,37,63,-26,1409,FIU,438,438,5,Adrian Diaz makes a jump shot from 15 feet out.,made,FALSE,FALSE,Jump Shot,12.8,14.55,601507,Adrian Diaz,NA,0,FIU,Florida A&M,47
2014-15,2014-12-29,1479140,291,0,2,Florida A&M,FIU,Rattlers,Golden Panthers,4,4,37,65,-28,1409,FIU,432,432,6,Larry Dennis makes a jump shot from 16 feet out.,made,FALSE,FALSE,Jump Shot,11.6,13.45,846611,Larry Dennis,NA,0,FIU,Florida A&M,48
2014-15,2014-12-29,1479140,292,0,2,Florida A&M,FIU,Rattlers,Golden Panthers,4,4,40,65,-25,1408,Florida A&M,427,427,5,Jermaine Ruttley makes a 3-point jump shot from 26 feet out.,made,FALSE,TRUE,Jump Shot,46.9,19.450000000000003,853570,Jermaine Ruttley,NA,0,Florida A&M,FIU,49
2014-15,2014-12-29,1479140,293,0,2,Florida A&M,FIU,Rattlers,Golden Panthers,4,4,42,65,-23,1408,Florida A&M,421,421,6,Jordan Jackson makes a jump shot from 13 feet out.,made,FALSE,FALSE,Jump Shot,34.8,13.950000000000003,853559,Jordan Jackson,NA,0,Florida A&M,FIU,50
2014-15,2014-12-29,1479140,294,0,2,Florida A&M,FIU,Rattlers,Golden Panthers,4,4,44,65,-21,1408,Florida A&M,417,417,4,Craig Bowman makes a jump shot from 15 feet out.,made,FALSE,FALSE,Jump Shot,36,15.049999999999997,853552,Craig Bowman,NA,0,Florida A&M,FIU,51
2014-15,2014-12-29,1479140,295,0,2,Florida A&M,FIU,Rattlers,Golden Panthers,4,4,46,65,-19,1408,Florida A&M,412,412,5,Jordan Jackson makes a jump shot from 15 feet out.,made,FALSE,FALSE,Jump Shot,37.5,13.849999999999994,853559,Jordan Jackson,NA,0,Florida A&M,FIU,52
2014-15,2014-12-29,1479140,317,0,2,Florida A&M,FIU,Rattlers,Golden Panthers,4,4,47,65,-18,1408,Florida A&M,231,231,181,Mario Karailiev makes free throw 1 of 1.,made,TRUE,FALSE,NA,NA,NA,NA,NA,NA,0,Florida A&M,FIU,53
2014-15,2014-12-29,1479140,337,0,2,Florida A&M,FIU,Rattlers,Golden Panthers,4,4,47,67,-20,1409,FIU,114,114,117,Tashawn Desir makes a jump shot from 16 feet out.,made,FALSE,FALSE,Jump Shot,10.5,12.45,846609,Tashawn Desir,NA,0,FIU,Florida A&M,54
2014-15,2014-12-29,1479140,339,0,2,Florida A&M,FIU,Rattlers,Golden Panthers,4,4,47,69,-22,1409,FIU,109,109,5,Tashawn Desir makes a jump shot from 16 feet out.,made,FALSE,FALSE,Jump Shot,11.6,13.95,846609,Tashawn Desir,NA,0,FIU,Florida A&M,55
2014-15,2014-12-29,1479140,341,0,2,Florida A&M,FIU,Rattlers,Golden Panthers,4,4,47,71,-24,1409,FIU,104,104,5,Anthony Boswell makes a jump shot from 15 feet out.,made,FALSE,FALSE,Jump Shot,11.6,12.15,793489,Anthony Boswell,NA,0,FIU,Florida A&M,56
2014-15,2014-12-29,1479140,342,0,2,Florida A&M,FIU,Rattlers,Golden Panthers,4,4,47,74,-27,1409,FIU,95,95,9,Larry Dennis makes a 3-point jump shot from 24 feet out.,made,FALSE,TRUE,Jump Shot,2.6000000000000014,13.45,846611,Larry Dennis,NA,0,FIU,Florida A&M,57
2014-15,2014-12-29,1479140,343,0,2,Florida A&M,FIU,Rattlers,Golden Panthers,4,4,47,76,-29,1409,FIU,90,90,5,Tashawn Desir makes a jump shot from 16 feet out.,made,FALSE,FALSE,Jump Shot,12.3,14.65,846609,Tashawn Desir,NA,0,FIU,Florida A&M,58
2014-15,2014-12-29,1479140,344,0,2,Florida A&M,FIU,Rattlers,Golden Panthers,4,4,50,76,-26,1408,Florida A&M,78,78,12,Jordan Jackson makes a 3-point jump shot from 24 feet out.,made,FALSE,TRUE,Jump Shot,38.2,25.349999999999994,853559,Jordan Jackson,NA,0,Florida A&M,FIU,59
2014-15,2014-12-29,1479140,345,0,2,Florida A&M,FIU,Rattlers,Golden Panthers,4,4,52,76,-24,1408,Florida A&M,73,73,5,Jordan Jackson makes a jump shot from 15 feet out.,made,FALSE,FALSE,Jump Shot,33.9,17.25,853559,Jordan Jackson,NA,0,Florida A&M,FIU,60
2014-15,2014-12-29,1479140,346,0,2,Florida A&M,FIU,Rattlers,Golden Panthers,4,4,55,76,-21,1408,Florida A&M,62,62,11,Jordan Jackson makes a 3-point jump shot from 27 feet out.,made,FALSE,TRUE,Jump Shot,45.5,22.849999999999994,853559,Jordan Jackson,NA,0,Florida A&M,FIU,61
2014-15,2014-12-29,1479140,355,0,2,Florida A&M,FIU,Rattlers,Golden Panthers,4,4,55,76,-21,NA,NA,0,0,62,End of the 2nd Half,NA,FALSE,FALSE,NA,NA,NA,NA,NA,NA,0,NA,NA,NA
2014-15,2014-12-29,1479140,356,0,2,Florida A&M,FIU,Rattlers,Golden Panthers,4,4,55,76,-21,NA,NA,0,0,0,End of the Game,NA,FALSE,FALSE,NA,NA,NA,NA,NA,NA,0,FIU,FIU,NA
