season,date,game_id,play_id,neutral,half,home,away,home_name,away_name,home_timeouts,away_timeouts,home_score,away_score,score_diff,team_id,event_team,game_secs_remaining,half_secs_remaining,play_length,desc,shot_outcome,free_throw,three_pt,shot_desc,loc_x,loc_y,shooter_id,shooter,assist,substitution,poss_before,poss_after,poss_number
2015-16,2015-11-27,1588396,1,0,1,Minnesota,Omaha,Golden Gophers,Mavericks,4,4,0,0,0,2100,Omaha,NA,NA,NA,Starting Lineup - Jake White,NA,FALSE,FALSE,NA,NA,NA,NA,NA,NA,1,NA,NA,NA
2015-16,2015-11-27,1588396,1,0,1,Minnesota,Omaha,Golden Gophers,Mavericks,4,4,0,0,0,1503,Minnesota,NA,NA,NA,Starting Lineup - Charles Buggs,NA,FALSE,FALSE,NA,NA,NA,NA,NA,NA,1,NA,NA,NA
2015-16,2015-11-27,1588396,1,0,1,Minnesota,Omaha,Golden Gophers,Mavericks,4,4,0,0,0,1503,Minnesota,NA,NA,NA,Starting Lineup - Joey King,NA,FALSE,FALSE,NA,NA,NA,NA,NA,NA,1,NA,NA,NA
2015-16,2015-11-27,1588396,1,0,1,Minnesota,Omaha,Golden Gophers,Mavericks,4,4,0,0,0,2100,Omaha,NA,NA,NA,Starting Lineup - Devin Patterson,NA,FALSE,FALSE,NA,NA,NA,NA,NA,NA,1,NA,NA,NA
2015-16,2015-11-27,1588396,1,0,1,Minnesota,Omaha,Golden Gophers,Mavericks,4,4,0,0,0,1503,Minnesota,NA,NA,NA,Starting Lineup - Bakary Konate,NA,FALSE,FALSE,NA,NA,NA,NA,NA,NA,1,NA,NA,NA
2015-16,2015-11-27,1588396,1,0,1,Minnesota,Omaha,Golden Gophers,Mavericks,4,4,0,0,0,1503,Minnesota,NA,NA,NA,Starting Lineup - Nate Mason,NA,FALSE,FALSE,NA,NA,NA,NA,NA,NA,1,NA,NA,NA
2015-16,2015-11-27,1588396,1,0,1,Minnesota,Omaha,Golden Gophers,Mavericks,4,4,0,0,0,1503,Minnesota,NA,NA,NA,Starting Lineup - Carlos Morris,NA,FALSE,FALSE,NA,NA,NA,NA,NA,NA,1,NA,NA,NA
2015-16,2015-11-27,1588396,1,0,1,Minnesota,Omaha,Golden Gophers,Mavericks,4,4,0,0,0,2100,Omaha,NA,NA,NA,Starting Lineup - Tre'Shawn Thurman,NA,FALSE,FALSE,NA,NA,NA,NA,NA,NA,1,NA,NA,NA
2015-16,2015-11-27,1588396,1,0,1,Minnesota,Omaha,Golden Gophers,Mavericks,4,4,0,0,0,2100,Omaha,NA,NA,NA,Starting Lineup - Zach Jackson,NA,FALSE,FALSE,NA,NA,NA,NA,NA,NA,1,NA,NA,NA
2015-16,2015-11-27,1588396,1,0,1,Minnesota,Omaha,Golden Gophers,Mavericks,4,4,0,0,0,2100,Omaha,NA,NA,NA,Starting Lineup - Tra-Deon Hollins,NA,FALSE,FALSE,NA,NA,NA,NA,NA,NA,1,NA,NA,NA
2015-16,2015-11-27,1588396,2,0,1,Minnesota,Omaha,Golden Gophers,Mavericks,4,4,0,0,0,NA,NA,2400,1200,NA,Start of the 1st Half,NA,FALSE,FALSE,NA,NA,NA,NA,NA,NA,0,NA,Omaha,1
2015-16,2015-11-27,1588396,5,0,1,Minnesota,Omaha,Golden Gophers,Mavericks,4,4,0,0,0,2100,Omaha,2381,1181,19,Devin Patterson misses a 3-point jump shot from 24 feet out.,missed,FALSE,TRUE,Jump Shot,41.2,22.65,794498,Devin Patterson,NA,0,Omaha,Omaha,1
2015-16,2015-11-27,1588396,6,0,1,Minnesota,Omaha,Golden Gophers,Mavericks,4,4,0,0,0,1503,Minnesota,2381,1181,0,Carlos Morris with a defensive rebound.,NA,FALSE,FALSE,NA,NA,NA,NA,NA,NA,0,Omaha,Minnesota,1
2015-16,2015-11-27,1588396,24,0,1,Minnesota,Omaha,Golden Gophers,Mavericks,4,4,0,0,0,1503,Minnesota,2360,1160,21,Tra-Deon Hollins steals the ball from Nate Mason.,NA,FALSE,FALSE,NA,NA,NA,NA,NA,NA,0,Minnesota,Omaha,2
2015-16,2015-11-27,1588396,34,0,1,Minnesota,Omaha,Golden Gophers,Mavericks,4,4,0,2,-2,2100,Omaha,2358,1158,2,Tra-Deon Hollins makes a layup.,made,FALSE,FALSE,Layup Shot,25,5.25,896176,Tra-Deon Hollins,NA,0,Omaha,Minnesota,3
2015-16,2015-11-27,1588396,38,0,1,Minnesota,Omaha,Golden Gophers,Mavericks,4,4,0,2,-2,1503,Minnesota,2345,1145,13,Zach Jackson steals the ball from Carlos Morris.,NA,FALSE,FALSE,NA,NA,NA,NA,NA,NA,0,Minnesota,Omaha,4
2015-16,2015-11-27,1588396,43,0,1,Minnesota,Omaha,Golden Gophers,Mavericks,4,4,0,4,-4,2100,Omaha,2340,1140,5,Zach Jackson makes a layup.,made,FALSE,FALSE,Layup Shot,25,5.25,896175,Zach Jackson,NA,0,Omaha,Minnesota,5
2015-16,2015-11-27,1588396,47,0,1,Minnesota,Omaha,Golden Gophers,Mavericks,4,4,0,4,-4,1503,Minnesota,2312,1112,28,Nate Mason misses a 3-point jump shot from 24 feet out.,missed,FALSE,TRUE,Jump Shot,11.600000000000001,25.549999999999997,844012,Nate Mason,NA,0,Minnesota,Omaha,6
2015-16,2015-11-27,1588396,51,0,1,Minnesota,Omaha,Golden Gophers,Mavericks,4,4,0,4,-4,2100,Omaha,2297,1097,15,Jake White misses a layup.,missed,FALSE,FALSE,Layup Shot,26,6.25,603437,Jake White,NA,0,Omaha,Omaha,7
2015-16,2015-11-27,1588396,52,0,1,Minnesota,Omaha,Golden Gophers,Mavericks,4,4,0,4,-4,2100,Omaha,2297,1097,0,Jake White with an offensive rebound.,NA,FALSE,FALSE,NA,NA,NA,NA,NA,NA,0,Omaha,Omaha,7
2015-16,2015-11-27,1588396,53,0,1,Minnesota,Omaha,Golden Gophers,Mavericks,4,4,0,6,-6,2100,Omaha,2293,1093,4,Jake White makes a tip shot from 4 feet out.,made,FALSE,FALSE,Tip Shot,25.8,9.45,603437,Jake White,NA,0,Omaha,Minnesota,7
2015-16,2015-11-27,1588396,56,0,1,Minnesota,Omaha,Golden Gophers,Mavericks,4,4,0,6,-6,2100,Omaha,2281,1081,12,Personal foul committed by Zach Jackson.,NA,FALSE,FALSE,NA,NA,NA,NA,NA,NA,0,Minnesota,Minnesota,8
2015-16,2015-11-27,1588396,59,0,1,Minnesota,Omaha,Golden Gophers,Mavericks,4,4,0,6,-6,1503,Minnesota,2276,1076,5,Tra-Deon Hollins blocks a Nate Mason layup.,missed,FALSE,FALSE,Layup Shot,25,5.25,844012,Nate Mason,NA,0,Minnesota,Minnesota,8
2015-16,2015-11-27,1588396,60,0,1,Minnesota,Omaha,Golden Gophers,Mavericks,4,4,0,6,-6,2100,Omaha,2276,1076,0,Tre'Shawn Thurman with a defensive rebound.,NA,FALSE,FALSE,NA,NA,NA,NA,NA,NA,0,Minnesota,Omaha,8
2015-16,2015-11-27,1588396,69,0,1,Minnesota,Omaha,Golden Gophers,Mavericks,4,4,0,8,-8,2100,Omaha,2261,1061,15,Jake White makes a layup. Tre'Shawn Thurman with the assist.,made,FALSE,FALSE,Layup Shot,26,6.25,603437,Jake White,Tre'Shawn Thurman,0,Omaha,Minnesota,9
2015-16,2015-11-27,1588396,76,0,1,Minnesota,Omaha,Golden Gophers,Mavericks,4,4,0,8,-8,1503,Minnesota,2246,1046,15,Joey King misses a jump shot from 9 feet out.,missed,FALSE,FALSE,Jump Shot,32.6,10.450000000000003,695164,Joey King,NA,0,Minnesota,Minnesota,10
2015-16,2015-11-27,1588396,77,0,1,Minnesota,Omaha,Golden Gophers,Mavericks,4,4,0,8,-8,1503,Minnesota,2246,1046,0,Bakary Konate with an offensive rebound.,NA,FALSE,FALSE,NA,NA,NA,NA,NA,NA,0,Minnesota,Minnesota,10
2015-16,2015-11-27,1588396,79,0,1,Minnesota,Omaha,Golden Gophers,Mavericks,4,4,0,8,-8,1503,Minnesota,2244,1044,2,Bakary Konate misses a jump shot from 7 feet out.,missed,FALSE,FALSE,Jump Shot,26.6,11.75,844010,Bakary Konate,NA,0,Minnesota,Minnesota,10
2015-16,2015-11-27,1588396,80,0,1,Minnesota,Omaha,Golden Gophers,Mavericks,4,4,0,8,-8,1503,Minnesota,2244,1044,0,Bakary Konate with an offensive rebound.,NA,FALSE,FALSE,NA,NA,NA,NA,NA,NA,0,Minnesota,Minnesota,10
2015-16,2015-11-27,1588396,83,0,1,Minnesota,Omaha,Golden Gophers,Mavericks,4,4,0,8,-8,2100,Omaha,2242,1042,2,Shooting foul committed by Jake White.,NA,FALSE,FALSE,NA,NA,NA,NA,NA,NA,0,Minnesota,Minnesota,10
2015-16,2015-11-27,1588396,84,0,1,Minnesota,Omaha,Golden Gophers,Mavericks,4,4,1,8,-7,1503,Minnesota,2242,1042,0,Bakary Konate makes free throw 1 of 2.,made,TRUE,FALSE,NA,NA,NA,NA,NA,NA,0,Minnesota,Minnesota,10
2015-16,2015-11-27,1588396,87,0,1,Minnesota,Omaha,Golden Gophers,Mavericks,4,4,2,8,-6,1503,Minnesota,2242,1042,0,Bakary Konate makes free throw 2 of 2.,made,TRUE,FALSE,NA,NA,NA,NA,NA,NA,0,Minnesota,Omaha,10
2015-16,2015-11-27,1588396,96,0,1,Minnesota,Omaha,Golden Gophers,Mavericks,4,4,2,10,-8,2100,Omaha,2226,1026,16,Tre'Shawn Thurman makes a jump shot from 16 feet out.,made,FALSE,FALSE,Jump Shot,33.4,19.15,852943,Tre'Shawn Thurman,NA,0,Omaha,Minnesota,11
2015-16,2015-11-27,1588396,97,0,1,Minnesota,Omaha,Golden Gophers,Mavericks,4,4,2,10,-8,1503,Minnesota,2206,1006,20,Jordan Murphy misses a jump shot from 8 feet out.,missed,FALSE,FALSE,Jump Shot,25.1,13.150000000000006,882410,Jordan Murphy,NA,0,Minnesota,Minnesota,12
2015-16,2015-11-27,1588396,98,0,1,Minnesota,Omaha,Golden Gophers,Mavericks,4,4,2,10,-8,2100,Omaha,2206,1006,0,Tra-Deon Hollins with a defensive rebound.,NA,FALSE,FALSE,NA,NA,NA,NA,NA,NA,0,Minnesota,Omaha,12
2015-16,2015-11-27,1588396,99,0,1,Minnesota,Omaha,Golden Gophers,Mavericks,4,4,2,10,-8,2100,Omaha,2189,989,17,Zach Jackson misses a 3-point jump shot from 24 feet out.,missed,FALSE,TRUE,Jump Shot,8.2,22.55,896175,Zach Jackson,NA,0,Omaha,Omaha,13
2015-16,2015-11-27,1588396,100,0,1,Minnesota,Omaha,Golden Gophers,Mavericks,4,4,2,10,-8,1503,Minnesota,2189,989,0,Jordan Murphy with a defensive rebound.,NA,FALSE,FALSE,NA,NA,NA,NA,NA,NA,0,Omaha,Minnesota,13
2015-16,2015-11-27,1588396,103,0,1,Minnesota,Omaha,Golden Gophers,Mavericks,4,4,4,10,-6,1503,Minnesota,2179,979,10,Nate Mason makes a layup.,made,FALSE,FALSE,Layup Shot,25,5.25,844012,Nate Mason,NA,0,Minnesota,Minnesota,14
2015-16,2015-11-27,1588396,104,0,1,Minnesota,Omaha,Golden Gophers,Mavericks,4,4,4,10,-6,2100,Omaha,2179,979,0,Shooting foul committed by Zach Jackson.,NA,FALSE,FALSE,NA,NA,NA,NA,NA,NA,0,Minnesota,Minnesota,14
2015-16,2015-11-27,1588396,105,0,1,Minnesota,Omaha,Golden Gophers,Mavericks,4,4,5,10,-5,1503,Minnesota,2179,979,0,Nate Mason makes free throw 1 of 1.,made,TRUE,FALSE,NA,NA,NA,NA,NA,NA,0,Minnesota,Omaha,14
2015-16,2015-11-27,1588396,107,0,1,Minnesota,Omaha,Golden Gophers,Mavericks,4,4,5,10,-5,2100,Omaha,2162,962,17,Dupree McBrayer steals the ball from Tra-Deon Hollins.,NA,FALSE,FALSE,NA,NA,NA,NA,NA,NA,0,Omaha,Minnesota,15
2015-16,2015-11-27,1588396,109,0,1,Minnesota,Omaha,Golden Gophers,Mavericks,4,4,5,10,-5,1503,Minnesota,2154,954,8,Charles Buggs misses a 3-point jump shot from 23 feet out.,missed,FALSE,TRUE,Jump Shot,6.899999999999999,18.75,691450,Charles Buggs,NA,0,Minnesota,Minnesota,16
2015-16,2015-11-27,1588396,110,0,1,Minnesota,Omaha,Golden Gophers,Mavericks,4,4,5,10,-5,2100,Omaha,2154,954,0,Jake White with a defensive rebound.,NA,FALSE,FALSE,NA,NA,NA,NA,NA,NA,0,Minnesota,Omaha,16
2015-16,2015-11-27,1588396,111,0,1,Minnesota,Omaha,Golden Gophers,Mavericks,4,4,5,10,-5,1503,Minnesota,2149,949,5,Personal foul committed by Joey King.,NA,FALSE,FALSE,NA,NA,NA,NA,NA,NA,0,Omaha,Omaha,17
2015-16,2015-11-27,1588396,112,0,1,Minnesota,Omaha,Golden Gophers,Mavericks,4,4,5,10,-5,NA,NA,2149,949,0,Official TV timeout.,NA,FALSE,FALSE,NA,NA,NA,NA,NA,NA,0,NA,NA,NA
2015-16,2015-11-27,1588396,132,0,1,Minnesota,Omaha,Golden Gophers,Mavericks,4,4,5,13,-8,2100,Omaha,2130,930,19,Jake White makes a 3-point jump shot from 23 feet out. Devin Patterson with the assist.,made,FALSE,TRUE,Jump Shot,47.9,10.05,603437,Jake White,Devin Patterson,0,Omaha,Minnesota,17
2015-16,2015-11-27,1588396,134,0,1,Minnesota,Omaha,Golden Gophers,Mavericks,4,4,8,13,-5,1503,Minnesota,2121,921,9,Dupree McBrayer makes a 3-point jump shot from 23 feet out.,made,FALSE,TRUE,Jump Shot,34.8,26.450000000000003,882409,Dupree McBrayer,NA,0,Minnesota,Omaha,18
2015-16,2015-11-27,1588396,137,0,1,Minnesota,Omaha,Golden Gophers,Mavericks,4,4,8,15,-7,2100,Omaha,2105,905,16,Jake White makes a layup. JT Gibson with the assist.,made,FALSE,FALSE,Layup Shot,26,6.25,603437,Jake White,JT Gibson,0,Omaha,Omaha,19
2015-16,2015-11-27,1588396,138,0,1,Minnesota,Omaha,Golden Gophers,Mavericks,4,4,8,15,-7,1503,Minnesota,2105,905,0,Shooting foul committed by Jordan Murphy.,NA,FALSE,FALSE,NA,NA,NA,NA,NA,NA,0,Omaha,Omaha,19
2015-16,2015-11-27,1588396,139,0,1,Minnesota,Omaha,Golden Gophers,Mavericks,4,4,8,16,-8,2100,Omaha,2105,905,0,Jake White makes free throw 1 of 1.,made,TRUE,FALSE,NA,NA,NA,NA,NA,NA,0,Omaha,Minnesota,19
2015-16,2015-11-27,1588396,155,0,1,Minnesota,Omaha,Golden Gophers,Mavericks,4,4,10,16,-6,1503,Minnesota,2090,890,15,Jordan Murphy makes a layup. Joey King with the assist.,made,FALSE,FALSE,Layup Shot,25,5.25,882410,Jordan Murphy,Joey King,0,Minnesota,Omaha,20
2015-16,2015-11-27,1588396,161,0,1,Minnesota,Omaha,Golden Gophers,Mavericks,4,4,10,16,-6,1503,Minnesota,2085,885,5,Personal foul committed by Jordan Murphy.,NA,FALSE,FALSE,NA,NA,NA,NA,NA,NA,0,Omaha,Omaha,21
2015-16,2015-11-27,1588396,170,0,1,Minnesota,Omaha,Golden Gophers,Mavericks,4,4,10,16,-6,2100,Omaha,2077,877,8,Offensive foul committed by Jake White.,NA,FALSE,FALSE,NA,NA,NA,NA,NA,NA,0,Omaha,Omaha,21
2015-16,2015-11-27,1588396,171,0,1,Minnesota,Omaha,Golden Gophers,Mavericks,4,4,10,16,-6,2100,Omaha,2077,877,0,Jake White with a turnover,NA,FALSE,FALSE,NA,NA,NA,NA,NA,NA,0,Omaha,Minnesota,21
2015-16,2015-11-27,1588396,193,0,1,Minnesota,Omaha,Golden Gophers,Mavericks,4,4,12,16,-4,1503,Minnesota,2056,856,21,Joey King makes a layup. Bakary Konate with the assist.,made,FALSE,FALSE,Layup Shot,25,5.25,695164,Joey King,Bakary Konate,0,Minnesota,Omaha,22
2015-16,2015-11-27,1588396,213,0,1,Minnesota,Omaha,Golden Gophers,Mavericks,4,4,12,16,-4,2100,Omaha,2038,838,18,Randy Reed misses a jump shot from 7 feet out.,missed,FALSE,FALSE,Jump Shot,20.5,11.15,626205,Randy Reed,NA,0,Omaha,Omaha,23
2015-16,2015-11-27,1588396,214,0,1,Minnesota,Omaha,Golden Gophers,Mavericks,4,4,12,16,-4,1503,Minnesota,2038,838,0,Bakary Konate with a defensive rebound.,NA,FALSE,FALSE,NA,NA,NA,NA,NA,NA,0,Omaha,Minnesota,23
2015-16,2015-11-27,1588396,221,0,1,Minnesota,Omaha,Golden Gophers,Mavericks,4,4,12,16,-4,1503,Minnesota,2022,822,16,Daniel Meyer steals the ball from Joey King.,NA,FALSE,FALSE,NA,NA,NA,NA,NA,NA,0,Minnesota,Omaha,24
2015-16,2015-11-27,1588396,222,0,1,Minnesota,Omaha,Golden Gophers,Mavericks,4,4,12,18,-6,2100,Omaha,2013,813,9,JT Gibson makes a jump shot from 11 feet out.,made,FALSE,FALSE,Jump Shot,29.7,15.55,896172,JT Gibson,NA,0,Omaha,Minnesota,25
2015-16,2015-11-27,1588396,235,0,1,Minnesota,Omaha,Golden Gophers,Mavericks,4,4,12,18,-6,2100,Omaha,1988,788,25,Shooting foul committed by Randy Reed.,NA,FALSE,FALSE,NA,NA,NA,NA,NA,NA,0,Minnesota,Minnesota,26
2015-16,2015-11-27,1588396,236,0,1,Minnesota,Omaha,Golden Gophers,Mavericks,4,4,13,18,-5,1503,Minnesota,1988,788,0,Joey King makes free throw 1 of 2.,made,TRUE,FALSE,NA,NA,NA,NA,NA,NA,0,Minnesota,Minnesota,26
2015-16,2015-11-27,1588396,237,0,1,Minnesota,Omaha,Golden Gophers,Mavericks,4,4,14,18,-4,1503,Minnesota,1988,788,0,Joey King makes free throw 2 of 2.,made,TRUE,FALSE,NA,NA,NA,NA,NA,NA,0,Minnesota,Omaha,26
2015-16,2015-11-27,1588396,252,0,1,Minnesota,Omaha,Golden Gophers,Mavericks,4,4,14,18,-4,2100,Omaha,1974,774,14,Charles Buggs steals the ball from Randy Reed.,NA,FALSE,FALSE,NA,NA,NA,NA,NA,NA,0,Omaha,Minnesota,27
2015-16,2015-11-27,1588396,272,0,1,Minnesota,Omaha,Golden Gophers,Mavericks,4,4,14,18,-4,2100,Omaha,1957,757,17,Personal foul committed by Tim Smallwood.,NA,FALSE,FALSE,NA,NA,NA,NA,NA,NA,0,Minnesota,Minnesota,28
2015-16,2015-11-27,1588396,280,0,1,Minnesota,Omaha,Golden Gophers,Mavericks,4,4,17,18,-1,1503,Minnesota,1950,750,7,Nate Mason makes a 3-point jump shot from 23 feet out.,made,FALSE,TRUE,Jump Shot,39.9,23.150000000000006,844012,Nate Mason,NA,0,Minnesota,Omaha,28
2015-16,2015-11-27,1588396,292,0,1,Minnesota,Omaha,Golden Gophers,Mavericks,4,4,17,18,-1,2100,Omaha,1939,739,11,Daniel Meyer misses a jump shot from 6 feet out.,missed,FALSE,FALSE,Jump Shot,24.1,11.15,789884,Daniel Meyer,NA,0,Omaha,Omaha,29
2015-16,2015-11-27,1588396,293,0,1,Minnesota,Omaha,Golden Gophers,Mavericks,4,4,17,18,-1,2100,Omaha,1939,739,0,Daniel Meyer with an offensive rebound.,NA,FALSE,FALSE,NA,NA,NA,NA,NA,NA,0,Omaha,Omaha,29
2015-16,2015-11-27,1588396,295,0,1,Minnesota,Omaha,Golden Gophers,Mavericks,4,4,17,20,-3,2100,Omaha,1937,737,2,Daniel Meyer makes a layup.,made,FALSE,FALSE,Layup Shot,25,5.25,789884,Daniel Meyer,NA,0,Omaha,Minnesota,29
2015-16,2015-11-27,1588396,298,0,1,Minnesota,Omaha,Golden Gophers,Mavericks,4,4,17,20,-3,1503,Minnesota,1910,710,27,Kevin Dorsey misses a jump shot from 10 feet out.,missed,FALSE,FALSE,Jump Shot,20.2,13.849999999999994,882395,Kevin Dorsey,NA,0,Minnesota,Minnesota,30
2015-16,2015-11-27,1588396,299,0,1,Minnesota,Omaha,Golden Gophers,Mavericks,4,4,17,20,-3,2100,Omaha,1910,710,0,Daniel Meyer with a defensive rebound.,NA,FALSE,FALSE,NA,NA,NA,NA,NA,NA,0,Minnesota,Omaha,30
2015-16,2015-11-27,1588396,302,0,1,Minnesota,Omaha,Golden Gophers,Mavericks,4,4,17,23,-6,2100,Omaha,1898,698,12,Tim Smallwood makes a 3-point jump shot from 23 feet out. Tra-Deon Hollins with the assist.,made,FALSE,TRUE,Jump Shot,43.6,18.95,852939,Tim Smallwood,Tra-Deon Hollins,0,Omaha,Minnesota,31
2015-16,2015-11-27,1588396,303,0,1,Minnesota,Omaha,Golden Gophers,Mavericks,3,4,17,23,-6,1503,Minnesota,1895,695,3,Golden Gophers take a full timeout.,NA,FALSE,FALSE,NA,NA,NA,NA,NA,NA,0,NA,NA,NA
2015-16,2015-11-27,1588396,304,0,1,Minnesota,Omaha,Golden Gophers,Mavericks,3,4,17,23,-6,NA,NA,1895,695,0,Official TV timeout.,NA,FALSE,FALSE,NA,NA,NA,NA,NA,NA,0,NA,NA,NA
2015-16,2015-11-27,1588396,325,0,1,Minnesota,Omaha,Golden Gophers,Mavericks,3,4,17,23,-6,1503,Minnesota,1875,675,20,Kevin Dorsey misses a jump shot from 13 feet out.,missed,FALSE,FALSE,Jump Shot,21.3,17.75,882395,Kevin Dorsey,NA,0,Minnesota,Minnesota,32
2015-16,2015-11-27,1588396,326,0,1,Minnesota,Omaha,Golden Gophers,Mavericks,3,4,17,23,-6,1503,Minnesota,1875,675,0,Charles Buggs with an offensive rebound.,NA,FALSE,FALSE,NA,NA,NA,NA,NA,NA,0,Minnesota,Minnesota,32
2015-16,2015-11-27,1588396,329,0,1,Minnesota,Omaha,Golden Gophers,Mavericks,3,4,19,23,-4,1503,Minnesota,1873,673,2,Charles Buggs makes a tip shot from 4 feet out.,made,FALSE,FALSE,Tip Shot,26.3,9.049999999999997,691450,Charles Buggs,NA,0,Minnesota,Omaha,32
2015-16,2015-11-27,1588396,342,0,1,Minnesota,Omaha,Golden Gophers,Mavericks,3,4,19,23,-4,1503,Minnesota,1856,656,17,Personal foul committed by Kevin Dorsey.,NA,FALSE,FALSE,NA,NA,NA,NA,NA,NA,0,Omaha,Omaha,33
2015-16,2015-11-27,1588396,347,0,1,Minnesota,Omaha,Golden Gophers,Mavericks,3,4,19,23,-4,2100,Omaha,1852,652,4,Tim Smallwood misses a 3-point jump shot from 24 feet out.,missed,FALSE,TRUE,Jump Shot,10.3,23.85,852939,Tim Smallwood,NA,0,Omaha,Omaha,33
2015-16,2015-11-27,1588396,348,0,1,Minnesota,Omaha,Golden Gophers,Mavericks,3,4,19,23,-4,1503,Minnesota,1852,652,0,Bakary Konate with a defensive rebound.,NA,FALSE,FALSE,NA,NA,NA,NA,NA,NA,0,Omaha,Minnesota,33
2015-16,2015-11-27,1588396,357,0,1,Minnesota,Omaha,Golden Gophers,Mavericks,3,4,19,23,-4,1503,Minnesota,1828,628,24,Bakary Konate misses a jump shot from 13 feet out.,missed,FALSE,FALSE,Jump Shot,30.7,17.25,844010,Bakary Konate,NA,0,Minnesota,Minnesota,34
2015-16,2015-11-27,1588396,358,0,1,Minnesota,Omaha,Golden Gophers,Mavericks,3,4,19,23,-4,2100,Omaha,1828,628,0,Devin Patterson with a defensive rebound.,NA,FALSE,FALSE,NA,NA,NA,NA,NA,NA,0,Minnesota,Omaha,34
2015-16,2015-11-27,1588396,359,0,1,Minnesota,Omaha,Golden Gophers,Mavericks,3,4,19,25,-6,2100,Omaha,1819,619,9,Tre'Shawn Thurman makes a layup. Devin Patterson with the assist.,made,FALSE,FALSE,Layup Shot,25,5.25,852943,Tre'Shawn Thurman,Devin Patterson,0,Omaha,Minnesota,35
2015-16,2015-11-27,1588396,361,0,1,Minnesota,Omaha,Golden Gophers,Mavericks,3,4,19,25,-6,1503,Minnesota,1796,596,23,Ahmad Gilbert misses a 3-point jump shot from 23 feet out.,missed,FALSE,TRUE,Jump Shot,42.3,20.150000000000006,882401,Ahmad Gilbert,NA,0,Minnesota,Minnesota,36
2015-16,2015-11-27,1588396,362,0,1,Minnesota,Omaha,Golden Gophers,Mavericks,3,4,19,25,-6,1503,Minnesota,1796,596,0,Charles Buggs with an offensive rebound.,NA,FALSE,FALSE,NA,NA,NA,NA,NA,NA,0,Minnesota,Minnesota,36
2015-16,2015-11-27,1588396,363,0,1,Minnesota,Omaha,Golden Gophers,Mavericks,3,4,19,25,-6,2100,Omaha,1793,593,3,Personal foul committed by Devin Patterson.,NA,FALSE,FALSE,NA,NA,NA,NA,NA,NA,0,Minnesota,Minnesota,36
2015-16,2015-11-27,1588396,364,0,1,Minnesota,Omaha,Golden Gophers,Mavericks,3,4,19,25,-6,1503,Minnesota,1793,593,0,Charles Buggs misses free throw 1st of 1-and-1.,missed,TRUE,FALSE,NA,NA,NA,NA,NA,NA,0,Minnesota,Minnesota,36
2015-16,2015-11-27,1588396,365,0,1,Minnesota,Omaha,Golden Gophers,Mavericks,3,4,19,25,-6,2100,Omaha,1793,593,0,JT Gibson with a defensive rebound.,NA,FALSE,FALSE,NA,NA,NA,NA,NA,NA,0,Minnesota,Omaha,36
2015-16,2015-11-27,1588396,367,0,1,Minnesota,Omaha,Golden Gophers,Mavericks,3,4,19,25,-6,2100,Omaha,1784,584,9,Joey King steals the ball from JT Gibson.,NA,FALSE,FALSE,NA,NA,NA,NA,NA,NA,0,Omaha,Minnesota,37
2015-16,2015-11-27,1588396,368,0,1,Minnesota,Omaha,Golden Gophers,Mavericks,3,4,19,25,-6,1503,Minnesota,1779,579,5,Kevin Dorsey misses a layup.,missed,FALSE,FALSE,Layup Shot,26,6.25,882395,Kevin Dorsey,NA,0,Minnesota,Minnesota,38
2015-16,2015-11-27,1588396,369,0,1,Minnesota,Omaha,Golden Gophers,Mavericks,3,4,19,25,-6,1503,Minnesota,1779,579,0,Charles Buggs with an offensive rebound.,NA,FALSE,FALSE,NA,NA,NA,NA,NA,NA,0,Minnesota,Minnesota,38
2015-16,2015-11-27,1588396,370,0,1,Minnesota,Omaha,Golden Gophers,Mavericks,3,4,21,25,-4,1503,Minnesota,1775,575,4,Charles Buggs dunks.,made,FALSE,FALSE,Dunk Shot,26,6.25,691450,Charles Buggs,NA,0,Minnesota,Omaha,38
2015-16,2015-11-27,1588396,372,0,1,Minnesota,Omaha,Golden Gophers,Mavericks,3,4,21,25,-4,2100,Omaha,1763,563,12,Devin Patterson misses a 3-point jump shot from 27 feet out.,missed,FALSE,TRUE,Jump Shot,38.9,28.25,794498,Devin Patterson,NA,0,Omaha,Omaha,39
2015-16,2015-11-27,1588396,373,0,1,Minnesota,Omaha,Golden Gophers,Mavericks,3,4,21,25,-4,1503,Minnesota,1763,563,0,Joey King with a defensive rebound.,NA,FALSE,FALSE,NA,NA,NA,NA,NA,NA,0,Omaha,Minnesota,39
2015-16,2015-11-27,1588396,374,0,1,Minnesota,Omaha,Golden Gophers,Mavericks,3,4,21,25,-4,2100,Omaha,1760,560,3,Personal foul committed by Daniel Meyer.,NA,FALSE,FALSE,NA,NA,NA,NA,NA,NA,0,Minnesota,Minnesota,40
2015-16,2015-11-27,1588396,375,0,1,Minnesota,Omaha,Golden Gophers,Mavericks,3,4,22,25,-3,1503,Minnesota,1760,560,0,Joey King makes free throw 1 of 2.,made,TRUE,FALSE,NA,NA,NA,NA,NA,NA,0,Minnesota,Minnesota,40
2015-16,2015-11-27,1588396,376,0,1,Minnesota,Omaha,Golden Gophers,Mavericks,3,4,23,25,-2,1503,Minnesota,1760,560,0,Joey King makes free throw 2 of 2.,made,TRUE,FALSE,NA,NA,NA,NA,NA,NA,0,Minnesota,Omaha,40
2015-16,2015-11-27,1588396,396,0,1,Minnesota,Omaha,Golden Gophers,Mavericks,3,4,23,25,-2,2100,Omaha,1739,539,21,Tre'Shawn Thurman misses a 3-point jump shot from 23 feet out.,missed,FALSE,TRUE,Jump Shot,29.3,27.95,852943,Tre'Shawn Thurman,NA,0,Omaha,Omaha,41
2015-16,2015-11-27,1588396,397,0,1,Minnesota,Omaha,Golden Gophers,Mavericks,3,4,23,25,-2,1503,Minnesota,1739,539,0,Kevin Dorsey with a defensive rebound.,NA,FALSE,FALSE,NA,NA,NA,NA,NA,NA,0,Omaha,Minnesota,41
2015-16,2015-11-27,1588396,410,0,1,Minnesota,Omaha,Golden Gophers,Mavericks,3,4,23,25,-2,1503,Minnesota,1737,537,2,Dupree McBrayer misses a 3-point jump shot from 25 feet out.,missed,FALSE,TRUE,Jump Shot,8,23.25,882409,Dupree McBrayer,NA,0,Minnesota,Minnesota,42
2015-16,2015-11-27,1588396,411,0,1,Minnesota,Omaha,Golden Gophers,Mavericks,3,4,23,25,-2,2100,Omaha,1737,537,0,Tre'Shawn Thurman with a defensive rebound.,NA,FALSE,FALSE,NA,NA,NA,NA,NA,NA,0,Minnesota,Omaha,42
2015-16,2015-11-27,1588396,415,0,1,Minnesota,Omaha,Golden Gophers,Mavericks,3,4,23,25,-2,1503,Minnesota,1713,513,24,Personal foul committed by Charles Buggs.,NA,FALSE,FALSE,NA,NA,NA,NA,NA,NA,0,Omaha,Omaha,43
2015-16,2015-11-27,1588396,425,0,1,Minnesota,Omaha,Golden Gophers,Mavericks,3,4,23,25,-2,2100,Omaha,1697,497,16,Offensive foul committed by Devin Patterson.,NA,FALSE,FALSE,NA,NA,NA,NA,NA,NA,0,Omaha,Minnesota,43
2015-16,2015-11-27,1588396,426,0,1,Minnesota,Omaha,Golden Gophers,Mavericks,3,4,23,25,-2,2100,Omaha,1697,497,0,Dupree McBrayer steals the ball from Devin Patterson.,NA,FALSE,FALSE,NA,NA,NA,NA,NA,NA,0,Omaha,Minnesota,44
2015-16,2015-11-27,1588396,441,0,1,Minnesota,Omaha,Golden Gophers,Mavericks,3,4,23,25,-2,1503,Minnesota,1676,476,21,Kevin Dorsey misses a jump shot from 18 feet out.,missed,FALSE,FALSE,Jump Shot,13.700000000000003,19.150000000000006,882395,Kevin Dorsey,NA,0,Minnesota,Minnesota,45
2015-16,2015-11-27,1588396,442,0,1,Minnesota,Omaha,Golden Gophers,Mavericks,3,4,23,25,-2,2100,Omaha,1676,476,0,Tre'Shawn Thurman with a defensive rebound.,NA,FALSE,FALSE,NA,NA,NA,NA,NA,NA,0,Minnesota,Omaha,45
2015-16,2015-11-27,1588396,446,0,1,Minnesota,Omaha,Golden Gophers,Mavericks,3,4,23,25,-2,1503,Minnesota,1665,465,11,Shooting foul committed by Kevin Dorsey.,NA,FALSE,FALSE,NA,NA,NA,NA,NA,NA,0,Omaha,Omaha,46
2015-16,2015-11-27,1588396,450,0,1,Minnesota,Omaha,Golden Gophers,Mavericks,3,4,23,25,-2,NA,NA,1665,465,0,Official TV timeout.,NA,FALSE,FALSE,NA,NA,NA,NA,NA,NA,0,NA,NA,NA
2015-16,2015-11-27,1588396,452,0,1,Minnesota,Omaha,Golden Gophers,Mavericks,3,4,23,25,-2,2100,Omaha,1665,465,0,Tra-Deon Hollins misses free throw 1 of 2.,missed,TRUE,FALSE,NA,NA,NA,NA,NA,NA,0,Omaha,Omaha,46
2015-16,2015-11-27,1588396,454,0,1,Minnesota,Omaha,Golden Gophers,Mavericks,3,4,23,26,-3,2100,Omaha,1665,465,0,Tra-Deon Hollins makes free throw 2 of 2.,made,TRUE,FALSE,NA,NA,NA,NA,NA,NA,0,Omaha,Minnesota,46
2015-16,2015-11-27,1588396,473,0,1,Minnesota,Omaha,Golden Gophers,Mavericks,3,4,23,26,-3,1503,Minnesota,1647,447,18,Tra-Deon Hollins steals the ball from Joey King.,NA,FALSE,FALSE,NA,NA,NA,NA,NA,NA,0,Minnesota,Omaha,47
2015-16,2015-11-27,1588396,478,0,1,Minnesota,Omaha,Golden Gophers,Mavericks,3,4,23,26,-3,1503,Minnesota,1645,445,2,Shooting foul committed by Joey King.,NA,FALSE,FALSE,NA,NA,NA,NA,NA,NA,0,Omaha,Omaha,48
2015-16,2015-11-27,1588396,479,0,1,Minnesota,Omaha,Golden Gophers,Mavericks,3,4,23,27,-4,2100,Omaha,1645,445,0,Tra-Deon Hollins makes free throw 1 of 2.,made,TRUE,FALSE,NA,NA,NA,NA,NA,NA,0,Omaha,Omaha,48
2015-16,2015-11-27,1588396,480,0,1,Minnesota,Omaha,Golden Gophers,Mavericks,3,4,23,27,-4,2100,Omaha,1645,445,0,Tra-Deon Hollins misses free throw 2 of 2.,missed,TRUE,FALSE,NA,NA,NA,NA,NA,NA,0,Omaha,Omaha,48
2015-16,2015-11-27,1588396,481,0,1,Minnesota,Omaha,Golden Gophers,Mavericks,3,4,23,27,-4,1503,Minnesota,1645,445,0,Charles Buggs with a defensive rebound.,NA,FALSE,FALSE,NA,NA,NA,NA,NA,NA,0,Omaha,Minnesota,48
2015-16,2015-11-27,1588396,486,0,1,Minnesota,Omaha,Golden Gophers,Mavericks,3,4,25,27,-2,1503,Minnesota,1625,425,20,Bakary Konate makes a jump shot from 7 feet out. Dupree McBrayer with the assist.,made,FALSE,FALSE,Jump Shot,25.3,12.450000000000003,844010,Bakary Konate,Dupree McBrayer,0,Minnesota,Omaha,49
2015-16,2015-11-27,1588396,489,0,1,Minnesota,Omaha,Golden Gophers,Mavericks,3,4,25,27,-2,2100,Omaha,1612,412,13,JT Gibson misses a 3-point jump shot from 26 feet out.,missed,FALSE,TRUE,Jump Shot,12.7,27.75,896172,JT Gibson,NA,0,Omaha,Omaha,50
2015-16,2015-11-27,1588396,490,0,1,Minnesota,Omaha,Golden Gophers,Mavericks,3,4,25,27,-2,2100,Omaha,1612,412,0,Daniel Meyer with an offensive rebound.,NA,FALSE,FALSE,NA,NA,NA,NA,NA,NA,0,Omaha,Omaha,50
2015-16,2015-11-27,1588396,491,0,1,Minnesota,Omaha,Golden Gophers,Mavericks,3,4,25,27,-2,2100,Omaha,1607,407,5,Daniel Meyer misses a jump shot from 7 feet out.,missed,FALSE,FALSE,Jump Shot,22.5,11.95,789884,Daniel Meyer,NA,0,Omaha,Omaha,50
2015-16,2015-11-27,1588396,492,0,1,Minnesota,Omaha,Golden Gophers,Mavericks,3,4,25,27,-2,2100,Omaha,1607,407,0,Tim Smallwood with an offensive rebound.,NA,FALSE,FALSE,NA,NA,NA,NA,NA,NA,0,Omaha,Omaha,50
2015-16,2015-11-27,1588396,493,0,1,Minnesota,Omaha,Golden Gophers,Mavericks,3,4,25,27,-2,2100,Omaha,1599,399,8,Tra-Deon Hollins misses a 3-point jump shot from 23 feet out.,missed,FALSE,TRUE,Jump Shot,34.3,25.95,896176,Tra-Deon Hollins,NA,0,Omaha,Omaha,50
2015-16,2015-11-27,1588396,494,0,1,Minnesota,Omaha,Golden Gophers,Mavericks,3,4,25,27,-2,2100,Omaha,1599,399,0,JT Gibson with an offensive rebound.,NA,FALSE,FALSE,NA,NA,NA,NA,NA,NA,0,Omaha,Omaha,50
2015-16,2015-11-27,1588396,495,0,1,Minnesota,Omaha,Golden Gophers,Mavericks,3,4,25,27,-2,2100,Omaha,1593,393,6,Nate Mason steals the ball from Tre'Shawn Thurman.,NA,FALSE,FALSE,NA,NA,NA,NA,NA,NA,0,Omaha,Minnesota,50
2015-16,2015-11-27,1588396,500,0,1,Minnesota,Omaha,Golden Gophers,Mavericks,3,4,25,27,-2,2100,Omaha,1591,391,2,Shooting foul committed by Tim Smallwood.,NA,FALSE,FALSE,NA,NA,NA,NA,NA,NA,0,Minnesota,Minnesota,51
2015-16,2015-11-27,1588396,501,0,1,Minnesota,Omaha,Golden Gophers,Mavericks,3,4,25,27,-2,1503,Minnesota,1591,391,0,Dupree McBrayer misses free throw 1 of 2.,missed,TRUE,FALSE,NA,NA,NA,NA,NA,NA,0,Minnesota,Minnesota,51
2015-16,2015-11-27,1588396,503,0,1,Minnesota,Omaha,Golden Gophers,Mavericks,3,4,25,27,-2,1503,Minnesota,1591,391,0,Dupree McBrayer misses free throw 2 of 2.,missed,TRUE,FALSE,NA,NA,NA,NA,NA,NA,0,Minnesota,Minnesota,51
2015-16,2015-11-27,1588396,504,0,1,Minnesota,Omaha,Golden Gophers,Mavericks,3,4,25,27,-2,2100,Omaha,1591,391,0,Tre'Shawn Thurman with a defensive rebound.,NA,FALSE,FALSE,NA,NA,NA,NA,NA,NA,0,Minnesota,Omaha,51
2015-16,2015-11-27,1588396,510,0,1,Minnesota,Omaha,Golden Gophers,Mavericks,3,4,25,27,-2,2100,Omaha,1575,375,16,Tre'Shawn Thurman with a turnover - Traveling,NA,FALSE,FALSE,NA,NA,NA,NA,NA,NA,0,Omaha,Minnesota,52
2015-16,2015-11-27,1588396,540,0,1,Minnesota,Omaha,Golden Gophers,Mavericks,3,4,28,27,1,1503,Minnesota,1546,346,29,Nate Mason makes a 3-point jump shot from 23 feet out. Dupree McBrayer with the assist.,made,FALSE,TRUE,Jump Shot,7,20.25,844012,Nate Mason,Dupree McBrayer,0,Minnesota,Omaha,53
2015-16,2015-11-27,1588396,561,0,1,Minnesota,Omaha,Golden Gophers,Mavericks,3,4,28,30,-2,2100,Omaha,1527,327,19,Randy Reed makes a 3-point jump shot from 24 feet out. Kyler Erickson with the assist.,made,FALSE,TRUE,Jump Shot,7.699999999999999,21.95,626205,Randy Reed,Kyler Erickson,0,Omaha,Minnesota,54
2015-16,2015-11-27,1588396,567,0,1,Minnesota,Omaha,Golden Gophers,Mavericks,3,4,30,30,0,1503,Minnesota,1509,309,18,Bakary Konate dunks. Nate Mason with the assist.,made,FALSE,FALSE,Dunk Shot,26,6.25,844010,Bakary Konate,Nate Mason,0,Minnesota,Omaha,55
2015-16,2015-11-27,1588396,574,0,1,Minnesota,Omaha,Golden Gophers,Mavericks,3,4,30,32,-2,2100,Omaha,1477,277,32,Tra-Deon Hollins makes a layup.,made,FALSE,FALSE,Layup Shot,25,5.25,896176,Tra-Deon Hollins,NA,0,Omaha,Minnesota,56
2015-16,2015-11-27,1588396,575,0,1,Minnesota,Omaha,Golden Gophers,Mavericks,3,4,32,32,0,1503,Minnesota,1460,260,17,Bakary Konate makes a jump shot from 9 feet out. Dupree McBrayer with the assist.,made,FALSE,FALSE,Jump Shot,32.6,9.950000000000003,844010,Bakary Konate,Dupree McBrayer,0,Minnesota,Omaha,57
2015-16,2015-11-27,1588396,576,0,1,Minnesota,Omaha,Golden Gophers,Mavericks,3,4,32,32,0,2100,Omaha,1438,238,22,Tre'Shawn Thurman misses a 3-point jump shot from 25 feet out.,missed,FALSE,TRUE,Jump Shot,41.2,24.35,852943,Tre'Shawn Thurman,NA,0,Omaha,Omaha,58
2015-16,2015-11-27,1588396,577,0,1,Minnesota,Omaha,Golden Gophers,Mavericks,3,4,32,32,0,1503,Minnesota,1438,238,0,Charles Buggs with a defensive rebound.,NA,FALSE,FALSE,NA,NA,NA,NA,NA,NA,0,Omaha,Minnesota,58
2015-16,2015-11-27,1588396,582,0,1,Minnesota,Omaha,Golden Gophers,Mavericks,3,4,32,32,0,1503,Minnesota,1420,220,18,Nate Mason misses a jump shot from 16 feet out.,missed,FALSE,FALSE,Jump Shot,17.1,19.150000000000006,844012,Nate Mason,NA,0,Minnesota,Minnesota,59
2015-16,2015-11-27,1588396,583,0,1,Minnesota,Omaha,Golden Gophers,Mavericks,3,4,32,32,0,2100,Omaha,1420,220,0,Kyler Erickson with a defensive rebound.,NA,FALSE,FALSE,NA,NA,NA,NA,NA,NA,0,Minnesota,Omaha,59
2015-16,2015-11-27,1588396,584,0,1,Minnesota,Omaha,Golden Gophers,Mavericks,3,4,32,34,-2,2100,Omaha,1411,211,9,Randy Reed makes a layup. Kyler Erickson with the assist.,made,FALSE,FALSE,Layup Shot,25,5.25,626205,Randy Reed,Kyler Erickson,0,Omaha,Minnesota,60
2015-16,2015-11-27,1588396,585,0,1,Minnesota,Omaha,Golden Gophers,Mavericks,3,4,32,34,-2,1503,Minnesota,1391,191,20,Bakary Konate misses a layup.,missed,FALSE,FALSE,Layup Shot,25,5.25,844010,Bakary Konate,NA,0,Minnesota,Minnesota,61
2015-16,2015-11-27,1588396,586,0,1,Minnesota,Omaha,Golden Gophers,Mavericks,3,4,32,34,-2,2100,Omaha,1391,191,0,Tre'Shawn Thurman with a defensive rebound.,NA,FALSE,FALSE,NA,NA,NA,NA,NA,NA,0,Minnesota,Omaha,61
2015-16,2015-11-27,1588396,587,0,1,Minnesota,Omaha,Golden Gophers,Mavericks,3,4,32,36,-4,2100,Omaha,1383,183,8,Tre'Shawn Thurman makes a jump shot from 13 feet out. Tra-Deon Hollins with the assist.,made,FALSE,FALSE,Jump Shot,37.8,8.85,852943,Tre'Shawn Thurman,Tra-Deon Hollins,0,Omaha,Minnesota,62
2015-16,2015-11-27,1588396,588,0,1,Minnesota,Omaha,Golden Gophers,Mavericks,3,4,35,36,-1,1503,Minnesota,1362,162,21,Charles Buggs makes a 3-point jump shot from 24 feet out. Dupree McBrayer with the assist.,made,FALSE,TRUE,Jump Shot,42.6,21.150000000000006,691450,Charles Buggs,Dupree McBrayer,0,Minnesota,Omaha,63
2015-16,2015-11-27,1588396,589,0,1,Minnesota,Omaha,Golden Gophers,Mavericks,3,4,35,36,-1,2100,Omaha,1341,141,21,Tre'Shawn Thurman misses a jump shot from 7 feet out.,missed,FALSE,FALSE,Jump Shot,28.7,10.95,852943,Tre'Shawn Thurman,NA,0,Omaha,Omaha,64
2015-16,2015-11-27,1588396,590,0,1,Minnesota,Omaha,Golden Gophers,Mavericks,3,4,35,36,-1,1503,Minnesota,1341,141,0,Bakary Konate with a defensive rebound.,NA,FALSE,FALSE,NA,NA,NA,NA,NA,NA,0,Omaha,Minnesota,64
2015-16,2015-11-27,1588396,593,0,1,Minnesota,Omaha,Golden Gophers,Mavericks,3,4,35,36,-1,2100,Omaha,1334,134,7,Personal foul committed by JT Gibson.,NA,FALSE,FALSE,NA,NA,NA,NA,NA,NA,0,Minnesota,Minnesota,65
2015-16,2015-11-27,1588396,594,0,1,Minnesota,Omaha,Golden Gophers,Mavericks,3,4,35,36,-1,NA,NA,1334,134,0,Official TV timeout.,NA,FALSE,FALSE,NA,NA,NA,NA,NA,NA,0,NA,NA,NA
2015-16,2015-11-27,1588396,596,0,1,Minnesota,Omaha,Golden Gophers,Mavericks,3,4,36,36,0,1503,Minnesota,1334,134,0,Dupree McBrayer makes free throw 1 of 2.,made,TRUE,FALSE,NA,NA,NA,NA,NA,NA,0,Minnesota,Minnesota,65
2015-16,2015-11-27,1588396,597,0,1,Minnesota,Omaha,Golden Gophers,Mavericks,3,4,36,36,0,1503,Minnesota,1334,134,0,Dupree McBrayer misses free throw 2 of 2.,missed,TRUE,FALSE,NA,NA,NA,NA,NA,NA,0,Minnesota,Minnesota,65
2015-16,2015-11-27,1588396,598,0,1,Minnesota,Omaha,Golden Gophers,Mavericks,3,4,36,36,0,2100,Omaha,1334,134,0,Tre'Shawn Thurman with a defensive rebound.,NA,FALSE,FALSE,NA,NA,NA,NA,NA,NA,0,Minnesota,Omaha,65
2015-16,2015-11-27,1588396,602,0,1,Minnesota,Omaha,Golden Gophers,Mavericks,3,4,36,38,-2,2100,Omaha,1305,105,29,Tre'Shawn Thurman makes a layup.,made,FALSE,FALSE,Layup Shot,26,6.25,852943,Tre'Shawn Thurman,NA,0,Omaha,Minnesota,66
2015-16,2015-11-27,1588396,604,0,1,Minnesota,Omaha,Golden Gophers,Mavericks,3,4,36,38,-2,1503,Minnesota,1279,79,26,Tre'Shawn Thurman blocks a Dupree McBrayer jump shot from 7 feet out.,missed,FALSE,FALSE,Jump Shot,30,9.25,882409,Dupree McBrayer,NA,0,Minnesota,Minnesota,67
2015-16,2015-11-27,1588396,605,0,1,Minnesota,Omaha,Golden Gophers,Mavericks,3,4,36,38,-2,1503,Minnesota,1279,79,0,Gaston Diedhiou with an offensive rebound.,NA,FALSE,FALSE,NA,NA,NA,NA,NA,NA,0,Minnesota,Minnesota,67
2015-16,2015-11-27,1588396,609,0,1,Minnesota,Omaha,Golden Gophers,Mavericks,3,4,38,38,0,1503,Minnesota,1276,76,3,Gaston Diedhiou makes a layup.,made,FALSE,FALSE,Layup Shot,26,6.25,844005,Gaston Diedhiou,NA,0,Minnesota,Omaha,67
2015-16,2015-11-27,1588396,614,0,1,Minnesota,Omaha,Golden Gophers,Mavericks,3,4,38,38,0,2100,Omaha,1272,72,4,Gaston Diedhiou blocks a JT Gibson layup.,missed,FALSE,FALSE,Layup Shot,25,5.25,896172,JT Gibson,NA,0,Omaha,Omaha,68
2015-16,2015-11-27,1588396,615,0,1,Minnesota,Omaha,Golden Gophers,Mavericks,3,4,38,38,0,2100,Omaha,1272,72,0,Tra-Deon Hollins with an offensive rebound.,NA,FALSE,FALSE,NA,NA,NA,NA,NA,NA,0,Omaha,Omaha,68
2015-16,2015-11-27,1588396,617,0,1,Minnesota,Omaha,Golden Gophers,Mavericks,3,4,38,40,-2,2100,Omaha,1271,71,1,Tra-Deon Hollins makes a layup.,made,FALSE,FALSE,Layup Shot,25,5.25,896176,Tra-Deon Hollins,NA,0,Omaha,Minnesota,68
2015-16,2015-11-27,1588396,623,0,1,Minnesota,Omaha,Golden Gophers,Mavericks,3,4,38,40,-2,1503,Minnesota,1257,57,14,Gaston Diedhiou misses a layup.,missed,FALSE,FALSE,Layup Shot,25,5.25,844005,Gaston Diedhiou,NA,0,Minnesota,Minnesota,69
2015-16,2015-11-27,1588396,624,0,1,Minnesota,Omaha,Golden Gophers,Mavericks,3,4,38,40,-2,1503,Minnesota,1257,57,0,Charles Buggs with an offensive rebound.,NA,FALSE,FALSE,NA,NA,NA,NA,NA,NA,0,Minnesota,Minnesota,69
2015-16,2015-11-27,1588396,628,0,1,Minnesota,Omaha,Golden Gophers,Mavericks,3,4,38,40,-2,1503,Minnesota,1252,52,5,Charles Buggs misses a tip shot from 7 feet out.,missed,FALSE,FALSE,Tip Shot,23.6,11.650000000000006,691450,Charles Buggs,NA,0,Minnesota,Minnesota,69
2015-16,2015-11-27,1588396,629,0,1,Minnesota,Omaha,Golden Gophers,Mavericks,3,4,38,40,-2,1503,Minnesota,1252,52,0,Gaston Diedhiou with an offensive rebound.,NA,FALSE,FALSE,NA,NA,NA,NA,NA,NA,0,Minnesota,Minnesota,69
2015-16,2015-11-27,1588396,633,0,1,Minnesota,Omaha,Golden Gophers,Mavericks,3,4,41,40,1,1503,Minnesota,1240,40,12,Carlos Morris makes a 3-point jump shot from 23 feet out. Nate Mason with the assist.,made,FALSE,TRUE,Jump Shot,2.299999999999997,8.849999999999994,844014,Carlos Morris,Nate Mason,0,Minnesota,Omaha,69
2015-16,2015-11-27,1588396,643,0,1,Minnesota,Omaha,Golden Gophers,Mavericks,3,4,41,42,-1,2100,Omaha,1215,15,25,JT Gibson makes a jump shot from 19 feet out. Kyler Erickson with the assist.,made,FALSE,FALSE,Jump Shot,30.4,23.15,896172,JT Gibson,Kyler Erickson,0,Omaha,Minnesota,70
2015-16,2015-11-27,1588396,645,0,1,Minnesota,Omaha,Golden Gophers,Mavericks,3,4,41,42,-1,1503,Minnesota,1203,3,12,Nate Mason misses a 3-point jump shot from 24 feet out.,missed,FALSE,TRUE,Jump Shot,20,28.950000000000003,844012,Nate Mason,NA,0,Minnesota,Minnesota,71
2015-16,2015-11-27,1588396,648,0,1,Minnesota,Omaha,Golden Gophers,Mavericks,3,3,41,42,-1,2100,Omaha,1202,2,1,Mavericks take a 30-second timeout.,NA,FALSE,FALSE,NA,NA,NA,NA,NA,NA,0,NA,NA,NA
2015-16,2015-11-27,1588396,650,0,1,Minnesota,Omaha,Golden Gophers,Mavericks,3,3,41,42,-1,NA,NA,1200,0,2,End of the 1st Half,NA,FALSE,FALSE,NA,NA,NA,NA,NA,NA,0,NA,NA,NA
2015-16,2015-11-27,1588396,651,0,2,Minnesota,Omaha,Golden Gophers,Mavericks,4,4,41,42,-1,NA,NA,1200,1200,0,Start of the 2nd Half,NA,FALSE,FALSE,NA,NA,NA,NA,NA,NA,0,NA,Minnesota,71
2015-16,2015-11-27,1588396,667,0,2,Minnesota,Omaha,Golden Gophers,Mavericks,4,4,43,42,1,1503,Minnesota,1182,1182,18,Bakary Konate makes a jump shot from 10 feet out. Charles Buggs with the assist.,made,FALSE,FALSE,Jump Shot,27.3,14.549999999999997,844010,Bakary Konate,Charles Buggs,0,Minnesota,Omaha,72
2015-16,2015-11-27,1588396,688,0,2,Minnesota,Omaha,Golden Gophers,Mavericks,4,4,43,42,1,2100,Omaha,1159,1159,23,Tre'Shawn Thurman misses a 3-point jump shot from 25 feet out.,missed,FALSE,TRUE,Jump Shot,30,29.25,852943,Tre'Shawn Thurman,NA,0,Omaha,Omaha,73
2015-16,2015-11-27,1588396,689,0,2,Minnesota,Omaha,Golden Gophers,Mavericks,4,4,43,42,1,2100,Omaha,1159,1159,0,Zach Jackson with an offensive rebound.,NA,FALSE,FALSE,NA,NA,NA,NA,NA,NA,0,Omaha,Omaha,73
2015-16,2015-11-27,1588396,694,0,2,Minnesota,Omaha,Golden Gophers,Mavericks,4,4,43,42,1,1503,Minnesota,1157,1157,2,Personal foul committed by Charles Buggs.,NA,FALSE,FALSE,NA,NA,NA,NA,NA,NA,0,Omaha,Omaha,73
2015-16,2015-11-27,1588396,706,0,2,Minnesota,Omaha,Golden Gophers,Mavericks,4,4,43,45,-2,2100,Omaha,1148,1148,9,Jake White makes a 3-point jump shot from 24 feet out.,made,FALSE,TRUE,Jump Shot,19,28.25,603437,Jake White,NA,0,Omaha,Minnesota,73
2015-16,2015-11-27,1588396,722,0,2,Minnesota,Omaha,Golden Gophers,Mavericks,4,4,46,45,1,1503,Minnesota,1134,1134,14,Carlos Morris makes a 3-point jump shot from 25 feet out. Nate Mason with the assist.,made,FALSE,TRUE,Jump Shot,34.6,28.650000000000006,844014,Carlos Morris,Nate Mason,0,Minnesota,Omaha,74
2015-16,2015-11-27,1588396,729,0,2,Minnesota,Omaha,Golden Gophers,Mavericks,4,4,46,45,1,2100,Omaha,1121,1121,13,Jake White misses a jump shot from 7 feet out.,missed,FALSE,FALSE,Jump Shot,21.2,10.95,603437,Jake White,NA,0,Omaha,Omaha,75
2015-16,2015-11-27,1588396,730,0,2,Minnesota,Omaha,Golden Gophers,Mavericks,4,4,46,45,1,1503,Minnesota,1121,1121,0,Carlos Morris with a defensive rebound.,NA,FALSE,FALSE,NA,NA,NA,NA,NA,NA,0,Omaha,Minnesota,75
2015-16,2015-11-27,1588396,731,0,2,Minnesota,Omaha,Golden Gophers,Mavericks,4,4,48,45,3,1503,Minnesota,1110,1110,11,Bakary Konate dunks. Nate Mason with the assist.,made,FALSE,FALSE,Dunk Shot,26,6.25,844010,Bakary Konate,Nate Mason,0,Minnesota,Omaha,76
2015-16,2015-11-27,1588396,732,0,2,Minnesota,Omaha,Golden Gophers,Mavericks,4,4,48,45,3,2100,Omaha,1090,1090,20,Bakary Konate blocks a Tre'Shawn Thurman jump shot from 8 feet out.,missed,FALSE,FALSE,Jump Shot,29.7,11.45,852943,Tre'Shawn Thurman,NA,0,Omaha,Omaha,77
2015-16,2015-11-27,1588396,733,0,2,Minnesota,Omaha,Golden Gophers,Mavericks,4,4,48,45,3,1503,Minnesota,1090,1090,0,Bakary Konate with a defensive rebound.,NA,FALSE,FALSE,NA,NA,NA,NA,NA,NA,0,Omaha,Minnesota,77
2015-16,2015-11-27,1588396,734,0,2,Minnesota,Omaha,Golden Gophers,Mavericks,4,4,50,45,5,1503,Minnesota,1085,1085,5,Nate Mason makes a layup.,made,FALSE,FALSE,Layup Shot,25,5.25,844012,Nate Mason,NA,0,Minnesota,Omaha,78
2015-16,2015-11-27,1588396,736,0,2,Minnesota,Omaha,Golden Gophers,Mavericks,4,4,50,45,5,2100,Omaha,1076,1076,9,Tre'Shawn Thurman with a turnover - Traveling,NA,FALSE,FALSE,NA,NA,NA,NA,NA,NA,0,Omaha,Minnesota,79
2015-16,2015-11-27,1588396,741,0,2,Minnesota,Omaha,Golden Gophers,Mavericks,4,4,50,45,5,1503,Minnesota,1059,1059,17,Carlos Morris misses a layup.,missed,FALSE,FALSE,Layup Shot,25,5.25,844014,Carlos Morris,NA,0,Minnesota,Omaha,80
2015-16,2015-11-27,1588396,753,0,2,Minnesota,Omaha,Golden Gophers,Mavericks,4,4,50,47,3,2100,Omaha,1042,1042,17,Tre'Shawn Thurman makes a layup. Jake White with the assist.,made,FALSE,FALSE,Layup Shot,26,6.25,852943,Tre'Shawn Thurman,Jake White,0,Omaha,Minnesota,81
2015-16,2015-11-27,1588396,755,0,2,Minnesota,Omaha,Golden Gophers,Mavericks,4,4,50,47,3,1503,Minnesota,1028,1028,14,Tra-Deon Hollins steals the ball from Carlos Morris.,NA,FALSE,FALSE,NA,NA,NA,NA,NA,NA,0,Minnesota,Omaha,82
2015-16,2015-11-27,1588396,757,0,2,Minnesota,Omaha,Golden Gophers,Mavericks,4,4,50,49,1,2100,Omaha,1026,1026,2,Tre'Shawn Thurman dunks. Tra-Deon Hollins with the assist.,made,FALSE,FALSE,Dunk Shot,26,6.25,852943,Tre'Shawn Thurman,Tra-Deon Hollins,0,Omaha,Minnesota,83
2015-16,2015-11-27,1588396,761,0,2,Minnesota,Omaha,Golden Gophers,Mavericks,4,4,50,49,1,2100,Omaha,1017,1017,9,Personal foul committed by Jake White.,NA,FALSE,FALSE,NA,NA,NA,NA,NA,NA,0,Minnesota,Minnesota,84
2015-16,2015-11-27,1588396,765,0,2,Minnesota,Omaha,Golden Gophers,Mavericks,4,4,50,49,1,1503,Minnesota,1014,1014,3,Daniel Meyer blocks a Joey King jump shot from 14 feet out.,missed,FALSE,FALSE,Jump Shot,37.7,10.950000000000003,695164,Joey King,NA,0,Minnesota,Minnesota,84
2015-16,2015-11-27,1588396,766,0,2,Minnesota,Omaha,Golden Gophers,Mavericks,4,4,50,49,1,2100,Omaha,1014,1014,0,Zach Jackson with a defensive rebound.,NA,FALSE,FALSE,NA,NA,NA,NA,NA,NA,0,Minnesota,Omaha,84
2015-16,2015-11-27,1588396,773,0,2,Minnesota,Omaha,Golden Gophers,Mavericks,4,4,50,51,-1,2100,Omaha,1006,1006,8,Devin Patterson makes a jump shot from 9 feet out.,made,FALSE,FALSE,Jump Shot,23.2,14.55,794498,Devin Patterson,NA,0,Omaha,Minnesota,85
2015-16,2015-11-27,1588396,775,0,2,Minnesota,Omaha,Golden Gophers,Mavericks,4,4,50,51,-1,1503,Minnesota,988,988,18,Carlos Morris misses a jump shot from 14 feet out.,missed,FALSE,FALSE,Jump Shot,30.2,18.450000000000003,844014,Carlos Morris,NA,0,Minnesota,Minnesota,86
2015-16,2015-11-27,1588396,776,0,2,Minnesota,Omaha,Golden Gophers,Mavericks,4,4,50,51,-1,2100,Omaha,988,988,0,Tra-Deon Hollins with a defensive rebound.,NA,FALSE,FALSE,NA,NA,NA,NA,NA,NA,0,Minnesota,Omaha,86
2015-16,2015-11-27,1588396,789,0,2,Minnesota,Omaha,Golden Gophers,Mavericks,4,4,50,53,-3,2100,Omaha,968,968,20,Daniel Meyer makes a layup. Tra-Deon Hollins with the assist.,made,FALSE,FALSE,Layup Shot,25,5.25,789884,Daniel Meyer,Tra-Deon Hollins,0,Omaha,Minnesota,87
2015-16,2015-11-27,1588396,801.5,0,2,Minnesota,Omaha,Golden Gophers,Mavericks,4,4,50,53,-3,2100,Omaha,944,944,24,Shooting foul committed by Tra-Deon Hollins.,NA,FALSE,FALSE,NA,NA,NA,NA,NA,NA,0,Minnesota,Minnesota,88
2015-16,2015-11-27,1588396,814,0,2,Minnesota,Omaha,Golden Gophers,Mavericks,4,4,50,53,-3,NA,NA,944,944,0,Official TV timeout.,NA,FALSE,FALSE,NA,NA,NA,NA,NA,NA,0,NA,NA,NA
2015-16,2015-11-27,1588396,817,0,2,Minnesota,Omaha,Golden Gophers,Mavericks,4,4,51,53,-2,1503,Minnesota,944,944,0,Jordan Murphy makes free throw 1 of 2.,made,TRUE,FALSE,NA,NA,NA,NA,NA,NA,0,Minnesota,Minnesota,88
2015-16,2015-11-27,1588396,818,0,2,Minnesota,Omaha,Golden Gophers,Mavericks,4,4,51,53,-2,1503,Minnesota,944,944,0,Jordan Murphy misses free throw 2 of 2.,missed,TRUE,FALSE,NA,NA,NA,NA,NA,NA,0,Minnesota,Minnesota,88
2015-16,2015-11-27,1588396,819,0,2,Minnesota,Omaha,Golden Gophers,Mavericks,4,4,51,53,-2,2100,Omaha,944,944,0,Tre'Shawn Thurman with a defensive rebound.,NA,FALSE,FALSE,NA,NA,NA,NA,NA,NA,0,Minnesota,Omaha,88
2015-16,2015-11-27,1588396,841,0,2,Minnesota,Omaha,Golden Gophers,Mavericks,4,4,51,53,-2,2100,Omaha,917,917,27,Tra-Deon Hollins misses a jump shot from 11 feet out.,missed,FALSE,FALSE,Jump Shot,22.4,15.85,896176,Tra-Deon Hollins,NA,0,Omaha,Omaha,89
2015-16,2015-11-27,1588396,842,0,2,Minnesota,Omaha,Golden Gophers,Mavericks,4,4,51,53,-2,1503,Minnesota,917,917,0,Jordan Murphy with a defensive rebound.,NA,FALSE,FALSE,NA,NA,NA,NA,NA,NA,0,Omaha,Minnesota,89
2015-16,2015-11-27,1588396,848,0,2,Minnesota,Omaha,Golden Gophers,Mavericks,4,4,51,53,-2,1503,Minnesota,912,912,5,Tra-Deon Hollins steals the ball from Jordan Murphy.,NA,FALSE,FALSE,NA,NA,NA,NA,NA,NA,0,Minnesota,Omaha,90
2015-16,2015-11-27,1588396,850,0,2,Minnesota,Omaha,Golden Gophers,Mavericks,4,4,51,56,-5,2100,Omaha,910,910,2,Devin Patterson makes a 3-point jump shot from 24 feet out. Tra-Deon Hollins with the assist.,made,FALSE,TRUE,Jump Shot,7,22.25,794498,Devin Patterson,Tra-Deon Hollins,0,Omaha,Minnesota,91
2015-16,2015-11-27,1588396,870,0,2,Minnesota,Omaha,Golden Gophers,Mavericks,4,4,53,56,-3,1503,Minnesota,896,896,14,Jordan Murphy makes a layup. Charles Buggs with the assist.,made,FALSE,FALSE,Layup Shot,25,5.25,882410,Jordan Murphy,Charles Buggs,0,Minnesota,Omaha,92
2015-16,2015-11-27,1588396,871,0,2,Minnesota,Omaha,Golden Gophers,Mavericks,4,4,53,56,-3,2100,Omaha,877,877,19,Daniel Meyer misses a jump shot from 9 feet out.,missed,FALSE,FALSE,Jump Shot,23.7,13.85,789884,Daniel Meyer,NA,0,Omaha,Omaha,93
2015-16,2015-11-27,1588396,872,0,2,Minnesota,Omaha,Golden Gophers,Mavericks,4,4,53,56,-3,1503,Minnesota,877,877,0,Bakary Konate with a defensive rebound.,NA,FALSE,FALSE,NA,NA,NA,NA,NA,NA,0,Omaha,Minnesota,93
2015-16,2015-11-27,1588396,876,0,2,Minnesota,Omaha,Golden Gophers,Mavericks,4,4,56,56,0,1503,Minnesota,862,862,15,Carlos Morris makes a 3-point jump shot from 24 feet out. Nate Mason with the assist.,made,FALSE,TRUE,Jump Shot,32.1,27.75,844014,Carlos Morris,Nate Mason,0,Minnesota,Omaha,94
2015-16,2015-11-27,1588396,880,0,2,Minnesota,Omaha,Golden Gophers,Mavericks,4,4,56,56,0,2100,Omaha,851,851,11,Charles Buggs blocks a JT Gibson 3-point jump shot from 24 feet out.,missed,FALSE,TRUE,Jump Shot,47.2,13.85,896172,JT Gibson,NA,0,Omaha,Omaha,95
2015-16,2015-11-27,1588396,881,0,2,Minnesota,Omaha,Golden Gophers,Mavericks,4,4,56,56,0,1503,Minnesota,851,851,0,Charles Buggs with a defensive rebound.,NA,FALSE,FALSE,NA,NA,NA,NA,NA,NA,0,Omaha,Minnesota,95
2015-16,2015-11-27,1588396,884,0,2,Minnesota,Omaha,Golden Gophers,Mavericks,4,4,56,56,0,2100,Omaha,849,849,2,Personal foul committed by JT Gibson.,NA,FALSE,FALSE,NA,NA,NA,NA,NA,NA,0,Minnesota,Minnesota,96
2015-16,2015-11-27,1588396,889,0,2,Minnesota,Omaha,Golden Gophers,Mavericks,4,4,56,56,0,2100,Omaha,839,839,10,Personal foul committed by Devin Patterson.,NA,FALSE,FALSE,NA,NA,NA,NA,NA,NA,0,Minnesota,Minnesota,96
2015-16,2015-11-27,1588396,891,0,2,Minnesota,Omaha,Golden Gophers,Mavericks,4,4,58,56,2,1503,Minnesota,836,836,3,Carlos Morris makes a jump shot from 9 feet out. Charles Buggs with the assist.,made,FALSE,FALSE,Jump Shot,28.8,13.849999999999994,844014,Carlos Morris,Charles Buggs,0,Minnesota,Omaha,96
2015-16,2015-11-27,1588396,895,0,2,Minnesota,Omaha,Golden Gophers,Mavericks,4,4,58,56,2,2100,Omaha,826,826,10,Tim Smallwood misses a 3-point jump shot from 23 feet out.,missed,FALSE,TRUE,Jump Shot,4.199999999999999,14.65,852939,Tim Smallwood,NA,0,Omaha,Omaha,97
2015-16,2015-11-27,1588396,896,0,2,Minnesota,Omaha,Golden Gophers,Mavericks,4,4,58,56,2,2100,Omaha,826,826,0,Jake White with an offensive rebound.,NA,FALSE,FALSE,NA,NA,NA,NA,NA,NA,0,Omaha,Omaha,97
2015-16,2015-11-27,1588396,897,0,2,Minnesota,Omaha,Golden Gophers,Mavericks,4,4,58,56,2,2100,Omaha,820,820,6,Jake White misses a layup.,missed,FALSE,FALSE,Layup Shot,26,6.25,603437,Jake White,NA,0,Omaha,Omaha,97
2015-16,2015-11-27,1588396,898,0,2,Minnesota,Omaha,Golden Gophers,Mavericks,4,4,58,56,2,2100,Omaha,820,820,0,Tim Smallwood with an offensive rebound.,NA,FALSE,FALSE,NA,NA,NA,NA,NA,NA,0,Omaha,Omaha,97
2015-16,2015-11-27,1588396,902,0,2,Minnesota,Omaha,Golden Gophers,Mavericks,4,4,58,58,0,2100,Omaha,816,816,4,Tim Smallwood makes a layup.,made,FALSE,FALSE,Layup Shot,26,6.25,852939,Tim Smallwood,NA,0,Omaha,Minnesota,97
2015-16,2015-11-27,1588396,906,0,2,Minnesota,Omaha,Golden Gophers,Mavericks,4,4,61,58,3,1503,Minnesota,803,803,13,Joey King makes a 3-point jump shot from 26 feet out. Nate Mason with the assist.,made,FALSE,TRUE,Jump Shot,19.1,31.049999999999997,695164,Joey King,Nate Mason,0,Minnesota,Omaha,98
2015-16,2015-11-27,1588396,907,0,2,Minnesota,Omaha,Golden Gophers,Mavericks,4,4,61,58,3,2100,Omaha,782,782,21,Jake White misses a layup.,missed,FALSE,FALSE,Layup Shot,26,6.25,603437,Jake White,NA,0,Omaha,Omaha,99
2015-16,2015-11-27,1588396,908,0,2,Minnesota,Omaha,Golden Gophers,Mavericks,4,4,61,58,3,1503,Minnesota,782,782,0,Jordan Murphy with a defensive rebound.,NA,FALSE,FALSE,NA,NA,NA,NA,NA,NA,0,Omaha,Minnesota,99
2015-16,2015-11-27,1588396,909,0,2,Minnesota,Omaha,Golden Gophers,Mavericks,4,4,63,58,5,1503,Minnesota,764,764,18,Nate Mason makes a layup.,made,FALSE,FALSE,Layup Shot,25,5.25,844012,Nate Mason,NA,0,Minnesota,Omaha,100
2015-16,2015-11-27,1588396,910,0,2,Minnesota,Omaha,Golden Gophers,Mavericks,4,4,63,58,5,2100,Omaha,751,751,13,Carlos Morris blocks a Jake White jump shot from 8 feet out.,missed,FALSE,FALSE,Jump Shot,29.2,12.25,603437,Jake White,NA,0,Omaha,Omaha,101
2015-16,2015-11-27,1588396,911,0,2,Minnesota,Omaha,Golden Gophers,Mavericks,4,4,63,58,5,1503,Minnesota,751,751,0,Nate Mason with a defensive rebound.,NA,FALSE,FALSE,NA,NA,NA,NA,NA,NA,0,Omaha,Minnesota,101
2015-16,2015-11-27,1588396,912,0,2,Minnesota,Omaha,Golden Gophers,Mavericks,4,4,63,58,5,1503,Minnesota,747,747,4,Carlos Morris misses a 3-point jump shot from 25 feet out.,missed,FALSE,TRUE,Jump Shot,35.8,27.25,844014,Carlos Morris,NA,0,Minnesota,Minnesota,102
2015-16,2015-11-27,1588396,913,0,2,Minnesota,Omaha,Golden Gophers,Mavericks,4,4,63,58,5,2100,Omaha,747,747,0,Tra-Deon Hollins with a defensive rebound.,NA,FALSE,FALSE,NA,NA,NA,NA,NA,NA,0,Minnesota,Omaha,102
2015-16,2015-11-27,1588396,919,0,2,Minnesota,Omaha,Golden Gophers,Mavericks,4,4,63,60,3,2100,Omaha,738,738,9,JT Gibson makes a layup. Tim Smallwood with the assist.,made,FALSE,FALSE,Layup Shot,25,5.25,896172,JT Gibson,Tim Smallwood,0,Omaha,Minnesota,103
2015-16,2015-11-27,1588396,924,0,2,Minnesota,Omaha,Golden Gophers,Mavericks,4,4,66,60,6,1503,Minnesota,722,722,16,Joey King makes a 3-point jump shot from 23 feet out. Nate Mason with the assist.,made,FALSE,TRUE,Jump Shot,4,13.950000000000003,695164,Joey King,Nate Mason,0,Minnesota,Omaha,104
2015-16,2015-11-27,1588396,925,0,2,Minnesota,Omaha,Golden Gophers,Mavericks,4,4,66,62,4,2100,Omaha,705,705,17,Randy Reed makes a layup. Tra-Deon Hollins with the assist.,made,FALSE,FALSE,Layup Shot,25,5.25,626205,Randy Reed,Tra-Deon Hollins,0,Omaha,Minnesota,105
2015-16,2015-11-27,1588396,926,0,2,Minnesota,Omaha,Golden Gophers,Mavericks,4,4,66,62,4,1503,Minnesota,692,692,13,Jordan Murphy misses a layup.,missed,FALSE,FALSE,Layup Shot,25,5.25,882410,Jordan Murphy,NA,0,Minnesota,Minnesota,106
2015-16,2015-11-27,1588396,927,0,2,Minnesota,Omaha,Golden Gophers,Mavericks,4,4,66,62,4,2100,Omaha,692,692,0,Tra-Deon Hollins with a defensive rebound.,NA,FALSE,FALSE,NA,NA,NA,NA,NA,NA,0,Minnesota,Omaha,106
2015-16,2015-11-27,1588396,928,0,2,Minnesota,Omaha,Golden Gophers,Mavericks,4,4,66,65,1,2100,Omaha,683,683,9,JT Gibson makes a 3-point jump shot from 23 feet out. Tra-Deon Hollins with the assist.,made,FALSE,TRUE,Jump Shot,5.699999999999999,17.55,896172,JT Gibson,Tra-Deon Hollins,0,Omaha,Minnesota,107
2015-16,2015-11-27,1588396,929,0,2,Minnesota,Omaha,Golden Gophers,Mavericks,4,4,66,65,1,1503,Minnesota,674,674,9,Tim Smallwood steals the ball from Nate Mason.,NA,FALSE,FALSE,NA,NA,NA,NA,NA,NA,0,Minnesota,Omaha,108
2015-16,2015-11-27,1588396,935,0,2,Minnesota,Omaha,Golden Gophers,Mavericks,4,4,66,67,-1,2100,Omaha,666,666,8,Randy Reed makes a layup. Tim Smallwood with the assist.,made,FALSE,FALSE,Layup Shot,26,6.25,626205,Randy Reed,Tim Smallwood,0,Omaha,Omaha,109
2015-16,2015-11-27,1588396,936,0,2,Minnesota,Omaha,Golden Gophers,Mavericks,4,4,66,67,-1,1503,Minnesota,666,666,0,Shooting foul committed by Joey King.,NA,FALSE,FALSE,NA,NA,NA,NA,NA,NA,0,Omaha,Omaha,109
2015-16,2015-11-27,1588396,937,0,2,Minnesota,Omaha,Golden Gophers,Mavericks,4,4,66,67,-1,NA,NA,666,666,0,Official TV timeout.,NA,FALSE,FALSE,NA,NA,NA,NA,NA,NA,0,NA,NA,NA
2015-16,2015-11-27,1588396,938,0,2,Minnesota,Omaha,Golden Gophers,Mavericks,4,4,66,68,-2,2100,Omaha,666,666,0,Randy Reed makes free throw 1 of 1.,made,TRUE,FALSE,NA,NA,NA,NA,NA,NA,0,Omaha,Minnesota,109
2015-16,2015-11-27,1588396,954,0,2,Minnesota,Omaha,Golden Gophers,Mavericks,4,4,66,68,-2,1503,Minnesota,643,643,23,Joey King with a turnover - Traveling,NA,FALSE,FALSE,NA,NA,NA,NA,NA,NA,0,Minnesota,Omaha,110
2015-16,2015-11-27,1588396,961,0,2,Minnesota,Omaha,Golden Gophers,Mavericks,4,4,66,70,-4,2100,Omaha,625,625,18,Jake White makes a layup. JT Gibson with the assist.,made,FALSE,FALSE,Layup Shot,26,6.25,603437,Jake White,JT Gibson,0,Omaha,Minnesota,111
2015-16,2015-11-27,1588396,963,0,2,Minnesota,Omaha,Golden Gophers,Mavericks,4,4,66,70,-4,1503,Minnesota,615,615,10,Kevin Dorsey misses a layup.,missed,FALSE,FALSE,Layup Shot,26,6.25,882395,Kevin Dorsey,NA,0,Minnesota,Minnesota,112
2015-16,2015-11-27,1588396,964,0,2,Minnesota,Omaha,Golden Gophers,Mavericks,4,4,66,70,-4,2100,Omaha,615,615,0,JT Gibson with a defensive rebound.,NA,FALSE,FALSE,NA,NA,NA,NA,NA,NA,0,Minnesota,Omaha,112
2015-16,2015-11-27,1588396,965,0,2,Minnesota,Omaha,Golden Gophers,Mavericks,4,4,66,70,-4,2100,Omaha,585,585,30,Jake White misses a jump shot from 18 feet out.,missed,FALSE,FALSE,Jump Shot,7.100000000000001,8.85,603437,Jake White,NA,0,Omaha,Omaha,113
2015-16,2015-11-27,1588396,966,0,2,Minnesota,Omaha,Golden Gophers,Mavericks,4,4,66,70,-4,1503,Minnesota,585,585,0,Kevin Dorsey with a defensive rebound.,NA,FALSE,FALSE,NA,NA,NA,NA,NA,NA,0,Omaha,Minnesota,113
2015-16,2015-11-27,1588396,968,0,2,Minnesota,Omaha,Golden Gophers,Mavericks,4,4,66,70,-4,2100,Omaha,576,576,9,Shooting foul committed by Tim Smallwood.,NA,FALSE,FALSE,NA,NA,NA,NA,NA,NA,0,Minnesota,Minnesota,114
2015-16,2015-11-27,1588396,969,0,2,Minnesota,Omaha,Golden Gophers,Mavericks,4,4,67,70,-3,1503,Minnesota,576,576,0,Jordan Murphy makes free throw 1 of 2.,made,TRUE,FALSE,NA,NA,NA,NA,NA,NA,0,Minnesota,Minnesota,114
2015-16,2015-11-27,1588396,970,0,2,Minnesota,Omaha,Golden Gophers,Mavericks,4,4,68,70,-2,1503,Minnesota,576,576,0,Jordan Murphy makes free throw 2 of 2.,made,TRUE,FALSE,NA,NA,NA,NA,NA,NA,0,Minnesota,Omaha,114
2015-16,2015-11-27,1588396,972,0,2,Minnesota,Omaha,Golden Gophers,Mavericks,4,4,68,70,-2,2100,Omaha,567,567,9,Randy Reed misses a jump shot from 15 feet out.,missed,FALSE,FALSE,Jump Shot,11.3,12.25,626205,Randy Reed,NA,0,Omaha,Omaha,115
2015-16,2015-11-27,1588396,973,0,2,Minnesota,Omaha,Golden Gophers,Mavericks,4,4,68,70,-2,1503,Minnesota,567,567,0,Bakary Konate with a defensive rebound.,NA,FALSE,FALSE,NA,NA,NA,NA,NA,NA,0,Omaha,Minnesota,115
2015-16,2015-11-27,1588396,974,0,2,Minnesota,Omaha,Golden Gophers,Mavericks,4,4,68,70,-2,1503,Minnesota,548,548,19,Nate Mason misses a 3-point jump shot from 23 feet out.,missed,FALSE,TRUE,Jump Shot,40.9,21.349999999999994,844012,Nate Mason,NA,0,Minnesota,Minnesota,116
2015-16,2015-11-27,1588396,975,0,2,Minnesota,Omaha,Golden Gophers,Mavericks,4,4,68,70,-2,1503,Minnesota,548,548,0,Nate Mason with an offensive rebound.,NA,FALSE,FALSE,NA,NA,NA,NA,NA,NA,0,Minnesota,Minnesota,116
2015-16,2015-11-27,1588396,976,0,2,Minnesota,Omaha,Golden Gophers,Mavericks,4,4,68,70,-2,1503,Minnesota,541,541,7,Nate Mason misses a jump shot from 14 feet out.,missed,FALSE,FALSE,Jump Shot,37.8,9.950000000000003,844012,Nate Mason,NA,0,Minnesota,Minnesota,116
2015-16,2015-11-27,1588396,977,0,2,Minnesota,Omaha,Golden Gophers,Mavericks,4,4,68,70,-2,2100,Omaha,541,541,0,Tra-Deon Hollins with a defensive rebound.,NA,FALSE,FALSE,NA,NA,NA,NA,NA,NA,0,Minnesota,Omaha,116
2015-16,2015-11-27,1588396,982,0,2,Minnesota,Omaha,Golden Gophers,Mavericks,4,4,68,70,-2,2100,Omaha,528,528,13,JT Gibson misses a 3-point jump shot from 23 feet out.,missed,FALSE,TRUE,Jump Shot,39.7,23.35,896172,JT Gibson,NA,0,Omaha,Omaha,117
2015-16,2015-11-27,1588396,983,0,2,Minnesota,Omaha,Golden Gophers,Mavericks,4,4,68,70,-2,2100,Omaha,528,528,0,JT Gibson with an offensive rebound.,NA,FALSE,FALSE,NA,NA,NA,NA,NA,NA,0,Omaha,Omaha,117
2015-16,2015-11-27,1588396,984,0,2,Minnesota,Omaha,Golden Gophers,Mavericks,4,4,68,70,-2,1503,Minnesota,522,522,6,Shooting foul committed by Jordan Murphy.,NA,FALSE,FALSE,NA,NA,NA,NA,NA,NA,0,Omaha,Omaha,117
2015-16,2015-11-27,1588396,985,0,2,Minnesota,Omaha,Golden Gophers,Mavericks,4,4,68,70,-2,2100,Omaha,522,522,0,Randy Reed misses free throw 1 of 2.,missed,TRUE,FALSE,NA,NA,NA,NA,NA,NA,0,Omaha,Omaha,117
2015-16,2015-11-27,1588396,987,0,2,Minnesota,Omaha,Golden Gophers,Mavericks,4,4,68,71,-3,2100,Omaha,522,522,0,Randy Reed makes free throw 2 of 2.,made,TRUE,FALSE,NA,NA,NA,NA,NA,NA,0,Omaha,Minnesota,117
2015-16,2015-11-27,1588396,1014,0,2,Minnesota,Omaha,Golden Gophers,Mavericks,3,4,68,71,-3,1503,Minnesota,498,498,24,Golden Gophers take a full timeout.,NA,FALSE,FALSE,NA,NA,NA,NA,NA,NA,0,NA,NA,NA
2015-16,2015-11-27,1588396,1022,0,2,Minnesota,Omaha,Golden Gophers,Mavericks,3,4,68,71,-3,1503,Minnesota,491,491,7,Dupree McBrayer misses a jump shot from 13 feet out.,missed,FALSE,FALSE,Jump Shot,29.3,17.450000000000003,882409,Dupree McBrayer,NA,0,Minnesota,Minnesota,118
2015-16,2015-11-27,1588396,1023,0,2,Minnesota,Omaha,Golden Gophers,Mavericks,3,4,68,71,-3,1503,Minnesota,491,491,0,Bakary Konate with an offensive rebound.,NA,FALSE,FALSE,NA,NA,NA,NA,NA,NA,0,Minnesota,Minnesota,118
2015-16,2015-11-27,1588396,1030,0,2,Minnesota,Omaha,Golden Gophers,Mavericks,3,4,70,71,-1,1503,Minnesota,485,485,6,Carlos Morris makes a layup. Bakary Konate with the assist.,made,FALSE,FALSE,Layup Shot,25,5.25,844014,Carlos Morris,Bakary Konate,0,Minnesota,Omaha,118
2015-16,2015-11-27,1588396,1041,0,2,Minnesota,Omaha,Golden Gophers,Mavericks,3,4,70,71,-1,NA,NA,475,475,10,Official TV timeout.,NA,FALSE,FALSE,NA,NA,NA,NA,NA,NA,0,NA,NA,NA
2015-16,2015-11-27,1588396,1058,0,2,Minnesota,Omaha,Golden Gophers,Mavericks,3,4,70,71,-1,2100,Omaha,469,469,6,Randy Reed misses a layup.,missed,FALSE,FALSE,Layup Shot,26,6.25,626205,Randy Reed,NA,0,Omaha,Omaha,119
2015-16,2015-11-27,1588396,1059,0,2,Minnesota,Omaha,Golden Gophers,Mavericks,3,4,70,71,-1,2100,Omaha,469,469,0,Tre'Shawn Thurman with an offensive rebound.,NA,FALSE,FALSE,NA,NA,NA,NA,NA,NA,0,Omaha,Omaha,119
2015-16,2015-11-27,1588396,1065,0,2,Minnesota,Omaha,Golden Gophers,Mavericks,3,4,70,73,-3,2100,Omaha,466,466,3,Tre'Shawn Thurman makes a layup.,made,FALSE,FALSE,Layup Shot,26,6.25,852943,Tre'Shawn Thurman,NA,0,Omaha,Minnesota,119
2015-16,2015-11-27,1588396,1080,0,2,Minnesota,Omaha,Golden Gophers,Mavericks,3,4,73,73,0,1503,Minnesota,452,452,14,Joey King makes a 3-point jump shot from 23 feet out. Kevin Dorsey with the assist.,made,FALSE,TRUE,Jump Shot,5.5,18.049999999999997,695164,Joey King,Kevin Dorsey,0,Minnesota,Omaha,120
2015-16,2015-11-27,1588396,1100,0,2,Minnesota,Omaha,Golden Gophers,Mavericks,3,4,73,73,0,2100,Omaha,433,433,19,Jordan Murphy steals the ball from Tre'Shawn Thurman.,NA,FALSE,FALSE,NA,NA,NA,NA,NA,NA,0,Omaha,Minnesota,121
2015-16,2015-11-27,1588396,1108,0,2,Minnesota,Omaha,Golden Gophers,Mavericks,3,4,75,73,2,1503,Minnesota,423,423,10,Carlos Morris makes a layup.,made,FALSE,FALSE,Layup Shot,26,6.25,844014,Carlos Morris,NA,0,Minnesota,Omaha,122
2015-16,2015-11-27,1588396,1113,0,2,Minnesota,Omaha,Golden Gophers,Mavericks,3,4,75,73,2,1503,Minnesota,418,418,5,Personal foul committed by Kevin Dorsey.,NA,FALSE,FALSE,NA,NA,NA,NA,NA,NA,0,Omaha,Omaha,123
2015-16,2015-11-27,1588396,1118,0,2,Minnesota,Omaha,Golden Gophers,Mavericks,3,4,75,73,2,2100,Omaha,414,414,4,JT Gibson misses a 3-point jump shot from 23 feet out.,missed,FALSE,TRUE,Jump Shot,8.399999999999999,21.35,896172,JT Gibson,NA,0,Omaha,Omaha,123
2015-16,2015-11-27,1588396,1119,0,2,Minnesota,Omaha,Golden Gophers,Mavericks,3,4,75,73,2,1503,Minnesota,414,414,0,Carlos Morris with a defensive rebound.,NA,FALSE,FALSE,NA,NA,NA,NA,NA,NA,0,Omaha,Minnesota,123
2015-16,2015-11-27,1588396,1130,0,2,Minnesota,Omaha,Golden Gophers,Mavericks,3,4,75,73,2,1503,Minnesota,399,399,15,Jordan Murphy misses a jump shot from 11 feet out.,missed,FALSE,FALSE,Jump Shot,18.1,14.150000000000006,882410,Jordan Murphy,NA,0,Minnesota,Minnesota,124
2015-16,2015-11-27,1588396,1131,0,2,Minnesota,Omaha,Golden Gophers,Mavericks,3,4,75,73,2,2100,Omaha,399,399,0,JT Gibson with a defensive rebound.,NA,FALSE,FALSE,NA,NA,NA,NA,NA,NA,0,Minnesota,Omaha,124
2015-16,2015-11-27,1588396,1134,0,2,Minnesota,Omaha,Golden Gophers,Mavericks,3,4,75,73,2,1503,Minnesota,391,391,8,Shooting foul committed by Carlos Morris.,NA,FALSE,FALSE,NA,NA,NA,NA,NA,NA,0,Omaha,Omaha,125
2015-16,2015-11-27,1588396,1135,0,2,Minnesota,Omaha,Golden Gophers,Mavericks,3,4,75,74,1,2100,Omaha,391,391,0,Tra-Deon Hollins makes free throw 1 of 2.,made,TRUE,FALSE,NA,NA,NA,NA,NA,NA,0,Omaha,Omaha,125
2015-16,2015-11-27,1588396,1136,0,2,Minnesota,Omaha,Golden Gophers,Mavericks,3,4,75,75,0,2100,Omaha,391,391,0,Tra-Deon Hollins makes free throw 2 of 2.,made,TRUE,FALSE,NA,NA,NA,NA,NA,NA,0,Omaha,Minnesota,125
2015-16,2015-11-27,1588396,1147,0,2,Minnesota,Omaha,Golden Gophers,Mavericks,3,4,75,75,0,1503,Minnesota,381,381,10,Carlos Morris misses a 3-point jump shot from 24 feet out.,missed,FALSE,TRUE,Jump Shot,29,28.450000000000003,844014,Carlos Morris,NA,0,Minnesota,Minnesota,126
2015-16,2015-11-27,1588396,1148,0,2,Minnesota,Omaha,Golden Gophers,Mavericks,3,4,75,75,0,2100,Omaha,381,381,0,Tim Smallwood with a defensive rebound.,NA,FALSE,FALSE,NA,NA,NA,NA,NA,NA,0,Minnesota,Omaha,126
2015-16,2015-11-27,1588396,1159,0,2,Minnesota,Omaha,Golden Gophers,Mavericks,3,4,75,75,0,2100,Omaha,371,371,10,Tre'Shawn Thurman misses a jump shot from 11 feet out.,missed,FALSE,FALSE,Jump Shot,14.7,10.05,852943,Tre'Shawn Thurman,NA,0,Omaha,Omaha,127
2015-16,2015-11-27,1588396,1160,0,2,Minnesota,Omaha,Golden Gophers,Mavericks,3,4,75,75,0,1503,Minnesota,371,371,0,Carlos Morris with a defensive rebound.,NA,FALSE,FALSE,NA,NA,NA,NA,NA,NA,0,Omaha,Minnesota,127
2015-16,2015-11-27,1588396,1164,0,2,Minnesota,Omaha,Golden Gophers,Mavericks,3,4,77,75,2,1503,Minnesota,364,364,7,Nate Mason makes a jump shot from 16 feet out.,made,FALSE,FALSE,Jump Shot,30.7,20.450000000000003,844012,Nate Mason,NA,0,Minnesota,Omaha,128
2015-16,2015-11-27,1588396,1165,0,2,Minnesota,Omaha,Golden Gophers,Mavericks,3,4,77,75,2,2100,Omaha,338,338,26,Tre'Shawn Thurman misses a 3-point jump shot from 22 feet out.,missed,FALSE,TRUE,Jump Shot,41.1,20.65,852943,Tre'Shawn Thurman,NA,0,Omaha,Omaha,129
2015-16,2015-11-27,1588396,1166,0,2,Minnesota,Omaha,Golden Gophers,Mavericks,3,4,77,75,2,1503,Minnesota,338,338,0,Carlos Morris with a defensive rebound.,NA,FALSE,FALSE,NA,NA,NA,NA,NA,NA,0,Omaha,Minnesota,129
2015-16,2015-11-27,1588396,1167,0,2,Minnesota,Omaha,Golden Gophers,Mavericks,3,4,80,75,5,1503,Minnesota,313,313,25,Joey King makes a 3-point jump shot from 23 feet out. Nate Mason with the assist.,made,FALSE,TRUE,Jump Shot,3.5,13.650000000000006,695164,Joey King,Nate Mason,0,Minnesota,Omaha,130
2015-16,2015-11-27,1588396,1169,0,2,Minnesota,Omaha,Golden Gophers,Mavericks,3,4,80,75,5,2100,Omaha,295,295,18,Charles Buggs steals the ball from Devin Patterson.,NA,FALSE,FALSE,NA,NA,NA,NA,NA,NA,0,Omaha,Minnesota,131
2015-16,2015-11-27,1588396,1170,0,2,Minnesota,Omaha,Golden Gophers,Mavericks,3,4,80,75,5,1503,Minnesota,285,285,10,Carlos Morris misses a layup.,missed,FALSE,FALSE,Layup Shot,25,5.25,844014,Carlos Morris,NA,0,Minnesota,Minnesota,132
2015-16,2015-11-27,1588396,1171,0,2,Minnesota,Omaha,Golden Gophers,Mavericks,3,4,80,75,5,2100,Omaha,285,285,0,Tim Smallwood with a defensive rebound.,NA,FALSE,FALSE,NA,NA,NA,NA,NA,NA,0,Minnesota,Omaha,132
2015-16,2015-11-27,1588396,1173,0,2,Minnesota,Omaha,Golden Gophers,Mavericks,3,4,80,78,2,2100,Omaha,274,274,11,Jake White makes a 3-point jump shot from 25 feet out. Tra-Deon Hollins with the assist.,made,FALSE,TRUE,Jump Shot,43.6,21.45,603437,Jake White,Tra-Deon Hollins,0,Omaha,Minnesota,133
2015-16,2015-11-27,1588396,1174,0,2,Minnesota,Omaha,Golden Gophers,Mavericks,3,3,80,78,2,2100,Omaha,273,273,1,Mavericks take a 30-second timeout.,NA,FALSE,FALSE,NA,NA,NA,NA,NA,NA,0,NA,NA,NA
2015-16,2015-11-27,1588396,1180,0,2,Minnesota,Omaha,Golden Gophers,Mavericks,3,3,82,78,4,1503,Minnesota,248,248,25,Jordan Murphy dunks. Joey King with the assist.,made,FALSE,FALSE,Dunk Shot,25,5.25,882410,Jordan Murphy,Joey King,0,Minnesota,Omaha,134
2015-16,2015-11-27,1588396,1196,0,2,Minnesota,Omaha,Golden Gophers,Mavericks,3,3,82,80,2,2100,Omaha,229,229,19,Jake White makes a layup. Tra-Deon Hollins with the assist.,made,FALSE,FALSE,Layup Shot,25,5.25,603437,Jake White,Tra-Deon Hollins,0,Omaha,Minnesota,135
2015-16,2015-11-27,1588396,1201,0,2,Minnesota,Omaha,Golden Gophers,Mavericks,3,3,84,80,4,1503,Minnesota,211,211,18,Jordan Murphy dunks. Joey King with the assist.,made,FALSE,FALSE,Dunk Shot,25,5.25,882410,Jordan Murphy,Joey King,0,Minnesota,Minnesota,136
2015-16,2015-11-27,1588396,1202,0,2,Minnesota,Omaha,Golden Gophers,Mavericks,3,3,84,80,4,2100,Omaha,211,211,0,Shooting foul committed by Jake White.,NA,FALSE,FALSE,NA,NA,NA,NA,NA,NA,0,Minnesota,Minnesota,136
2015-16,2015-11-27,1588396,1203,0,2,Minnesota,Omaha,Golden Gophers,Mavericks,3,3,84,80,4,NA,NA,211,211,0,Official TV timeout.,NA,FALSE,FALSE,NA,NA,NA,NA,NA,NA,0,NA,NA,NA
2015-16,2015-11-27,1588396,1207,0,2,Minnesota,Omaha,Golden Gophers,Mavericks,3,3,85,80,5,1503,Minnesota,211,211,0,Jordan Murphy makes free throw 1 of 1.,made,TRUE,FALSE,NA,NA,NA,NA,NA,NA,0,Minnesota,Omaha,136
2015-16,2015-11-27,1588396,1212,0,2,Minnesota,Omaha,Golden Gophers,Mavericks,3,3,85,82,3,2100,Omaha,196,196,15,Jake White makes a layup.,made,FALSE,FALSE,Layup Shot,25,5.25,603437,Jake White,NA,0,Omaha,Omaha,137
2015-16,2015-11-27,1588396,1213,0,2,Minnesota,Omaha,Golden Gophers,Mavericks,3,3,85,82,3,1503,Minnesota,196,196,0,Shooting foul committed by Jordan Murphy.,NA,FALSE,FALSE,NA,NA,NA,NA,NA,NA,0,Omaha,Omaha,137
2015-16,2015-11-27,1588396,1214,0,2,Minnesota,Omaha,Golden Gophers,Mavericks,3,3,85,83,2,2100,Omaha,196,196,0,Jake White makes free throw 1 of 1.,made,TRUE,FALSE,NA,NA,NA,NA,NA,NA,0,Omaha,Minnesota,137
2015-16,2015-11-27,1588396,1218,0,2,Minnesota,Omaha,Golden Gophers,Mavericks,3,3,85,83,2,2100,Omaha,187,187,9,Personal foul committed by Tim Smallwood.,NA,FALSE,FALSE,NA,NA,NA,NA,NA,NA,0,Minnesota,Minnesota,138
2015-16,2015-11-27,1588396,1219,0,2,Minnesota,Omaha,Golden Gophers,Mavericks,3,3,86,83,3,1503,Minnesota,187,187,0,Charles Buggs makes free throw 1st of 1-and-1.,made,TRUE,FALSE,NA,NA,NA,NA,NA,NA,0,Minnesota,Minnesota,138
2015-16,2015-11-27,1588396,1220,0,2,Minnesota,Omaha,Golden Gophers,Mavericks,3,3,86,83,3,1503,Minnesota,187,187,0,Charles Buggs misses free throw 2nd of 1-and-1.,missed,TRUE,FALSE,NA,NA,NA,NA,NA,NA,0,Minnesota,Minnesota,138
2015-16,2015-11-27,1588396,1221,0,2,Minnesota,Omaha,Golden Gophers,Mavericks,3,3,86,83,3,2100,Omaha,187,187,0,Tre'Shawn Thurman with a defensive rebound.,NA,FALSE,FALSE,NA,NA,NA,NA,NA,NA,0,Minnesota,Omaha,138
2015-16,2015-11-27,1588396,1223,0,2,Minnesota,Omaha,Golden Gophers,Mavericks,3,3,86,83,3,2100,Omaha,166,166,21,Tra-Deon Hollins misses a 3-point jump shot from 26 feet out.,missed,FALSE,TRUE,Jump Shot,45.8,20.25,896176,Tra-Deon Hollins,NA,0,Omaha,Omaha,139
2015-16,2015-11-27,1588396,1224,0,2,Minnesota,Omaha,Golden Gophers,Mavericks,3,3,86,83,3,1503,Minnesota,166,166,0,Charles Buggs with a defensive rebound.,NA,FALSE,FALSE,NA,NA,NA,NA,NA,NA,0,Omaha,Minnesota,139
2015-16,2015-11-27,1588396,1229,0,2,Minnesota,Omaha,Golden Gophers,Mavericks,3,3,86,83,3,1503,Minnesota,144,144,22,Carlos Morris misses a jump shot from 14 feet out.,missed,FALSE,FALSE,Jump Shot,31,18.25,844014,Carlos Morris,NA,0,Minnesota,Minnesota,140
2015-16,2015-11-27,1588396,1230,0,2,Minnesota,Omaha,Golden Gophers,Mavericks,3,3,86,83,3,1503,Minnesota,144,144,0,Carlos Morris with an offensive rebound.,NA,FALSE,FALSE,NA,NA,NA,NA,NA,NA,0,Minnesota,Minnesota,140
2015-16,2015-11-27,1588396,1231,0,2,Minnesota,Omaha,Golden Gophers,Mavericks,3,3,88,83,5,1503,Minnesota,140,140,4,Carlos Morris makes a layup.,made,FALSE,FALSE,Layup Shot,26,6.25,844014,Carlos Morris,NA,0,Minnesota,Omaha,140
2015-16,2015-11-27,1588396,1233,0,2,Minnesota,Omaha,Golden Gophers,Mavericks,3,3,88,83,5,2100,Omaha,124,124,16,JT Gibson misses a 3-point jump shot from 25 feet out.,missed,FALSE,TRUE,Jump Shot,42.9,22.55,896172,JT Gibson,NA,0,Omaha,Omaha,141
2015-16,2015-11-27,1588396,1234,0,2,Minnesota,Omaha,Golden Gophers,Mavericks,3,3,88,83,5,1503,Minnesota,124,124,0,Bakary Konate with a defensive rebound.,NA,FALSE,FALSE,NA,NA,NA,NA,NA,NA,0,Omaha,Minnesota,141
2015-16,2015-11-27,1588396,1235,0,2,Minnesota,Omaha,Golden Gophers,Mavericks,3,3,88,83,5,2100,Omaha,121,121,3,Personal foul committed by Jake White.,NA,FALSE,FALSE,NA,NA,NA,NA,NA,NA,0,Minnesota,Minnesota,142
2015-16,2015-11-27,1588396,1236,0,2,Minnesota,Omaha,Golden Gophers,Mavericks,3,3,89,83,6,1503,Minnesota,121,121,0,Bakary Konate makes free throw 1st of 1-and-1.,made,TRUE,FALSE,NA,NA,NA,NA,NA,NA,0,Minnesota,Minnesota,142
2015-16,2015-11-27,1588396,1237,0,2,Minnesota,Omaha,Golden Gophers,Mavericks,3,3,90,83,7,1503,Minnesota,121,121,0,Bakary Konate makes free throw 2nd of 1-and-1.,made,TRUE,FALSE,NA,NA,NA,NA,NA,NA,0,Minnesota,Omaha,142
2015-16,2015-11-27,1588396,1242,0,2,Minnesota,Omaha,Golden Gophers,Mavericks,3,3,90,83,7,2100,Omaha,105,105,16,Bakary Konate blocks a Tre'Shawn Thurman layup.,missed,FALSE,FALSE,Layup Shot,25,5.25,852943,Tre'Shawn Thurman,NA,0,Omaha,Omaha,143
2015-16,2015-11-27,1588396,1243,0,2,Minnesota,Omaha,Golden Gophers,Mavericks,3,3,90,83,7,2100,Omaha,105,105,0,Randy Reed with an offensive rebound.,NA,FALSE,FALSE,NA,NA,NA,NA,NA,NA,0,Omaha,Omaha,143
2015-16,2015-11-27,1588396,1244,0,2,Minnesota,Omaha,Golden Gophers,Mavericks,3,3,90,83,7,2100,Omaha,104,104,1,Bakary Konate blocks a Randy Reed jump shot from 7 feet out.,missed,FALSE,FALSE,Jump Shot,24.9,12.25,626205,Randy Reed,NA,0,Omaha,Omaha,143
2015-16,2015-11-27,1588396,1245,0,2,Minnesota,Omaha,Golden Gophers,Mavericks,3,3,90,83,7,1503,Minnesota,104,104,0,Nate Mason with a defensive rebound.,NA,FALSE,FALSE,NA,NA,NA,NA,NA,NA,0,Omaha,Minnesota,143
2015-16,2015-11-27,1588396,1246,0,2,Minnesota,Omaha,Golden Gophers,Mavericks,3,3,90,83,7,2100,Omaha,104,104,0,Personal foul committed by Tre'Shawn Thurman.,NA,FALSE,FALSE,NA,NA,NA,NA,NA,NA,0,Minnesota,Minnesota,144
2015-16,2015-11-27,1588396,1247,0,2,Minnesota,Omaha,Golden Gophers,Mavericks,3,3,90,83,7,1503,Minnesota,104,104,0,Nate Mason misses free throw 1st of 1-and-1.,missed,TRUE,FALSE,NA,NA,NA,NA,NA,NA,0,Minnesota,Omaha,144
2015-16,2015-11-27,1588396,1251,0,2,Minnesota,Omaha,Golden Gophers,Mavericks,3,3,90,85,5,2100,Omaha,95,95,9,Tra-Deon Hollins makes a layup.,made,FALSE,FALSE,Layup Shot,25,5.25,896176,Tra-Deon Hollins,NA,0,Omaha,Minnesota,145
2015-16,2015-11-27,1588396,1254,0,2,Minnesota,Omaha,Golden Gophers,Mavericks,3,2,90,85,5,2100,Omaha,92,92,3,Mavericks take a 30-second timeout.,NA,FALSE,FALSE,NA,NA,NA,NA,NA,NA,0,NA,NA,NA
2015-16,2015-11-27,1588396,1275,0,2,Minnesota,Omaha,Golden Gophers,Mavericks,3,2,90,85,5,1503,Minnesota,75,75,17,JT Gibson steals the ball from Carlos Morris.,NA,FALSE,FALSE,NA,NA,NA,NA,NA,NA,0,Minnesota,Omaha,146
2015-16,2015-11-27,1588396,1279,0,2,Minnesota,Omaha,Golden Gophers,Mavericks,3,2,90,87,3,2100,Omaha,72,72,3,JT Gibson makes a layup.,made,FALSE,FALSE,Layup Shot,26,6.25,896172,JT Gibson,NA,0,Omaha,Minnesota,147
2015-16,2015-11-27,1588396,1311,0,2,Minnesota,Omaha,Golden Gophers,Mavericks,3,2,90,87,3,1503,Minnesota,41,41,31,Carlos Morris misses a 3-point jump shot from 24 feet out.,missed,FALSE,TRUE,Jump Shot,29.7,28.650000000000006,844014,Carlos Morris,NA,0,Minnesota,Minnesota,148
2015-16,2015-11-27,1588396,1312,0,2,Minnesota,Omaha,Golden Gophers,Mavericks,3,2,90,87,3,2100,Omaha,41,41,0,Tra-Deon Hollins with a defensive rebound.,NA,FALSE,FALSE,NA,NA,NA,NA,NA,NA,0,Minnesota,Omaha,148
2015-16,2015-11-27,1588396,1317,0,2,Minnesota,Omaha,Golden Gophers,Mavericks,3,2,90,87,3,1503,Minnesota,31,31,10,Shooting foul committed by Bakary Konate.,NA,FALSE,FALSE,NA,NA,NA,NA,NA,NA,0,Omaha,Omaha,149
2015-16,2015-11-27,1588396,1318,0,2,Minnesota,Omaha,Golden Gophers,Mavericks,2,2,90,87,3,1503,Minnesota,31,31,0,Golden Gophers take a full timeout.,NA,FALSE,FALSE,NA,NA,NA,NA,NA,NA,0,NA,NA,NA
2015-16,2015-11-27,1588396,1320,0,2,Minnesota,Omaha,Golden Gophers,Mavericks,2,2,90,88,2,2100,Omaha,31,31,0,Tre'Shawn Thurman makes free throw 1 of 2.,made,TRUE,FALSE,NA,NA,NA,NA,NA,NA,0,Omaha,Omaha,149
2015-16,2015-11-27,1588396,1321,0,2,Minnesota,Omaha,Golden Gophers,Mavericks,2,2,90,89,1,2100,Omaha,31,31,0,Tre'Shawn Thurman makes free throw 2 of 2.,made,TRUE,FALSE,NA,NA,NA,NA,NA,NA,0,Omaha,Minnesota,149
2015-16,2015-11-27,1588396,1332,0,2,Minnesota,Omaha,Golden Gophers,Mavericks,2,2,90,89,1,2100,Omaha,25,25,6,Personal foul committed by Randy Reed.,NA,FALSE,FALSE,NA,NA,NA,NA,NA,NA,0,Minnesota,Minnesota,150
2015-16,2015-11-27,1588396,1333,0,2,Minnesota,Omaha,Golden Gophers,Mavericks,2,2,90,89,1,1503,Minnesota,25,25,0,Nate Mason misses free throw 1 of 2.,missed,TRUE,FALSE,NA,NA,NA,NA,NA,NA,0,Minnesota,Minnesota,150
2015-16,2015-11-27,1588396,1335,0,2,Minnesota,Omaha,Golden Gophers,Mavericks,2,2,91,89,2,1503,Minnesota,25,25,0,Nate Mason makes free throw 2 of 2.,made,TRUE,FALSE,NA,NA,NA,NA,NA,NA,0,Minnesota,Omaha,150
2015-16,2015-11-27,1588396,1338,0,2,Minnesota,Omaha,Golden Gophers,Mavericks,2,2,91,89,2,2100,Omaha,18,18,7,Carlos Morris blocks a Randy Reed jump shot from 7 feet out.,missed,FALSE,FALSE,Jump Shot,25.8,12.25,626205,Randy Reed,NA,0,Omaha,Omaha,151
2015-16,2015-11-27,1588396,1339,0,2,Minnesota,Omaha,Golden Gophers,Mavericks,2,2,91,89,2,2100,Omaha,18,18,0,Randy Reed with an offensive rebound.,NA,FALSE,FALSE,NA,NA,NA,NA,NA,NA,0,Omaha,Omaha,151
2015-16,2015-11-27,1588396,1342,0,2,Minnesota,Omaha,Golden Gophers,Mavericks,2,2,91,89,2,2100,Omaha,15,15,3,Randy Reed misses a jump shot from 8 feet out.,missed,FALSE,FALSE,Jump Shot,22.4,12.45,626205,Randy Reed,NA,0,Omaha,Omaha,151
2015-16,2015-11-27,1588396,1343,0,2,Minnesota,Omaha,Golden Gophers,Mavericks,2,2,91,89,2,1503,Minnesota,15,15,0,Jordan Murphy with a defensive rebound.,NA,FALSE,FALSE,NA,NA,NA,NA,NA,NA,0,Omaha,Minnesota,151
2015-16,2015-11-27,1588396,1346,0,2,Minnesota,Omaha,Golden Gophers,Mavericks,2,2,91,89,2,2100,Omaha,12,12,3,Personal foul committed by Devin Patterson.,NA,FALSE,FALSE,NA,NA,NA,NA,NA,NA,0,Minnesota,Minnesota,152
2015-16,2015-11-27,1588396,1347,0,2,Minnesota,Omaha,Golden Gophers,Mavericks,2,2,91,89,2,1503,Minnesota,12,12,0,Nate Mason misses free throw 1 of 2.,missed,TRUE,FALSE,NA,NA,NA,NA,NA,NA,0,Minnesota,Minnesota,152
2015-16,2015-11-27,1588396,1349,0,2,Minnesota,Omaha,Golden Gophers,Mavericks,2,2,91,89,2,1503,Minnesota,12,12,0,Nate Mason misses free throw 2 of 2.,missed,TRUE,FALSE,NA,NA,NA,NA,NA,NA,0,Minnesota,Minnesota,152
2015-16,2015-11-27,1588396,1350,0,2,Minnesota,Omaha,Golden Gophers,Mavericks,2,2,91,89,2,2100,Omaha,12,12,0,Randy Reed with a defensive rebound.,NA,FALSE,FALSE,NA,NA,NA,NA,NA,NA,0,Minnesota,Omaha,152
2015-16,2015-11-27,1588396,1353,0,2,Minnesota,Omaha,Golden Gophers,Mavericks,2,2,91,89,2,2100,Omaha,6,6,6,Jordan Murphy blocks a Tra-Deon Hollins jump shot from 10 feet out.,missed,FALSE,FALSE,Jump Shot,25.8,14.85,896176,Tra-Deon Hollins,NA,0,Omaha,Omaha,153
2015-16,2015-11-27,1588396,1354,0,2,Minnesota,Omaha,Golden Gophers,Mavericks,2,2,91,89,2,2100,Omaha,6,6,0,Tre'Shawn Thurman with an offensive rebound.,NA,FALSE,FALSE,NA,NA,NA,NA,NA,NA,0,Omaha,Omaha,153
2015-16,2015-11-27,1588396,1357,0,2,Minnesota,Omaha,Golden Gophers,Mavericks,2,2,91,89,2,2100,Omaha,4,4,2,Tre'Shawn Thurman misses a layup.,missed,FALSE,FALSE,Layup Shot,25,5.25,852943,Tre'Shawn Thurman,NA,0,Omaha,Omaha,153
2015-16,2015-11-27,1588396,1358,0,2,Minnesota,Omaha,Golden Gophers,Mavericks,2,2,91,89,2,1503,Minnesota,4,4,0,Jordan Murphy with a defensive rebound.,NA,FALSE,FALSE,NA,NA,NA,NA,NA,NA,0,Omaha,Minnesota,153
2015-16,2015-11-27,1588396,1360,0,2,Minnesota,Omaha,Golden Gophers,Mavericks,2,2,91,89,2,2100,Omaha,3,3,1,Personal foul committed by Randy Reed.,NA,FALSE,FALSE,NA,NA,NA,NA,NA,NA,0,Minnesota,Minnesota,154
2015-16,2015-11-27,1588396,1361,0,2,Minnesota,Omaha,Golden Gophers,Mavericks,2,2,91,89,2,1503,Minnesota,3,3,0,Jordan Murphy misses free throw 1 of 2.,missed,TRUE,FALSE,NA,NA,NA,NA,NA,NA,0,Minnesota,Minnesota,154
2015-16,2015-11-27,1588396,1363,0,2,Minnesota,Omaha,Golden Gophers,Mavericks,2,2,92,89,3,1503,Minnesota,3,3,0,Jordan Murphy makes free throw 2 of 2.,made,TRUE,FALSE,NA,NA,NA,NA,NA,NA,0,Minnesota,Omaha,154
2015-16,2015-11-27,1588396,1364,0,2,Minnesota,Omaha,Golden Gophers,Mavericks,2,1,92,89,3,2100,Omaha,3,3,0,Mavericks take a full timeout.,NA,FALSE,FALSE,NA,NA,NA,NA,NA,NA,0,NA,NA,NA
2015-16,2015-11-27,1588396,1368,0,2,Minnesota,Omaha,Golden Gophers,Mavericks,2,1,92,89,3,1503,Minnesota,1,1,2,Personal foul committed by Nate Mason.,NA,FALSE,FALSE,NA,NA,NA,NA,NA,NA,0,Omaha,Omaha,155
2015-16,2015-11-27,1588396,1369,0,2,Minnesota,Omaha,Golden Gophers,Mavericks,2,1,92,90,2,2100,Omaha,1,1,0,Tra-Deon Hollins makes free throw 1st of 1-and-1.,made,TRUE,FALSE,NA,NA,NA,NA,NA,NA,0,Omaha,Omaha,155
2015-16,2015-11-27,1588396,1370,0,2,Minnesota,Omaha,Golden Gophers,Mavericks,2,1,92,90,2,2100,Omaha,1,1,0,Tra-Deon Hollins misses free throw 2nd of 1-and-1.,missed,TRUE,FALSE,NA,NA,NA,NA,NA,NA,0,Omaha,Omaha,155
2015-16,2015-11-27,1588396,1371,0,2,Minnesota,Omaha,Golden Gophers,Mavericks,2,1,92,90,2,1503,Minnesota,1,1,0,Jordan Murphy with a defensive rebound.,NA,FALSE,FALSE,NA,NA,NA,NA,NA,NA,0,Omaha,Minnesota,155
2015-16,2015-11-27,1588396,1375,0,2,Minnesota,Omaha,Golden Gophers,Mavericks,2,1,92,90,2,2100,Omaha,1,1,0,Personal foul committed by Randy Reed.,NA,FALSE,FALSE,NA,NA,NA,NA,NA,NA,0,Minnesota,Minnesota,156
2015-16,2015-11-27,1588396,1376,0,2,Minnesota,Omaha,Golden Gophers,Mavericks,2,1,92,90,2,1503,Minnesota,1,1,0,Jordan Murphy misses free throw 1 of 2.,missed,TRUE,FALSE,NA,NA,NA,NA,NA,NA,0,Minnesota,Minnesota,156
2015-16,2015-11-27,1588396,1378,0,2,Minnesota,Omaha,Golden Gophers,Mavericks,2,1,93,90,3,1503,Minnesota,1,1,0,Jordan Murphy makes free throw 2 of 2.,made,TRUE,FALSE,NA,NA,NA,NA,NA,NA,0,Minnesota,Omaha,156
2015-16,2015-11-27,1588396,1379,0,2,Minnesota,Omaha,Golden Gophers,Mavericks,2,1,93,90,3,2100,Omaha,1,1,0,Jordan Murphy steals the ball from Randy Reed.,NA,FALSE,FALSE,NA,NA,NA,NA,NA,NA,0,Omaha,NA,157
2015-16,2015-11-27,1588396,1381,0,2,Minnesota,Omaha,Golden Gophers,Mavericks,2,1,93,90,3,NA,NA,0,0,1,End of the 2nd Half,NA,FALSE,FALSE,NA,NA,NA,NA,NA,NA,0,NA,NA,NA
2015-16,2015-11-27,1588396,1382,0,2,Minnesota,Omaha,Golden Gophers,Mavericks,2,1,93,90,3,NA,NA,0,0,0,End of the Game,NA,FALSE,FALSE,NA,NA,NA,NA,NA,NA,0,Omaha,Omaha,NA
