season,date,game_id,play_id,neutral,half,home,away,home_name,away_name,home_timeouts,away_timeouts,home_score,away_score,score_diff,team_id,event_team,game_secs_remaining,half_secs_remaining,play_length,desc,shot_outcome,free_throw,three_pt,shot_desc,loc_x,loc_y,shooter_id,shooter,assist,substitution,poss_before,poss_after,poss_number,sub_error,home_1,home_2,home_3,home_4,home_5,away_1,away_2,away_3,away_4,away_5
2022-23,2022-11-25,2475422,1,0,1,Virginia,Maryland Eastern Shore,Cavaliers,Hawks,4,4,0,0,0,1677,Virginia,NA,NA,NA,Starting Lineup - Kadin Shedrick,NA,FALSE,FALSE,NA,NA,NA,NA,NA,NA,1,NA,NA,NA,NA,Kadin Shedrick,Jayden Gardner,Kihei Clark,Reece Beekman,Armaan Franklin,Ahamadou Fofana,Da'Shawn Phillip,Zion Styles,Nathaniel Pollard Jr.,Chace Davis
2022-23,2022-11-25,2475422,1,0,1,Virginia,Maryland Eastern Shore,Cavaliers,Hawks,4,4,0,0,0,1677,Virginia,NA,NA,NA,Starting Lineup - Jayden Gardner,NA,FALSE,FALSE,NA,NA,NA,NA,NA,NA,1,NA,NA,NA,NA,Kadin Shedrick,Jayden Gardner,Kihei Clark,Reece Beekman,Armaan Franklin,Ahamadou Fofana,Da'Shawn Phillip,Zion Styles,Nathaniel Pollard Jr.,Chace Davis
2022-23,2022-11-25,2475422,1,0,1,Virginia,Maryland Eastern Shore,Cavaliers,Hawks,4,4,0,0,0,1492,Maryland Eastern Shore,NA,NA,NA,Starting Lineup - Ahamadou Fofana,NA,FALSE,FALSE,NA,NA,NA,NA,NA,NA,1,NA,NA,NA,NA,Kadin Shedrick,Jayden Gardner,Kihei Clark,Reece Beekman,Armaan Franklin,Ahamadou Fofana,Da'Shawn Phillip,Zion Styles,Nathaniel Pollard Jr.,Chace Davis
2022-23,2022-11-25,2475422,1,0,1,Virginia,Maryland Eastern Shore,Cavaliers,Hawks,4,4,0,0,0,1492,Maryland Eastern Shore,NA,NA,NA,Starting Lineup - Da'Shawn Phillip,NA,FALSE,FALSE,NA,NA,NA,NA,NA,NA,1,NA,NA,NA,NA,Kadin Shedrick,Jayden Gardner,Kihei Clark,Reece Beekman,Armaan Franklin,Ahamadou Fofana,Da'Shawn Phillip,Zion Styles,Nathaniel Pollard Jr.,Chace Davis
2022-23,2022-11-25,2475422,1,0,1,Virginia,Maryland Eastern Shore,Cavaliers,Hawks,4,4,0,0,0,1677,Virginia,NA,NA,NA,Starting Lineup - Kihei Clark,NA,FALSE,FALSE,NA,NA,NA,NA,NA,NA,1,NA,NA,NA,NA,Kadin Shedrick,Jayden Gardner,Kihei Clark,Reece Beekman,Armaan Franklin,Ahamadou Fofana,Da'Shawn Phillip,Zion Styles,Nathaniel Pollard Jr.,Chace Davis
2022-23,2022-11-25,2475422,1,0,1,Virginia,Maryland Eastern Shore,Cavaliers,Hawks,4,4,0,0,0,1492,Maryland Eastern Shore,NA,NA,NA,Starting Lineup - Zion Styles,NA,FALSE,FALSE,NA,NA,NA,NA,NA,NA,1,NA,NA,NA,NA,Kadin Shedrick,Jayden Gardner,Kihei Clark,Reece Beekman,Armaan Franklin,Ahamadou Fofana,Da'Shawn Phillip,Zion Styles,Nathaniel Pollard Jr.,Chace Davis
2022-23,2022-11-25,2475422,1,0,1,Virginia,Maryland Eastern Shore,Cavaliers,Hawks,4,4,0,0,0,1677,Virginia,NA,NA,NA,Starting Lineup - Reece Beekman,NA,FALSE,FALSE,NA,NA,NA,NA,NA,NA,1,NA,NA,NA,NA,Kadin Shedrick,Jayden Gardner,Kihei Clark,Reece Beekman,Armaan Franklin,Ahamadou Fofana,Da'Shawn Phillip,Zion Styles,Nathaniel Pollard Jr.,Chace Davis
2022-23,2022-11-25,2475422,1,0,1,Virginia,Maryland Eastern Shore,Cavaliers,Hawks,4,4,0,0,0,1492,Maryland Eastern Shore,NA,NA,NA,Starting Lineup - Nathaniel Pollard Jr.,NA,FALSE,FALSE,NA,NA,NA,NA,NA,NA,1,NA,NA,NA,NA,Kadin Shedrick,Jayden Gardner,Kihei Clark,Reece Beekman,Armaan Franklin,Ahamadou Fofana,Da'Shawn Phillip,Zion Styles,Nathaniel Pollard Jr.,Chace Davis
2022-23,2022-11-25,2475422,1,0,1,Virginia,Maryland Eastern Shore,Cavaliers,Hawks,4,4,0,0,0,1677,Virginia,NA,NA,NA,Starting Lineup - Armaan Franklin,NA,FALSE,FALSE,NA,NA,NA,NA,NA,NA,1,NA,NA,NA,NA,Kadin Shedrick,Jayden Gardner,Kihei Clark,Reece Beekman,Armaan Franklin,Ahamadou Fofana,Da'Shawn Phillip,Zion Styles,Nathaniel Pollard Jr.,Chace Davis
2022-23,2022-11-25,2475422,1,0,1,Virginia,Maryland Eastern Shore,Cavaliers,Hawks,4,4,0,0,0,1492,Maryland Eastern Shore,NA,NA,NA,Starting Lineup - Chace Davis,NA,FALSE,FALSE,NA,NA,NA,NA,NA,NA,1,NA,NA,NA,NA,Kadin Shedrick,Jayden Gardner,Kihei Clark,Reece Beekman,Armaan Franklin,Ahamadou Fofana,Da'Shawn Phillip,Zion Styles,Nathaniel Pollard Jr.,Chace Davis
2022-23,2022-11-25,2475422,2,0,1,Virginia,Maryland Eastern Shore,Cavaliers,Hawks,4,4,0,0,0,NA,NA,2400,1200,NA,Start of the 1st Half,NA,FALSE,FALSE,NA,NA,NA,NA,NA,NA,0,NA,Virginia,1,NA,Kadin Shedrick,Jayden Gardner,Kihei Clark,Reece Beekman,Armaan Franklin,Ahamadou Fofana,Da'Shawn Phillip,Zion Styles,Nathaniel Pollard Jr.,Chace Davis
2022-23,2022-11-25,2475422,3,0,1,Virginia,Maryland Eastern Shore,Cavaliers,Hawks,4,4,2,0,2,1677,Virginia,2393,1193,7,Jayden Gardner makes a jump shot from 7 feet out.,made,FALSE,FALSE,Jump Shot,23,12.450000000000003,1132533,Jayden Gardner,NA,0,Virginia,Maryland Eastern Shore,1,NA,Kadin Shedrick,Jayden Gardner,Kihei Clark,Reece Beekman,Armaan Franklin,Ahamadou Fofana,Da'Shawn Phillip,Zion Styles,Nathaniel Pollard Jr.,Chace Davis
2022-23,2022-11-25,2475422,4,0,1,Virginia,Maryland Eastern Shore,Cavaliers,Hawks,4,4,2,0,2,1492,Maryland Eastern Shore,2357,1157,36,Nathaniel Pollard Jr. misses a layup from 4 feet out.,missed,FALSE,FALSE,Layup Shot,24.1,9.55,1232510,Nathaniel Pollard Jr.,NA,0,Maryland Eastern Shore,Maryland Eastern Shore,2,NA,Kadin Shedrick,Jayden Gardner,Kihei Clark,Reece Beekman,Armaan Franklin,Ahamadou Fofana,Da'Shawn Phillip,Zion Styles,Nathaniel Pollard Jr.,Chace Davis
2022-23,2022-11-25,2475422,5,0,1,Virginia,Maryland Eastern Shore,Cavaliers,Hawks,4,4,2,0,2,1677,Virginia,2357,1157,0,Reece Beekman with a defensive rebound.,NA,FALSE,FALSE,NA,NA,NA,NA,NA,NA,0,Maryland Eastern Shore,Virginia,2,NA,Kadin Shedrick,Jayden Gardner,Kihei Clark,Reece Beekman,Armaan Franklin,Ahamadou Fofana,Da'Shawn Phillip,Zion Styles,Nathaniel Pollard Jr.,Chace Davis
2022-23,2022-11-25,2475422,6,0,1,Virginia,Maryland Eastern Shore,Cavaliers,Hawks,4,4,4,0,4,1677,Virginia,2343,1143,14,Jayden Gardner makes a layup from 3 feet out.,made,FALSE,FALSE,Layup Shot,25.8,8.549999999999997,1132533,Jayden Gardner,NA,0,Virginia,Maryland Eastern Shore,3,NA,Kadin Shedrick,Jayden Gardner,Kihei Clark,Reece Beekman,Armaan Franklin,Ahamadou Fofana,Da'Shawn Phillip,Zion Styles,Nathaniel Pollard Jr.,Chace Davis
2022-23,2022-11-25,2475422,7,0,1,Virginia,Maryland Eastern Shore,Cavaliers,Hawks,4,4,4,0,4,1492,Maryland Eastern Shore,2329,1129,14,Reece Beekman steals the ball from Nathaniel Pollard Jr..,NA,FALSE,FALSE,NA,NA,NA,NA,NA,NA,0,Maryland Eastern Shore,Virginia,4,NA,Kadin Shedrick,Jayden Gardner,Kihei Clark,Reece Beekman,Armaan Franklin,Ahamadou Fofana,Da'Shawn Phillip,Zion Styles,Nathaniel Pollard Jr.,Chace Davis
2022-23,2022-11-25,2475422,8,0,1,Virginia,Maryland Eastern Shore,Cavaliers,Hawks,4,4,4,0,4,1677,Virginia,2322,1122,7,Armaan Franklin misses a 3-point jump shot from 24 feet out.,missed,FALSE,TRUE,Jump Shot,48.7,5.450000000000003,1187568,Armaan Franklin,NA,0,Virginia,Virginia,5,NA,Kadin Shedrick,Jayden Gardner,Kihei Clark,Reece Beekman,Armaan Franklin,Ahamadou Fofana,Da'Shawn Phillip,Zion Styles,Nathaniel Pollard Jr.,Chace Davis
2022-23,2022-11-25,2475422,9,0,1,Virginia,Maryland Eastern Shore,Cavaliers,Hawks,4,4,4,0,4,1677,Virginia,2322,1122,0,Kadin Shedrick with an offensive rebound.,NA,FALSE,FALSE,NA,NA,NA,NA,NA,NA,0,Virginia,Virginia,5,NA,Kadin Shedrick,Jayden Gardner,Kihei Clark,Reece Beekman,Armaan Franklin,Ahamadou Fofana,Da'Shawn Phillip,Zion Styles,Nathaniel Pollard Jr.,Chace Davis
2022-23,2022-11-25,2475422,10,0,1,Virginia,Maryland Eastern Shore,Cavaliers,Hawks,4,4,4,0,4,1492,Maryland Eastern Shore,2310,1110,12,Shooting foul committed by Ahamadou Fofana.,NA,FALSE,FALSE,NA,NA,NA,NA,NA,NA,0,Virginia,Virginia,5,NA,Kadin Shedrick,Jayden Gardner,Kihei Clark,Reece Beekman,Armaan Franklin,Ahamadou Fofana,Da'Shawn Phillip,Zion Styles,Nathaniel Pollard Jr.,Chace Davis
2022-23,2022-11-25,2475422,11,0,1,Virginia,Maryland Eastern Shore,Cavaliers,Hawks,4,4,5,0,5,1677,Virginia,2310,1110,0,Kadin Shedrick makes free throw 1 of 2.,made,TRUE,FALSE,NA,NA,NA,NA,NA,NA,0,Virginia,Virginia,5,NA,Kadin Shedrick,Jayden Gardner,Kihei Clark,Reece Beekman,Armaan Franklin,Ahamadou Fofana,Da'Shawn Phillip,Zion Styles,Nathaniel Pollard Jr.,Chace Davis
2022-23,2022-11-25,2475422,12,0,1,Virginia,Maryland Eastern Shore,Cavaliers,Hawks,4,4,6,0,6,1677,Virginia,2310,1110,0,Kadin Shedrick makes free throw 2 of 2.,made,TRUE,FALSE,NA,NA,NA,NA,NA,NA,0,Virginia,Maryland Eastern Shore,5,NA,Kadin Shedrick,Jayden Gardner,Kihei Clark,Reece Beekman,Armaan Franklin,Ahamadou Fofana,Da'Shawn Phillip,Zion Styles,Nathaniel Pollard Jr.,Chace Davis
2022-23,2022-11-25,2475422,13,0,1,Virginia,Maryland Eastern Shore,Cavaliers,Hawks,4,4,6,0,6,1492,Maryland Eastern Shore,2291,1091,19,Reece Beekman blocks a Zion Styles dunk.,missed,FALSE,FALSE,Dunk Shot,26,6.25,1232518,Zion Styles,NA,0,Maryland Eastern Shore,Maryland Eastern Shore,6,NA,Kadin Shedrick,Jayden Gardner,Kihei Clark,Reece Beekman,Armaan Franklin,Ahamadou Fofana,Da'Shawn Phillip,Zion Styles,Nathaniel Pollard Jr.,Chace Davis
2022-23,2022-11-25,2475422,14,0,1,Virginia,Maryland Eastern Shore,Cavaliers,Hawks,4,4,6,0,6,1677,Virginia,2291,1091,0,Jayden Gardner with a defensive rebound.,NA,FALSE,FALSE,NA,NA,NA,NA,NA,NA,0,Maryland Eastern Shore,Virginia,6,NA,Kadin Shedrick,Jayden Gardner,Kihei Clark,Reece Beekman,Armaan Franklin,Ahamadou Fofana,Da'Shawn Phillip,Zion Styles,Nathaniel Pollard Jr.,Chace Davis
2022-23,2022-11-25,2475422,15,0,1,Virginia,Maryland Eastern Shore,Cavaliers,Hawks,4,4,8,0,8,1677,Virginia,2278,1078,13,Kadin Shedrick dunks. Kihei Clark with the assist.,made,FALSE,FALSE,Dunk Shot,26,6.25,1175950,Kadin Shedrick,Kihei Clark,0,Virginia,Maryland Eastern Shore,7,NA,Kadin Shedrick,Jayden Gardner,Kihei Clark,Reece Beekman,Armaan Franklin,Ahamadou Fofana,Da'Shawn Phillip,Zion Styles,Nathaniel Pollard Jr.,Chace Davis
2022-23,2022-11-25,2475422,16,0,1,Virginia,Maryland Eastern Shore,Cavaliers,Hawks,4,4,8,0,8,1492,Maryland Eastern Shore,2251,1051,27,Chace Davis misses a 3-point jump shot from 24 feet out.,missed,FALSE,TRUE,Jump Shot,41.9,22.55,1324445,Chace Davis,NA,0,Maryland Eastern Shore,Maryland Eastern Shore,8,NA,Kadin Shedrick,Jayden Gardner,Kihei Clark,Reece Beekman,Armaan Franklin,Ahamadou Fofana,Da'Shawn Phillip,Zion Styles,Nathaniel Pollard Jr.,Chace Davis
2022-23,2022-11-25,2475422,17,0,1,Virginia,Maryland Eastern Shore,Cavaliers,Hawks,4,4,8,0,8,1677,Virginia,2251,1051,0,Jayden Gardner with a defensive rebound.,NA,FALSE,FALSE,NA,NA,NA,NA,NA,NA,0,Maryland Eastern Shore,Virginia,8,NA,Kadin Shedrick,Jayden Gardner,Kihei Clark,Reece Beekman,Armaan Franklin,Ahamadou Fofana,Da'Shawn Phillip,Zion Styles,Nathaniel Pollard Jr.,Chace Davis
2022-23,2022-11-25,2475422,18,0,1,Virginia,Maryland Eastern Shore,Cavaliers,Hawks,4,4,8,0,8,1677,Virginia,2244,1044,7,Kadin Shedrick with a turnover - Lost Ball,NA,FALSE,FALSE,NA,NA,NA,NA,NA,NA,0,Virginia,Maryland Eastern Shore,9,NA,Kadin Shedrick,Jayden Gardner,Kihei Clark,Reece Beekman,Armaan Franklin,Ahamadou Fofana,Da'Shawn Phillip,Zion Styles,Nathaniel Pollard Jr.,Chace Davis
2022-23,2022-11-25,2475422,19,0,1,Virginia,Maryland Eastern Shore,Cavaliers,Hawks,4,4,8,2,6,1492,Maryland Eastern Shore,2233,1033,11,Ahamadou Fofana makes a layup from 3 feet out.,made,FALSE,FALSE,Layup Shot,25.8,8.25,1241423,Ahamadou Fofana,NA,0,Maryland Eastern Shore,Virginia,10,NA,Kadin Shedrick,Jayden Gardner,Kihei Clark,Reece Beekman,Armaan Franklin,Ahamadou Fofana,Da'Shawn Phillip,Zion Styles,Nathaniel Pollard Jr.,Chace Davis
2022-23,2022-11-25,2475422,20,0,1,Virginia,Maryland Eastern Shore,Cavaliers,Hawks,4,4,8,2,6,1677,Virginia,2212,1012,21,Kihei Clark misses a 3-point jump shot from 23 feet out.,missed,FALSE,TRUE,Jump Shot,42.3,20.849999999999994,1132312,Kihei Clark,NA,0,Virginia,Virginia,11,NA,Kadin Shedrick,Jayden Gardner,Kihei Clark,Reece Beekman,Armaan Franklin,Ahamadou Fofana,Da'Shawn Phillip,Zion Styles,Nathaniel Pollard Jr.,Chace Davis
2022-23,2022-11-25,2475422,21,0,1,Virginia,Maryland Eastern Shore,Cavaliers,Hawks,4,4,8,2,6,1492,Maryland Eastern Shore,2212,1012,0,Zion Styles with a defensive rebound.,NA,FALSE,FALSE,NA,NA,NA,NA,NA,NA,0,Virginia,Maryland Eastern Shore,11,NA,Kadin Shedrick,Jayden Gardner,Kihei Clark,Reece Beekman,Armaan Franklin,Ahamadou Fofana,Da'Shawn Phillip,Zion Styles,Nathaniel Pollard Jr.,Chace Davis
2022-23,2022-11-25,2475422,22,0,1,Virginia,Maryland Eastern Shore,Cavaliers,Hawks,4,4,8,2,6,1492,Maryland Eastern Shore,2180,980,32,Zion Styles misses a jump shot from 14 feet out.,missed,FALSE,FALSE,Jump Shot,11.6,8.25,1232518,Zion Styles,NA,0,Maryland Eastern Shore,Maryland Eastern Shore,12,NA,Kadin Shedrick,Jayden Gardner,Kihei Clark,Reece Beekman,Armaan Franklin,Ahamadou Fofana,Da'Shawn Phillip,Zion Styles,Nathaniel Pollard Jr.,Chace Davis
2022-23,2022-11-25,2475422,23,0,1,Virginia,Maryland Eastern Shore,Cavaliers,Hawks,4,4,8,2,6,1677,Virginia,2180,980,0,Armaan Franklin with a defensive rebound.,NA,FALSE,FALSE,NA,NA,NA,NA,NA,NA,0,Maryland Eastern Shore,Virginia,12,NA,Kadin Shedrick,Jayden Gardner,Kihei Clark,Reece Beekman,Armaan Franklin,Ahamadou Fofana,Da'Shawn Phillip,Zion Styles,Nathaniel Pollard Jr.,Chace Davis
2022-23,2022-11-25,2475422,24,0,1,Virginia,Maryland Eastern Shore,Cavaliers,Hawks,4,4,10,2,8,1677,Virginia,2171,971,9,Jayden Gardner makes a layup from 4 feet out. Armaan Franklin with the assist.,made,FALSE,FALSE,Layup Shot,26.4,8.849999999999994,1132533,Jayden Gardner,Armaan Franklin,0,Virginia,Maryland Eastern Shore,13,NA,Kadin Shedrick,Jayden Gardner,Kihei Clark,Reece Beekman,Armaan Franklin,Ahamadou Fofana,Da'Shawn Phillip,Zion Styles,Nathaniel Pollard Jr.,Chace Davis
2022-23,2022-11-25,2475422,25,0,1,Virginia,Maryland Eastern Shore,Cavaliers,Hawks,4,4,10,2,8,1677,Virginia,2144,944,27,Personal foul committed by Jayden Gardner.,NA,FALSE,FALSE,NA,NA,NA,NA,NA,NA,0,Maryland Eastern Shore,Maryland Eastern Shore,14,NA,Kadin Shedrick,Jayden Gardner,Kihei Clark,Reece Beekman,Armaan Franklin,Ahamadou Fofana,Da'Shawn Phillip,Zion Styles,Nathaniel Pollard Jr.,Chace Davis
2022-23,2022-11-25,2475422,26,0,1,Virginia,Maryland Eastern Shore,Cavaliers,Hawks,4,4,10,2,8,NA,NA,2144,944,0,Official TV timeout.,NA,FALSE,FALSE,NA,NA,NA,NA,NA,NA,0,NA,NA,NA,NA,Kadin Shedrick,Jayden Gardner,Kihei Clark,Reece Beekman,Armaan Franklin,Ahamadou Fofana,Da'Shawn Phillip,Zion Styles,Nathaniel Pollard Jr.,Chace Davis
2022-23,2022-11-25,2475422,27,0,1,Virginia,Maryland Eastern Shore,Cavaliers,Hawks,4,4,10,2,8,1677,Virginia,2144,944,0,Substitution: Ben Vander Plas in for Jayden Gardner.,NA,FALSE,FALSE,NA,NA,NA,NA,NA,NA,1,NA,NA,NA,NA,Kadin Shedrick,Ben Vander Plas,Kihei Clark,Reece Beekman,Armaan Franklin,Ahamadou Fofana,Da'Shawn Phillip,Zion Styles,Nathaniel Pollard Jr.,Chace Davis
2022-23,2022-11-25,2475422,28,0,1,Virginia,Maryland Eastern Shore,Cavaliers,Hawks,4,4,10,4,6,1492,Maryland Eastern Shore,2131,931,13,Ahamadou Fofana makes a jump shot from 12 feet out.,made,FALSE,FALSE,Jump Shot,22.2,17.05,1241423,Ahamadou Fofana,NA,0,Maryland Eastern Shore,Virginia,14,NA,Kadin Shedrick,Ben Vander Plas,Kihei Clark,Reece Beekman,Armaan Franklin,Ahamadou Fofana,Da'Shawn Phillip,Zion Styles,Nathaniel Pollard Jr.,Chace Davis
2022-23,2022-11-25,2475422,29,0,1,Virginia,Maryland Eastern Shore,Cavaliers,Hawks,4,4,10,4,6,1677,Virginia,2104,904,27,Kihei Clark with a turnover - Bad Pass,NA,FALSE,FALSE,NA,NA,NA,NA,NA,NA,0,Virginia,Maryland Eastern Shore,15,NA,Kadin Shedrick,Ben Vander Plas,Kihei Clark,Reece Beekman,Armaan Franklin,Ahamadou Fofana,Da'Shawn Phillip,Zion Styles,Nathaniel Pollard Jr.,Chace Davis
2022-23,2022-11-25,2475422,30,0,1,Virginia,Maryland Eastern Shore,Cavaliers,Hawks,4,4,10,4,6,1492,Maryland Eastern Shore,2102,902,2,Ahamadou Fofana misses a jump shot from 15 feet out.,missed,FALSE,FALSE,Jump Shot,15.1,17.05,1241423,Ahamadou Fofana,NA,0,Maryland Eastern Shore,Maryland Eastern Shore,16,NA,Kadin Shedrick,Ben Vander Plas,Kihei Clark,Reece Beekman,Armaan Franklin,Ahamadou Fofana,Da'Shawn Phillip,Zion Styles,Nathaniel Pollard Jr.,Chace Davis
2022-23,2022-11-25,2475422,31,0,1,Virginia,Maryland Eastern Shore,Cavaliers,Hawks,4,4,10,4,6,1677,Virginia,2102,902,0,Reece Beekman with a defensive rebound.,NA,FALSE,FALSE,NA,NA,NA,NA,NA,NA,0,Maryland Eastern Shore,Virginia,16,NA,Kadin Shedrick,Ben Vander Plas,Kihei Clark,Reece Beekman,Armaan Franklin,Ahamadou Fofana,Da'Shawn Phillip,Zion Styles,Nathaniel Pollard Jr.,Chace Davis
2022-23,2022-11-25,2475422,32,0,1,Virginia,Maryland Eastern Shore,Cavaliers,Hawks,4,4,12,4,8,1677,Virginia,2081,881,21,Reece Beekman makes a layup from 3 feet out. Ben Vander Plas with the assist.,made,FALSE,FALSE,Layup Shot,23.4,8.049999999999997,1230369,Reece Beekman,Ben Vander Plas,0,Virginia,Maryland Eastern Shore,17,NA,Kadin Shedrick,Ben Vander Plas,Kihei Clark,Reece Beekman,Armaan Franklin,Ahamadou Fofana,Da'Shawn Phillip,Zion Styles,Nathaniel Pollard Jr.,Chace Davis
2022-23,2022-11-25,2475422,33,0,1,Virginia,Maryland Eastern Shore,Cavaliers,Hawks,4,4,12,4,8,1492,Maryland Eastern Shore,2072,872,9,Da'Shawn Phillip misses a 3-point jump shot from 24 feet out.,missed,FALSE,TRUE,Jump Shot,5,18.05,1176553,Da'Shawn Phillip,NA,0,Maryland Eastern Shore,Maryland Eastern Shore,18,NA,Kadin Shedrick,Ben Vander Plas,Kihei Clark,Reece Beekman,Armaan Franklin,Ahamadou Fofana,Da'Shawn Phillip,Zion Styles,Nathaniel Pollard Jr.,Chace Davis
2022-23,2022-11-25,2475422,34,0,1,Virginia,Maryland Eastern Shore,Cavaliers,Hawks,4,4,12,4,8,1677,Virginia,2072,872,0,Reece Beekman with a defensive rebound.,NA,FALSE,FALSE,NA,NA,NA,NA,NA,NA,0,Maryland Eastern Shore,Virginia,18,NA,Kadin Shedrick,Ben Vander Plas,Kihei Clark,Reece Beekman,Armaan Franklin,Ahamadou Fofana,Da'Shawn Phillip,Zion Styles,Nathaniel Pollard Jr.,Chace Davis
2022-23,2022-11-25,2475422,35,0,1,Virginia,Maryland Eastern Shore,Cavaliers,Hawks,4,4,14,4,10,1677,Virginia,2030,830,42,Ben Vander Plas makes a jump shot from 17 feet out.,made,FALSE,FALSE,Jump Shot,25.8,22.150000000000006,1063656,Ben Vander Plas,NA,0,Virginia,Maryland Eastern Shore,19,NA,Kadin Shedrick,Ben Vander Plas,Kihei Clark,Reece Beekman,Armaan Franklin,Ahamadou Fofana,Da'Shawn Phillip,Zion Styles,Nathaniel Pollard Jr.,Chace Davis
2022-23,2022-11-25,2475422,36,0,1,Virginia,Maryland Eastern Shore,Cavaliers,Hawks,4,4,14,4,10,1492,Maryland Eastern Shore,2009,809,21,Zion Styles with a turnover - Bad Pass,NA,FALSE,FALSE,NA,NA,NA,NA,NA,NA,0,Maryland Eastern Shore,Virginia,20,NA,Kadin Shedrick,Ben Vander Plas,Kihei Clark,Reece Beekman,Armaan Franklin,Ahamadou Fofana,Da'Shawn Phillip,Zion Styles,Nathaniel Pollard Jr.,Chace Davis
2022-23,2022-11-25,2475422,37,0,1,Virginia,Maryland Eastern Shore,Cavaliers,Hawks,4,4,14,4,10,1492,Maryland Eastern Shore,2000,800,9,Personal foul committed by Nathaniel Pollard Jr..,NA,FALSE,FALSE,NA,NA,NA,NA,NA,NA,0,Virginia,Virginia,21,NA,Kadin Shedrick,Ben Vander Plas,Kihei Clark,Reece Beekman,Armaan Franklin,Ahamadou Fofana,Da'Shawn Phillip,Zion Styles,Nathaniel Pollard Jr.,Chace Davis
2022-23,2022-11-25,2475422,38,0,1,Virginia,Maryland Eastern Shore,Cavaliers,Hawks,4,4,17,4,13,1677,Virginia,1994,794,6,Reece Beekman makes a 3-point jump shot from 23 feet out. Armaan Franklin with the assist.,made,FALSE,TRUE,Jump Shot,44.6,17.75,1230369,Reece Beekman,Armaan Franklin,0,Virginia,Maryland Eastern Shore,21,NA,Kadin Shedrick,Ben Vander Plas,Kihei Clark,Reece Beekman,Armaan Franklin,Ahamadou Fofana,Da'Shawn Phillip,Zion Styles,Nathaniel Pollard Jr.,Chace Davis
2022-23,2022-11-25,2475422,39,0,1,Virginia,Maryland Eastern Shore,Cavaliers,Hawks,4,4,17,4,13,1492,Maryland Eastern Shore,1972,772,22,Reece Beekman steals the ball from Glen Anderson.,NA,FALSE,FALSE,NA,NA,NA,NA,NA,NA,0,Maryland Eastern Shore,Virginia,22,NA,Kadin Shedrick,Ben Vander Plas,Kihei Clark,Reece Beekman,Armaan Franklin,Ahamadou Fofana,Da'Shawn Phillip,Zion Styles,Nathaniel Pollard Jr.,Chace Davis
2022-23,2022-11-25,2475422,40,0,1,Virginia,Maryland Eastern Shore,Cavaliers,Hawks,4,4,17,4,13,1492,Maryland Eastern Shore,1972,772,0,Personal foul committed by Troy Hupstead.,NA,FALSE,FALSE,NA,NA,NA,NA,NA,NA,0,Virginia,Virginia,23,NA,Kadin Shedrick,Ben Vander Plas,Kihei Clark,Reece Beekman,Armaan Franklin,Ahamadou Fofana,Da'Shawn Phillip,Zion Styles,Nathaniel Pollard Jr.,Chace Davis
2022-23,2022-11-25,2475422,41,0,1,Virginia,Maryland Eastern Shore,Cavaliers,Hawks,4,4,20,4,16,1677,Virginia,1954,754,18,Armaan Franklin makes a 3-point jump shot from 23 feet out. Ben Vander Plas with the assist.,made,FALSE,TRUE,Jump Shot,47.7,7.849999999999994,1187568,Armaan Franklin,Ben Vander Plas,0,Virginia,Maryland Eastern Shore,23,NA,Kadin Shedrick,Ben Vander Plas,Kihei Clark,Reece Beekman,Armaan Franklin,Ahamadou Fofana,Da'Shawn Phillip,Zion Styles,Nathaniel Pollard Jr.,Chace Davis
2022-23,2022-11-25,2475422,42,0,1,Virginia,Maryland Eastern Shore,Cavaliers,Hawks,4,4,20,4,16,1492,Maryland Eastern Shore,1934,734,20,Da'Shawn Phillip misses a 3-point jump shot from 23 feet out.,missed,FALSE,TRUE,Jump Shot,44.1,18.75,1176553,Da'Shawn Phillip,NA,0,Maryland Eastern Shore,Maryland Eastern Shore,24,NA,Kadin Shedrick,Ben Vander Plas,Kihei Clark,Reece Beekman,Armaan Franklin,Ahamadou Fofana,Da'Shawn Phillip,Zion Styles,Nathaniel Pollard Jr.,Chace Davis
2022-23,2022-11-25,2475422,43,0,1,Virginia,Maryland Eastern Shore,Cavaliers,Hawks,4,4,20,4,16,1492,Maryland Eastern Shore,1934,734,0,Donchevell Nugent with an offensive rebound.,NA,FALSE,FALSE,NA,NA,NA,NA,NA,NA,0,Maryland Eastern Shore,Maryland Eastern Shore,24,NA,Kadin Shedrick,Ben Vander Plas,Kihei Clark,Reece Beekman,Armaan Franklin,Ahamadou Fofana,Da'Shawn Phillip,Zion Styles,Nathaniel Pollard Jr.,Chace Davis
2022-23,2022-11-25,2475422,44,0,1,Virginia,Maryland Eastern Shore,Cavaliers,Hawks,4,4,20,4,16,1492,Maryland Eastern Shore,1923,723,11,Reece Beekman steals the ball from Donchevell Nugent.,NA,FALSE,FALSE,NA,NA,NA,NA,NA,NA,0,Maryland Eastern Shore,Virginia,24,NA,Kadin Shedrick,Ben Vander Plas,Kihei Clark,Reece Beekman,Armaan Franklin,Ahamadou Fofana,Da'Shawn Phillip,Zion Styles,Nathaniel Pollard Jr.,Chace Davis
2022-23,2022-11-25,2475422,45,0,1,Virginia,Maryland Eastern Shore,Cavaliers,Hawks,4,4,20,4,16,1677,Virginia,1916,716,7,Da'Shawn Phillip steals the ball from Reece Beekman.,NA,FALSE,FALSE,NA,NA,NA,NA,NA,NA,0,Virginia,Maryland Eastern Shore,25,NA,Kadin Shedrick,Ben Vander Plas,Kihei Clark,Reece Beekman,Armaan Franklin,Ahamadou Fofana,Da'Shawn Phillip,Zion Styles,Nathaniel Pollard Jr.,Chace Davis
2022-23,2022-11-25,2475422,46,0,1,Virginia,Maryland Eastern Shore,Cavaliers,Hawks,4,4,20,4,16,1492,Maryland Eastern Shore,1909,709,7,Glen Anderson misses a 3-point jump shot from 23 feet out.,missed,FALSE,TRUE,Jump Shot,2.3000000000000007,8.75,1194075,Glen Anderson,NA,0,Maryland Eastern Shore,Maryland Eastern Shore,26,NA,Kadin Shedrick,Ben Vander Plas,Kihei Clark,Reece Beekman,Armaan Franklin,Ahamadou Fofana,Da'Shawn Phillip,Zion Styles,Nathaniel Pollard Jr.,Chace Davis
2022-23,2022-11-25,2475422,47,0,1,Virginia,Maryland Eastern Shore,Cavaliers,Hawks,4,4,20,4,16,1677,Virginia,1909,709,0,Armaan Franklin with a defensive rebound.,NA,FALSE,FALSE,NA,NA,NA,NA,NA,NA,0,Maryland Eastern Shore,Virginia,26,NA,Kadin Shedrick,Ben Vander Plas,Kihei Clark,Reece Beekman,Armaan Franklin,Ahamadou Fofana,Da'Shawn Phillip,Zion Styles,Nathaniel Pollard Jr.,Chace Davis
2022-23,2022-11-25,2475422,48,0,1,Virginia,Maryland Eastern Shore,Cavaliers,Hawks,4,4,20,4,16,1677,Virginia,1897,697,12,Reece Beekman misses a dunk.,missed,FALSE,FALSE,Dunk Shot,26,6.25,1230369,Reece Beekman,NA,0,Virginia,Virginia,27,NA,Kadin Shedrick,Ben Vander Plas,Kihei Clark,Reece Beekman,Armaan Franklin,Ahamadou Fofana,Da'Shawn Phillip,Zion Styles,Nathaniel Pollard Jr.,Chace Davis
2022-23,2022-11-25,2475422,49,0,1,Virginia,Maryland Eastern Shore,Cavaliers,Hawks,4,4,20,4,16,1492,Maryland Eastern Shore,1897,697,0,Glen Anderson with a defensive rebound.,NA,FALSE,FALSE,NA,NA,NA,NA,NA,NA,0,Virginia,Maryland Eastern Shore,27,NA,Kadin Shedrick,Ben Vander Plas,Kihei Clark,Reece Beekman,Armaan Franklin,Ahamadou Fofana,Da'Shawn Phillip,Zion Styles,Nathaniel Pollard Jr.,Chace Davis
2022-23,2022-11-25,2475422,50,0,1,Virginia,Maryland Eastern Shore,Cavaliers,Hawks,4,4,20,4,16,1492,Maryland Eastern Shore,1888,688,9,Troy Hupstead misses a 3-point jump shot from 24 feet out.,missed,FALSE,TRUE,Jump Shot,24.4,28.95,1404836,Troy Hupstead,NA,0,Maryland Eastern Shore,Maryland Eastern Shore,28,NA,Kadin Shedrick,Ben Vander Plas,Kihei Clark,Reece Beekman,Armaan Franklin,Ahamadou Fofana,Da'Shawn Phillip,Zion Styles,Nathaniel Pollard Jr.,Chace Davis
2022-23,2022-11-25,2475422,51,0,1,Virginia,Maryland Eastern Shore,Cavaliers,Hawks,4,4,20,4,16,1677,Virginia,1888,688,0,Reece Beekman with a defensive rebound.,NA,FALSE,FALSE,NA,NA,NA,NA,NA,NA,0,Maryland Eastern Shore,Virginia,28,NA,Kadin Shedrick,Ben Vander Plas,Kihei Clark,Reece Beekman,Armaan Franklin,Ahamadou Fofana,Da'Shawn Phillip,Zion Styles,Nathaniel Pollard Jr.,Chace Davis
2022-23,2022-11-25,2475422,52,0,1,Virginia,Maryland Eastern Shore,Cavaliers,Hawks,4,4,20,4,16,1677,Virginia,1859,659,29,Ben Vander Plas misses a jump shot from 7 feet out.,missed,FALSE,FALSE,Jump Shot,30,10.75,1063656,Ben Vander Plas,NA,0,Virginia,Virginia,29,NA,Kadin Shedrick,Ben Vander Plas,Kihei Clark,Reece Beekman,Armaan Franklin,Ahamadou Fofana,Da'Shawn Phillip,Zion Styles,Nathaniel Pollard Jr.,Chace Davis
2022-23,2022-11-25,2475422,53,0,1,Virginia,Maryland Eastern Shore,Cavaliers,Hawks,4,4,20,4,16,1492,Maryland Eastern Shore,1859,659,0,Da'Shawn Phillip with a defensive rebound.,NA,FALSE,FALSE,NA,NA,NA,NA,NA,NA,0,Virginia,Maryland Eastern Shore,29,NA,Kadin Shedrick,Ben Vander Plas,Kihei Clark,Reece Beekman,Armaan Franklin,Ahamadou Fofana,Da'Shawn Phillip,Zion Styles,Nathaniel Pollard Jr.,Chace Davis
2022-23,2022-11-25,2475422,58,0,1,Virginia,Maryland Eastern Shore,Cavaliers,Hawks,4,4,20,4,16,1677,Virginia,1857,657,2,Personal foul committed by Francisco Caffaro.,NA,FALSE,FALSE,NA,NA,NA,NA,NA,NA,0,Maryland Eastern Shore,Maryland Eastern Shore,30,NA,Kadin Shedrick,Ben Vander Plas,Kihei Clark,Reece Beekman,Armaan Franklin,Ahamadou Fofana,Da'Shawn Phillip,Zion Styles,Nathaniel Pollard Jr.,Chace Davis
2022-23,2022-11-25,2475422,59,0,1,Virginia,Maryland Eastern Shore,Cavaliers,Hawks,4,4,20,4,16,NA,NA,1857,657,0,Official TV timeout.,NA,FALSE,FALSE,NA,NA,NA,NA,NA,NA,0,NA,NA,NA,NA,Kadin Shedrick,Ben Vander Plas,Kihei Clark,Reece Beekman,Armaan Franklin,Ahamadou Fofana,Da'Shawn Phillip,Zion Styles,Nathaniel Pollard Jr.,Chace Davis
2022-23,2022-11-25,2475422,60,0,1,Virginia,Maryland Eastern Shore,Cavaliers,Hawks,4,4,20,7,13,1492,Maryland Eastern Shore,1842,642,15,Donchevell Nugent makes a 3-point jump shot from 24 feet out. Dionte Johnson with the assist.,made,FALSE,TRUE,Jump Shot,43.5,20.95,1232509,Donchevell Nugent,Dionte Johnson,0,Maryland Eastern Shore,Virginia,30,NA,Kadin Shedrick,Ben Vander Plas,Kihei Clark,Reece Beekman,Armaan Franklin,Ahamadou Fofana,Da'Shawn Phillip,Zion Styles,Nathaniel Pollard Jr.,Chace Davis
2022-23,2022-11-25,2475422,61,0,1,Virginia,Maryland Eastern Shore,Cavaliers,Hawks,4,4,20,7,13,1677,Virginia,1808,608,34,Glen Anderson steals the ball from Isaac McKneely.,NA,FALSE,FALSE,NA,NA,NA,NA,NA,NA,0,Virginia,Maryland Eastern Shore,31,NA,Kadin Shedrick,Ben Vander Plas,Kihei Clark,Reece Beekman,Armaan Franklin,Ahamadou Fofana,Da'Shawn Phillip,Zion Styles,Nathaniel Pollard Jr.,Chace Davis
2022-23,2022-11-25,2475422,62,0,1,Virginia,Maryland Eastern Shore,Cavaliers,Hawks,4,4,20,7,13,1492,Maryland Eastern Shore,1802,602,6,Dionte Johnson misses a 3-point jump shot from 24 feet out.,missed,FALSE,TRUE,Jump Shot,20.3,28.65,1416411,Dionte Johnson,NA,0,Maryland Eastern Shore,Maryland Eastern Shore,32,NA,Kadin Shedrick,Ben Vander Plas,Kihei Clark,Reece Beekman,Armaan Franklin,Ahamadou Fofana,Da'Shawn Phillip,Zion Styles,Nathaniel Pollard Jr.,Chace Davis
2022-23,2022-11-25,2475422,64,0,1,Virginia,Maryland Eastern Shore,Cavaliers,Hawks,4,4,20,7,13,1492,Maryland Eastern Shore,1792,592,10,Ahamadou Fofana misses a 3-point jump shot from 23 feet out.,missed,FALSE,TRUE,Jump Shot,2.1000000000000014,5.45,1241423,Ahamadou Fofana,NA,0,Maryland Eastern Shore,Maryland Eastern Shore,32,NA,Kadin Shedrick,Ben Vander Plas,Kihei Clark,Reece Beekman,Armaan Franklin,Ahamadou Fofana,Da'Shawn Phillip,Zion Styles,Nathaniel Pollard Jr.,Chace Davis
2022-23,2022-11-25,2475422,65,0,1,Virginia,Maryland Eastern Shore,Cavaliers,Hawks,4,4,20,7,13,1677,Virginia,1792,592,0,Ben Vander Plas with a defensive rebound.,NA,FALSE,FALSE,NA,NA,NA,NA,NA,NA,0,Maryland Eastern Shore,Virginia,32,NA,Kadin Shedrick,Ben Vander Plas,Kihei Clark,Reece Beekman,Armaan Franklin,Ahamadou Fofana,Da'Shawn Phillip,Zion Styles,Nathaniel Pollard Jr.,Chace Davis
2022-23,2022-11-25,2475422,66,0,1,Virginia,Maryland Eastern Shore,Cavaliers,Hawks,4,4,20,7,13,1677,Virginia,1777,577,15,Isaac McKneely misses a 3-point jump shot from 23 feet out.,missed,FALSE,TRUE,Jump Shot,33.6,26.950000000000003,1406026,Isaac McKneely,NA,0,Virginia,Virginia,33,NA,Kadin Shedrick,Ben Vander Plas,Kihei Clark,Reece Beekman,Armaan Franklin,Ahamadou Fofana,Da'Shawn Phillip,Zion Styles,Nathaniel Pollard Jr.,Chace Davis
2022-23,2022-11-25,2475422,67,0,1,Virginia,Maryland Eastern Shore,Cavaliers,Hawks,4,4,20,7,13,1492,Maryland Eastern Shore,1777,577,0,Donchevell Nugent with a defensive rebound.,NA,FALSE,FALSE,NA,NA,NA,NA,NA,NA,0,Virginia,Maryland Eastern Shore,33,NA,Kadin Shedrick,Ben Vander Plas,Kihei Clark,Reece Beekman,Armaan Franklin,Ahamadou Fofana,Da'Shawn Phillip,Zion Styles,Nathaniel Pollard Jr.,Chace Davis
2022-23,2022-11-25,2475422,68,0,1,Virginia,Maryland Eastern Shore,Cavaliers,Hawks,4,4,20,9,11,1492,Maryland Eastern Shore,1758,558,19,Nathaniel Pollard Jr. makes a layup from 3 feet out. Donchevell Nugent with the assist.,made,FALSE,FALSE,Layup Shot,23.7,7.85,1232510,Nathaniel Pollard Jr.,Donchevell Nugent,0,Maryland Eastern Shore,Maryland Eastern Shore,34,NA,Kadin Shedrick,Ben Vander Plas,Kihei Clark,Reece Beekman,Armaan Franklin,Ahamadou Fofana,Da'Shawn Phillip,Zion Styles,Nathaniel Pollard Jr.,Chace Davis
2022-23,2022-11-25,2475422,69,0,1,Virginia,Maryland Eastern Shore,Cavaliers,Hawks,4,4,20,9,11,1677,Virginia,1758,558,0,Shooting foul committed by Isaac McKneely.,NA,FALSE,FALSE,NA,NA,NA,NA,NA,NA,0,Maryland Eastern Shore,Maryland Eastern Shore,34,NA,Kadin Shedrick,Ben Vander Plas,Kihei Clark,Reece Beekman,Armaan Franklin,Ahamadou Fofana,Da'Shawn Phillip,Zion Styles,Nathaniel Pollard Jr.,Chace Davis
2022-23,2022-11-25,2475422,70,0,1,Virginia,Maryland Eastern Shore,Cavaliers,Hawks,4,4,20,10,10,1492,Maryland Eastern Shore,1758,558,0,Nathaniel Pollard Jr. makes free throw 1 of 1.,made,TRUE,FALSE,NA,NA,NA,NA,NA,NA,0,Maryland Eastern Shore,Virginia,34,NA,Kadin Shedrick,Ben Vander Plas,Kihei Clark,Reece Beekman,Armaan Franklin,Ahamadou Fofana,Da'Shawn Phillip,Zion Styles,Nathaniel Pollard Jr.,Chace Davis
2022-23,2022-11-25,2475422,71,0,1,Virginia,Maryland Eastern Shore,Cavaliers,Hawks,4,4,20,10,10,1677,Virginia,1732,532,26,Jayden Gardner misses a jump shot from 7 feet out.,missed,FALSE,FALSE,Jump Shot,29,11.25,1132533,Jayden Gardner,NA,0,Virginia,Virginia,35,NA,Kadin Shedrick,Ben Vander Plas,Kihei Clark,Reece Beekman,Armaan Franklin,Ahamadou Fofana,Da'Shawn Phillip,Zion Styles,Nathaniel Pollard Jr.,Chace Davis
2022-23,2022-11-25,2475422,72,0,1,Virginia,Maryland Eastern Shore,Cavaliers,Hawks,4,4,20,10,10,1492,Maryland Eastern Shore,1732,532,0,Nathaniel Pollard Jr. with a defensive rebound.,NA,FALSE,FALSE,NA,NA,NA,NA,NA,NA,0,Virginia,Maryland Eastern Shore,35,NA,Kadin Shedrick,Ben Vander Plas,Kihei Clark,Reece Beekman,Armaan Franklin,Ahamadou Fofana,Da'Shawn Phillip,Zion Styles,Nathaniel Pollard Jr.,Chace Davis
2022-23,2022-11-25,2475422,73,0,1,Virginia,Maryland Eastern Shore,Cavaliers,Hawks,4,4,20,12,8,1492,Maryland Eastern Shore,1716,516,16,Zion Styles makes a layup from 4 feet out. Nathaniel Pollard Jr. with the assist.,made,FALSE,FALSE,Layup Shot,23.6,8.85,1232518,Zion Styles,Nathaniel Pollard Jr.,0,Maryland Eastern Shore,Virginia,36,NA,Kadin Shedrick,Ben Vander Plas,Kihei Clark,Reece Beekman,Armaan Franklin,Ahamadou Fofana,Da'Shawn Phillip,Zion Styles,Nathaniel Pollard Jr.,Chace Davis
2022-23,2022-11-25,2475422,74,0,1,Virginia,Maryland Eastern Shore,Cavaliers,Hawks,4,4,20,12,8,1677,Virginia,1693,493,23,Nathaniel Pollard Jr. steals the ball from Reece Beekman.,NA,FALSE,FALSE,NA,NA,NA,NA,NA,NA,0,Virginia,Maryland Eastern Shore,37,NA,Kadin Shedrick,Ben Vander Plas,Kihei Clark,Reece Beekman,Armaan Franklin,Ahamadou Fofana,Da'Shawn Phillip,Zion Styles,Nathaniel Pollard Jr.,Chace Davis
2022-23,2022-11-25,2475422,75,0,1,Virginia,Maryland Eastern Shore,Cavaliers,Hawks,4,4,20,12,8,1492,Maryland Eastern Shore,1688,488,5,Kihei Clark blocks a Da'Shawn Phillip layup from 5 feet out.,missed,FALSE,FALSE,Layup Shot,24.2,9.95,1176553,Da'Shawn Phillip,NA,0,Maryland Eastern Shore,Maryland Eastern Shore,38,NA,Kadin Shedrick,Ben Vander Plas,Kihei Clark,Reece Beekman,Armaan Franklin,Ahamadou Fofana,Da'Shawn Phillip,Zion Styles,Nathaniel Pollard Jr.,Chace Davis
2022-23,2022-11-25,2475422,76,0,1,Virginia,Maryland Eastern Shore,Cavaliers,Hawks,4,4,20,12,8,1677,Virginia,1688,488,0,Ben Vander Plas with a defensive rebound.,NA,FALSE,FALSE,NA,NA,NA,NA,NA,NA,0,Maryland Eastern Shore,Virginia,38,NA,Kadin Shedrick,Ben Vander Plas,Kihei Clark,Reece Beekman,Armaan Franklin,Ahamadou Fofana,Da'Shawn Phillip,Zion Styles,Nathaniel Pollard Jr.,Chace Davis
2022-23,2022-11-25,2475422,77,0,1,Virginia,Maryland Eastern Shore,Cavaliers,Hawks,4,4,20,12,8,1492,Maryland Eastern Shore,1688,488,0,Personal foul committed by Zion Styles.,NA,FALSE,FALSE,NA,NA,NA,NA,NA,NA,0,Virginia,Virginia,39,NA,Kadin Shedrick,Ben Vander Plas,Kihei Clark,Reece Beekman,Armaan Franklin,Ahamadou Fofana,Da'Shawn Phillip,Zion Styles,Nathaniel Pollard Jr.,Chace Davis
2022-23,2022-11-25,2475422,78,0,1,Virginia,Maryland Eastern Shore,Cavaliers,Hawks,4,4,20,12,8,1677,Virginia,1664,464,24,Armaan Franklin misses a jump shot from 15 feet out.,missed,FALSE,FALSE,Jump Shot,23.7,20.150000000000006,1187568,Armaan Franklin,NA,0,Virginia,Virginia,39,NA,Kadin Shedrick,Ben Vander Plas,Kihei Clark,Reece Beekman,Armaan Franklin,Ahamadou Fofana,Da'Shawn Phillip,Zion Styles,Nathaniel Pollard Jr.,Chace Davis
2022-23,2022-11-25,2475422,79,0,1,Virginia,Maryland Eastern Shore,Cavaliers,Hawks,4,4,20,12,8,1677,Virginia,1664,464,0,Kadin Shedrick with an offensive rebound.,NA,FALSE,FALSE,NA,NA,NA,NA,NA,NA,0,Virginia,Virginia,39,NA,Kadin Shedrick,Ben Vander Plas,Kihei Clark,Reece Beekman,Armaan Franklin,Ahamadou Fofana,Da'Shawn Phillip,Zion Styles,Nathaniel Pollard Jr.,Chace Davis
2022-23,2022-11-25,2475422,80,0,1,Virginia,Maryland Eastern Shore,Cavaliers,Hawks,4,4,22,12,10,1677,Virginia,1661,461,3,Kadin Shedrick makes a layup from 3 feet out.,made,FALSE,FALSE,Layup Shot,23.7,8.25,1175950,Kadin Shedrick,NA,0,Virginia,Virginia,39,NA,Kadin Shedrick,Ben Vander Plas,Kihei Clark,Reece Beekman,Armaan Franklin,Ahamadou Fofana,Da'Shawn Phillip,Zion Styles,Nathaniel Pollard Jr.,Chace Davis
2022-23,2022-11-25,2475422,81,0,1,Virginia,Maryland Eastern Shore,Cavaliers,Hawks,4,4,22,12,10,1492,Maryland Eastern Shore,1661,461,0,Shooting foul committed by Zion Styles.,NA,FALSE,FALSE,NA,NA,NA,NA,NA,NA,0,Virginia,Virginia,39,NA,Kadin Shedrick,Ben Vander Plas,Kihei Clark,Reece Beekman,Armaan Franklin,Ahamadou Fofana,Da'Shawn Phillip,Zion Styles,Nathaniel Pollard Jr.,Chace Davis
2022-23,2022-11-25,2475422,82,0,1,Virginia,Maryland Eastern Shore,Cavaliers,Hawks,4,4,22,12,10,NA,NA,1661,461,0,Official TV timeout.,NA,FALSE,FALSE,NA,NA,NA,NA,NA,NA,0,NA,NA,NA,NA,Kadin Shedrick,Ben Vander Plas,Kihei Clark,Reece Beekman,Armaan Franklin,Ahamadou Fofana,Da'Shawn Phillip,Zion Styles,Nathaniel Pollard Jr.,Chace Davis
2022-23,2022-11-25,2475422,83,0,1,Virginia,Maryland Eastern Shore,Cavaliers,Hawks,4,4,23,12,11,1677,Virginia,1661,461,0,Kadin Shedrick makes free throw 1 of 1.,made,TRUE,FALSE,NA,NA,NA,NA,NA,NA,0,Virginia,Maryland Eastern Shore,39,NA,Kadin Shedrick,Ben Vander Plas,Kihei Clark,Reece Beekman,Armaan Franklin,Ahamadou Fofana,Da'Shawn Phillip,Zion Styles,Nathaniel Pollard Jr.,Chace Davis
2022-23,2022-11-25,2475422,84,0,1,Virginia,Maryland Eastern Shore,Cavaliers,Hawks,4,4,23,14,9,1492,Maryland Eastern Shore,1645,445,16,Nathaniel Pollard Jr. makes a layup from 3 feet out.,made,FALSE,FALSE,Layup Shot,26.6,8.05,1232510,Nathaniel Pollard Jr.,NA,0,Maryland Eastern Shore,Virginia,40,NA,Kadin Shedrick,Ben Vander Plas,Kihei Clark,Reece Beekman,Armaan Franklin,Ahamadou Fofana,Da'Shawn Phillip,Zion Styles,Nathaniel Pollard Jr.,Chace Davis
2022-23,2022-11-25,2475422,85,0,1,Virginia,Maryland Eastern Shore,Cavaliers,Hawks,4,4,23,14,9,1492,Maryland Eastern Shore,1627,427,18,Shooting foul committed by Ahamadou Fofana.,NA,FALSE,FALSE,NA,NA,NA,NA,NA,NA,0,Virginia,Virginia,41,NA,Kadin Shedrick,Ben Vander Plas,Kihei Clark,Reece Beekman,Armaan Franklin,Ahamadou Fofana,Da'Shawn Phillip,Zion Styles,Nathaniel Pollard Jr.,Chace Davis
2022-23,2022-11-25,2475422,86,0,1,Virginia,Maryland Eastern Shore,Cavaliers,Hawks,4,4,24,14,10,1677,Virginia,1627,427,0,Kadin Shedrick makes free throw 1 of 2.,made,TRUE,FALSE,NA,NA,NA,NA,NA,NA,0,Virginia,Virginia,41,NA,Kadin Shedrick,Ben Vander Plas,Kihei Clark,Reece Beekman,Armaan Franklin,Ahamadou Fofana,Da'Shawn Phillip,Zion Styles,Nathaniel Pollard Jr.,Chace Davis
2022-23,2022-11-25,2475422,87,0,1,Virginia,Maryland Eastern Shore,Cavaliers,Hawks,4,4,25,14,11,1677,Virginia,1627,427,0,Kadin Shedrick makes free throw 2 of 2.,made,TRUE,FALSE,NA,NA,NA,NA,NA,NA,0,Virginia,Maryland Eastern Shore,41,NA,Kadin Shedrick,Ben Vander Plas,Kihei Clark,Reece Beekman,Armaan Franklin,Ahamadou Fofana,Da'Shawn Phillip,Zion Styles,Nathaniel Pollard Jr.,Chace Davis
2022-23,2022-11-25,2475422,88,0,1,Virginia,Maryland Eastern Shore,Cavaliers,Hawks,4,4,26,14,12,1677,Virginia,1608,408,19,Kihei Clark makes free throw 1 of 1.,made,TRUE,FALSE,NA,NA,NA,NA,NA,NA,0,Virginia,Maryland Eastern Shore,42,NA,Kadin Shedrick,Ben Vander Plas,Kihei Clark,Reece Beekman,Armaan Franklin,Ahamadou Fofana,Da'Shawn Phillip,Zion Styles,Nathaniel Pollard Jr.,Chace Davis
2022-23,2022-11-25,2475422,89,0,1,Virginia,Maryland Eastern Shore,Cavaliers,Hawks,4,4,26,14,12,1492,Maryland Eastern Shore,1608,408,0,Kadin Shedrick steals the ball from Da'Shawn Phillip.,NA,FALSE,FALSE,NA,NA,NA,NA,NA,NA,0,Maryland Eastern Shore,Virginia,43,NA,Kadin Shedrick,Ben Vander Plas,Kihei Clark,Reece Beekman,Armaan Franklin,Ahamadou Fofana,Da'Shawn Phillip,Zion Styles,Nathaniel Pollard Jr.,Chace Davis
2022-23,2022-11-25,2475422,90,0,1,Virginia,Maryland Eastern Shore,Cavaliers,Hawks,4,4,26,14,12,1677,Virginia,1603,403,5,Jayden Gardner misses a jump shot from 15 feet out.,missed,FALSE,FALSE,Jump Shot,36,15.349999999999994,1132533,Jayden Gardner,NA,0,Virginia,Virginia,44,NA,Kadin Shedrick,Ben Vander Plas,Kihei Clark,Reece Beekman,Armaan Franklin,Ahamadou Fofana,Da'Shawn Phillip,Zion Styles,Nathaniel Pollard Jr.,Chace Davis
2022-23,2022-11-25,2475422,91,0,1,Virginia,Maryland Eastern Shore,Cavaliers,Hawks,4,4,26,14,12,1492,Maryland Eastern Shore,1603,403,0,Da'Shawn Phillip with a defensive rebound.,NA,FALSE,FALSE,NA,NA,NA,NA,NA,NA,0,Virginia,Maryland Eastern Shore,44,NA,Kadin Shedrick,Ben Vander Plas,Kihei Clark,Reece Beekman,Armaan Franklin,Ahamadou Fofana,Da'Shawn Phillip,Zion Styles,Nathaniel Pollard Jr.,Chace Davis
2022-23,2022-11-25,2475422,92,0,1,Virginia,Maryland Eastern Shore,Cavaliers,Hawks,4,4,28,14,14,1677,Virginia,1585,385,18,Jayden Gardner makes a layup from 3 feet out.,made,FALSE,FALSE,Layup Shot,27.1,7.75,1132533,Jayden Gardner,NA,0,Virginia,Maryland Eastern Shore,45,NA,Kadin Shedrick,Ben Vander Plas,Kihei Clark,Reece Beekman,Armaan Franklin,Ahamadou Fofana,Da'Shawn Phillip,Zion Styles,Nathaniel Pollard Jr.,Chace Davis
2022-23,2022-11-25,2475422,93,0,1,Virginia,Maryland Eastern Shore,Cavaliers,Hawks,4,4,28,16,12,1492,Maryland Eastern Shore,1574,374,11,Ahamadou Fofana makes a layup from 4 feet out.,made,FALSE,FALSE,Layup Shot,26.1,9.45,1241423,Ahamadou Fofana,NA,0,Maryland Eastern Shore,Virginia,46,NA,Kadin Shedrick,Ben Vander Plas,Kihei Clark,Reece Beekman,Armaan Franklin,Ahamadou Fofana,Da'Shawn Phillip,Zion Styles,Nathaniel Pollard Jr.,Chace Davis
2022-23,2022-11-25,2475422,94,0,1,Virginia,Maryland Eastern Shore,Cavaliers,Hawks,4,4,28,16,12,1492,Maryland Eastern Shore,1551,351,23,Chace Davis misses a jump shot from 15 feet out.,missed,FALSE,FALSE,Jump Shot,12.3,13.35,1324445,Chace Davis,NA,0,Maryland Eastern Shore,Maryland Eastern Shore,47,NA,Kadin Shedrick,Ben Vander Plas,Kihei Clark,Reece Beekman,Armaan Franklin,Ahamadou Fofana,Da'Shawn Phillip,Zion Styles,Nathaniel Pollard Jr.,Chace Davis
2022-23,2022-11-25,2475422,95,0,1,Virginia,Maryland Eastern Shore,Cavaliers,Hawks,4,4,28,16,12,1677,Virginia,1551,351,0,Jayden Gardner with a defensive rebound.,NA,FALSE,FALSE,NA,NA,NA,NA,NA,NA,0,Maryland Eastern Shore,Virginia,47,NA,Kadin Shedrick,Ben Vander Plas,Kihei Clark,Reece Beekman,Armaan Franklin,Ahamadou Fofana,Da'Shawn Phillip,Zion Styles,Nathaniel Pollard Jr.,Chace Davis
2022-23,2022-11-25,2475422,96,0,1,Virginia,Maryland Eastern Shore,Cavaliers,Hawks,4,4,30,16,14,1677,Virginia,1535,335,16,Jayden Gardner makes a layup from 4 feet out. Kihei Clark with the assist.,made,FALSE,FALSE,Layup Shot,26.4,9.25,1132533,Jayden Gardner,Kihei Clark,0,Virginia,Maryland Eastern Shore,48,NA,Kadin Shedrick,Ben Vander Plas,Kihei Clark,Reece Beekman,Armaan Franklin,Ahamadou Fofana,Da'Shawn Phillip,Zion Styles,Nathaniel Pollard Jr.,Chace Davis
2022-23,2022-11-25,2475422,97,0,1,Virginia,Maryland Eastern Shore,Cavaliers,Hawks,4,4,30,16,14,1492,Maryland Eastern Shore,1504,304,31,Kadin Shedrick blocks a Nathaniel Pollard Jr. layup from 3 feet out.,missed,FALSE,FALSE,Layup Shot,25.1,8.55,1232510,Nathaniel Pollard Jr.,NA,0,Maryland Eastern Shore,Maryland Eastern Shore,49,NA,Kadin Shedrick,Ben Vander Plas,Kihei Clark,Reece Beekman,Armaan Franklin,Ahamadou Fofana,Da'Shawn Phillip,Zion Styles,Nathaniel Pollard Jr.,Chace Davis
2022-23,2022-11-25,2475422,98,0,1,Virginia,Maryland Eastern Shore,Cavaliers,Hawks,4,4,30,16,14,1492,Maryland Eastern Shore,1504,304,0,Chace Davis with an offensive rebound.,NA,FALSE,FALSE,NA,NA,NA,NA,NA,NA,0,Maryland Eastern Shore,Maryland Eastern Shore,49,NA,Kadin Shedrick,Ben Vander Plas,Kihei Clark,Reece Beekman,Armaan Franklin,Ahamadou Fofana,Da'Shawn Phillip,Zion Styles,Nathaniel Pollard Jr.,Chace Davis
2022-23,2022-11-25,2475422,99,0,1,Virginia,Maryland Eastern Shore,Cavaliers,Hawks,4,4,30,16,14,1492,Maryland Eastern Shore,1504,304,0,Glen Anderson misses a 3-point jump shot from 23 feet out.,missed,FALSE,TRUE,Jump Shot,11.1,24.05,1194075,Glen Anderson,NA,0,Maryland Eastern Shore,Maryland Eastern Shore,49,NA,Kadin Shedrick,Ben Vander Plas,Kihei Clark,Reece Beekman,Armaan Franklin,Ahamadou Fofana,Da'Shawn Phillip,Zion Styles,Nathaniel Pollard Jr.,Chace Davis
2022-23,2022-11-25,2475422,101,0,1,Virginia,Maryland Eastern Shore,Cavaliers,Hawks,4,4,30,16,14,1492,Maryland Eastern Shore,1496,296,8,Hawks with a turnover: Shot Clock Turnover,NA,FALSE,FALSE,NA,NA,NA,NA,NA,NA,0,Maryland Eastern Shore,Virginia,49,NA,Kadin Shedrick,Ben Vander Plas,Kihei Clark,Reece Beekman,Armaan Franklin,Ahamadou Fofana,Da'Shawn Phillip,Zion Styles,Nathaniel Pollard Jr.,Chace Davis
2022-23,2022-11-25,2475422,106,0,1,Virginia,Maryland Eastern Shore,Cavaliers,Hawks,4,4,30,16,14,1677,Virginia,1486,286,10,Glen Anderson steals the ball from Francisco Caffaro.,NA,FALSE,FALSE,NA,NA,NA,NA,NA,NA,0,Virginia,Maryland Eastern Shore,50,NA,Kadin Shedrick,Ben Vander Plas,Kihei Clark,Reece Beekman,Armaan Franklin,Ahamadou Fofana,Da'Shawn Phillip,Zion Styles,Nathaniel Pollard Jr.,Chace Davis
2022-23,2022-11-25,2475422,107,0,1,Virginia,Maryland Eastern Shore,Cavaliers,Hawks,4,4,30,18,12,1492,Maryland Eastern Shore,1474,274,12,Chace Davis makes a jump shot from 15 feet out.,made,FALSE,FALSE,Jump Shot,12.7,13.15,1324445,Chace Davis,NA,0,Maryland Eastern Shore,Virginia,51,NA,Kadin Shedrick,Ben Vander Plas,Kihei Clark,Reece Beekman,Armaan Franklin,Ahamadou Fofana,Da'Shawn Phillip,Zion Styles,Nathaniel Pollard Jr.,Chace Davis
2022-23,2022-11-25,2475422,108,0,1,Virginia,Maryland Eastern Shore,Cavaliers,Hawks,4,4,32,18,14,1677,Virginia,1463,263,11,Jayden Gardner makes a jump shot from 14 feet out. Armaan Franklin with the assist.,made,FALSE,FALSE,Jump Shot,17,16.25,1132533,Jayden Gardner,Armaan Franklin,0,Virginia,Maryland Eastern Shore,52,NA,Kadin Shedrick,Ben Vander Plas,Kihei Clark,Reece Beekman,Armaan Franklin,Ahamadou Fofana,Da'Shawn Phillip,Zion Styles,Nathaniel Pollard Jr.,Chace Davis
2022-23,2022-11-25,2475422,109,0,1,Virginia,Maryland Eastern Shore,Cavaliers,Hawks,4,4,32,20,12,1492,Maryland Eastern Shore,1441,241,22,Troy Hupstead makes a layup from 5 feet out.,made,FALSE,FALSE,Layup Shot,26.1,9.95,1404836,Troy Hupstead,NA,0,Maryland Eastern Shore,Virginia,53,NA,Kadin Shedrick,Ben Vander Plas,Kihei Clark,Reece Beekman,Armaan Franklin,Ahamadou Fofana,Da'Shawn Phillip,Zion Styles,Nathaniel Pollard Jr.,Chace Davis
2022-23,2022-11-25,2475422,110,0,1,Virginia,Maryland Eastern Shore,Cavaliers,Hawks,4,4,32,20,12,1492,Maryland Eastern Shore,1401,201,40,Shooting foul committed by Kohen Thompson.,NA,FALSE,FALSE,NA,NA,NA,NA,NA,NA,0,Virginia,Virginia,54,NA,Kadin Shedrick,Ben Vander Plas,Kihei Clark,Reece Beekman,Armaan Franklin,Ahamadou Fofana,Da'Shawn Phillip,Zion Styles,Nathaniel Pollard Jr.,Chace Davis
2022-23,2022-11-25,2475422,111,0,1,Virginia,Maryland Eastern Shore,Cavaliers,Hawks,4,4,32,20,12,NA,NA,1401,201,0,Official TV timeout.,NA,FALSE,FALSE,NA,NA,NA,NA,NA,NA,0,NA,NA,NA,NA,Kadin Shedrick,Ben Vander Plas,Kihei Clark,Reece Beekman,Armaan Franklin,Ahamadou Fofana,Da'Shawn Phillip,Zion Styles,Nathaniel Pollard Jr.,Chace Davis
2022-23,2022-11-25,2475422,112,0,1,Virginia,Maryland Eastern Shore,Cavaliers,Hawks,4,4,33,20,13,1677,Virginia,1401,201,0,Reece Beekman makes free throw 1 of 2.,made,TRUE,FALSE,NA,NA,NA,NA,NA,NA,0,Virginia,Virginia,54,NA,Kadin Shedrick,Ben Vander Plas,Kihei Clark,Reece Beekman,Armaan Franklin,Ahamadou Fofana,Da'Shawn Phillip,Zion Styles,Nathaniel Pollard Jr.,Chace Davis
2022-23,2022-11-25,2475422,113,0,1,Virginia,Maryland Eastern Shore,Cavaliers,Hawks,4,4,34,20,14,1677,Virginia,1401,201,0,Reece Beekman makes free throw 2 of 2.,made,TRUE,FALSE,NA,NA,NA,NA,NA,NA,0,Virginia,Maryland Eastern Shore,54,NA,Kadin Shedrick,Ben Vander Plas,Kihei Clark,Reece Beekman,Armaan Franklin,Ahamadou Fofana,Da'Shawn Phillip,Zion Styles,Nathaniel Pollard Jr.,Chace Davis
2022-23,2022-11-25,2475422,114,0,1,Virginia,Maryland Eastern Shore,Cavaliers,Hawks,4,4,34,20,14,1492,Maryland Eastern Shore,1393,193,8,Chace Davis misses a jump shot from 16 feet out.,missed,FALSE,FALSE,Jump Shot,15.2,17.55,1324445,Chace Davis,NA,0,Maryland Eastern Shore,Maryland Eastern Shore,55,NA,Kadin Shedrick,Ben Vander Plas,Kihei Clark,Reece Beekman,Armaan Franklin,Ahamadou Fofana,Da'Shawn Phillip,Zion Styles,Nathaniel Pollard Jr.,Chace Davis
2022-23,2022-11-25,2475422,115,0,1,Virginia,Maryland Eastern Shore,Cavaliers,Hawks,4,4,34,20,14,1677,Virginia,1393,193,0,Ben Vander Plas with a defensive rebound.,NA,FALSE,FALSE,NA,NA,NA,NA,NA,NA,0,Maryland Eastern Shore,Virginia,55,NA,Kadin Shedrick,Ben Vander Plas,Kihei Clark,Reece Beekman,Armaan Franklin,Ahamadou Fofana,Da'Shawn Phillip,Zion Styles,Nathaniel Pollard Jr.,Chace Davis
2022-23,2022-11-25,2475422,116,0,1,Virginia,Maryland Eastern Shore,Cavaliers,Hawks,4,4,36,20,16,1677,Virginia,1370,170,23,Jayden Gardner makes a layup from 4 feet out. Kihei Clark with the assist.,made,FALSE,FALSE,Layup Shot,25.3,9.549999999999997,1132533,Jayden Gardner,Kihei Clark,0,Virginia,Maryland Eastern Shore,56,NA,Kadin Shedrick,Ben Vander Plas,Kihei Clark,Reece Beekman,Armaan Franklin,Ahamadou Fofana,Da'Shawn Phillip,Zion Styles,Nathaniel Pollard Jr.,Chace Davis
2022-23,2022-11-25,2475422,117,0,1,Virginia,Maryland Eastern Shore,Cavaliers,Hawks,4,4,36,20,16,1492,Maryland Eastern Shore,1350,150,20,Kohen Thompson with a turnover - Lost Ball,NA,FALSE,FALSE,NA,NA,NA,NA,NA,NA,0,Maryland Eastern Shore,Virginia,57,NA,Kadin Shedrick,Ben Vander Plas,Kihei Clark,Reece Beekman,Armaan Franklin,Ahamadou Fofana,Da'Shawn Phillip,Zion Styles,Nathaniel Pollard Jr.,Chace Davis
2022-23,2022-11-25,2475422,118,0,1,Virginia,Maryland Eastern Shore,Cavaliers,Hawks,4,4,38,20,18,1677,Virginia,1348,148,2,Jayden Gardner makes a jump shot from 12 feet out. Reece Beekman with the assist.,made,FALSE,FALSE,Jump Shot,16,12.25,1132533,Jayden Gardner,Reece Beekman,0,Virginia,Maryland Eastern Shore,58,NA,Kadin Shedrick,Ben Vander Plas,Kihei Clark,Reece Beekman,Armaan Franklin,Ahamadou Fofana,Da'Shawn Phillip,Zion Styles,Nathaniel Pollard Jr.,Chace Davis
2022-23,2022-11-25,2475422,119,0,1,Virginia,Maryland Eastern Shore,Cavaliers,Hawks,4,4,38,20,18,1492,Maryland Eastern Shore,1323,123,25,Reece Beekman steals the ball from Donchevell Nugent.,NA,FALSE,FALSE,NA,NA,NA,NA,NA,NA,0,Maryland Eastern Shore,Virginia,59,NA,Kadin Shedrick,Ben Vander Plas,Kihei Clark,Reece Beekman,Armaan Franklin,Ahamadou Fofana,Da'Shawn Phillip,Zion Styles,Nathaniel Pollard Jr.,Chace Davis
2022-23,2022-11-25,2475422,120,0,1,Virginia,Maryland Eastern Shore,Cavaliers,Hawks,4,4,40,20,20,1677,Virginia,1312,112,11,Jayden Gardner makes a layup from 5 feet out. Kihei Clark with the assist.,made,FALSE,FALSE,Layup Shot,23.9,9.75,1132533,Jayden Gardner,Kihei Clark,0,Virginia,Virginia,60,NA,Kadin Shedrick,Ben Vander Plas,Kihei Clark,Reece Beekman,Armaan Franklin,Ahamadou Fofana,Da'Shawn Phillip,Zion Styles,Nathaniel Pollard Jr.,Chace Davis
2022-23,2022-11-25,2475422,121,0,1,Virginia,Maryland Eastern Shore,Cavaliers,Hawks,4,4,40,20,20,1492,Maryland Eastern Shore,1310,110,2,Shooting foul committed by Nathaniel Pollard Jr..,NA,FALSE,FALSE,NA,NA,NA,NA,NA,NA,0,Virginia,Virginia,60,NA,Kadin Shedrick,Ben Vander Plas,Kihei Clark,Reece Beekman,Armaan Franklin,Ahamadou Fofana,Da'Shawn Phillip,Zion Styles,Nathaniel Pollard Jr.,Chace Davis
2022-23,2022-11-25,2475422,122,0,1,Virginia,Maryland Eastern Shore,Cavaliers,Hawks,4,4,40,20,20,1677,Virginia,1310,110,0,Jayden Gardner misses free throw 1 of 1.,missed,TRUE,FALSE,NA,NA,NA,NA,NA,NA,0,Virginia,Virginia,60,NA,Kadin Shedrick,Ben Vander Plas,Kihei Clark,Reece Beekman,Armaan Franklin,Ahamadou Fofana,Da'Shawn Phillip,Zion Styles,Nathaniel Pollard Jr.,Chace Davis
2022-23,2022-11-25,2475422,123,0,1,Virginia,Maryland Eastern Shore,Cavaliers,Hawks,4,4,40,20,20,1492,Maryland Eastern Shore,1310,110,0,Nathaniel Pollard Jr. with a defensive rebound.,NA,FALSE,FALSE,NA,NA,NA,NA,NA,NA,0,Virginia,Maryland Eastern Shore,60,NA,Kadin Shedrick,Ben Vander Plas,Kihei Clark,Reece Beekman,Armaan Franklin,Ahamadou Fofana,Da'Shawn Phillip,Zion Styles,Nathaniel Pollard Jr.,Chace Davis
2022-23,2022-11-25,2475422,124,0,1,Virginia,Maryland Eastern Shore,Cavaliers,Hawks,4,4,40,20,20,1677,Virginia,1291,91,19,Personal foul committed by Ben Vander Plas.,NA,FALSE,FALSE,NA,NA,NA,NA,NA,NA,0,Maryland Eastern Shore,Maryland Eastern Shore,61,NA,Kadin Shedrick,Ben Vander Plas,Kihei Clark,Reece Beekman,Armaan Franklin,Ahamadou Fofana,Da'Shawn Phillip,Zion Styles,Nathaniel Pollard Jr.,Chace Davis
2022-23,2022-11-25,2475422,125,0,1,Virginia,Maryland Eastern Shore,Cavaliers,Hawks,4,4,40,20,20,1677,Virginia,1287,87,4,Personal foul committed by Kihei Clark.,NA,FALSE,FALSE,NA,NA,NA,NA,NA,NA,0,Maryland Eastern Shore,Maryland Eastern Shore,61,NA,Kadin Shedrick,Ben Vander Plas,Kihei Clark,Reece Beekman,Armaan Franklin,Ahamadou Fofana,Da'Shawn Phillip,Zion Styles,Nathaniel Pollard Jr.,Chace Davis
2022-23,2022-11-25,2475422,126,0,1,Virginia,Maryland Eastern Shore,Cavaliers,Hawks,4,4,40,20,20,1492,Maryland Eastern Shore,1280,80,7,Kihei Clark steals the ball from Donchevell Nugent.,NA,FALSE,FALSE,NA,NA,NA,NA,NA,NA,0,Maryland Eastern Shore,Virginia,61,NA,Kadin Shedrick,Ben Vander Plas,Kihei Clark,Reece Beekman,Armaan Franklin,Ahamadou Fofana,Da'Shawn Phillip,Zion Styles,Nathaniel Pollard Jr.,Chace Davis
2022-23,2022-11-25,2475422,127,0,1,Virginia,Maryland Eastern Shore,Cavaliers,Hawks,4,4,40,20,20,1677,Virginia,1270,70,10,Jayden Gardner misses a jump shot from 18 feet out.,missed,FALSE,FALSE,Jump Shot,15.200000000000003,20.849999999999994,1132533,Jayden Gardner,NA,0,Virginia,Virginia,62,NA,Kadin Shedrick,Ben Vander Plas,Kihei Clark,Reece Beekman,Armaan Franklin,Ahamadou Fofana,Da'Shawn Phillip,Zion Styles,Nathaniel Pollard Jr.,Chace Davis
2022-23,2022-11-25,2475422,128,0,1,Virginia,Maryland Eastern Shore,Cavaliers,Hawks,4,4,40,20,20,1677,Virginia,1270,70,0,Ben Vander Plas with an offensive rebound.,NA,FALSE,FALSE,NA,NA,NA,NA,NA,NA,0,Virginia,Virginia,62,NA,Kadin Shedrick,Ben Vander Plas,Kihei Clark,Reece Beekman,Armaan Franklin,Ahamadou Fofana,Da'Shawn Phillip,Zion Styles,Nathaniel Pollard Jr.,Chace Davis
2022-23,2022-11-25,2475422,129,0,1,Virginia,Maryland Eastern Shore,Cavaliers,Hawks,4,4,40,20,20,1677,Virginia,1263,63,7,Ben Vander Plas misses a layup from 5 feet out.,missed,FALSE,FALSE,Layup Shot,24.6,9.75,1063656,Ben Vander Plas,NA,0,Virginia,Virginia,62,NA,Kadin Shedrick,Ben Vander Plas,Kihei Clark,Reece Beekman,Armaan Franklin,Ahamadou Fofana,Da'Shawn Phillip,Zion Styles,Nathaniel Pollard Jr.,Chace Davis
2022-23,2022-11-25,2475422,130,0,1,Virginia,Maryland Eastern Shore,Cavaliers,Hawks,4,4,40,20,20,1492,Maryland Eastern Shore,1263,63,0,Donchevell Nugent with a defensive rebound.,NA,FALSE,FALSE,NA,NA,NA,NA,NA,NA,0,Virginia,Maryland Eastern Shore,62,NA,Kadin Shedrick,Ben Vander Plas,Kihei Clark,Reece Beekman,Armaan Franklin,Ahamadou Fofana,Da'Shawn Phillip,Zion Styles,Nathaniel Pollard Jr.,Chace Davis
2022-23,2022-11-25,2475422,131,0,1,Virginia,Maryland Eastern Shore,Cavaliers,Hawks,4,4,40,20,20,1492,Maryland Eastern Shore,1246,46,17,Donchevell Nugent misses a jump shot from 15 feet out.,missed,FALSE,FALSE,Jump Shot,19.5,19.15,1232509,Donchevell Nugent,NA,0,Maryland Eastern Shore,Maryland Eastern Shore,63,NA,Kadin Shedrick,Ben Vander Plas,Kihei Clark,Reece Beekman,Armaan Franklin,Ahamadou Fofana,Da'Shawn Phillip,Zion Styles,Nathaniel Pollard Jr.,Chace Davis
2022-23,2022-11-25,2475422,133,0,1,Virginia,Maryland Eastern Shore,Cavaliers,Hawks,4,4,40,20,20,1492,Maryland Eastern Shore,1234,34,12,Hawks with a turnover: Shot Clock Turnover,NA,FALSE,FALSE,NA,NA,NA,NA,NA,NA,0,Maryland Eastern Shore,Virginia,63,NA,Kadin Shedrick,Ben Vander Plas,Kihei Clark,Reece Beekman,Armaan Franklin,Ahamadou Fofana,Da'Shawn Phillip,Zion Styles,Nathaniel Pollard Jr.,Chace Davis
2022-23,2022-11-25,2475422,134,0,1,Virginia,Maryland Eastern Shore,Cavaliers,Hawks,4,4,40,20,20,1492,Maryland Eastern Shore,1213,13,21,Personal foul committed by Kohen Thompson.,NA,FALSE,FALSE,NA,NA,NA,NA,NA,NA,0,Virginia,Virginia,64,NA,Kadin Shedrick,Ben Vander Plas,Kihei Clark,Reece Beekman,Armaan Franklin,Ahamadou Fofana,Da'Shawn Phillip,Zion Styles,Nathaniel Pollard Jr.,Chace Davis
2022-23,2022-11-25,2475422,135,0,1,Virginia,Maryland Eastern Shore,Cavaliers,Hawks,4,4,40,20,20,1677,Virginia,1213,13,0,Ben Vander Plas misses free throw 1 of 1.,missed,TRUE,FALSE,NA,NA,NA,NA,NA,NA,0,Virginia,Virginia,64,NA,Kadin Shedrick,Ben Vander Plas,Kihei Clark,Reece Beekman,Armaan Franklin,Ahamadou Fofana,Da'Shawn Phillip,Zion Styles,Nathaniel Pollard Jr.,Chace Davis
2022-23,2022-11-25,2475422,136,0,1,Virginia,Maryland Eastern Shore,Cavaliers,Hawks,4,4,40,20,20,1492,Maryland Eastern Shore,1213,13,0,Kohen Thompson with a defensive rebound.,NA,FALSE,FALSE,NA,NA,NA,NA,NA,NA,0,Virginia,Maryland Eastern Shore,64,NA,Kadin Shedrick,Ben Vander Plas,Kihei Clark,Reece Beekman,Armaan Franklin,Ahamadou Fofana,Da'Shawn Phillip,Zion Styles,Nathaniel Pollard Jr.,Chace Davis
2022-23,2022-11-25,2475422,137,0,1,Virginia,Maryland Eastern Shore,Cavaliers,Hawks,4,4,40,22,18,1492,Maryland Eastern Shore,1207,7,6,Da'Shawn Phillip makes a jump shot from 15 feet out.,made,FALSE,FALSE,Jump Shot,26.6,20.25,1176553,Da'Shawn Phillip,NA,0,Maryland Eastern Shore,Virginia,65,NA,Kadin Shedrick,Ben Vander Plas,Kihei Clark,Reece Beekman,Armaan Franklin,Ahamadou Fofana,Da'Shawn Phillip,Zion Styles,Nathaniel Pollard Jr.,Chace Davis
2022-23,2022-11-25,2475422,138,0,1,Virginia,Maryland Eastern Shore,Cavaliers,Hawks,4,4,40,22,18,NA,NA,1200,0,7,End of the 1st Half,NA,FALSE,FALSE,NA,NA,NA,NA,NA,NA,0,NA,NA,NA,NA,Kadin Shedrick,Ben Vander Plas,Kihei Clark,Reece Beekman,Armaan Franklin,Ahamadou Fofana,Da'Shawn Phillip,Zion Styles,Nathaniel Pollard Jr.,Chace Davis
2022-23,2022-11-25,2475422,139,0,2,Virginia,Maryland Eastern Shore,Cavaliers,Hawks,4,4,40,22,18,NA,NA,1200,1200,0,Start of the 2nd Half,NA,FALSE,FALSE,NA,NA,NA,NA,NA,NA,0,NA,Maryland Eastern Shore,66,NA,Kadin Shedrick,Ben Vander Plas,Kihei Clark,Reece Beekman,Armaan Franklin,Ahamadou Fofana,Da'Shawn Phillip,Zion Styles,Nathaniel Pollard Jr.,Chace Davis
2022-23,2022-11-25,2475422,140,0,2,Virginia,Maryland Eastern Shore,Cavaliers,Hawks,4,4,40,25,15,1492,Maryland Eastern Shore,1181,1181,19,Zion Styles makes a 3-point jump shot from 23 feet out. Chace Davis with the assist.,made,FALSE,TRUE,Jump Shot,8.8,20.95,1232518,Zion Styles,Chace Davis,0,Maryland Eastern Shore,Virginia,67,NA,Kadin Shedrick,Ben Vander Plas,Kihei Clark,Reece Beekman,Armaan Franklin,Ahamadou Fofana,Da'Shawn Phillip,Zion Styles,Nathaniel Pollard Jr.,Chace Davis
2022-23,2022-11-25,2475422,141,0,2,Virginia,Maryland Eastern Shore,Cavaliers,Hawks,4,4,40,25,15,1492,Maryland Eastern Shore,1152,1152,29,Shooting foul committed by Zion Styles.,NA,FALSE,FALSE,NA,NA,NA,NA,NA,NA,0,Virginia,Virginia,68,NA,Kadin Shedrick,Ben Vander Plas,Kihei Clark,Reece Beekman,Armaan Franklin,Ahamadou Fofana,Da'Shawn Phillip,Zion Styles,Nathaniel Pollard Jr.,Chace Davis
2022-23,2022-11-25,2475422,142,0,2,Virginia,Maryland Eastern Shore,Cavaliers,Hawks,4,4,41,25,16,1677,Virginia,1152,1152,0,Jayden Gardner makes free throw 1 of 2.,made,TRUE,FALSE,NA,NA,NA,NA,NA,NA,0,Virginia,Virginia,68,NA,Kadin Shedrick,Ben Vander Plas,Kihei Clark,Reece Beekman,Armaan Franklin,Ahamadou Fofana,Da'Shawn Phillip,Zion Styles,Nathaniel Pollard Jr.,Chace Davis
2022-23,2022-11-25,2475422,143,0,2,Virginia,Maryland Eastern Shore,Cavaliers,Hawks,4,4,41,25,16,1677,Virginia,1152,1152,0,Jayden Gardner misses free throw 2 of 2.,missed,TRUE,FALSE,NA,NA,NA,NA,NA,NA,0,Virginia,Virginia,68,NA,Kadin Shedrick,Ben Vander Plas,Kihei Clark,Reece Beekman,Armaan Franklin,Ahamadou Fofana,Da'Shawn Phillip,Zion Styles,Nathaniel Pollard Jr.,Chace Davis
2022-23,2022-11-25,2475422,144,0,2,Virginia,Maryland Eastern Shore,Cavaliers,Hawks,4,4,41,25,16,1492,Maryland Eastern Shore,1152,1152,0,Nathaniel Pollard Jr. with a defensive rebound.,NA,FALSE,FALSE,NA,NA,NA,NA,NA,NA,0,Virginia,Maryland Eastern Shore,68,NA,Kadin Shedrick,Ben Vander Plas,Kihei Clark,Reece Beekman,Armaan Franklin,Ahamadou Fofana,Da'Shawn Phillip,Zion Styles,Nathaniel Pollard Jr.,Chace Davis
2022-23,2022-11-25,2475422,145,0,2,Virginia,Maryland Eastern Shore,Cavaliers,Hawks,4,4,41,25,16,1492,Maryland Eastern Shore,1126,1126,26,Ahamadou Fofana misses a 3-point jump shot from 24 feet out.,missed,FALSE,TRUE,Jump Shot,13,26.05,1241423,Ahamadou Fofana,NA,0,Maryland Eastern Shore,Maryland Eastern Shore,69,NA,Kadin Shedrick,Ben Vander Plas,Kihei Clark,Reece Beekman,Armaan Franklin,Ahamadou Fofana,Da'Shawn Phillip,Zion Styles,Nathaniel Pollard Jr.,Chace Davis
2022-23,2022-11-25,2475422,146,0,2,Virginia,Maryland Eastern Shore,Cavaliers,Hawks,4,4,41,25,16,1492,Maryland Eastern Shore,1126,1126,0,Zion Styles with an offensive rebound.,NA,FALSE,FALSE,NA,NA,NA,NA,NA,NA,0,Maryland Eastern Shore,Maryland Eastern Shore,69,NA,Kadin Shedrick,Ben Vander Plas,Kihei Clark,Reece Beekman,Armaan Franklin,Ahamadou Fofana,Da'Shawn Phillip,Zion Styles,Nathaniel Pollard Jr.,Chace Davis
2022-23,2022-11-25,2475422,147,0,2,Virginia,Maryland Eastern Shore,Cavaliers,Hawks,4,4,41,25,16,1492,Maryland Eastern Shore,1111,1111,15,Kadin Shedrick blocks a Da'Shawn Phillip dunk.,missed,FALSE,FALSE,Dunk Shot,26,6.25,1176553,Da'Shawn Phillip,NA,0,Maryland Eastern Shore,Maryland Eastern Shore,69,NA,Kadin Shedrick,Ben Vander Plas,Kihei Clark,Reece Beekman,Armaan Franklin,Ahamadou Fofana,Da'Shawn Phillip,Zion Styles,Nathaniel Pollard Jr.,Chace Davis
2022-23,2022-11-25,2475422,148,0,2,Virginia,Maryland Eastern Shore,Cavaliers,Hawks,4,4,41,25,16,1677,Virginia,1111,1111,0,Kihei Clark with a defensive rebound.,NA,FALSE,FALSE,NA,NA,NA,NA,NA,NA,0,Maryland Eastern Shore,Virginia,69,NA,Kadin Shedrick,Ben Vander Plas,Kihei Clark,Reece Beekman,Armaan Franklin,Ahamadou Fofana,Da'Shawn Phillip,Zion Styles,Nathaniel Pollard Jr.,Chace Davis
2022-23,2022-11-25,2475422,149,0,2,Virginia,Maryland Eastern Shore,Cavaliers,Hawks,4,4,41,25,16,1492,Maryland Eastern Shore,1095,1095,16,Shooting foul committed by Nathaniel Pollard Jr..,NA,FALSE,FALSE,NA,NA,NA,NA,NA,NA,0,Virginia,Virginia,70,NA,Kadin Shedrick,Ben Vander Plas,Kihei Clark,Reece Beekman,Armaan Franklin,Ahamadou Fofana,Da'Shawn Phillip,Zion Styles,Nathaniel Pollard Jr.,Chace Davis
2022-23,2022-11-25,2475422,150,0,2,Virginia,Maryland Eastern Shore,Cavaliers,Hawks,4,4,42,25,17,1677,Virginia,1095,1095,0,Jayden Gardner makes free throw 1 of 2.,made,TRUE,FALSE,NA,NA,NA,NA,NA,NA,0,Virginia,Virginia,70,NA,Kadin Shedrick,Ben Vander Plas,Kihei Clark,Reece Beekman,Armaan Franklin,Ahamadou Fofana,Da'Shawn Phillip,Zion Styles,Nathaniel Pollard Jr.,Chace Davis
2022-23,2022-11-25,2475422,151,0,2,Virginia,Maryland Eastern Shore,Cavaliers,Hawks,4,4,42,25,17,1677,Virginia,1095,1095,0,Jayden Gardner misses free throw 2 of 2.,missed,TRUE,FALSE,NA,NA,NA,NA,NA,NA,0,Virginia,Virginia,70,NA,Kadin Shedrick,Ben Vander Plas,Kihei Clark,Reece Beekman,Armaan Franklin,Ahamadou Fofana,Da'Shawn Phillip,Zion Styles,Nathaniel Pollard Jr.,Chace Davis
2022-23,2022-11-25,2475422,152,0,2,Virginia,Maryland Eastern Shore,Cavaliers,Hawks,4,4,42,25,17,1492,Maryland Eastern Shore,1095,1095,0,Da'Shawn Phillip with a defensive rebound.,NA,FALSE,FALSE,NA,NA,NA,NA,NA,NA,0,Virginia,Maryland Eastern Shore,70,NA,Kadin Shedrick,Ben Vander Plas,Kihei Clark,Reece Beekman,Armaan Franklin,Ahamadou Fofana,Da'Shawn Phillip,Zion Styles,Nathaniel Pollard Jr.,Chace Davis
2022-23,2022-11-25,2475422,153,0,2,Virginia,Maryland Eastern Shore,Cavaliers,Hawks,4,4,42,25,17,1492,Maryland Eastern Shore,1082,1082,13,Kihei Clark steals the ball from Zion Styles.,NA,FALSE,FALSE,NA,NA,NA,NA,NA,NA,0,Maryland Eastern Shore,Virginia,71,NA,Kadin Shedrick,Ben Vander Plas,Kihei Clark,Reece Beekman,Armaan Franklin,Ahamadou Fofana,Da'Shawn Phillip,Zion Styles,Nathaniel Pollard Jr.,Chace Davis
2022-23,2022-11-25,2475422,154,0,2,Virginia,Maryland Eastern Shore,Cavaliers,Hawks,4,4,42,25,17,1492,Maryland Eastern Shore,1080,1080,2,Shooting foul committed by Chace Davis.,NA,FALSE,FALSE,NA,NA,NA,NA,NA,NA,0,Virginia,Virginia,72,NA,Kadin Shedrick,Ben Vander Plas,Kihei Clark,Reece Beekman,Armaan Franklin,Ahamadou Fofana,Da'Shawn Phillip,Zion Styles,Nathaniel Pollard Jr.,Chace Davis
2022-23,2022-11-25,2475422,155,0,2,Virginia,Maryland Eastern Shore,Cavaliers,Hawks,4,4,43,25,18,1677,Virginia,1080,1080,0,Kihei Clark makes free throw 1 of 2.,made,TRUE,FALSE,NA,NA,NA,NA,NA,NA,0,Virginia,Virginia,72,NA,Kadin Shedrick,Ben Vander Plas,Kihei Clark,Reece Beekman,Armaan Franklin,Ahamadou Fofana,Da'Shawn Phillip,Zion Styles,Nathaniel Pollard Jr.,Chace Davis
2022-23,2022-11-25,2475422,156,0,2,Virginia,Maryland Eastern Shore,Cavaliers,Hawks,4,4,44,25,19,1677,Virginia,1080,1080,0,Kihei Clark makes free throw 2 of 2.,made,TRUE,FALSE,NA,NA,NA,NA,NA,NA,0,Virginia,Maryland Eastern Shore,72,NA,Kadin Shedrick,Ben Vander Plas,Kihei Clark,Reece Beekman,Armaan Franklin,Ahamadou Fofana,Da'Shawn Phillip,Zion Styles,Nathaniel Pollard Jr.,Chace Davis
2022-23,2022-11-25,2475422,157,0,2,Virginia,Maryland Eastern Shore,Cavaliers,Hawks,4,4,44,27,17,1492,Maryland Eastern Shore,1073,1073,7,Ahamadou Fofana makes a jump shot from 17 feet out.,made,FALSE,FALSE,Jump Shot,24.9,21.95,1241423,Ahamadou Fofana,NA,0,Maryland Eastern Shore,Virginia,73,NA,Kadin Shedrick,Ben Vander Plas,Kihei Clark,Reece Beekman,Armaan Franklin,Ahamadou Fofana,Da'Shawn Phillip,Zion Styles,Nathaniel Pollard Jr.,Chace Davis
2022-23,2022-11-25,2475422,158,0,2,Virginia,Maryland Eastern Shore,Cavaliers,Hawks,4,4,46,27,19,1677,Virginia,1047,1047,26,Reece Beekman makes a jump shot from 16 feet out. Kihei Clark with the assist.,made,FALSE,FALSE,Jump Shot,38.7,13.849999999999994,1230369,Reece Beekman,Kihei Clark,0,Virginia,Maryland Eastern Shore,74,NA,Kadin Shedrick,Ben Vander Plas,Kihei Clark,Reece Beekman,Armaan Franklin,Ahamadou Fofana,Da'Shawn Phillip,Zion Styles,Nathaniel Pollard Jr.,Chace Davis
2022-23,2022-11-25,2475422,159,0,2,Virginia,Maryland Eastern Shore,Cavaliers,Hawks,4,4,46,27,19,1492,Maryland Eastern Shore,1028,1028,19,Kadin Shedrick steals the ball from Ahamadou Fofana.,NA,FALSE,FALSE,NA,NA,NA,NA,NA,NA,0,Maryland Eastern Shore,Virginia,75,NA,Kadin Shedrick,Ben Vander Plas,Kihei Clark,Reece Beekman,Armaan Franklin,Ahamadou Fofana,Da'Shawn Phillip,Zion Styles,Nathaniel Pollard Jr.,Chace Davis
2022-23,2022-11-25,2475422,160,0,2,Virginia,Maryland Eastern Shore,Cavaliers,Hawks,4,4,48,27,21,1677,Virginia,1023,1023,5,Armaan Franklin makes a layup from 3 feet out. Reece Beekman with the assist.,made,FALSE,FALSE,Layup Shot,25.3,8.349999999999994,1187568,Armaan Franklin,Reece Beekman,0,Virginia,Maryland Eastern Shore,76,NA,Kadin Shedrick,Ben Vander Plas,Kihei Clark,Reece Beekman,Armaan Franklin,Ahamadou Fofana,Da'Shawn Phillip,Zion Styles,Nathaniel Pollard Jr.,Chace Davis
2022-23,2022-11-25,2475422,161,0,2,Virginia,Maryland Eastern Shore,Cavaliers,Hawks,4,4,48,30,18,1492,Maryland Eastern Shore,1013,1013,10,Kohen Thompson makes a 3-point jump shot from 23 feet out. Da'Shawn Phillip with the assist.,made,FALSE,TRUE,Jump Shot,9.3,22.65,1345174,Kohen Thompson,Da'Shawn Phillip,0,Maryland Eastern Shore,Virginia,77,NA,Kadin Shedrick,Ben Vander Plas,Kihei Clark,Reece Beekman,Armaan Franklin,Ahamadou Fofana,Da'Shawn Phillip,Zion Styles,Nathaniel Pollard Jr.,Chace Davis
2022-23,2022-11-25,2475422,162,0,2,Virginia,Maryland Eastern Shore,Cavaliers,Hawks,4,4,50,30,20,1677,Virginia,1000,1000,13,Kadin Shedrick dunks. Kihei Clark with the assist.,made,FALSE,FALSE,Dunk Shot,26,6.25,1175950,Kadin Shedrick,Kihei Clark,0,Virginia,Maryland Eastern Shore,78,NA,Kadin Shedrick,Ben Vander Plas,Kihei Clark,Reece Beekman,Armaan Franklin,Ahamadou Fofana,Da'Shawn Phillip,Zion Styles,Nathaniel Pollard Jr.,Chace Davis
2022-23,2022-11-25,2475422,163,0,2,Virginia,Maryland Eastern Shore,Cavaliers,Hawks,4,4,50,30,20,1492,Maryland Eastern Shore,965,965,35,Chace Davis misses a jump shot from 16 feet out.,missed,FALSE,FALSE,Jump Shot,11.8,14.85,1324445,Chace Davis,NA,0,Maryland Eastern Shore,Maryland Eastern Shore,79,NA,Kadin Shedrick,Ben Vander Plas,Kihei Clark,Reece Beekman,Armaan Franklin,Ahamadou Fofana,Da'Shawn Phillip,Zion Styles,Nathaniel Pollard Jr.,Chace Davis
2022-23,2022-11-25,2475422,164,0,2,Virginia,Maryland Eastern Shore,Cavaliers,Hawks,4,4,50,30,20,1677,Virginia,965,965,0,Armaan Franklin with a defensive rebound.,NA,FALSE,FALSE,NA,NA,NA,NA,NA,NA,0,Maryland Eastern Shore,Virginia,79,NA,Kadin Shedrick,Ben Vander Plas,Kihei Clark,Reece Beekman,Armaan Franklin,Ahamadou Fofana,Da'Shawn Phillip,Zion Styles,Nathaniel Pollard Jr.,Chace Davis
2022-23,2022-11-25,2475422,165,0,2,Virginia,Maryland Eastern Shore,Cavaliers,Hawks,4,4,52,30,22,1677,Virginia,948,948,17,Jayden Gardner makes a layup from 3 feet out. Kihei Clark with the assist.,made,FALSE,FALSE,Layup Shot,26.1,8.049999999999997,1132533,Jayden Gardner,Kihei Clark,0,Virginia,Maryland Eastern Shore,80,NA,Kadin Shedrick,Ben Vander Plas,Kihei Clark,Reece Beekman,Armaan Franklin,Ahamadou Fofana,Da'Shawn Phillip,Zion Styles,Nathaniel Pollard Jr.,Chace Davis
2022-23,2022-11-25,2475422,166,0,2,Virginia,Maryland Eastern Shore,Cavaliers,Hawks,4,4,52,30,22,1677,Virginia,909,909,39,Personal foul committed by Jayden Gardner.,NA,FALSE,FALSE,NA,NA,NA,NA,NA,NA,0,Maryland Eastern Shore,Maryland Eastern Shore,81,NA,Kadin Shedrick,Ben Vander Plas,Kihei Clark,Reece Beekman,Armaan Franklin,Ahamadou Fofana,Da'Shawn Phillip,Zion Styles,Nathaniel Pollard Jr.,Chace Davis
2022-23,2022-11-25,2475422,167,0,2,Virginia,Maryland Eastern Shore,Cavaliers,Hawks,4,4,52,30,22,NA,NA,909,909,0,Official TV timeout.,NA,FALSE,FALSE,NA,NA,NA,NA,NA,NA,0,NA,NA,NA,NA,Kadin Shedrick,Ben Vander Plas,Kihei Clark,Reece Beekman,Armaan Franklin,Ahamadou Fofana,Da'Shawn Phillip,Zion Styles,Nathaniel Pollard Jr.,Chace Davis
2022-23,2022-11-25,2475422,168,0,2,Virginia,Maryland Eastern Shore,Cavaliers,Hawks,4,4,52,30,22,1492,Maryland Eastern Shore,908,908,1,Donchevell Nugent misses a 3-point jump shot from 23 feet out.,missed,FALSE,TRUE,Jump Shot,45,16.25,1232509,Donchevell Nugent,NA,0,Maryland Eastern Shore,Maryland Eastern Shore,81,NA,Kadin Shedrick,Ben Vander Plas,Kihei Clark,Reece Beekman,Armaan Franklin,Ahamadou Fofana,Da'Shawn Phillip,Zion Styles,Nathaniel Pollard Jr.,Chace Davis
2022-23,2022-11-25,2475422,169,0,2,Virginia,Maryland Eastern Shore,Cavaliers,Hawks,4,4,52,30,22,1492,Maryland Eastern Shore,908,908,0,Da'Shawn Phillip with an offensive rebound.,NA,FALSE,FALSE,NA,NA,NA,NA,NA,NA,0,Maryland Eastern Shore,Maryland Eastern Shore,81,NA,Kadin Shedrick,Ben Vander Plas,Kihei Clark,Reece Beekman,Armaan Franklin,Ahamadou Fofana,Da'Shawn Phillip,Zion Styles,Nathaniel Pollard Jr.,Chace Davis
2022-23,2022-11-25,2475422,170,0,2,Virginia,Maryland Eastern Shore,Cavaliers,Hawks,4,4,52,32,20,1492,Maryland Eastern Shore,897,897,11,Da'Shawn Phillip makes a layup from 2 feet out.,made,FALSE,FALSE,Layup Shot,25.1,7.55,1176553,Da'Shawn Phillip,NA,0,Maryland Eastern Shore,Virginia,81,NA,Kadin Shedrick,Ben Vander Plas,Kihei Clark,Reece Beekman,Armaan Franklin,Ahamadou Fofana,Da'Shawn Phillip,Zion Styles,Nathaniel Pollard Jr.,Chace Davis
2022-23,2022-11-25,2475422,171,0,2,Virginia,Maryland Eastern Shore,Cavaliers,Hawks,4,4,52,32,20,1677,Virginia,878,878,19,Taine Murray misses a 3-point jump shot from 23 feet out.,missed,FALSE,TRUE,Jump Shot,9.600000000000001,22.150000000000006,1328285,Taine Murray,NA,0,Virginia,Virginia,82,NA,Kadin Shedrick,Ben Vander Plas,Kihei Clark,Reece Beekman,Armaan Franklin,Ahamadou Fofana,Da'Shawn Phillip,Zion Styles,Nathaniel Pollard Jr.,Chace Davis
2022-23,2022-11-25,2475422,172,0,2,Virginia,Maryland Eastern Shore,Cavaliers,Hawks,4,4,52,32,20,1492,Maryland Eastern Shore,878,878,0,Da'Shawn Phillip with a defensive rebound.,NA,FALSE,FALSE,NA,NA,NA,NA,NA,NA,0,Virginia,Maryland Eastern Shore,82,NA,Kadin Shedrick,Ben Vander Plas,Kihei Clark,Reece Beekman,Armaan Franklin,Ahamadou Fofana,Da'Shawn Phillip,Zion Styles,Nathaniel Pollard Jr.,Chace Davis
2022-23,2022-11-25,2475422,173,0,2,Virginia,Maryland Eastern Shore,Cavaliers,Hawks,4,4,52,32,20,1677,Virginia,878,878,0,Personal foul committed by Ben Vander Plas.,NA,FALSE,FALSE,NA,NA,NA,NA,NA,NA,0,Maryland Eastern Shore,Maryland Eastern Shore,83,NA,Kadin Shedrick,Ben Vander Plas,Kihei Clark,Reece Beekman,Armaan Franklin,Ahamadou Fofana,Da'Shawn Phillip,Zion Styles,Nathaniel Pollard Jr.,Chace Davis
2022-23,2022-11-25,2475422,174,0,2,Virginia,Maryland Eastern Shore,Cavaliers,Hawks,4,4,52,32,20,1677,Virginia,864,864,14,Shooting foul committed by Ben Vander Plas.,NA,FALSE,FALSE,NA,NA,NA,NA,NA,NA,0,Maryland Eastern Shore,Maryland Eastern Shore,83,NA,Kadin Shedrick,Ben Vander Plas,Kihei Clark,Reece Beekman,Armaan Franklin,Ahamadou Fofana,Da'Shawn Phillip,Zion Styles,Nathaniel Pollard Jr.,Chace Davis
2022-23,2022-11-25,2475422,175,0,2,Virginia,Maryland Eastern Shore,Cavaliers,Hawks,4,4,52,33,19,1492,Maryland Eastern Shore,864,864,0,Nathaniel Pollard Jr. makes free throw 1 of 2.,made,TRUE,FALSE,NA,NA,NA,NA,NA,NA,0,Maryland Eastern Shore,Maryland Eastern Shore,83,NA,Kadin Shedrick,Ben Vander Plas,Kihei Clark,Reece Beekman,Armaan Franklin,Ahamadou Fofana,Da'Shawn Phillip,Zion Styles,Nathaniel Pollard Jr.,Chace Davis
2022-23,2022-11-25,2475422,176,0,2,Virginia,Maryland Eastern Shore,Cavaliers,Hawks,4,4,52,34,18,1492,Maryland Eastern Shore,864,864,0,Nathaniel Pollard Jr. makes free throw 2 of 2.,made,TRUE,FALSE,NA,NA,NA,NA,NA,NA,0,Maryland Eastern Shore,Virginia,83,NA,Kadin Shedrick,Ben Vander Plas,Kihei Clark,Reece Beekman,Armaan Franklin,Ahamadou Fofana,Da'Shawn Phillip,Zion Styles,Nathaniel Pollard Jr.,Chace Davis
2022-23,2022-11-25,2475422,177,0,2,Virginia,Maryland Eastern Shore,Cavaliers,Hawks,4,4,52,34,18,1492,Maryland Eastern Shore,848,848,16,Personal foul committed by Kohen Thompson.,NA,FALSE,FALSE,NA,NA,NA,NA,NA,NA,0,Virginia,Virginia,84,NA,Kadin Shedrick,Ben Vander Plas,Kihei Clark,Reece Beekman,Armaan Franklin,Ahamadou Fofana,Da'Shawn Phillip,Zion Styles,Nathaniel Pollard Jr.,Chace Davis
2022-23,2022-11-25,2475422,178,0,2,Virginia,Maryland Eastern Shore,Cavaliers,Hawks,4,4,52,34,18,1677,Virginia,844,844,4,Kihei Clark with a turnover - Traveling,NA,FALSE,FALSE,NA,NA,NA,NA,NA,NA,0,Virginia,Maryland Eastern Shore,84,NA,Kadin Shedrick,Ben Vander Plas,Kihei Clark,Reece Beekman,Armaan Franklin,Ahamadou Fofana,Da'Shawn Phillip,Zion Styles,Nathaniel Pollard Jr.,Chace Davis
2022-23,2022-11-25,2475422,179,0,2,Virginia,Maryland Eastern Shore,Cavaliers,Hawks,4,4,52,34,18,1492,Maryland Eastern Shore,828,828,16,Ahamadou Fofana misses a jump shot from 19 feet out.,missed,FALSE,FALSE,Jump Shot,40.7,15.15,1241423,Ahamadou Fofana,NA,0,Maryland Eastern Shore,Maryland Eastern Shore,85,NA,Kadin Shedrick,Ben Vander Plas,Kihei Clark,Reece Beekman,Armaan Franklin,Ahamadou Fofana,Da'Shawn Phillip,Zion Styles,Nathaniel Pollard Jr.,Chace Davis
2022-23,2022-11-25,2475422,180,0,2,Virginia,Maryland Eastern Shore,Cavaliers,Hawks,4,4,52,34,18,1492,Maryland Eastern Shore,828,828,0,Nathaniel Pollard Jr. with an offensive rebound.,NA,FALSE,FALSE,NA,NA,NA,NA,NA,NA,0,Maryland Eastern Shore,Maryland Eastern Shore,85,NA,Kadin Shedrick,Ben Vander Plas,Kihei Clark,Reece Beekman,Armaan Franklin,Ahamadou Fofana,Da'Shawn Phillip,Zion Styles,Nathaniel Pollard Jr.,Chace Davis
2022-23,2022-11-25,2475422,181,0,2,Virginia,Maryland Eastern Shore,Cavaliers,Hawks,4,4,52,34,18,1492,Maryland Eastern Shore,819,819,9,Nathaniel Pollard Jr. misses a layup from 3 feet out.,missed,FALSE,FALSE,Layup Shot,25.1,8.25,1232510,Nathaniel Pollard Jr.,NA,0,Maryland Eastern Shore,Maryland Eastern Shore,85,NA,Kadin Shedrick,Ben Vander Plas,Kihei Clark,Reece Beekman,Armaan Franklin,Ahamadou Fofana,Da'Shawn Phillip,Zion Styles,Nathaniel Pollard Jr.,Chace Davis
2022-23,2022-11-25,2475422,182,0,2,Virginia,Maryland Eastern Shore,Cavaliers,Hawks,4,4,52,34,18,1677,Virginia,819,819,0,Kihei Clark with a defensive rebound.,NA,FALSE,FALSE,NA,NA,NA,NA,NA,NA,0,Maryland Eastern Shore,Virginia,85,NA,Kadin Shedrick,Ben Vander Plas,Kihei Clark,Reece Beekman,Armaan Franklin,Ahamadou Fofana,Da'Shawn Phillip,Zion Styles,Nathaniel Pollard Jr.,Chace Davis
2022-23,2022-11-25,2475422,183,0,2,Virginia,Maryland Eastern Shore,Cavaliers,Hawks,4,4,54,34,20,1677,Virginia,811,811,8,Jayden Gardner makes a layup from 4 feet out. Kihei Clark with the assist.,made,FALSE,FALSE,Layup Shot,24.6,9.450000000000003,1132533,Jayden Gardner,Kihei Clark,0,Virginia,Maryland Eastern Shore,86,NA,Kadin Shedrick,Ben Vander Plas,Kihei Clark,Reece Beekman,Armaan Franklin,Ahamadou Fofana,Da'Shawn Phillip,Zion Styles,Nathaniel Pollard Jr.,Chace Davis
2022-23,2022-11-25,2475422,184,0,2,Virginia,Maryland Eastern Shore,Cavaliers,Hawks,4,4,54,34,20,1492,Maryland Eastern Shore,799,799,12,Kadin Shedrick steals the ball from Ahamadou Fofana.,NA,FALSE,FALSE,NA,NA,NA,NA,NA,NA,0,Maryland Eastern Shore,Virginia,87,NA,Kadin Shedrick,Ben Vander Plas,Kihei Clark,Reece Beekman,Armaan Franklin,Ahamadou Fofana,Da'Shawn Phillip,Zion Styles,Nathaniel Pollard Jr.,Chace Davis
2022-23,2022-11-25,2475422,185,0,2,Virginia,Maryland Eastern Shore,Cavaliers,Hawks,4,4,56,34,22,1677,Virginia,794,794,5,Kadin Shedrick makes a jump shot from 14 feet out.,made,FALSE,FALSE,Jump Shot,25.8,19.450000000000003,1175950,Kadin Shedrick,NA,0,Virginia,Maryland Eastern Shore,88,NA,Kadin Shedrick,Ben Vander Plas,Kihei Clark,Reece Beekman,Armaan Franklin,Ahamadou Fofana,Da'Shawn Phillip,Zion Styles,Nathaniel Pollard Jr.,Chace Davis
2022-23,2022-11-25,2475422,186,0,2,Virginia,Maryland Eastern Shore,Cavaliers,Hawks,4,4,56,34,22,1492,Maryland Eastern Shore,762,762,32,Da'Shawn Phillip misses a 3-point jump shot from 22 feet out.,missed,FALSE,TRUE,Jump Shot,42.3,19.65,1176553,Da'Shawn Phillip,NA,0,Maryland Eastern Shore,Maryland Eastern Shore,89,NA,Kadin Shedrick,Ben Vander Plas,Kihei Clark,Reece Beekman,Armaan Franklin,Ahamadou Fofana,Da'Shawn Phillip,Zion Styles,Nathaniel Pollard Jr.,Chace Davis
2022-23,2022-11-25,2475422,187,0,2,Virginia,Maryland Eastern Shore,Cavaliers,Hawks,4,4,56,34,22,1677,Virginia,762,762,0,Taine Murray with a defensive rebound.,NA,FALSE,FALSE,NA,NA,NA,NA,NA,NA,0,Maryland Eastern Shore,Virginia,89,NA,Kadin Shedrick,Ben Vander Plas,Kihei Clark,Reece Beekman,Armaan Franklin,Ahamadou Fofana,Da'Shawn Phillip,Zion Styles,Nathaniel Pollard Jr.,Chace Davis
2022-23,2022-11-25,2475422,188,0,2,Virginia,Maryland Eastern Shore,Cavaliers,Hawks,4,4,56,34,22,1677,Virginia,751,751,11,Taine Murray misses a 3-point jump shot from 24 feet out.,missed,FALSE,TRUE,Jump Shot,26.1,29.450000000000003,1328285,Taine Murray,NA,0,Virginia,Virginia,90,NA,Kadin Shedrick,Ben Vander Plas,Kihei Clark,Reece Beekman,Armaan Franklin,Ahamadou Fofana,Da'Shawn Phillip,Zion Styles,Nathaniel Pollard Jr.,Chace Davis
2022-23,2022-11-25,2475422,189,0,2,Virginia,Maryland Eastern Shore,Cavaliers,Hawks,4,4,56,34,22,1677,Virginia,751,751,0,Kadin Shedrick with an offensive rebound.,NA,FALSE,FALSE,NA,NA,NA,NA,NA,NA,0,Virginia,Virginia,90,NA,Kadin Shedrick,Ben Vander Plas,Kihei Clark,Reece Beekman,Armaan Franklin,Ahamadou Fofana,Da'Shawn Phillip,Zion Styles,Nathaniel Pollard Jr.,Chace Davis
2022-23,2022-11-25,2475422,190,0,2,Virginia,Maryland Eastern Shore,Cavaliers,Hawks,4,4,58,34,24,1677,Virginia,728,728,23,Jayden Gardner makes a layup from 3 feet out. Kadin Shedrick with the assist.,made,FALSE,FALSE,Layup Shot,25.4,8.25,1132533,Jayden Gardner,Kadin Shedrick,0,Virginia,Maryland Eastern Shore,90,NA,Kadin Shedrick,Ben Vander Plas,Kihei Clark,Reece Beekman,Armaan Franklin,Ahamadou Fofana,Da'Shawn Phillip,Zion Styles,Nathaniel Pollard Jr.,Chace Davis
2022-23,2022-11-25,2475422,191,0,2,Virginia,Maryland Eastern Shore,Cavaliers,Hawks,4,4,58,34,24,1492,Maryland Eastern Shore,720,720,8,Zion Styles misses a jump shot from 16 feet out.,missed,FALSE,FALSE,Jump Shot,12.8,15.05,1232518,Zion Styles,NA,0,Maryland Eastern Shore,Maryland Eastern Shore,91,NA,Kadin Shedrick,Ben Vander Plas,Kihei Clark,Reece Beekman,Armaan Franklin,Ahamadou Fofana,Da'Shawn Phillip,Zion Styles,Nathaniel Pollard Jr.,Chace Davis
2022-23,2022-11-25,2475422,192,0,2,Virginia,Maryland Eastern Shore,Cavaliers,Hawks,4,4,58,34,24,1492,Maryland Eastern Shore,720,720,0,Nathaniel Pollard Jr. with an offensive rebound.,NA,FALSE,FALSE,NA,NA,NA,NA,NA,NA,0,Maryland Eastern Shore,Maryland Eastern Shore,91,NA,Kadin Shedrick,Ben Vander Plas,Kihei Clark,Reece Beekman,Armaan Franklin,Ahamadou Fofana,Da'Shawn Phillip,Zion Styles,Nathaniel Pollard Jr.,Chace Davis
2022-23,2022-11-25,2475422,193,0,2,Virginia,Maryland Eastern Shore,Cavaliers,Hawks,4,4,58,36,22,1492,Maryland Eastern Shore,720,720,0,Nathaniel Pollard Jr. makes a layup from 3 feet out. Da'Shawn Phillip with the assist.,made,FALSE,FALSE,Layup Shot,24.1,8.05,1232510,Nathaniel Pollard Jr.,Da'Shawn Phillip,0,Maryland Eastern Shore,Virginia,91,NA,Kadin Shedrick,Ben Vander Plas,Kihei Clark,Reece Beekman,Armaan Franklin,Ahamadou Fofana,Da'Shawn Phillip,Zion Styles,Nathaniel Pollard Jr.,Chace Davis
2022-23,2022-11-25,2475422,194,0,2,Virginia,Maryland Eastern Shore,Cavaliers,Hawks,4,4,58,36,22,NA,NA,717,717,3,Official TV timeout.,NA,FALSE,FALSE,NA,NA,NA,NA,NA,NA,0,NA,NA,NA,NA,Kadin Shedrick,Ben Vander Plas,Kihei Clark,Reece Beekman,Armaan Franklin,Ahamadou Fofana,Da'Shawn Phillip,Zion Styles,Nathaniel Pollard Jr.,Chace Davis
2022-23,2022-11-25,2475422,195,0,2,Virginia,Maryland Eastern Shore,Cavaliers,Hawks,4,4,58,36,22,1677,Virginia,698,698,19,Armaan Franklin misses a 3-point jump shot from 24 feet out.,missed,FALSE,TRUE,Jump Shot,15.100000000000001,27.450000000000003,1187568,Armaan Franklin,NA,0,Virginia,Maryland Eastern Shore,92,NA,Kadin Shedrick,Ben Vander Plas,Kihei Clark,Reece Beekman,Armaan Franklin,Ahamadou Fofana,Da'Shawn Phillip,Zion Styles,Nathaniel Pollard Jr.,Chace Davis
2022-23,2022-11-25,2475422,197,0,2,Virginia,Maryland Eastern Shore,Cavaliers,Hawks,4,4,58,36,22,1492,Maryland Eastern Shore,677,677,21,Chace Davis misses a 3-point jump shot from 24 feet out.,missed,FALSE,TRUE,Jump Shot,15.9,26.95,1324445,Chace Davis,NA,0,Maryland Eastern Shore,Maryland Eastern Shore,93,NA,Kadin Shedrick,Ben Vander Plas,Kihei Clark,Reece Beekman,Armaan Franklin,Ahamadou Fofana,Da'Shawn Phillip,Zion Styles,Nathaniel Pollard Jr.,Chace Davis
2022-23,2022-11-25,2475422,198,0,2,Virginia,Maryland Eastern Shore,Cavaliers,Hawks,4,4,58,36,22,1677,Virginia,677,677,0,Taine Murray with a defensive rebound.,NA,FALSE,FALSE,NA,NA,NA,NA,NA,NA,0,Maryland Eastern Shore,Virginia,93,NA,Kadin Shedrick,Ben Vander Plas,Kihei Clark,Reece Beekman,Armaan Franklin,Ahamadou Fofana,Da'Shawn Phillip,Zion Styles,Nathaniel Pollard Jr.,Chace Davis
2022-23,2022-11-25,2475422,199,0,2,Virginia,Maryland Eastern Shore,Cavaliers,Hawks,4,4,58,36,22,1677,Virginia,655,655,22,Ryan Dunn misses a jump shot from 16 feet out.,missed,FALSE,FALSE,Jump Shot,40.6,8.049999999999997,1406029,Ryan Dunn,NA,0,Virginia,Virginia,94,NA,Kadin Shedrick,Ben Vander Plas,Kihei Clark,Reece Beekman,Armaan Franklin,Ahamadou Fofana,Da'Shawn Phillip,Zion Styles,Nathaniel Pollard Jr.,Chace Davis
2022-23,2022-11-25,2475422,200,0,2,Virginia,Maryland Eastern Shore,Cavaliers,Hawks,4,4,58,36,22,1492,Maryland Eastern Shore,655,655,0,Nathaniel Pollard Jr. with a defensive rebound.,NA,FALSE,FALSE,NA,NA,NA,NA,NA,NA,0,Virginia,Maryland Eastern Shore,94,NA,Kadin Shedrick,Ben Vander Plas,Kihei Clark,Reece Beekman,Armaan Franklin,Ahamadou Fofana,Da'Shawn Phillip,Zion Styles,Nathaniel Pollard Jr.,Chace Davis
2022-23,2022-11-25,2475422,201,0,2,Virginia,Maryland Eastern Shore,Cavaliers,Hawks,4,4,58,36,22,1492,Maryland Eastern Shore,641,641,14,Zion Styles misses a jump shot from 18 feet out.,missed,FALSE,FALSE,Jump Shot,25.3,23.15,1232518,Zion Styles,NA,0,Maryland Eastern Shore,Maryland Eastern Shore,95,NA,Kadin Shedrick,Ben Vander Plas,Kihei Clark,Reece Beekman,Armaan Franklin,Ahamadou Fofana,Da'Shawn Phillip,Zion Styles,Nathaniel Pollard Jr.,Chace Davis
2022-23,2022-11-25,2475422,202,0,2,Virginia,Maryland Eastern Shore,Cavaliers,Hawks,4,4,58,36,22,1677,Virginia,641,641,0,Reece Beekman with a defensive rebound.,NA,FALSE,FALSE,NA,NA,NA,NA,NA,NA,0,Maryland Eastern Shore,Virginia,95,NA,Kadin Shedrick,Ben Vander Plas,Kihei Clark,Reece Beekman,Armaan Franklin,Ahamadou Fofana,Da'Shawn Phillip,Zion Styles,Nathaniel Pollard Jr.,Chace Davis
2022-23,2022-11-25,2475422,203,0,2,Virginia,Maryland Eastern Shore,Cavaliers,Hawks,4,4,58,36,22,1677,Virginia,624,624,17,Reece Beekman misses a layup from 3 feet out.,missed,FALSE,FALSE,Layup Shot,24.9,8.75,1230369,Reece Beekman,NA,0,Virginia,Virginia,96,NA,Kadin Shedrick,Ben Vander Plas,Kihei Clark,Reece Beekman,Armaan Franklin,Ahamadou Fofana,Da'Shawn Phillip,Zion Styles,Nathaniel Pollard Jr.,Chace Davis
2022-23,2022-11-25,2475422,204,0,2,Virginia,Maryland Eastern Shore,Cavaliers,Hawks,4,4,58,36,22,1492,Maryland Eastern Shore,624,624,0,Donchevell Nugent with a defensive rebound.,NA,FALSE,FALSE,NA,NA,NA,NA,NA,NA,0,Virginia,Maryland Eastern Shore,96,NA,Kadin Shedrick,Ben Vander Plas,Kihei Clark,Reece Beekman,Armaan Franklin,Ahamadou Fofana,Da'Shawn Phillip,Zion Styles,Nathaniel Pollard Jr.,Chace Davis
2022-23,2022-11-25,2475422,205,0,2,Virginia,Maryland Eastern Shore,Cavaliers,Hawks,4,4,58,36,22,1677,Virginia,611,611,13,Personal foul committed by Taine Murray.,NA,FALSE,FALSE,NA,NA,NA,NA,NA,NA,0,Maryland Eastern Shore,Maryland Eastern Shore,97,NA,Kadin Shedrick,Ben Vander Plas,Kihei Clark,Reece Beekman,Armaan Franklin,Ahamadou Fofana,Da'Shawn Phillip,Zion Styles,Nathaniel Pollard Jr.,Chace Davis
2022-23,2022-11-25,2475422,206,0,2,Virginia,Maryland Eastern Shore,Cavaliers,Hawks,4,4,58,38,20,1492,Maryland Eastern Shore,610,610,1,Chace Davis makes a layup from 4 feet out. Kohen Thompson with the assist.,made,FALSE,FALSE,Layup Shot,25.6,9.25,1324445,Chace Davis,Kohen Thompson,0,Maryland Eastern Shore,Virginia,97,NA,Kadin Shedrick,Ben Vander Plas,Kihei Clark,Reece Beekman,Armaan Franklin,Ahamadou Fofana,Da'Shawn Phillip,Zion Styles,Nathaniel Pollard Jr.,Chace Davis
2022-23,2022-11-25,2475422,207,0,2,Virginia,Maryland Eastern Shore,Cavaliers,Hawks,4,4,58,38,20,1677,Virginia,590,590,20,Taine Murray misses a 3-point jump shot from 24 feet out.,missed,FALSE,TRUE,Jump Shot,4.700000000000003,17.75,1328285,Taine Murray,NA,0,Virginia,Virginia,98,NA,Kadin Shedrick,Ben Vander Plas,Kihei Clark,Reece Beekman,Armaan Franklin,Ahamadou Fofana,Da'Shawn Phillip,Zion Styles,Nathaniel Pollard Jr.,Chace Davis
2022-23,2022-11-25,2475422,208,0,2,Virginia,Maryland Eastern Shore,Cavaliers,Hawks,4,4,58,38,20,1492,Maryland Eastern Shore,590,590,0,Donchevell Nugent with a defensive rebound.,NA,FALSE,FALSE,NA,NA,NA,NA,NA,NA,0,Virginia,Maryland Eastern Shore,98,NA,Kadin Shedrick,Ben Vander Plas,Kihei Clark,Reece Beekman,Armaan Franklin,Ahamadou Fofana,Da'Shawn Phillip,Zion Styles,Nathaniel Pollard Jr.,Chace Davis
2022-23,2022-11-25,2475422,209,0,2,Virginia,Maryland Eastern Shore,Cavaliers,Hawks,4,4,58,38,20,1492,Maryland Eastern Shore,580,580,10,Nathaniel Pollard Jr. misses a layup from 5 feet out.,missed,FALSE,FALSE,Layup Shot,23.6,9.55,1232510,Nathaniel Pollard Jr.,NA,0,Maryland Eastern Shore,Maryland Eastern Shore,99,NA,Kadin Shedrick,Ben Vander Plas,Kihei Clark,Reece Beekman,Armaan Franklin,Ahamadou Fofana,Da'Shawn Phillip,Zion Styles,Nathaniel Pollard Jr.,Chace Davis
2022-23,2022-11-25,2475422,210,0,2,Virginia,Maryland Eastern Shore,Cavaliers,Hawks,4,4,58,38,20,1677,Virginia,580,580,0,Taine Murray with a defensive rebound.,NA,FALSE,FALSE,NA,NA,NA,NA,NA,NA,0,Maryland Eastern Shore,Virginia,99,NA,Kadin Shedrick,Ben Vander Plas,Kihei Clark,Reece Beekman,Armaan Franklin,Ahamadou Fofana,Da'Shawn Phillip,Zion Styles,Nathaniel Pollard Jr.,Chace Davis
2022-23,2022-11-25,2475422,211,0,2,Virginia,Maryland Eastern Shore,Cavaliers,Hawks,4,4,60,38,22,1677,Virginia,542,542,38,Kihei Clark makes a layup from 5 feet out.,made,FALSE,FALSE,Layup Shot,23.2,9.950000000000003,1132312,Kihei Clark,NA,0,Virginia,Maryland Eastern Shore,100,NA,Kadin Shedrick,Ben Vander Plas,Kihei Clark,Reece Beekman,Armaan Franklin,Ahamadou Fofana,Da'Shawn Phillip,Zion Styles,Nathaniel Pollard Jr.,Chace Davis
2022-23,2022-11-25,2475422,212,0,2,Virginia,Maryland Eastern Shore,Cavaliers,Hawks,4,4,60,38,22,1492,Maryland Eastern Shore,509,509,33,Kohen Thompson misses a 3-point jump shot from 23 feet out.,missed,FALSE,TRUE,Jump Shot,47.4,9.75,1345174,Kohen Thompson,NA,0,Maryland Eastern Shore,Maryland Eastern Shore,101,NA,Kadin Shedrick,Ben Vander Plas,Kihei Clark,Reece Beekman,Armaan Franklin,Ahamadou Fofana,Da'Shawn Phillip,Zion Styles,Nathaniel Pollard Jr.,Chace Davis
2022-23,2022-11-25,2475422,213,0,2,Virginia,Maryland Eastern Shore,Cavaliers,Hawks,4,4,60,38,22,1677,Virginia,509,509,0,Armaan Franklin with a defensive rebound.,NA,FALSE,FALSE,NA,NA,NA,NA,NA,NA,0,Maryland Eastern Shore,Virginia,101,NA,Kadin Shedrick,Ben Vander Plas,Kihei Clark,Reece Beekman,Armaan Franklin,Ahamadou Fofana,Da'Shawn Phillip,Zion Styles,Nathaniel Pollard Jr.,Chace Davis
2022-23,2022-11-25,2475422,214,0,2,Virginia,Maryland Eastern Shore,Cavaliers,Hawks,4,4,60,38,22,1677,Virginia,479,479,30,Armaan Franklin misses a 3-point jump shot from 23 feet out.,missed,FALSE,TRUE,Jump Shot,9.600000000000001,22.349999999999994,1187568,Armaan Franklin,NA,0,Virginia,Virginia,102,NA,Kadin Shedrick,Ben Vander Plas,Kihei Clark,Reece Beekman,Armaan Franklin,Ahamadou Fofana,Da'Shawn Phillip,Zion Styles,Nathaniel Pollard Jr.,Chace Davis
2022-23,2022-11-25,2475422,215,0,2,Virginia,Maryland Eastern Shore,Cavaliers,Hawks,4,4,60,38,22,1492,Maryland Eastern Shore,479,479,0,Donchevell Nugent with a defensive rebound.,NA,FALSE,FALSE,NA,NA,NA,NA,NA,NA,0,Virginia,Maryland Eastern Shore,102,NA,Kadin Shedrick,Ben Vander Plas,Kihei Clark,Reece Beekman,Armaan Franklin,Ahamadou Fofana,Da'Shawn Phillip,Zion Styles,Nathaniel Pollard Jr.,Chace Davis
2022-23,2022-11-25,2475422,216,0,2,Virginia,Maryland Eastern Shore,Cavaliers,Hawks,4,4,60,38,22,NA,NA,467,467,12,Official TV timeout.,NA,FALSE,FALSE,NA,NA,NA,NA,NA,NA,0,NA,NA,NA,NA,Kadin Shedrick,Ben Vander Plas,Kihei Clark,Reece Beekman,Armaan Franklin,Ahamadou Fofana,Da'Shawn Phillip,Zion Styles,Nathaniel Pollard Jr.,Chace Davis
2022-23,2022-11-25,2475422,217,0,2,Virginia,Maryland Eastern Shore,Cavaliers,Hawks,4,4,60,38,22,1492,Maryland Eastern Shore,463,463,4,Offensive foul committed by Donchevell Nugent.,NA,FALSE,FALSE,NA,NA,NA,NA,NA,NA,0,Maryland Eastern Shore,Maryland Eastern Shore,103,NA,Kadin Shedrick,Ben Vander Plas,Kihei Clark,Reece Beekman,Armaan Franklin,Ahamadou Fofana,Da'Shawn Phillip,Zion Styles,Nathaniel Pollard Jr.,Chace Davis
2022-23,2022-11-25,2475422,218,0,2,Virginia,Maryland Eastern Shore,Cavaliers,Hawks,4,4,60,38,22,1492,Maryland Eastern Shore,463,463,0,Donchevell Nugent with a turnover,NA,FALSE,FALSE,NA,NA,NA,NA,NA,NA,0,Maryland Eastern Shore,Virginia,103,NA,Kadin Shedrick,Ben Vander Plas,Kihei Clark,Reece Beekman,Armaan Franklin,Ahamadou Fofana,Da'Shawn Phillip,Zion Styles,Nathaniel Pollard Jr.,Chace Davis
2022-23,2022-11-25,2475422,219,0,2,Virginia,Maryland Eastern Shore,Cavaliers,Hawks,4,4,60,38,22,1677,Virginia,432,432,31,Kihei Clark misses a jump shot from 16 feet out.,missed,FALSE,FALSE,Jump Shot,16.4,18.450000000000003,1132312,Kihei Clark,NA,0,Virginia,Virginia,104,NA,Kadin Shedrick,Ben Vander Plas,Kihei Clark,Reece Beekman,Armaan Franklin,Ahamadou Fofana,Da'Shawn Phillip,Zion Styles,Nathaniel Pollard Jr.,Chace Davis
2022-23,2022-11-25,2475422,221,0,2,Virginia,Maryland Eastern Shore,Cavaliers,Hawks,4,4,60,38,22,1677,Virginia,432,432,0,Cavaliers with a turnover: Shot Clock Turnover,NA,FALSE,FALSE,NA,NA,NA,NA,NA,NA,0,Virginia,Maryland Eastern Shore,104,NA,Kadin Shedrick,Ben Vander Plas,Kihei Clark,Reece Beekman,Armaan Franklin,Ahamadou Fofana,Da'Shawn Phillip,Zion Styles,Nathaniel Pollard Jr.,Chace Davis
2022-23,2022-11-25,2475422,222,0,2,Virginia,Maryland Eastern Shore,Cavaliers,Hawks,4,4,60,38,22,1492,Maryland Eastern Shore,404,404,28,Ahamadou Fofana misses a jump shot from 16 feet out.,missed,FALSE,FALSE,Jump Shot,40.7,7.85,1241423,Ahamadou Fofana,NA,0,Maryland Eastern Shore,Maryland Eastern Shore,105,NA,Kadin Shedrick,Ben Vander Plas,Kihei Clark,Reece Beekman,Armaan Franklin,Ahamadou Fofana,Da'Shawn Phillip,Zion Styles,Nathaniel Pollard Jr.,Chace Davis
2022-23,2022-11-25,2475422,223,0,2,Virginia,Maryland Eastern Shore,Cavaliers,Hawks,4,4,60,38,22,1677,Virginia,404,404,0,Isaac McKneely with a defensive rebound.,NA,FALSE,FALSE,NA,NA,NA,NA,NA,NA,0,Maryland Eastern Shore,Virginia,105,NA,Kadin Shedrick,Ben Vander Plas,Kihei Clark,Reece Beekman,Armaan Franklin,Ahamadou Fofana,Da'Shawn Phillip,Zion Styles,Nathaniel Pollard Jr.,Chace Davis
2022-23,2022-11-25,2475422,224,0,2,Virginia,Maryland Eastern Shore,Cavaliers,Hawks,4,4,60,38,22,1677,Virginia,385,385,19,Isaac McKneely misses a 3-point jump shot from 24 feet out.,missed,FALSE,TRUE,Jump Shot,6.700000000000003,21.150000000000006,1406026,Isaac McKneely,NA,0,Virginia,Virginia,106,NA,Kadin Shedrick,Ben Vander Plas,Kihei Clark,Reece Beekman,Armaan Franklin,Ahamadou Fofana,Da'Shawn Phillip,Zion Styles,Nathaniel Pollard Jr.,Chace Davis
2022-23,2022-11-25,2475422,225,0,2,Virginia,Maryland Eastern Shore,Cavaliers,Hawks,4,4,60,38,22,1492,Maryland Eastern Shore,385,385,0,Chace Davis with a defensive rebound.,NA,FALSE,FALSE,NA,NA,NA,NA,NA,NA,0,Virginia,Maryland Eastern Shore,106,NA,Kadin Shedrick,Ben Vander Plas,Kihei Clark,Reece Beekman,Armaan Franklin,Ahamadou Fofana,Da'Shawn Phillip,Zion Styles,Nathaniel Pollard Jr.,Chace Davis
2022-23,2022-11-25,2475422,226,0,2,Virginia,Maryland Eastern Shore,Cavaliers,Hawks,4,4,60,38,22,1677,Virginia,378,378,7,Shooting foul committed by Isaac McKneely.,NA,FALSE,FALSE,NA,NA,NA,NA,NA,NA,0,Maryland Eastern Shore,Maryland Eastern Shore,107,NA,Kadin Shedrick,Ben Vander Plas,Kihei Clark,Reece Beekman,Armaan Franklin,Ahamadou Fofana,Da'Shawn Phillip,Zion Styles,Nathaniel Pollard Jr.,Chace Davis
2022-23,2022-11-25,2475422,227,0,2,Virginia,Maryland Eastern Shore,Cavaliers,Hawks,4,4,60,38,22,1492,Maryland Eastern Shore,378,378,0,Chace Davis misses free throw 1 of 2.,missed,TRUE,FALSE,NA,NA,NA,NA,NA,NA,0,Maryland Eastern Shore,Maryland Eastern Shore,107,NA,Kadin Shedrick,Ben Vander Plas,Kihei Clark,Reece Beekman,Armaan Franklin,Ahamadou Fofana,Da'Shawn Phillip,Zion Styles,Nathaniel Pollard Jr.,Chace Davis
2022-23,2022-11-25,2475422,229,0,2,Virginia,Maryland Eastern Shore,Cavaliers,Hawks,4,4,60,39,21,1492,Maryland Eastern Shore,378,378,0,Chace Davis makes free throw 2 of 2.,made,TRUE,FALSE,NA,NA,NA,NA,NA,NA,0,Maryland Eastern Shore,Virginia,107,NA,Kadin Shedrick,Ben Vander Plas,Kihei Clark,Reece Beekman,Armaan Franklin,Ahamadou Fofana,Da'Shawn Phillip,Zion Styles,Nathaniel Pollard Jr.,Chace Davis
2022-23,2022-11-25,2475422,230,0,2,Virginia,Maryland Eastern Shore,Cavaliers,Hawks,4,4,60,39,21,1677,Virginia,348,348,30,Troy Hupstead blocks a Kihei Clark layup from 3 feet out.,missed,FALSE,FALSE,Layup Shot,25.3,8.25,1132312,Kihei Clark,NA,0,Virginia,Virginia,108,NA,Kadin Shedrick,Ben Vander Plas,Kihei Clark,Reece Beekman,Armaan Franklin,Ahamadou Fofana,Da'Shawn Phillip,Zion Styles,Nathaniel Pollard Jr.,Chace Davis
2022-23,2022-11-25,2475422,231,0,2,Virginia,Maryland Eastern Shore,Cavaliers,Hawks,4,4,60,39,21,1492,Maryland Eastern Shore,348,348,0,Kohen Thompson with a defensive rebound.,NA,FALSE,FALSE,NA,NA,NA,NA,NA,NA,0,Virginia,Maryland Eastern Shore,108,NA,Kadin Shedrick,Ben Vander Plas,Kihei Clark,Reece Beekman,Armaan Franklin,Ahamadou Fofana,Da'Shawn Phillip,Zion Styles,Nathaniel Pollard Jr.,Chace Davis
2022-23,2022-11-25,2475422,232,0,2,Virginia,Maryland Eastern Shore,Cavaliers,Hawks,4,4,60,39,21,1492,Maryland Eastern Shore,339,339,9,Ben Vander Plas steals the ball from Chace Davis.,NA,FALSE,FALSE,NA,NA,NA,NA,NA,NA,0,Maryland Eastern Shore,Virginia,109,NA,Kadin Shedrick,Ben Vander Plas,Kihei Clark,Reece Beekman,Armaan Franklin,Ahamadou Fofana,Da'Shawn Phillip,Zion Styles,Nathaniel Pollard Jr.,Chace Davis
2022-23,2022-11-25,2475422,233,0,2,Virginia,Maryland Eastern Shore,Cavaliers,Hawks,4,4,60,39,21,1677,Virginia,329,329,10,Ryan Dunn misses a 3-point jump shot from 24 feet out.,missed,FALSE,TRUE,Jump Shot,46.2,16.25,1406029,Ryan Dunn,NA,0,Virginia,Virginia,110,NA,Kadin Shedrick,Ben Vander Plas,Kihei Clark,Reece Beekman,Armaan Franklin,Ahamadou Fofana,Da'Shawn Phillip,Zion Styles,Nathaniel Pollard Jr.,Chace Davis
2022-23,2022-11-25,2475422,234,0,2,Virginia,Maryland Eastern Shore,Cavaliers,Hawks,4,4,60,39,21,1677,Virginia,329,329,0,Ben Vander Plas with an offensive rebound.,NA,FALSE,FALSE,NA,NA,NA,NA,NA,NA,0,Virginia,Virginia,110,NA,Kadin Shedrick,Ben Vander Plas,Kihei Clark,Reece Beekman,Armaan Franklin,Ahamadou Fofana,Da'Shawn Phillip,Zion Styles,Nathaniel Pollard Jr.,Chace Davis
2022-23,2022-11-25,2475422,235,0,2,Virginia,Maryland Eastern Shore,Cavaliers,Hawks,4,4,60,39,21,1677,Virginia,311,311,18,Ryan Dunn with a turnover - Bad Pass,NA,FALSE,FALSE,NA,NA,NA,NA,NA,NA,0,Virginia,Maryland Eastern Shore,110,NA,Kadin Shedrick,Ben Vander Plas,Kihei Clark,Reece Beekman,Armaan Franklin,Ahamadou Fofana,Da'Shawn Phillip,Zion Styles,Nathaniel Pollard Jr.,Chace Davis
2022-23,2022-11-25,2475422,236,0,2,Virginia,Maryland Eastern Shore,Cavaliers,Hawks,4,4,60,39,21,1492,Maryland Eastern Shore,305,305,6,Troy Hupstead misses a layup from 3 feet out.,missed,FALSE,FALSE,Layup Shot,23.6,8.05,1404836,Troy Hupstead,NA,0,Maryland Eastern Shore,Maryland Eastern Shore,111,NA,Kadin Shedrick,Ben Vander Plas,Kihei Clark,Reece Beekman,Armaan Franklin,Ahamadou Fofana,Da'Shawn Phillip,Zion Styles,Nathaniel Pollard Jr.,Chace Davis
2022-23,2022-11-25,2475422,241,0,2,Virginia,Maryland Eastern Shore,Cavaliers,Hawks,4,4,60,39,21,1677,Virginia,305,305,0,Francisco Caffaro with a defensive rebound.,NA,FALSE,FALSE,NA,NA,NA,NA,NA,NA,0,Maryland Eastern Shore,Virginia,111,NA,Kadin Shedrick,Ben Vander Plas,Kihei Clark,Reece Beekman,Armaan Franklin,Ahamadou Fofana,Da'Shawn Phillip,Zion Styles,Nathaniel Pollard Jr.,Chace Davis
2022-23,2022-11-25,2475422,242,0,2,Virginia,Maryland Eastern Shore,Cavaliers,Hawks,4,4,60,39,21,1492,Maryland Eastern Shore,283,283,22,Personal foul committed by Ahamadou Fofana.,NA,FALSE,FALSE,NA,NA,NA,NA,NA,NA,0,Virginia,Virginia,112,NA,Kadin Shedrick,Ben Vander Plas,Kihei Clark,Reece Beekman,Armaan Franklin,Ahamadou Fofana,Da'Shawn Phillip,Zion Styles,Nathaniel Pollard Jr.,Chace Davis
2022-23,2022-11-25,2475422,243,0,2,Virginia,Maryland Eastern Shore,Cavaliers,Hawks,4,4,60,39,21,1677,Virginia,272,272,11,Isaac McKneely misses a layup from 4 feet out.,missed,FALSE,FALSE,Layup Shot,25.1,9.549999999999997,1406026,Isaac McKneely,NA,0,Virginia,Virginia,112,NA,Kadin Shedrick,Ben Vander Plas,Kihei Clark,Reece Beekman,Armaan Franklin,Ahamadou Fofana,Da'Shawn Phillip,Zion Styles,Nathaniel Pollard Jr.,Chace Davis
2022-23,2022-11-25,2475422,248,0,2,Virginia,Maryland Eastern Shore,Cavaliers,Hawks,4,4,60,39,21,1677,Virginia,272,272,0,Francisco Caffaro with an offensive rebound.,NA,FALSE,FALSE,NA,NA,NA,NA,NA,NA,0,Virginia,Virginia,112,NA,Kadin Shedrick,Ben Vander Plas,Kihei Clark,Reece Beekman,Armaan Franklin,Ahamadou Fofana,Da'Shawn Phillip,Zion Styles,Nathaniel Pollard Jr.,Chace Davis
2022-23,2022-11-25,2475422,253,0,2,Virginia,Maryland Eastern Shore,Cavaliers,Hawks,4,4,62,39,23,1677,Virginia,266,266,6,Francisco Caffaro makes a layup from 4 feet out.,made,FALSE,FALSE,Layup Shot,25.8,8.75,1132315,Francisco Caffaro,NA,0,Virginia,Maryland Eastern Shore,112,NA,Kadin Shedrick,Ben Vander Plas,Kihei Clark,Reece Beekman,Armaan Franklin,Ahamadou Fofana,Da'Shawn Phillip,Zion Styles,Nathaniel Pollard Jr.,Chace Davis
2022-23,2022-11-25,2475422,254,0,2,Virginia,Maryland Eastern Shore,Cavaliers,Hawks,4,4,62,39,23,1492,Maryland Eastern Shore,232,232,34,Da'Shawn Phillip misses a 3-point jump shot from 24 feet out.,missed,FALSE,TRUE,Jump Shot,8.600000000000001,22.35,1176553,Da'Shawn Phillip,NA,0,Maryland Eastern Shore,Maryland Eastern Shore,113,NA,Kadin Shedrick,Ben Vander Plas,Kihei Clark,Reece Beekman,Armaan Franklin,Ahamadou Fofana,Da'Shawn Phillip,Zion Styles,Nathaniel Pollard Jr.,Chace Davis
2022-23,2022-11-25,2475422,255,0,2,Virginia,Maryland Eastern Shore,Cavaliers,Hawks,4,4,62,39,23,1677,Virginia,232,232,0,Ben Vander Plas with a defensive rebound.,NA,FALSE,FALSE,NA,NA,NA,NA,NA,NA,0,Maryland Eastern Shore,Virginia,113,NA,Kadin Shedrick,Ben Vander Plas,Kihei Clark,Reece Beekman,Armaan Franklin,Ahamadou Fofana,Da'Shawn Phillip,Zion Styles,Nathaniel Pollard Jr.,Chace Davis
2022-23,2022-11-25,2475422,256,0,2,Virginia,Maryland Eastern Shore,Cavaliers,Hawks,4,4,62,39,23,1677,Virginia,206,206,26,Chase Coleman misses a jump shot from 16 feet out.,missed,FALSE,FALSE,Jump Shot,14,16.75,1175946,Chase Coleman,NA,0,Virginia,Virginia,114,NA,Kadin Shedrick,Ben Vander Plas,Kihei Clark,Reece Beekman,Armaan Franklin,Ahamadou Fofana,Da'Shawn Phillip,Zion Styles,Nathaniel Pollard Jr.,Chace Davis
2022-23,2022-11-25,2475422,257,0,2,Virginia,Maryland Eastern Shore,Cavaliers,Hawks,4,4,62,39,23,1492,Maryland Eastern Shore,206,206,0,Glen Anderson with a defensive rebound.,NA,FALSE,FALSE,NA,NA,NA,NA,NA,NA,0,Virginia,Maryland Eastern Shore,114,NA,Kadin Shedrick,Ben Vander Plas,Kihei Clark,Reece Beekman,Armaan Franklin,Ahamadou Fofana,Da'Shawn Phillip,Zion Styles,Nathaniel Pollard Jr.,Chace Davis
2022-23,2022-11-25,2475422,258,0,2,Virginia,Maryland Eastern Shore,Cavaliers,Hawks,4,4,62,39,23,1492,Maryland Eastern Shore,192,192,14,Glen Anderson misses a layup from 3 feet out.,missed,FALSE,FALSE,Layup Shot,24.4,8.35,1194075,Glen Anderson,NA,0,Maryland Eastern Shore,Maryland Eastern Shore,115,NA,Kadin Shedrick,Ben Vander Plas,Kihei Clark,Reece Beekman,Armaan Franklin,Ahamadou Fofana,Da'Shawn Phillip,Zion Styles,Nathaniel Pollard Jr.,Chace Davis
2022-23,2022-11-25,2475422,259,0,2,Virginia,Maryland Eastern Shore,Cavaliers,Hawks,4,4,62,39,23,1492,Maryland Eastern Shore,192,192,0,Zion Styles with an offensive rebound.,NA,FALSE,FALSE,NA,NA,NA,NA,NA,NA,0,Maryland Eastern Shore,Maryland Eastern Shore,115,NA,Kadin Shedrick,Ben Vander Plas,Kihei Clark,Reece Beekman,Armaan Franklin,Ahamadou Fofana,Da'Shawn Phillip,Zion Styles,Nathaniel Pollard Jr.,Chace Davis
2022-23,2022-11-25,2475422,260,0,2,Virginia,Maryland Eastern Shore,Cavaliers,Hawks,4,4,62,39,23,1492,Maryland Eastern Shore,177,177,15,Zion Styles misses a jump shot from 17 feet out.,missed,FALSE,FALSE,Jump Shot,29.7,21.35,1232518,Zion Styles,NA,0,Maryland Eastern Shore,Maryland Eastern Shore,115,NA,Kadin Shedrick,Ben Vander Plas,Kihei Clark,Reece Beekman,Armaan Franklin,Ahamadou Fofana,Da'Shawn Phillip,Zion Styles,Nathaniel Pollard Jr.,Chace Davis
2022-23,2022-11-25,2475422,261,0,2,Virginia,Maryland Eastern Shore,Cavaliers,Hawks,4,4,62,39,23,1677,Virginia,177,177,0,Taine Murray with a defensive rebound.,NA,FALSE,FALSE,NA,NA,NA,NA,NA,NA,0,Maryland Eastern Shore,Virginia,115,NA,Kadin Shedrick,Ben Vander Plas,Kihei Clark,Reece Beekman,Armaan Franklin,Ahamadou Fofana,Da'Shawn Phillip,Zion Styles,Nathaniel Pollard Jr.,Chace Davis
2022-23,2022-11-25,2475422,262,0,2,Virginia,Maryland Eastern Shore,Cavaliers,Hawks,4,4,62,39,23,1677,Virginia,173,173,4,Da'Shawn Phillip blocks a Isaac McKneely layup from 3 feet out.,missed,FALSE,FALSE,Layup Shot,25.4,8.25,1406026,Isaac McKneely,NA,0,Virginia,Virginia,116,NA,Kadin Shedrick,Ben Vander Plas,Kihei Clark,Reece Beekman,Armaan Franklin,Ahamadou Fofana,Da'Shawn Phillip,Zion Styles,Nathaniel Pollard Jr.,Chace Davis
2022-23,2022-11-25,2475422,263,0,2,Virginia,Maryland Eastern Shore,Cavaliers,Hawks,4,4,62,39,23,1677,Virginia,173,173,0,Ben Vander Plas with an offensive rebound.,NA,FALSE,FALSE,NA,NA,NA,NA,NA,NA,0,Virginia,Virginia,116,NA,Kadin Shedrick,Ben Vander Plas,Kihei Clark,Reece Beekman,Armaan Franklin,Ahamadou Fofana,Da'Shawn Phillip,Zion Styles,Nathaniel Pollard Jr.,Chace Davis
2022-23,2022-11-25,2475422,264,0,2,Virginia,Maryland Eastern Shore,Cavaliers,Hawks,4,4,62,39,23,1492,Maryland Eastern Shore,168,168,5,Personal foul committed by Chace Davis.,NA,FALSE,FALSE,NA,NA,NA,NA,NA,NA,0,Virginia,Virginia,116,NA,Kadin Shedrick,Ben Vander Plas,Kihei Clark,Reece Beekman,Armaan Franklin,Ahamadou Fofana,Da'Shawn Phillip,Zion Styles,Nathaniel Pollard Jr.,Chace Davis
2022-23,2022-11-25,2475422,265,0,2,Virginia,Maryland Eastern Shore,Cavaliers,Hawks,4,4,62,39,23,NA,NA,168,168,0,Official TV timeout.,NA,FALSE,FALSE,NA,NA,NA,NA,NA,NA,0,NA,NA,NA,NA,Kadin Shedrick,Ben Vander Plas,Kihei Clark,Reece Beekman,Armaan Franklin,Ahamadou Fofana,Da'Shawn Phillip,Zion Styles,Nathaniel Pollard Jr.,Chace Davis
2022-23,2022-11-25,2475422,266,0,2,Virginia,Maryland Eastern Shore,Cavaliers,Hawks,4,4,63,39,24,1677,Virginia,168,168,0,Taine Murray makes free throw 1 of 2.,made,TRUE,FALSE,NA,NA,NA,NA,NA,NA,0,Virginia,Virginia,116,NA,Kadin Shedrick,Ben Vander Plas,Kihei Clark,Reece Beekman,Armaan Franklin,Ahamadou Fofana,Da'Shawn Phillip,Zion Styles,Nathaniel Pollard Jr.,Chace Davis
2022-23,2022-11-25,2475422,267,0,2,Virginia,Maryland Eastern Shore,Cavaliers,Hawks,4,4,63,39,24,1677,Virginia,168,168,0,Taine Murray misses free throw 2 of 2.,missed,TRUE,FALSE,NA,NA,NA,NA,NA,NA,0,Virginia,Virginia,116,NA,Kadin Shedrick,Ben Vander Plas,Kihei Clark,Reece Beekman,Armaan Franklin,Ahamadou Fofana,Da'Shawn Phillip,Zion Styles,Nathaniel Pollard Jr.,Chace Davis
2022-23,2022-11-25,2475422,268,0,2,Virginia,Maryland Eastern Shore,Cavaliers,Hawks,4,4,63,39,24,1492,Maryland Eastern Shore,168,168,0,Zion Styles with a defensive rebound.,NA,FALSE,FALSE,NA,NA,NA,NA,NA,NA,0,Virginia,Maryland Eastern Shore,116,NA,Kadin Shedrick,Ben Vander Plas,Kihei Clark,Reece Beekman,Armaan Franklin,Ahamadou Fofana,Da'Shawn Phillip,Zion Styles,Nathaniel Pollard Jr.,Chace Davis
2022-23,2022-11-25,2475422,269,0,2,Virginia,Maryland Eastern Shore,Cavaliers,Hawks,4,4,63,41,22,1492,Maryland Eastern Shore,137,137,31,Zion Styles makes a jump shot from 10 feet out.,made,FALSE,FALSE,Jump Shot,33.6,10.25,1232518,Zion Styles,NA,0,Maryland Eastern Shore,Virginia,117,NA,Kadin Shedrick,Ben Vander Plas,Kihei Clark,Reece Beekman,Armaan Franklin,Ahamadou Fofana,Da'Shawn Phillip,Zion Styles,Nathaniel Pollard Jr.,Chace Davis
2022-23,2022-11-25,2475422,270,0,2,Virginia,Maryland Eastern Shore,Cavaliers,Hawks,4,4,63,41,22,1677,Virginia,126,126,11,Zion Styles steals the ball from Chase Coleman.,NA,FALSE,FALSE,NA,NA,NA,NA,NA,NA,0,Virginia,Maryland Eastern Shore,118,NA,Kadin Shedrick,Ben Vander Plas,Kihei Clark,Reece Beekman,Armaan Franklin,Ahamadou Fofana,Da'Shawn Phillip,Zion Styles,Nathaniel Pollard Jr.,Chace Davis
2022-23,2022-11-25,2475422,271,0,2,Virginia,Maryland Eastern Shore,Cavaliers,Hawks,4,4,63,43,20,1492,Maryland Eastern Shore,118,118,8,Zion Styles dunks.,made,FALSE,FALSE,Dunk Shot,26,6.25,1232518,Zion Styles,NA,0,Maryland Eastern Shore,Virginia,119,NA,Kadin Shedrick,Ben Vander Plas,Kihei Clark,Reece Beekman,Armaan Franklin,Ahamadou Fofana,Da'Shawn Phillip,Zion Styles,Nathaniel Pollard Jr.,Chace Davis
2022-23,2022-11-25,2475422,272,0,2,Virginia,Maryland Eastern Shore,Cavaliers,Hawks,4,4,66,43,23,1677,Virginia,111,111,7,Isaac McKneely makes a 3-point jump shot from 24 feet out.,made,FALSE,TRUE,Jump Shot,43.1,20.450000000000003,1406026,Isaac McKneely,NA,0,Virginia,Maryland Eastern Shore,120,NA,Kadin Shedrick,Ben Vander Plas,Kihei Clark,Reece Beekman,Armaan Franklin,Ahamadou Fofana,Da'Shawn Phillip,Zion Styles,Nathaniel Pollard Jr.,Chace Davis
2022-23,2022-11-25,2475422,273,0,2,Virginia,Maryland Eastern Shore,Cavaliers,Hawks,4,4,66,43,23,1677,Virginia,86,86,25,Personal foul committed by Taine Murray.,NA,FALSE,FALSE,NA,NA,NA,NA,NA,NA,0,Maryland Eastern Shore,Maryland Eastern Shore,121,NA,Kadin Shedrick,Ben Vander Plas,Kihei Clark,Reece Beekman,Armaan Franklin,Ahamadou Fofana,Da'Shawn Phillip,Zion Styles,Nathaniel Pollard Jr.,Chace Davis
2022-23,2022-11-25,2475422,274,0,2,Virginia,Maryland Eastern Shore,Cavaliers,Hawks,4,4,66,43,23,1492,Maryland Eastern Shore,74,74,12,Ryan Dunn blocks a Zion Styles layup from 4 feet out.,missed,FALSE,FALSE,Layup Shot,26.1,8.85,1232518,Zion Styles,NA,0,Maryland Eastern Shore,Maryland Eastern Shore,121,NA,Kadin Shedrick,Ben Vander Plas,Kihei Clark,Reece Beekman,Armaan Franklin,Ahamadou Fofana,Da'Shawn Phillip,Zion Styles,Nathaniel Pollard Jr.,Chace Davis
2022-23,2022-11-25,2475422,275,0,2,Virginia,Maryland Eastern Shore,Cavaliers,Hawks,4,4,66,43,23,1677,Virginia,74,74,0,Isaac McKneely with a defensive rebound.,NA,FALSE,FALSE,NA,NA,NA,NA,NA,NA,0,Maryland Eastern Shore,Virginia,121,NA,Kadin Shedrick,Ben Vander Plas,Kihei Clark,Reece Beekman,Armaan Franklin,Ahamadou Fofana,Da'Shawn Phillip,Zion Styles,Nathaniel Pollard Jr.,Chace Davis
2022-23,2022-11-25,2475422,276,0,2,Virginia,Maryland Eastern Shore,Cavaliers,Hawks,4,4,69,43,26,1677,Virginia,65,65,9,Isaac McKneely makes a 3-point jump shot from 24 feet out. Chase Coleman with the assist.,made,FALSE,TRUE,Jump Shot,26.1,28.75,1406026,Isaac McKneely,Chase Coleman,0,Virginia,Maryland Eastern Shore,122,NA,Kadin Shedrick,Ben Vander Plas,Kihei Clark,Reece Beekman,Armaan Franklin,Ahamadou Fofana,Da'Shawn Phillip,Zion Styles,Nathaniel Pollard Jr.,Chace Davis
2022-23,2022-11-25,2475422,277,0,2,Virginia,Maryland Eastern Shore,Cavaliers,Hawks,4,4,69,43,26,1492,Maryland Eastern Shore,55,55,10,Zion Styles misses a 3-point jump shot from 24 feet out.,missed,FALSE,TRUE,Jump Shot,6.199999999999999,19.45,1232518,Zion Styles,NA,0,Maryland Eastern Shore,Maryland Eastern Shore,123,NA,Kadin Shedrick,Ben Vander Plas,Kihei Clark,Reece Beekman,Armaan Franklin,Ahamadou Fofana,Da'Shawn Phillip,Zion Styles,Nathaniel Pollard Jr.,Chace Davis
2022-23,2022-11-25,2475422,278,0,2,Virginia,Maryland Eastern Shore,Cavaliers,Hawks,4,4,69,43,26,1677,Virginia,55,55,0,Isaac McKneely with a defensive rebound.,NA,FALSE,FALSE,NA,NA,NA,NA,NA,NA,0,Maryland Eastern Shore,Virginia,123,NA,Kadin Shedrick,Ben Vander Plas,Kihei Clark,Reece Beekman,Armaan Franklin,Ahamadou Fofana,Da'Shawn Phillip,Zion Styles,Nathaniel Pollard Jr.,Chace Davis
2022-23,2022-11-25,2475422,279,0,2,Virginia,Maryland Eastern Shore,Cavaliers,Hawks,4,4,72,43,29,1677,Virginia,33,33,22,Chase Coleman makes a 3-point jump shot from 23 feet out. Taine Murray with the assist.,made,FALSE,TRUE,Jump Shot,48.2,7.849999999999994,1175946,Chase Coleman,Taine Murray,0,Virginia,Maryland Eastern Shore,124,NA,Kadin Shedrick,Ben Vander Plas,Kihei Clark,Reece Beekman,Armaan Franklin,Ahamadou Fofana,Da'Shawn Phillip,Zion Styles,Nathaniel Pollard Jr.,Chace Davis
2022-23,2022-11-25,2475422,280,0,2,Virginia,Maryland Eastern Shore,Cavaliers,Hawks,4,4,72,45,27,1492,Maryland Eastern Shore,4,4,29,Zion Styles makes a jump shot from 14 feet out.,made,FALSE,FALSE,Jump Shot,38.5,9.75,1232518,Zion Styles,NA,0,Maryland Eastern Shore,Virginia,125,NA,Kadin Shedrick,Ben Vander Plas,Kihei Clark,Reece Beekman,Armaan Franklin,Ahamadou Fofana,Da'Shawn Phillip,Zion Styles,Nathaniel Pollard Jr.,Chace Davis
2022-23,2022-11-25,2475422,281,0,2,Virginia,Maryland Eastern Shore,Cavaliers,Hawks,4,4,72,45,27,NA,NA,0,0,4,End of the 2nd Half,NA,FALSE,FALSE,NA,NA,NA,NA,NA,NA,0,NA,NA,NA,NA,Kadin Shedrick,Ben Vander Plas,Kihei Clark,Reece Beekman,Armaan Franklin,Ahamadou Fofana,Da'Shawn Phillip,Zion Styles,Nathaniel Pollard Jr.,Chace Davis
2022-23,2022-11-25,2475422,282,0,2,Virginia,Maryland Eastern Shore,Cavaliers,Hawks,4,4,72,45,27,NA,NA,0,0,0,End of the Game,NA,FALSE,FALSE,NA,NA,NA,NA,NA,NA,0,Virginia,Virginia,NA,NA,Kadin Shedrick,Ben Vander Plas,Kihei Clark,Reece Beekman,Armaan Franklin,Ahamadou Fofana,Da'Shawn Phillip,Zion Styles,Nathaniel Pollard Jr.,Chace Davis
