season,date,game_id,play_id,neutral,half,home,away,home_name,away_name,home_timeouts,away_timeouts,home_score,away_score,score_diff,team_id,event_team,game_secs_remaining,half_secs_remaining,play_length,desc,shot_outcome,free_throw,three_pt,shot_desc,loc_x,loc_y,shooter_id,shooter,assist,substitution,poss_before,poss_after,poss_number
2022-23,2022-11-08,2486062,1,0,1,South Carolina,South Carolina State,Gamecocks,Bulldogs,4,4,0,0,0,1611,South Carolina,NA,NA,NA,Starting Lineup - Hayden Brown,NA,FALSE,FALSE,NA,NA,NA,NA,NA,NA,1,NA,NA,NA
2022-23,2022-11-08,2486062,1,0,1,South Carolina,South Carolina State,Gamecocks,Bulldogs,4,4,0,0,0,1606,South Carolina State,NA,NA,NA,Starting Lineup - Cameron Jones,NA,FALSE,FALSE,NA,NA,NA,NA,NA,NA,1,NA,NA,NA
2022-23,2022-11-08,2486062,1,0,1,South Carolina,South Carolina State,Gamecocks,Bulldogs,4,4,0,0,0,1611,South Carolina,NA,NA,NA,Starting Lineup - Chico Carter Jr.,NA,FALSE,FALSE,NA,NA,NA,NA,NA,NA,1,NA,NA,NA
2022-23,2022-11-08,2486062,1,0,1,South Carolina,South Carolina State,Gamecocks,Bulldogs,4,4,0,0,0,1606,South Carolina State,NA,NA,NA,Starting Lineup - Rahsaan Edwards,NA,FALSE,FALSE,NA,NA,NA,NA,NA,NA,1,NA,NA,NA
2022-23,2022-11-08,2486062,1,0,1,South Carolina,South Carolina State,Gamecocks,Bulldogs,4,4,0,0,0,1606,South Carolina State,NA,NA,NA,Starting Lineup - Dallas James,NA,FALSE,FALSE,NA,NA,NA,NA,NA,NA,1,NA,NA,NA
2022-23,2022-11-08,2486062,1,0,1,South Carolina,South Carolina State,Gamecocks,Bulldogs,4,4,0,0,0,1611,South Carolina,NA,NA,NA,Starting Lineup - Meechie Johnson Jr.,NA,FALSE,FALSE,NA,NA,NA,NA,NA,NA,1,NA,NA,NA
2022-23,2022-11-08,2486062,1,0,1,South Carolina,South Carolina State,Gamecocks,Bulldogs,4,4,0,0,0,1611,South Carolina,NA,NA,NA,Starting Lineup - Jacobi Wright,NA,FALSE,FALSE,NA,NA,NA,NA,NA,NA,1,NA,NA,NA
2022-23,2022-11-08,2486062,1,0,1,South Carolina,South Carolina State,Gamecocks,Bulldogs,4,4,0,0,0,1611,South Carolina,NA,NA,NA,Starting Lineup - Gregory Jackson,NA,FALSE,FALSE,NA,NA,NA,NA,NA,NA,1,NA,NA,NA
2022-23,2022-11-08,2486062,1,0,1,South Carolina,South Carolina State,Gamecocks,Bulldogs,4,4,0,0,0,1606,South Carolina State,NA,NA,NA,Starting Lineup - Lesown Hallums,NA,FALSE,FALSE,NA,NA,NA,NA,NA,NA,1,NA,NA,NA
2022-23,2022-11-08,2486062,1,0,1,South Carolina,South Carolina State,Gamecocks,Bulldogs,4,4,0,0,0,1606,South Carolina State,NA,NA,NA,Starting Lineup - Justin Wilson,NA,FALSE,FALSE,NA,NA,NA,NA,NA,NA,1,NA,NA,NA
2022-23,2022-11-08,2486062,2,0,1,South Carolina,South Carolina State,Gamecocks,Bulldogs,4,4,0,0,0,NA,NA,2400,1200,NA,Start of the 1st Half,NA,FALSE,FALSE,NA,NA,NA,NA,NA,NA,0,NA,South Carolina State,1
2022-23,2022-11-08,2486062,32,0,1,South Carolina,South Carolina State,Gamecocks,Bulldogs,4,4,0,0,0,1606,South Carolina State,2370,1170,30,Offensive foul committed by Cameron Jones.,NA,FALSE,FALSE,NA,NA,NA,NA,NA,NA,0,South Carolina State,South Carolina State,1
2022-23,2022-11-08,2486062,33,0,1,South Carolina,South Carolina State,Gamecocks,Bulldogs,4,4,0,0,0,1606,South Carolina State,2370,1170,0,Cameron Jones with a turnover,NA,FALSE,FALSE,NA,NA,NA,NA,NA,NA,0,South Carolina State,South Carolina,1
2022-23,2022-11-08,2486062,47,0,1,South Carolina,South Carolina State,Gamecocks,Bulldogs,4,4,0,0,0,1611,South Carolina,2342,1142,28,Chico Carter Jr. misses a 3-point jump shot from 22 feet out.,missed,FALSE,TRUE,Jump Shot,47.2,5.450000000000003,1175997,Chico Carter Jr.,NA,0,South Carolina,South Carolina,2
2022-23,2022-11-08,2486062,48,0,1,South Carolina,South Carolina State,Gamecocks,Bulldogs,4,4,0,0,0,1606,South Carolina State,2342,1142,0,Dallas James with a defensive rebound.,NA,FALSE,FALSE,NA,NA,NA,NA,NA,NA,0,South Carolina,South Carolina State,2
2022-23,2022-11-08,2486062,50,0,1,South Carolina,South Carolina State,Gamecocks,Bulldogs,4,4,0,0,0,1606,South Carolina State,2315,1115,27,Lesown Hallums misses a jump shot from 11 feet out.,missed,FALSE,FALSE,Jump Shot,22.5,16.25,1425104,Lesown Hallums,NA,0,South Carolina State,South Carolina,3
2022-23,2022-11-08,2486062,71,0,1,South Carolina,South Carolina State,Gamecocks,Bulldogs,4,4,3,0,3,1611,South Carolina,2288,1088,27,Meechie Johnson Jr. makes a 3-point jump shot from 24 feet out. Jacobi Wright with the assist.,made,FALSE,TRUE,Jump Shot,6.700000000000003,21.150000000000006,1266174,Meechie Johnson Jr.,Jacobi Wright,0,South Carolina,South Carolina State,4
2022-23,2022-11-08,2486062,75,0,1,South Carolina,South Carolina State,Gamecocks,Bulldogs,4,4,3,0,3,1611,South Carolina,2272,1072,16,Personal foul committed by Hayden Brown.,NA,FALSE,FALSE,NA,NA,NA,NA,NA,NA,0,South Carolina State,South Carolina State,5
2022-23,2022-11-08,2486062,79,0,1,South Carolina,South Carolina State,Gamecocks,Bulldogs,4,4,3,2,1,1606,South Carolina State,2268,1068,4,Rahsaan Edwards dunks. Lesown Hallums with the assist.,made,FALSE,FALSE,Dunk Shot,26,6.25,1194219,Rahsaan Edwards,Lesown Hallums,0,South Carolina State,South Carolina,5
2022-23,2022-11-08,2486062,113,0,1,South Carolina,South Carolina State,Gamecocks,Bulldogs,4,4,3,2,1,1611,South Carolina,2254,1054,14,Gregory Jackson misses a jump shot from 17 feet out.,missed,FALSE,FALSE,Jump Shot,15.700000000000003,19.150000000000006,1405584,Gregory Jackson,NA,0,South Carolina,South Carolina,6
2022-23,2022-11-08,2486062,114,0,1,South Carolina,South Carolina State,Gamecocks,Bulldogs,4,4,3,2,1,1606,South Carolina State,2254,1054,0,Lesown Hallums with a defensive rebound.,NA,FALSE,FALSE,NA,NA,NA,NA,NA,NA,0,South Carolina,South Carolina State,6
2022-23,2022-11-08,2486062,120,0,1,South Carolina,South Carolina State,Gamecocks,Bulldogs,4,4,3,4,-1,1606,South Carolina State,2239,1039,15,Cameron Jones makes a jump shot from 18 feet out.,made,FALSE,FALSE,Jump Shot,12.7,18.25,1135241,Cameron Jones,NA,0,South Carolina State,South Carolina,7
2022-23,2022-11-08,2486062,130,0,1,South Carolina,South Carolina State,Gamecocks,Bulldogs,4,4,3,4,-1,1611,South Carolina,2223,1023,16,Chico Carter Jr. misses a 3-point jump shot from 25 feet out.,missed,FALSE,TRUE,Jump Shot,44,21.950000000000003,1175997,Chico Carter Jr.,NA,0,South Carolina,South Carolina,8
2022-23,2022-11-08,2486062,131,0,1,South Carolina,South Carolina State,Gamecocks,Bulldogs,4,4,3,4,-1,1606,South Carolina State,2223,1023,0,Rahsaan Edwards with a defensive rebound.,NA,FALSE,FALSE,NA,NA,NA,NA,NA,NA,0,South Carolina,South Carolina State,8
2022-23,2022-11-08,2486062,141,0,1,South Carolina,South Carolina State,Gamecocks,Bulldogs,4,4,3,4,-1,1606,South Carolina State,2222,1022,1,Gregory Jackson steals the ball from Cameron Jones.,NA,FALSE,FALSE,NA,NA,NA,NA,NA,NA,0,South Carolina State,South Carolina,9
2022-23,2022-11-08,2486062,148,0,1,South Carolina,South Carolina State,Gamecocks,Bulldogs,4,4,6,4,2,1611,South Carolina,2218,1018,4,Jacobi Wright makes a 3-point jump shot from 25 feet out. Chico Carter Jr. with the assist.,made,FALSE,TRUE,Jump Shot,15.700000000000003,28.150000000000006,1340738,Jacobi Wright,Chico Carter Jr.,0,South Carolina,South Carolina State,10
2022-23,2022-11-08,2486062,164,0,1,South Carolina,South Carolina State,Gamecocks,Bulldogs,4,4,6,6,0,1606,South Carolina State,2192,992,26,Justin Wilson makes a jump shot from 16 feet out. Lesown Hallums with the assist.,made,FALSE,FALSE,Jump Shot,13.9,17.05,1425105,Justin Wilson,Lesown Hallums,0,South Carolina State,South Carolina,11
2022-23,2022-11-08,2486062,193,0,1,South Carolina,South Carolina State,Gamecocks,Bulldogs,4,4,6,6,0,1606,South Carolina State,2164,964,28,Personal foul committed by Justin Wilson.,NA,FALSE,FALSE,NA,NA,NA,NA,NA,NA,0,South Carolina,South Carolina,12
2022-23,2022-11-08,2486062,202,0,1,South Carolina,South Carolina State,Gamecocks,Bulldogs,4,4,6,6,0,1611,South Carolina,2156,956,8,Gregory Jackson with a turnover - Traveling,NA,FALSE,FALSE,NA,NA,NA,NA,NA,NA,0,South Carolina,South Carolina State,12
2022-23,2022-11-08,2486062,203,0,1,South Carolina,South Carolina State,Gamecocks,Bulldogs,4,4,6,6,0,NA,NA,2156,956,0,Official TV timeout.,NA,FALSE,FALSE,NA,NA,NA,NA,NA,NA,0,NA,NA,NA
