season,date,game_id,play_id,neutral,half,home,away,home_name,away_name,home_timeouts,away_timeouts,home_score,away_score,score_diff,team_id,event_team,game_secs_remaining,half_secs_remaining,play_length,desc,shot_outcome,free_throw,three_pt,shot_desc,loc_x,loc_y,shooter_id,shooter,assist,substitution,poss_before,poss_after,poss_number,sub_error,home_1,home_2,home_3,home_4,home_5,away_1,away_2,away_3,away_4,away_5
2022-23,2022-12-29,2490677,1,0,1,Michigan,Central Michigan,Wolverines,Chippewas,4,4,0,0,0,1498,Michigan,NA,NA,NA,Starting Lineup - Terrance Williams II,NA,FALSE,FALSE,NA,NA,NA,NA,NA,NA,1,NA,NA,NA,NA,Terrance Williams II,Jett Howard,Kobe Bufkin,Dug McDaniel,Hunter Dickinson,Max Majerle,Ola Ajiboye,Reggie Bass,Brian Taylor,Markus Harding
2022-23,2022-12-29,2490677,1,0,1,Michigan,Central Michigan,Wolverines,Chippewas,4,4,0,0,0,1498,Michigan,NA,NA,NA,Starting Lineup - Jett Howard,NA,FALSE,FALSE,NA,NA,NA,NA,NA,NA,1,NA,NA,NA,NA,Terrance Williams II,Jett Howard,Kobe Bufkin,Dug McDaniel,Hunter Dickinson,Max Majerle,Ola Ajiboye,Reggie Bass,Brian Taylor,Markus Harding
2022-23,2022-12-29,2490677,1,0,1,Michigan,Central Michigan,Wolverines,Chippewas,4,4,0,0,0,1345,Central Michigan,NA,NA,NA,Starting Lineup - Max Majerle,NA,FALSE,FALSE,NA,NA,NA,NA,NA,NA,1,NA,NA,NA,NA,Terrance Williams II,Jett Howard,Kobe Bufkin,Dug McDaniel,Hunter Dickinson,Max Majerle,Ola Ajiboye,Reggie Bass,Brian Taylor,Markus Harding
2022-23,2022-12-29,2490677,1,0,1,Michigan,Central Michigan,Wolverines,Chippewas,4,4,0,0,0,1345,Central Michigan,NA,NA,NA,Starting Lineup - Ola Ajiboye,NA,FALSE,FALSE,NA,NA,NA,NA,NA,NA,1,NA,NA,NA,NA,Terrance Williams II,Jett Howard,Kobe Bufkin,Dug McDaniel,Hunter Dickinson,Max Majerle,Ola Ajiboye,Reggie Bass,Brian Taylor,Markus Harding
2022-23,2022-12-29,2490677,1,0,1,Michigan,Central Michigan,Wolverines,Chippewas,4,4,0,0,0,1345,Central Michigan,NA,NA,NA,Starting Lineup - Reggie Bass,NA,FALSE,FALSE,NA,NA,NA,NA,NA,NA,1,NA,NA,NA,NA,Terrance Williams II,Jett Howard,Kobe Bufkin,Dug McDaniel,Hunter Dickinson,Max Majerle,Ola Ajiboye,Reggie Bass,Brian Taylor,Markus Harding
2022-23,2022-12-29,2490677,1,0,1,Michigan,Central Michigan,Wolverines,Chippewas,4,4,0,0,0,1498,Michigan,NA,NA,NA,Starting Lineup - Kobe Bufkin,NA,FALSE,FALSE,NA,NA,NA,NA,NA,NA,1,NA,NA,NA,NA,Terrance Williams II,Jett Howard,Kobe Bufkin,Dug McDaniel,Hunter Dickinson,Max Majerle,Ola Ajiboye,Reggie Bass,Brian Taylor,Markus Harding
2022-23,2022-12-29,2490677,1,0,1,Michigan,Central Michigan,Wolverines,Chippewas,4,4,0,0,0,1498,Michigan,NA,NA,NA,Starting Lineup - Dug McDaniel,NA,FALSE,FALSE,NA,NA,NA,NA,NA,NA,1,NA,NA,NA,NA,Terrance Williams II,Jett Howard,Kobe Bufkin,Dug McDaniel,Hunter Dickinson,Max Majerle,Ola Ajiboye,Reggie Bass,Brian Taylor,Markus Harding
2022-23,2022-12-29,2490677,1,0,1,Michigan,Central Michigan,Wolverines,Chippewas,4,4,0,0,0,1498,Michigan,NA,NA,NA,Starting Lineup - Hunter Dickinson,NA,FALSE,FALSE,NA,NA,NA,NA,NA,NA,1,NA,NA,NA,NA,Terrance Williams II,Jett Howard,Kobe Bufkin,Dug McDaniel,Hunter Dickinson,Max Majerle,Ola Ajiboye,Reggie Bass,Brian Taylor,Markus Harding
2022-23,2022-12-29,2490677,1,0,1,Michigan,Central Michigan,Wolverines,Chippewas,4,4,0,0,0,1345,Central Michigan,NA,NA,NA,Starting Lineup - Brian Taylor,NA,FALSE,FALSE,NA,NA,NA,NA,NA,NA,1,NA,NA,NA,NA,Terrance Williams II,Jett Howard,Kobe Bufkin,Dug McDaniel,Hunter Dickinson,Max Majerle,Ola Ajiboye,Reggie Bass,Brian Taylor,Markus Harding
2022-23,2022-12-29,2490677,1,0,1,Michigan,Central Michigan,Wolverines,Chippewas,4,4,0,0,0,1345,Central Michigan,NA,NA,NA,Starting Lineup - Markus Harding,NA,FALSE,FALSE,NA,NA,NA,NA,NA,NA,1,NA,NA,NA,NA,Terrance Williams II,Jett Howard,Kobe Bufkin,Dug McDaniel,Hunter Dickinson,Max Majerle,Ola Ajiboye,Reggie Bass,Brian Taylor,Markus Harding
2022-23,2022-12-29,2490677,2,0,1,Michigan,Central Michigan,Wolverines,Chippewas,4,4,0,0,0,NA,NA,2400,1200,NA,Start of the 1st Half,NA,FALSE,FALSE,NA,NA,NA,NA,NA,NA,0,NA,Michigan,1,NA,Terrance Williams II,Jett Howard,Kobe Bufkin,Dug McDaniel,Hunter Dickinson,Max Majerle,Ola Ajiboye,Reggie Bass,Brian Taylor,Markus Harding
2022-23,2022-12-29,2490677,3,0,1,Michigan,Central Michigan,Wolverines,Chippewas,4,4,0,0,0,1498,Michigan,2400,1200,0,Hunter Dickinson misses a 3-point jump shot from 24 feet out.,missed,FALSE,TRUE,Jump Shot,10,25.25,1232015,Hunter Dickinson,NA,0,Michigan,Michigan,1,NA,Terrance Williams II,Jett Howard,Kobe Bufkin,Dug McDaniel,Hunter Dickinson,Max Majerle,Ola Ajiboye,Reggie Bass,Brian Taylor,Markus Harding
2022-23,2022-12-29,2490677,4,0,1,Michigan,Central Michigan,Wolverines,Chippewas,4,4,0,0,0,1498,Michigan,2400,1200,0,Terrance Williams II with an offensive rebound.,NA,FALSE,FALSE,NA,NA,NA,NA,NA,NA,0,Michigan,Michigan,1,NA,Terrance Williams II,Jett Howard,Kobe Bufkin,Dug McDaniel,Hunter Dickinson,Max Majerle,Ola Ajiboye,Reggie Bass,Brian Taylor,Markus Harding
2022-23,2022-12-29,2490677,5,0,1,Michigan,Central Michigan,Wolverines,Chippewas,4,4,0,0,0,1498,Michigan,2400,1200,0,Brian Taylor blocks a Kobe Bufkin dunk.,missed,FALSE,FALSE,Dunk Shot,25,5.25,1324350,Kobe Bufkin,NA,0,Michigan,Michigan,1,NA,Terrance Williams II,Jett Howard,Kobe Bufkin,Dug McDaniel,Hunter Dickinson,Max Majerle,Ola Ajiboye,Reggie Bass,Brian Taylor,Markus Harding
2022-23,2022-12-29,2490677,6,0,1,Michigan,Central Michigan,Wolverines,Chippewas,4,4,0,0,0,1345,Central Michigan,2400,1200,0,Reggie Bass with a defensive rebound.,NA,FALSE,FALSE,NA,NA,NA,NA,NA,NA,0,Michigan,Central Michigan,1,NA,Terrance Williams II,Jett Howard,Kobe Bufkin,Dug McDaniel,Hunter Dickinson,Max Majerle,Ola Ajiboye,Reggie Bass,Brian Taylor,Markus Harding
2022-23,2022-12-29,2490677,7,0,1,Michigan,Central Michigan,Wolverines,Chippewas,4,4,0,0,0,1345,Central Michigan,2400,1200,0,Chippewas with a turnover: Shot Clock Turnover,NA,FALSE,FALSE,NA,NA,NA,NA,NA,NA,0,Central Michigan,Michigan,2,NA,Terrance Williams II,Jett Howard,Kobe Bufkin,Dug McDaniel,Hunter Dickinson,Max Majerle,Ola Ajiboye,Reggie Bass,Brian Taylor,Markus Harding
2022-23,2022-12-29,2490677,8,0,1,Michigan,Central Michigan,Wolverines,Chippewas,4,4,2,0,2,1498,Michigan,2332,1132,68,Jett Howard dunks. Hunter Dickinson with the assist.,made,FALSE,FALSE,Dunk Shot,26,6.25,1408232,Jett Howard,Hunter Dickinson,0,Michigan,Central Michigan,3,NA,Terrance Williams II,Jett Howard,Kobe Bufkin,Dug McDaniel,Hunter Dickinson,Max Majerle,Ola Ajiboye,Reggie Bass,Brian Taylor,Markus Harding
2022-23,2022-12-29,2490677,9,0,1,Michigan,Central Michigan,Wolverines,Chippewas,4,4,2,0,2,1345,Central Michigan,2313,1113,19,Reggie Bass misses a layup from 4 feet out.,missed,FALSE,FALSE,Layup Shot,27.1,8.05,1401604,Reggie Bass,NA,0,Central Michigan,Central Michigan,4,NA,Terrance Williams II,Jett Howard,Kobe Bufkin,Dug McDaniel,Hunter Dickinson,Max Majerle,Ola Ajiboye,Reggie Bass,Brian Taylor,Markus Harding
2022-23,2022-12-29,2490677,10,0,1,Michigan,Central Michigan,Wolverines,Chippewas,4,4,2,0,2,1345,Central Michigan,2313,1113,0,Markus Harding with an offensive rebound.,NA,FALSE,FALSE,NA,NA,NA,NA,NA,NA,0,Central Michigan,Central Michigan,4,NA,Terrance Williams II,Jett Howard,Kobe Bufkin,Dug McDaniel,Hunter Dickinson,Max Majerle,Ola Ajiboye,Reggie Bass,Brian Taylor,Markus Harding
2022-23,2022-12-29,2490677,11,0,1,Michigan,Central Michigan,Wolverines,Chippewas,4,4,2,0,2,1345,Central Michigan,2307,1107,6,Markus Harding misses a layup from 3 feet out.,missed,FALSE,FALSE,Layup Shot,23.9,8.05,1403577,Markus Harding,NA,0,Central Michigan,Central Michigan,4,NA,Terrance Williams II,Jett Howard,Kobe Bufkin,Dug McDaniel,Hunter Dickinson,Max Majerle,Ola Ajiboye,Reggie Bass,Brian Taylor,Markus Harding
2022-23,2022-12-29,2490677,12,0,1,Michigan,Central Michigan,Wolverines,Chippewas,4,4,2,0,2,1345,Central Michigan,2307,1107,0,Markus Harding with an offensive rebound.,NA,FALSE,FALSE,NA,NA,NA,NA,NA,NA,0,Central Michigan,Central Michigan,4,NA,Terrance Williams II,Jett Howard,Kobe Bufkin,Dug McDaniel,Hunter Dickinson,Max Majerle,Ola Ajiboye,Reggie Bass,Brian Taylor,Markus Harding
2022-23,2022-12-29,2490677,13,0,1,Michigan,Central Michigan,Wolverines,Chippewas,4,4,2,0,2,1345,Central Michigan,2291,1091,16,Markus Harding misses a 3-point jump shot from 23 feet out.,missed,FALSE,TRUE,Jump Shot,17.6,27.05,1403577,Markus Harding,NA,0,Central Michigan,Central Michigan,4,NA,Terrance Williams II,Jett Howard,Kobe Bufkin,Dug McDaniel,Hunter Dickinson,Max Majerle,Ola Ajiboye,Reggie Bass,Brian Taylor,Markus Harding
2022-23,2022-12-29,2490677,14,0,1,Michigan,Central Michigan,Wolverines,Chippewas,4,4,2,0,2,1498,Michigan,2291,1091,0,Terrance Williams II with a defensive rebound.,NA,FALSE,FALSE,NA,NA,NA,NA,NA,NA,0,Central Michigan,Michigan,4,NA,Terrance Williams II,Jett Howard,Kobe Bufkin,Dug McDaniel,Hunter Dickinson,Max Majerle,Ola Ajiboye,Reggie Bass,Brian Taylor,Markus Harding
2022-23,2022-12-29,2490677,15,0,1,Michigan,Central Michigan,Wolverines,Chippewas,4,4,2,0,2,1345,Central Michigan,2287,1087,4,Personal foul committed by Ola Ajiboye.,NA,FALSE,FALSE,NA,NA,NA,NA,NA,NA,0,Michigan,Michigan,5,NA,Terrance Williams II,Jett Howard,Kobe Bufkin,Dug McDaniel,Hunter Dickinson,Max Majerle,Ola Ajiboye,Reggie Bass,Brian Taylor,Markus Harding
2022-23,2022-12-29,2490677,16,0,1,Michigan,Central Michigan,Wolverines,Chippewas,4,4,5,0,5,1498,Michigan,2269,1069,18,Jett Howard makes a 3-point jump shot from 23 feet out. Dug McDaniel with the assist.,made,FALSE,TRUE,Jump Shot,18.1,26.950000000000003,1408232,Jett Howard,Dug McDaniel,0,Michigan,Central Michigan,5,NA,Terrance Williams II,Jett Howard,Kobe Bufkin,Dug McDaniel,Hunter Dickinson,Max Majerle,Ola Ajiboye,Reggie Bass,Brian Taylor,Markus Harding
2022-23,2022-12-29,2490677,17,0,1,Michigan,Central Michigan,Wolverines,Chippewas,4,4,5,0,5,1345,Central Michigan,2243,1043,26,Brian Taylor misses a jump shot from 15 feet out.,missed,FALSE,FALSE,Jump Shot,13.5,14.85,1182859,Brian Taylor,NA,0,Central Michigan,Central Michigan,6,NA,Terrance Williams II,Jett Howard,Kobe Bufkin,Dug McDaniel,Hunter Dickinson,Max Majerle,Ola Ajiboye,Reggie Bass,Brian Taylor,Markus Harding
2022-23,2022-12-29,2490677,18,0,1,Michigan,Central Michigan,Wolverines,Chippewas,4,4,5,0,5,1498,Michigan,2243,1043,0,Terrance Williams II with a defensive rebound.,NA,FALSE,FALSE,NA,NA,NA,NA,NA,NA,0,Central Michigan,Michigan,6,NA,Terrance Williams II,Jett Howard,Kobe Bufkin,Dug McDaniel,Hunter Dickinson,Max Majerle,Ola Ajiboye,Reggie Bass,Brian Taylor,Markus Harding
2022-23,2022-12-29,2490677,19,0,1,Michigan,Central Michigan,Wolverines,Chippewas,4,4,7,0,7,1498,Michigan,2234,1034,9,Kobe Bufkin makes a layup from 3 feet out. Terrance Williams II with the assist.,made,FALSE,FALSE,Layup Shot,26.8,8.049999999999997,1324350,Kobe Bufkin,Terrance Williams II,0,Michigan,Central Michigan,7,NA,Terrance Williams II,Jett Howard,Kobe Bufkin,Dug McDaniel,Hunter Dickinson,Max Majerle,Ola Ajiboye,Reggie Bass,Brian Taylor,Markus Harding
2022-23,2022-12-29,2490677,20,0,1,Michigan,Central Michigan,Wolverines,Chippewas,4,4,7,0,7,1345,Central Michigan,2206,1006,28,Reggie Bass misses a 3-point jump shot from 25 feet out.,missed,FALSE,TRUE,Jump Shot,9.3,24.25,1401604,Reggie Bass,NA,0,Central Michigan,Central Michigan,8,NA,Terrance Williams II,Jett Howard,Kobe Bufkin,Dug McDaniel,Hunter Dickinson,Max Majerle,Ola Ajiboye,Reggie Bass,Brian Taylor,Markus Harding
2022-23,2022-12-29,2490677,21,0,1,Michigan,Central Michigan,Wolverines,Chippewas,4,4,7,0,7,1345,Central Michigan,2206,1006,0,Markus Harding with an offensive rebound.,NA,FALSE,FALSE,NA,NA,NA,NA,NA,NA,0,Central Michigan,Central Michigan,8,NA,Terrance Williams II,Jett Howard,Kobe Bufkin,Dug McDaniel,Hunter Dickinson,Max Majerle,Ola Ajiboye,Reggie Bass,Brian Taylor,Markus Harding
2022-23,2022-12-29,2490677,22,0,1,Michigan,Central Michigan,Wolverines,Chippewas,4,4,7,2,5,1345,Central Michigan,2192,992,14,Brian Taylor makes a jump shot from 16 feet out.,made,FALSE,FALSE,Jump Shot,14,17.05,1182859,Brian Taylor,NA,0,Central Michigan,Michigan,8,NA,Terrance Williams II,Jett Howard,Kobe Bufkin,Dug McDaniel,Hunter Dickinson,Max Majerle,Ola Ajiboye,Reggie Bass,Brian Taylor,Markus Harding
2022-23,2022-12-29,2490677,23,0,1,Michigan,Central Michigan,Wolverines,Chippewas,4,4,7,2,5,1498,Michigan,2163,963,29,Max Majerle steals the ball from Dug McDaniel.,NA,FALSE,FALSE,NA,NA,NA,NA,NA,NA,0,Michigan,Central Michigan,9,NA,Terrance Williams II,Jett Howard,Kobe Bufkin,Dug McDaniel,Hunter Dickinson,Max Majerle,Ola Ajiboye,Reggie Bass,Brian Taylor,Markus Harding
2022-23,2022-12-29,2490677,24,0,1,Michigan,Central Michigan,Wolverines,Chippewas,4,4,7,4,3,1345,Central Michigan,2159,959,4,Max Majerle makes a layup from 4 feet out.,made,FALSE,FALSE,Layup Shot,22.9,8.55,1402585,Max Majerle,NA,0,Central Michigan,Michigan,10,NA,Terrance Williams II,Jett Howard,Kobe Bufkin,Dug McDaniel,Hunter Dickinson,Max Majerle,Ola Ajiboye,Reggie Bass,Brian Taylor,Markus Harding
2022-23,2022-12-29,2490677,25,0,1,Michigan,Central Michigan,Wolverines,Chippewas,4,4,9,4,5,1498,Michigan,2140,940,19,Dug McDaniel makes a jump shot from 14 feet out.,made,FALSE,FALSE,Jump Shot,17.4,16.549999999999997,1408230,Dug McDaniel,NA,0,Michigan,Central Michigan,11,NA,Terrance Williams II,Jett Howard,Kobe Bufkin,Dug McDaniel,Hunter Dickinson,Max Majerle,Ola Ajiboye,Reggie Bass,Brian Taylor,Markus Harding
2022-23,2022-12-29,2490677,26,0,1,Michigan,Central Michigan,Wolverines,Chippewas,4,4,9,4,5,1345,Central Michigan,2119,919,21,Reggie Bass misses a 3-point jump shot from 24 feet out.,missed,FALSE,TRUE,Jump Shot,11,24.35,1401604,Reggie Bass,NA,0,Central Michigan,Central Michigan,12,NA,Terrance Williams II,Jett Howard,Kobe Bufkin,Dug McDaniel,Hunter Dickinson,Max Majerle,Ola Ajiboye,Reggie Bass,Brian Taylor,Markus Harding
2022-23,2022-12-29,2490677,27,0,1,Michigan,Central Michigan,Wolverines,Chippewas,4,4,9,4,5,1498,Michigan,2119,919,0,Jett Howard with a defensive rebound.,NA,FALSE,FALSE,NA,NA,NA,NA,NA,NA,0,Central Michigan,Michigan,12,NA,Terrance Williams II,Jett Howard,Kobe Bufkin,Dug McDaniel,Hunter Dickinson,Max Majerle,Ola Ajiboye,Reggie Bass,Brian Taylor,Markus Harding
2022-23,2022-12-29,2490677,28,0,1,Michigan,Central Michigan,Wolverines,Chippewas,4,4,9,4,5,1345,Central Michigan,2116,916,3,Personal foul committed by Brian Taylor.,NA,FALSE,FALSE,NA,NA,NA,NA,NA,NA,0,Michigan,Michigan,13,NA,Terrance Williams II,Jett Howard,Kobe Bufkin,Dug McDaniel,Hunter Dickinson,Max Majerle,Ola Ajiboye,Reggie Bass,Brian Taylor,Markus Harding
2022-23,2022-12-29,2490677,29,0,1,Michigan,Central Michigan,Wolverines,Chippewas,4,4,9,4,5,1345,Central Michigan,2116,916,0,Substitution: Jesse Zarzuela in for Max Majerle.,NA,FALSE,FALSE,NA,NA,NA,NA,NA,NA,1,NA,NA,NA,NA,Terrance Williams II,Jett Howard,Kobe Bufkin,Dug McDaniel,Hunter Dickinson,Jesse Zarzuela,Ola Ajiboye,Reggie Bass,Brian Taylor,Markus Harding
2022-23,2022-12-29,2490677,30,0,1,Michigan,Central Michigan,Wolverines,Chippewas,4,4,9,4,5,1345,Central Michigan,2116,916,0,Substitution: Carrington McCaskill in for Ola Ajiboye.,NA,FALSE,FALSE,NA,NA,NA,NA,NA,NA,1,NA,NA,NA,NA,Terrance Williams II,Jett Howard,Kobe Bufkin,Dug McDaniel,Hunter Dickinson,Jesse Zarzuela,Carrington McCaskill,Reggie Bass,Brian Taylor,Markus Harding
2022-23,2022-12-29,2490677,31,0,1,Michigan,Central Michigan,Wolverines,Chippewas,4,4,9,4,5,1498,Michigan,2096,896,20,Kobe Bufkin misses a 3-point jump shot from 23 feet out.,missed,FALSE,TRUE,Jump Shot,42.9,19.150000000000006,1324350,Kobe Bufkin,NA,0,Michigan,Michigan,13,NA,Terrance Williams II,Jett Howard,Kobe Bufkin,Dug McDaniel,Hunter Dickinson,Jesse Zarzuela,Carrington McCaskill,Reggie Bass,Brian Taylor,Markus Harding
2022-23,2022-12-29,2490677,32,0,1,Michigan,Central Michigan,Wolverines,Chippewas,4,4,9,4,5,1345,Central Michigan,2096,896,0,Brian Taylor with a defensive rebound.,NA,FALSE,FALSE,NA,NA,NA,NA,NA,NA,0,Michigan,Central Michigan,13,NA,Terrance Williams II,Jett Howard,Kobe Bufkin,Dug McDaniel,Hunter Dickinson,Jesse Zarzuela,Carrington McCaskill,Reggie Bass,Brian Taylor,Markus Harding
2022-23,2022-12-29,2490677,33,0,1,Michigan,Central Michigan,Wolverines,Chippewas,4,4,9,6,3,1345,Central Michigan,2085,885,11,Brian Taylor makes a layup from 4 feet out. Jesse Zarzuela with the assist.,made,FALSE,FALSE,Layup Shot,23.7,8.75,1182859,Brian Taylor,Jesse Zarzuela,0,Central Michigan,Michigan,14,NA,Terrance Williams II,Jett Howard,Kobe Bufkin,Dug McDaniel,Hunter Dickinson,Jesse Zarzuela,Carrington McCaskill,Reggie Bass,Brian Taylor,Markus Harding
2022-23,2022-12-29,2490677,34,0,1,Michigan,Central Michigan,Wolverines,Chippewas,4,4,12,6,6,1498,Michigan,2062,862,23,Jett Howard makes a 3-point jump shot from 23 feet out. Kobe Bufkin with the assist.,made,FALSE,TRUE,Jump Shot,11.5,24.349999999999994,1408232,Jett Howard,Kobe Bufkin,0,Michigan,Central Michigan,15,NA,Terrance Williams II,Jett Howard,Kobe Bufkin,Dug McDaniel,Hunter Dickinson,Jesse Zarzuela,Carrington McCaskill,Reggie Bass,Brian Taylor,Markus Harding
2022-23,2022-12-29,2490677,35,0,1,Michigan,Central Michigan,Wolverines,Chippewas,4,4,12,6,6,1498,Michigan,2042,842,20,Personal foul committed by Kobe Bufkin.,NA,FALSE,FALSE,NA,NA,NA,NA,NA,NA,0,Central Michigan,Central Michigan,16,NA,Terrance Williams II,Jett Howard,Kobe Bufkin,Dug McDaniel,Hunter Dickinson,Jesse Zarzuela,Carrington McCaskill,Reggie Bass,Brian Taylor,Markus Harding
2022-23,2022-12-29,2490677,36,0,1,Michigan,Central Michigan,Wolverines,Chippewas,4,4,12,6,6,1498,Michigan,2042,842,0,Substitution: Joey Baker in for Hunter Dickinson.,NA,FALSE,FALSE,NA,NA,NA,NA,NA,NA,1,NA,NA,NA,NA,Terrance Williams II,Jett Howard,Kobe Bufkin,Dug McDaniel,Joey Baker,Jesse Zarzuela,Carrington McCaskill,Reggie Bass,Brian Taylor,Markus Harding
2022-23,2022-12-29,2490677,37,0,1,Michigan,Central Michigan,Wolverines,Chippewas,4,4,12,6,6,1498,Michigan,2042,842,0,Substitution: Tarris Reed Jr. in for Kobe Bufkin.,NA,FALSE,FALSE,NA,NA,NA,NA,NA,NA,1,NA,NA,NA,NA,Terrance Williams II,Jett Howard,Tarris Reed Jr.,Dug McDaniel,Joey Baker,Jesse Zarzuela,Carrington McCaskill,Reggie Bass,Brian Taylor,Markus Harding
2022-23,2022-12-29,2490677,38,0,1,Michigan,Central Michigan,Wolverines,Chippewas,4,4,12,6,6,1345,Central Michigan,2030,830,12,Jesse Zarzuela misses a 3-point jump shot from 24 feet out.,missed,FALSE,TRUE,Jump Shot,10.3,23.65,1177339,Jesse Zarzuela,NA,0,Central Michigan,Central Michigan,16,NA,Terrance Williams II,Jett Howard,Tarris Reed Jr.,Dug McDaniel,Joey Baker,Jesse Zarzuela,Carrington McCaskill,Reggie Bass,Brian Taylor,Markus Harding
2022-23,2022-12-29,2490677,39,0,1,Michigan,Central Michigan,Wolverines,Chippewas,4,4,12,6,6,1345,Central Michigan,2030,830,0,Jesse Zarzuela with an offensive rebound.,NA,FALSE,FALSE,NA,NA,NA,NA,NA,NA,0,Central Michigan,Central Michigan,16,NA,Terrance Williams II,Jett Howard,Tarris Reed Jr.,Dug McDaniel,Joey Baker,Jesse Zarzuela,Carrington McCaskill,Reggie Bass,Brian Taylor,Markus Harding
2022-23,2022-12-29,2490677,40,0,1,Michigan,Central Michigan,Wolverines,Chippewas,4,4,12,9,3,1345,Central Michigan,2023,823,7,Reggie Bass makes a 3-point jump shot from 23 feet out. Brian Taylor with the assist.,made,FALSE,TRUE,Jump Shot,2.1000000000000014,8.55,1401604,Reggie Bass,Brian Taylor,0,Central Michigan,Michigan,16,NA,Terrance Williams II,Jett Howard,Tarris Reed Jr.,Dug McDaniel,Joey Baker,Jesse Zarzuela,Carrington McCaskill,Reggie Bass,Brian Taylor,Markus Harding
2022-23,2022-12-29,2490677,41,0,1,Michigan,Central Michigan,Wolverines,Chippewas,4,4,15,9,6,1498,Michigan,1997,797,26,Dug McDaniel makes a 3-point jump shot from 23 feet out.,made,FALSE,TRUE,Jump Shot,9.799999999999997,22.650000000000006,1408230,Dug McDaniel,NA,0,Michigan,Central Michigan,17,NA,Terrance Williams II,Jett Howard,Tarris Reed Jr.,Dug McDaniel,Joey Baker,Jesse Zarzuela,Carrington McCaskill,Reggie Bass,Brian Taylor,Markus Harding
2022-23,2022-12-29,2490677,42,0,1,Michigan,Central Michigan,Wolverines,Chippewas,4,4,15,11,4,1345,Central Michigan,1982,782,15,Reggie Bass makes a layup from 3 feet out.,made,FALSE,FALSE,Layup Shot,26.6,7.55,1401604,Reggie Bass,NA,0,Central Michigan,Michigan,18,NA,Terrance Williams II,Jett Howard,Tarris Reed Jr.,Dug McDaniel,Joey Baker,Jesse Zarzuela,Carrington McCaskill,Reggie Bass,Brian Taylor,Markus Harding
2022-23,2022-12-29,2490677,43,0,1,Michigan,Central Michigan,Wolverines,Chippewas,4,4,15,11,4,1498,Michigan,1959,759,23,Tarris Reed Jr. misses a layup from 4 feet out.,missed,FALSE,FALSE,Layup Shot,26.8,8.549999999999997,1408243,Tarris Reed Jr.,NA,0,Michigan,Michigan,19,NA,Terrance Williams II,Jett Howard,Tarris Reed Jr.,Dug McDaniel,Joey Baker,Jesse Zarzuela,Carrington McCaskill,Reggie Bass,Brian Taylor,Markus Harding
2022-23,2022-12-29,2490677,44,0,1,Michigan,Central Michigan,Wolverines,Chippewas,4,4,15,11,4,1345,Central Michigan,1959,759,0,Markus Harding with a defensive rebound.,NA,FALSE,FALSE,NA,NA,NA,NA,NA,NA,0,Michigan,Central Michigan,19,NA,Terrance Williams II,Jett Howard,Tarris Reed Jr.,Dug McDaniel,Joey Baker,Jesse Zarzuela,Carrington McCaskill,Reggie Bass,Brian Taylor,Markus Harding
2022-23,2022-12-29,2490677,45,0,1,Michigan,Central Michigan,Wolverines,Chippewas,4,4,15,11,4,1498,Michigan,1934,734,25,Substitution: Kobe Bufkin in for Dug McDaniel.,NA,FALSE,FALSE,NA,NA,NA,NA,NA,NA,1,NA,NA,NA,NA,Terrance Williams II,Jett Howard,Tarris Reed Jr.,Kobe Bufkin,Joey Baker,Jesse Zarzuela,Carrington McCaskill,Reggie Bass,Brian Taylor,Markus Harding
2022-23,2022-12-29,2490677,46,0,1,Michigan,Central Michigan,Wolverines,Chippewas,4,4,15,11,4,1498,Michigan,1934,734,0,Substitution: Will Tschetter in for Terrance Williams II.,NA,FALSE,FALSE,NA,NA,NA,NA,NA,NA,1,NA,NA,NA,NA,Will Tschetter,Jett Howard,Tarris Reed Jr.,Kobe Bufkin,Joey Baker,Jesse Zarzuela,Carrington McCaskill,Reggie Bass,Brian Taylor,Markus Harding
2022-23,2022-12-29,2490677,47,0,1,Michigan,Central Michigan,Wolverines,Chippewas,4,4,15,11,4,1345,Central Michigan,1934,734,0,Substitution: Miroslav Stafl in for Markus Harding.,NA,FALSE,FALSE,NA,NA,NA,NA,NA,NA,1,NA,NA,NA,NA,Will Tschetter,Jett Howard,Tarris Reed Jr.,Kobe Bufkin,Joey Baker,Jesse Zarzuela,Carrington McCaskill,Reggie Bass,Brian Taylor,Miroslav Stafl
2022-23,2022-12-29,2490677,48,0,1,Michigan,Central Michigan,Wolverines,Chippewas,4,4,15,11,4,1345,Central Michigan,1933,733,1,Carrington McCaskill with a turnover - Out of Bounds,NA,FALSE,FALSE,NA,NA,NA,NA,NA,NA,0,Central Michigan,Michigan,20,NA,Will Tschetter,Jett Howard,Tarris Reed Jr.,Kobe Bufkin,Joey Baker,Jesse Zarzuela,Carrington McCaskill,Reggie Bass,Brian Taylor,Miroslav Stafl
2022-23,2022-12-29,2490677,49,0,1,Michigan,Central Michigan,Wolverines,Chippewas,4,4,15,11,4,1498,Michigan,1918,718,15,Kobe Bufkin misses a 3-point jump shot from 23 feet out.,missed,FALSE,TRUE,Jump Shot,11.600000000000001,24.25,1324350,Kobe Bufkin,NA,0,Michigan,Michigan,21,NA,Will Tschetter,Jett Howard,Tarris Reed Jr.,Kobe Bufkin,Joey Baker,Jesse Zarzuela,Carrington McCaskill,Reggie Bass,Brian Taylor,Miroslav Stafl
2022-23,2022-12-29,2490677,50,0,1,Michigan,Central Michigan,Wolverines,Chippewas,4,4,15,11,4,1345,Central Michigan,1918,718,0,Reggie Bass with a defensive rebound.,NA,FALSE,FALSE,NA,NA,NA,NA,NA,NA,0,Michigan,Central Michigan,21,NA,Will Tschetter,Jett Howard,Tarris Reed Jr.,Kobe Bufkin,Joey Baker,Jesse Zarzuela,Carrington McCaskill,Reggie Bass,Brian Taylor,Miroslav Stafl
2022-23,2022-12-29,2490677,51,0,1,Michigan,Central Michigan,Wolverines,Chippewas,4,4,15,11,4,1345,Central Michigan,1910,710,8,Reggie Bass misses a 3-point jump shot from 24 feet out.,missed,FALSE,TRUE,Jump Shot,21,28.95,1401604,Reggie Bass,NA,0,Central Michigan,Central Michigan,22,NA,Will Tschetter,Jett Howard,Tarris Reed Jr.,Kobe Bufkin,Joey Baker,Jesse Zarzuela,Carrington McCaskill,Reggie Bass,Brian Taylor,Miroslav Stafl
2022-23,2022-12-29,2490677,52,0,1,Michigan,Central Michigan,Wolverines,Chippewas,4,4,15,11,4,1498,Michigan,1910,710,0,Kobe Bufkin with a defensive rebound.,NA,FALSE,FALSE,NA,NA,NA,NA,NA,NA,0,Central Michigan,Michigan,22,NA,Will Tschetter,Jett Howard,Tarris Reed Jr.,Kobe Bufkin,Joey Baker,Jesse Zarzuela,Carrington McCaskill,Reggie Bass,Brian Taylor,Miroslav Stafl
2022-23,2022-12-29,2490677,53,0,1,Michigan,Central Michigan,Wolverines,Chippewas,4,4,15,11,4,1498,Michigan,1901,701,9,Jett Howard misses a hook shot from 6 feet out.,missed,FALSE,FALSE,Hook Shot,28.1,10.950000000000003,1408232,Jett Howard,NA,0,Michigan,Michigan,23,NA,Will Tschetter,Jett Howard,Tarris Reed Jr.,Kobe Bufkin,Joey Baker,Jesse Zarzuela,Carrington McCaskill,Reggie Bass,Brian Taylor,Miroslav Stafl
2022-23,2022-12-29,2490677,54,0,1,Michigan,Central Michigan,Wolverines,Chippewas,4,4,15,11,4,1345,Central Michigan,1901,701,0,Carrington McCaskill with a defensive rebound.,NA,FALSE,FALSE,NA,NA,NA,NA,NA,NA,0,Michigan,Central Michigan,23,NA,Will Tschetter,Jett Howard,Tarris Reed Jr.,Kobe Bufkin,Joey Baker,Jesse Zarzuela,Carrington McCaskill,Reggie Bass,Brian Taylor,Miroslav Stafl
2022-23,2022-12-29,2490677,55,0,1,Michigan,Central Michigan,Wolverines,Chippewas,4,4,15,11,4,1345,Central Michigan,1889,689,12,Jesse Zarzuela with a turnover - Bad Pass,NA,FALSE,FALSE,NA,NA,NA,NA,NA,NA,0,Central Michigan,Michigan,24,NA,Will Tschetter,Jett Howard,Tarris Reed Jr.,Kobe Bufkin,Joey Baker,Jesse Zarzuela,Carrington McCaskill,Reggie Bass,Brian Taylor,Miroslav Stafl
2022-23,2022-12-29,2490677,56,0,1,Michigan,Central Michigan,Wolverines,Chippewas,4,4,15,11,4,1498,Michigan,1887,687,2,Substitution: Dug McDaniel in for Jett Howard.,NA,FALSE,FALSE,NA,NA,NA,NA,NA,NA,1,NA,NA,NA,NA,Will Tschetter,Dug McDaniel,Tarris Reed Jr.,Kobe Bufkin,Joey Baker,Jesse Zarzuela,Carrington McCaskill,Reggie Bass,Brian Taylor,Miroslav Stafl
2022-23,2022-12-29,2490677,57,0,1,Michigan,Central Michigan,Wolverines,Chippewas,4,4,15,11,4,1345,Central Michigan,1877,677,10,Personal foul committed by Miroslav Stafl.,NA,FALSE,FALSE,NA,NA,NA,NA,NA,NA,0,Michigan,Michigan,25,NA,Will Tschetter,Dug McDaniel,Tarris Reed Jr.,Kobe Bufkin,Joey Baker,Jesse Zarzuela,Carrington McCaskill,Reggie Bass,Brian Taylor,Miroslav Stafl
2022-23,2022-12-29,2490677,58,0,1,Michigan,Central Michigan,Wolverines,Chippewas,4,4,15,11,4,1498,Michigan,1876,676,1,Offensive foul committed by Tarris Reed Jr..,NA,FALSE,FALSE,NA,NA,NA,NA,NA,NA,0,Michigan,Michigan,25,NA,Will Tschetter,Dug McDaniel,Tarris Reed Jr.,Kobe Bufkin,Joey Baker,Jesse Zarzuela,Carrington McCaskill,Reggie Bass,Brian Taylor,Miroslav Stafl
2022-23,2022-12-29,2490677,59,0,1,Michigan,Central Michigan,Wolverines,Chippewas,4,4,15,11,4,1498,Michigan,1876,676,0,Tarris Reed Jr. with a turnover,NA,FALSE,FALSE,NA,NA,NA,NA,NA,NA,0,Michigan,Central Michigan,25,NA,Will Tschetter,Dug McDaniel,Tarris Reed Jr.,Kobe Bufkin,Joey Baker,Jesse Zarzuela,Carrington McCaskill,Reggie Bass,Brian Taylor,Miroslav Stafl
2022-23,2022-12-29,2490677,60,0,1,Michigan,Central Michigan,Wolverines,Chippewas,4,4,15,11,4,1345,Central Michigan,1870,670,6,Miroslav Stafl misses a 3-point jump shot from 24 feet out.,missed,FALSE,TRUE,Jump Shot,10.6,23.85,1193944,Miroslav Stafl,NA,0,Central Michigan,Central Michigan,26,NA,Will Tschetter,Dug McDaniel,Tarris Reed Jr.,Kobe Bufkin,Joey Baker,Jesse Zarzuela,Carrington McCaskill,Reggie Bass,Brian Taylor,Miroslav Stafl
2022-23,2022-12-29,2490677,61,0,1,Michigan,Central Michigan,Wolverines,Chippewas,4,4,15,11,4,1498,Michigan,1870,670,0,Kobe Bufkin with a defensive rebound.,NA,FALSE,FALSE,NA,NA,NA,NA,NA,NA,0,Central Michigan,Michigan,26,NA,Will Tschetter,Dug McDaniel,Tarris Reed Jr.,Kobe Bufkin,Joey Baker,Jesse Zarzuela,Carrington McCaskill,Reggie Bass,Brian Taylor,Miroslav Stafl
2022-23,2022-12-29,2490677,62,0,1,Michigan,Central Michigan,Wolverines,Chippewas,4,4,15,11,4,1498,Michigan,1852,652,18,Dug McDaniel with a turnover - Lost Ball,NA,FALSE,FALSE,NA,NA,NA,NA,NA,NA,0,Michigan,Central Michigan,27,NA,Will Tschetter,Dug McDaniel,Tarris Reed Jr.,Kobe Bufkin,Joey Baker,Jesse Zarzuela,Carrington McCaskill,Reggie Bass,Brian Taylor,Miroslav Stafl
2022-23,2022-12-29,2490677,63,0,1,Michigan,Central Michigan,Wolverines,Chippewas,4,4,15,11,4,1345,Central Michigan,1845,645,7,Carrington McCaskill misses a 3-point jump shot from 23 feet out.,missed,FALSE,TRUE,Jump Shot,7.100000000000001,19.15,1176501,Carrington McCaskill,NA,0,Central Michigan,Central Michigan,28,NA,Will Tschetter,Dug McDaniel,Tarris Reed Jr.,Kobe Bufkin,Joey Baker,Jesse Zarzuela,Carrington McCaskill,Reggie Bass,Brian Taylor,Miroslav Stafl
2022-23,2022-12-29,2490677,64,0,1,Michigan,Central Michigan,Wolverines,Chippewas,4,4,15,11,4,1345,Central Michigan,1845,645,0,Miroslav Stafl with an offensive rebound.,NA,FALSE,FALSE,NA,NA,NA,NA,NA,NA,0,Central Michigan,Central Michigan,28,NA,Will Tschetter,Dug McDaniel,Tarris Reed Jr.,Kobe Bufkin,Joey Baker,Jesse Zarzuela,Carrington McCaskill,Reggie Bass,Brian Taylor,Miroslav Stafl
2022-23,2022-12-29,2490677,65,0,1,Michigan,Central Michigan,Wolverines,Chippewas,4,4,15,11,4,1498,Michigan,1837,637,8,Personal foul committed by Joey Baker.,NA,FALSE,FALSE,NA,NA,NA,NA,NA,NA,0,Central Michigan,Central Michigan,28,NA,Will Tschetter,Dug McDaniel,Tarris Reed Jr.,Kobe Bufkin,Joey Baker,Jesse Zarzuela,Carrington McCaskill,Reggie Bass,Brian Taylor,Miroslav Stafl
2022-23,2022-12-29,2490677,66,0,1,Michigan,Central Michigan,Wolverines,Chippewas,4,4,15,11,4,1498,Michigan,1837,637,0,Substitution: Jett Howard in for Dug McDaniel.,NA,FALSE,FALSE,NA,NA,NA,NA,NA,NA,1,NA,NA,NA,NA,Will Tschetter,Jett Howard,Tarris Reed Jr.,Kobe Bufkin,Joey Baker,Jesse Zarzuela,Carrington McCaskill,Reggie Bass,Brian Taylor,Miroslav Stafl
2022-23,2022-12-29,2490677,67,0,1,Michigan,Central Michigan,Wolverines,Chippewas,4,4,15,11,4,1345,Central Michigan,1837,637,0,Substitution: Markus Harding in for Miroslav Stafl.,NA,FALSE,FALSE,NA,NA,NA,NA,NA,NA,1,NA,NA,NA,NA,Will Tschetter,Jett Howard,Tarris Reed Jr.,Kobe Bufkin,Joey Baker,Jesse Zarzuela,Carrington McCaskill,Reggie Bass,Brian Taylor,Markus Harding
2022-23,2022-12-29,2490677,68,0,1,Michigan,Central Michigan,Wolverines,Chippewas,4,4,15,11,4,1345,Central Michigan,1831,631,6,Reggie Bass with a turnover - Traveling,NA,FALSE,FALSE,NA,NA,NA,NA,NA,NA,0,Central Michigan,Michigan,28,NA,Will Tschetter,Jett Howard,Tarris Reed Jr.,Kobe Bufkin,Joey Baker,Jesse Zarzuela,Carrington McCaskill,Reggie Bass,Brian Taylor,Markus Harding
2022-23,2022-12-29,2490677,69,0,1,Michigan,Central Michigan,Wolverines,Chippewas,4,4,15,11,4,1498,Michigan,1816,616,15,Joey Baker misses a jump shot from 11 feet out.,missed,FALSE,FALSE,Jump Shot,16.799999999999997,13.150000000000006,1132033,Joey Baker,NA,0,Michigan,Michigan,29,NA,Will Tschetter,Jett Howard,Tarris Reed Jr.,Kobe Bufkin,Joey Baker,Jesse Zarzuela,Carrington McCaskill,Reggie Bass,Brian Taylor,Markus Harding
2022-23,2022-12-29,2490677,70,0,1,Michigan,Central Michigan,Wolverines,Chippewas,4,4,15,11,4,1345,Central Michigan,1816,616,0,Markus Harding with a defensive rebound.,NA,FALSE,FALSE,NA,NA,NA,NA,NA,NA,0,Michigan,Central Michigan,29,NA,Will Tschetter,Jett Howard,Tarris Reed Jr.,Kobe Bufkin,Joey Baker,Jesse Zarzuela,Carrington McCaskill,Reggie Bass,Brian Taylor,Markus Harding
2022-23,2022-12-29,2490677,71,0,1,Michigan,Central Michigan,Wolverines,Chippewas,4,4,15,11,4,1498,Michigan,1804,604,12,Personal foul committed by Kobe Bufkin.,NA,FALSE,FALSE,NA,NA,NA,NA,NA,NA,0,Central Michigan,Central Michigan,30,NA,Will Tschetter,Jett Howard,Tarris Reed Jr.,Kobe Bufkin,Joey Baker,Jesse Zarzuela,Carrington McCaskill,Reggie Bass,Brian Taylor,Markus Harding
2022-23,2022-12-29,2490677,72,0,1,Michigan,Central Michigan,Wolverines,Chippewas,4,4,15,11,4,1498,Michigan,1804,604,0,Substitution: Hunter Dickinson in for Tarris Reed Jr..,NA,FALSE,FALSE,NA,NA,NA,NA,NA,NA,1,NA,NA,NA,NA,Will Tschetter,Jett Howard,Hunter Dickinson,Kobe Bufkin,Joey Baker,Jesse Zarzuela,Carrington McCaskill,Reggie Bass,Brian Taylor,Markus Harding
2022-23,2022-12-29,2490677,73,0,1,Michigan,Central Michigan,Wolverines,Chippewas,4,4,15,11,4,1345,Central Michigan,1804,604,0,Substitution: Max Majerle in for Jesse Zarzuela.,NA,FALSE,FALSE,NA,NA,NA,NA,NA,NA,1,NA,NA,NA,NA,Will Tschetter,Jett Howard,Hunter Dickinson,Kobe Bufkin,Joey Baker,Max Majerle,Carrington McCaskill,Reggie Bass,Brian Taylor,Markus Harding
2022-23,2022-12-29,2490677,74,0,1,Michigan,Central Michigan,Wolverines,Chippewas,4,4,15,11,4,1498,Michigan,1804,604,0,Substitution: Isaiah Barnes in for Kobe Bufkin.,NA,FALSE,FALSE,NA,NA,NA,NA,NA,NA,1,NA,NA,NA,NA,Will Tschetter,Jett Howard,Hunter Dickinson,Isaiah Barnes,Joey Baker,Max Majerle,Carrington McCaskill,Reggie Bass,Brian Taylor,Markus Harding
2022-23,2022-12-29,2490677,75,0,1,Michigan,Central Michigan,Wolverines,Chippewas,4,4,15,13,2,1345,Central Michigan,1785,585,19,Brian Taylor makes a jump shot from 10 feet out.,made,FALSE,FALSE,Jump Shot,18.3,12.45,1182859,Brian Taylor,NA,0,Central Michigan,Michigan,30,NA,Will Tschetter,Jett Howard,Hunter Dickinson,Isaiah Barnes,Joey Baker,Max Majerle,Carrington McCaskill,Reggie Bass,Brian Taylor,Markus Harding
2022-23,2022-12-29,2490677,76,0,1,Michigan,Central Michigan,Wolverines,Chippewas,4,4,15,13,2,1498,Michigan,1776,576,9,Joey Baker misses a 3-point jump shot from 23 feet out.,missed,FALSE,TRUE,Jump Shot,7.700000000000003,20.450000000000003,1132033,Joey Baker,NA,0,Michigan,Michigan,31,NA,Will Tschetter,Jett Howard,Hunter Dickinson,Isaiah Barnes,Joey Baker,Max Majerle,Carrington McCaskill,Reggie Bass,Brian Taylor,Markus Harding
2022-23,2022-12-29,2490677,77,0,1,Michigan,Central Michigan,Wolverines,Chippewas,4,4,15,13,2,1345,Central Michigan,1776,576,0,Carrington McCaskill with a defensive rebound.,NA,FALSE,FALSE,NA,NA,NA,NA,NA,NA,0,Michigan,Central Michigan,31,NA,Will Tschetter,Jett Howard,Hunter Dickinson,Isaiah Barnes,Joey Baker,Max Majerle,Carrington McCaskill,Reggie Bass,Brian Taylor,Markus Harding
2022-23,2022-12-29,2490677,78,0,1,Michigan,Central Michigan,Wolverines,Chippewas,4,4,15,13,2,1345,Central Michigan,1757,557,19,Reggie Bass misses a 3-point jump shot from 23 feet out.,missed,FALSE,TRUE,Jump Shot,8.399999999999999,21.45,1401604,Reggie Bass,NA,0,Central Michigan,Central Michigan,32,NA,Will Tschetter,Jett Howard,Hunter Dickinson,Isaiah Barnes,Joey Baker,Max Majerle,Carrington McCaskill,Reggie Bass,Brian Taylor,Markus Harding
2022-23,2022-12-29,2490677,79,0,1,Michigan,Central Michigan,Wolverines,Chippewas,4,4,15,13,2,1498,Michigan,1757,557,0,Will Tschetter with a defensive rebound.,NA,FALSE,FALSE,NA,NA,NA,NA,NA,NA,0,Central Michigan,Michigan,32,NA,Will Tschetter,Jett Howard,Hunter Dickinson,Isaiah Barnes,Joey Baker,Max Majerle,Carrington McCaskill,Reggie Bass,Brian Taylor,Markus Harding
2022-23,2022-12-29,2490677,80,0,1,Michigan,Central Michigan,Wolverines,Chippewas,4,4,15,13,2,1498,Michigan,1738,538,19,Isaiah Barnes misses a 3-point jump shot from 23 feet out.,missed,FALSE,TRUE,Jump Shot,41.2,20.950000000000003,1324355,Isaiah Barnes,NA,0,Michigan,Michigan,33,NA,Will Tschetter,Jett Howard,Hunter Dickinson,Isaiah Barnes,Joey Baker,Max Majerle,Carrington McCaskill,Reggie Bass,Brian Taylor,Markus Harding
2022-23,2022-12-29,2490677,81,0,1,Michigan,Central Michigan,Wolverines,Chippewas,4,4,15,13,2,1498,Michigan,1738,538,0,Hunter Dickinson with an offensive rebound.,NA,FALSE,FALSE,NA,NA,NA,NA,NA,NA,0,Michigan,Michigan,33,NA,Will Tschetter,Jett Howard,Hunter Dickinson,Isaiah Barnes,Joey Baker,Max Majerle,Carrington McCaskill,Reggie Bass,Brian Taylor,Markus Harding
2022-23,2022-12-29,2490677,82,0,1,Michigan,Central Michigan,Wolverines,Chippewas,4,4,17,13,4,1498,Michigan,1734,534,4,Hunter Dickinson makes a layup from 3 feet out.,made,FALSE,FALSE,Layup Shot,27.1,7.849999999999994,1232015,Hunter Dickinson,NA,0,Michigan,Central Michigan,33,NA,Will Tschetter,Jett Howard,Hunter Dickinson,Isaiah Barnes,Joey Baker,Max Majerle,Carrington McCaskill,Reggie Bass,Brian Taylor,Markus Harding
2022-23,2022-12-29,2490677,83,0,1,Michigan,Central Michigan,Wolverines,Chippewas,4,4,17,13,4,1345,Central Michigan,1707,507,27,Brian Taylor misses a jump shot from 15 feet out.,missed,FALSE,FALSE,Jump Shot,31.7,18.75,1182859,Brian Taylor,NA,0,Central Michigan,Central Michigan,34,NA,Will Tschetter,Jett Howard,Hunter Dickinson,Isaiah Barnes,Joey Baker,Max Majerle,Carrington McCaskill,Reggie Bass,Brian Taylor,Markus Harding
2022-23,2022-12-29,2490677,84,0,1,Michigan,Central Michigan,Wolverines,Chippewas,4,4,17,13,4,1498,Michigan,1707,507,0,Will Tschetter with a defensive rebound.,NA,FALSE,FALSE,NA,NA,NA,NA,NA,NA,0,Central Michigan,Michigan,34,NA,Will Tschetter,Jett Howard,Hunter Dickinson,Isaiah Barnes,Joey Baker,Max Majerle,Carrington McCaskill,Reggie Bass,Brian Taylor,Markus Harding
2022-23,2022-12-29,2490677,85,0,1,Michigan,Central Michigan,Wolverines,Chippewas,4,4,17,13,4,1345,Central Michigan,1690,490,17,Shooting foul committed by Brian Taylor.,NA,FALSE,FALSE,NA,NA,NA,NA,NA,NA,0,Michigan,Michigan,35,NA,Will Tschetter,Jett Howard,Hunter Dickinson,Isaiah Barnes,Joey Baker,Max Majerle,Carrington McCaskill,Reggie Bass,Brian Taylor,Markus Harding
2022-23,2022-12-29,2490677,86,0,1,Michigan,Central Michigan,Wolverines,Chippewas,4,4,18,13,5,1498,Michigan,1690,490,0,Jett Howard makes free throw 1 of 2.,made,TRUE,FALSE,NA,NA,NA,NA,NA,NA,0,Michigan,Michigan,35,NA,Will Tschetter,Jett Howard,Hunter Dickinson,Isaiah Barnes,Joey Baker,Max Majerle,Carrington McCaskill,Reggie Bass,Brian Taylor,Markus Harding
2022-23,2022-12-29,2490677,87,0,1,Michigan,Central Michigan,Wolverines,Chippewas,4,4,18,13,5,1498,Michigan,1690,490,0,Substitution: Dug McDaniel in for Joey Baker.,NA,FALSE,FALSE,NA,NA,NA,NA,NA,NA,1,NA,NA,NA,NA,Will Tschetter,Jett Howard,Hunter Dickinson,Isaiah Barnes,Dug McDaniel,Max Majerle,Carrington McCaskill,Reggie Bass,Brian Taylor,Markus Harding
2022-23,2022-12-29,2490677,88,0,1,Michigan,Central Michigan,Wolverines,Chippewas,4,4,18,13,5,1345,Central Michigan,1690,490,0,Substitution: Jesse Zarzuela in for Brian Taylor.,NA,FALSE,FALSE,NA,NA,NA,NA,NA,NA,1,NA,NA,NA,NA,Will Tschetter,Jett Howard,Hunter Dickinson,Isaiah Barnes,Dug McDaniel,Max Majerle,Carrington McCaskill,Reggie Bass,Jesse Zarzuela,Markus Harding
2022-23,2022-12-29,2490677,89,0,1,Michigan,Central Michigan,Wolverines,Chippewas,4,4,18,13,5,1345,Central Michigan,1690,490,0,Substitution: Ola Ajiboye in for Carrington McCaskill.,NA,FALSE,FALSE,NA,NA,NA,NA,NA,NA,1,NA,NA,NA,NA,Will Tschetter,Jett Howard,Hunter Dickinson,Isaiah Barnes,Dug McDaniel,Max Majerle,Ola Ajiboye,Reggie Bass,Jesse Zarzuela,Markus Harding
2022-23,2022-12-29,2490677,90,0,1,Michigan,Central Michigan,Wolverines,Chippewas,4,4,18,13,5,1498,Michigan,1690,490,0,Jett Howard misses free throw 2 of 2.,missed,TRUE,FALSE,NA,NA,NA,NA,NA,NA,0,Michigan,Michigan,35,NA,Will Tschetter,Jett Howard,Hunter Dickinson,Isaiah Barnes,Dug McDaniel,Max Majerle,Ola Ajiboye,Reggie Bass,Jesse Zarzuela,Markus Harding
2022-23,2022-12-29,2490677,91,0,1,Michigan,Central Michigan,Wolverines,Chippewas,4,4,18,13,5,1345,Central Michigan,1690,490,0,Ola Ajiboye with a defensive rebound.,NA,FALSE,FALSE,NA,NA,NA,NA,NA,NA,0,Michigan,Central Michigan,35,NA,Will Tschetter,Jett Howard,Hunter Dickinson,Isaiah Barnes,Dug McDaniel,Max Majerle,Ola Ajiboye,Reggie Bass,Jesse Zarzuela,Markus Harding
2022-23,2022-12-29,2490677,92,0,1,Michigan,Central Michigan,Wolverines,Chippewas,4,4,18,15,3,1345,Central Michigan,1672,472,18,Jesse Zarzuela makes a jump shot from 10 feet out.,made,FALSE,FALSE,Jump Shot,20.5,14.35,1177339,Jesse Zarzuela,NA,0,Central Michigan,Michigan,36,NA,Will Tschetter,Jett Howard,Hunter Dickinson,Isaiah Barnes,Dug McDaniel,Max Majerle,Ola Ajiboye,Reggie Bass,Jesse Zarzuela,Markus Harding
2022-23,2022-12-29,2490677,93,0,1,Michigan,Central Michigan,Wolverines,Chippewas,4,4,18,15,3,1498,Michigan,1651,451,21,Jett Howard misses a 3-point jump shot from 24 feet out.,missed,FALSE,TRUE,Jump Shot,45.2,17.549999999999997,1408232,Jett Howard,NA,0,Michigan,Michigan,37,NA,Will Tschetter,Jett Howard,Hunter Dickinson,Isaiah Barnes,Dug McDaniel,Max Majerle,Ola Ajiboye,Reggie Bass,Jesse Zarzuela,Markus Harding
2022-23,2022-12-29,2490677,94,0,1,Michigan,Central Michigan,Wolverines,Chippewas,4,4,18,15,3,1498,Michigan,1651,451,0,Will Tschetter with an offensive rebound.,NA,FALSE,FALSE,NA,NA,NA,NA,NA,NA,0,Michigan,Michigan,37,NA,Will Tschetter,Jett Howard,Hunter Dickinson,Isaiah Barnes,Dug McDaniel,Max Majerle,Ola Ajiboye,Reggie Bass,Jesse Zarzuela,Markus Harding
2022-23,2022-12-29,2490677,95,0,1,Michigan,Central Michigan,Wolverines,Chippewas,4,4,18,15,3,1345,Central Michigan,1649,449,2,Shooting foul committed by Max Majerle.,NA,FALSE,FALSE,NA,NA,NA,NA,NA,NA,0,Michigan,Michigan,37,NA,Will Tschetter,Jett Howard,Hunter Dickinson,Isaiah Barnes,Dug McDaniel,Max Majerle,Ola Ajiboye,Reggie Bass,Jesse Zarzuela,Markus Harding
2022-23,2022-12-29,2490677,96,0,1,Michigan,Central Michigan,Wolverines,Chippewas,4,4,18,15,3,1498,Michigan,1649,449,0,Will Tschetter misses free throw 1 of 2.,missed,TRUE,FALSE,NA,NA,NA,NA,NA,NA,0,Michigan,Michigan,37,NA,Will Tschetter,Jett Howard,Hunter Dickinson,Isaiah Barnes,Dug McDaniel,Max Majerle,Ola Ajiboye,Reggie Bass,Jesse Zarzuela,Markus Harding
2022-23,2022-12-29,2490677,98,0,1,Michigan,Central Michigan,Wolverines,Chippewas,4,4,19,15,4,1498,Michigan,1649,449,0,Will Tschetter makes free throw 2 of 2.,made,TRUE,FALSE,NA,NA,NA,NA,NA,NA,0,Michigan,Central Michigan,37,NA,Will Tschetter,Jett Howard,Hunter Dickinson,Isaiah Barnes,Dug McDaniel,Max Majerle,Ola Ajiboye,Reggie Bass,Jesse Zarzuela,Markus Harding
2022-23,2022-12-29,2490677,99,0,1,Michigan,Central Michigan,Wolverines,Chippewas,4,4,19,15,4,1498,Michigan,1649,449,0,Substitution: Terrance Williams II in for Will Tschetter.,NA,FALSE,FALSE,NA,NA,NA,NA,NA,NA,1,NA,NA,NA,NA,Terrance Williams II,Jett Howard,Hunter Dickinson,Isaiah Barnes,Dug McDaniel,Max Majerle,Ola Ajiboye,Reggie Bass,Jesse Zarzuela,Markus Harding
2022-23,2022-12-29,2490677,100,0,1,Michigan,Central Michigan,Wolverines,Chippewas,4,4,19,15,4,1345,Central Michigan,1618,418,31,Jesse Zarzuela with a turnover - Traveling,NA,FALSE,FALSE,NA,NA,NA,NA,NA,NA,0,Central Michigan,Michigan,38,NA,Terrance Williams II,Jett Howard,Hunter Dickinson,Isaiah Barnes,Dug McDaniel,Max Majerle,Ola Ajiboye,Reggie Bass,Jesse Zarzuela,Markus Harding
2022-23,2022-12-29,2490677,101,0,1,Michigan,Central Michigan,Wolverines,Chippewas,4,4,19,15,4,1345,Central Michigan,1618,418,0,Substitution: Brian Taylor in for Reggie Bass.,NA,FALSE,FALSE,NA,NA,NA,NA,NA,NA,1,NA,NA,NA,NA,Terrance Williams II,Jett Howard,Hunter Dickinson,Isaiah Barnes,Dug McDaniel,Max Majerle,Ola Ajiboye,Brian Taylor,Jesse Zarzuela,Markus Harding
2022-23,2022-12-29,2490677,102,0,1,Michigan,Central Michigan,Wolverines,Chippewas,4,4,21,15,6,1498,Michigan,1603,403,15,Hunter Dickinson dunks. Dug McDaniel with the assist.,made,FALSE,FALSE,Dunk Shot,25,5.25,1232015,Hunter Dickinson,Dug McDaniel,0,Michigan,Central Michigan,39,NA,Terrance Williams II,Jett Howard,Hunter Dickinson,Isaiah Barnes,Dug McDaniel,Max Majerle,Ola Ajiboye,Brian Taylor,Jesse Zarzuela,Markus Harding
2022-23,2022-12-29,2490677,103,0,1,Michigan,Central Michigan,Wolverines,Chippewas,4,4,21,15,6,1498,Michigan,1603,403,0,Substitution: Tarris Reed Jr. in for Hunter Dickinson.,NA,FALSE,FALSE,NA,NA,NA,NA,NA,NA,1,NA,NA,NA,NA,Terrance Williams II,Jett Howard,Tarris Reed Jr.,Isaiah Barnes,Dug McDaniel,Max Majerle,Ola Ajiboye,Brian Taylor,Jesse Zarzuela,Markus Harding
2022-23,2022-12-29,2490677,104,0,1,Michigan,Central Michigan,Wolverines,Chippewas,4,4,21,15,6,1345,Central Michigan,1589,389,14,Jesse Zarzuela misses a 3-point jump shot from 24 feet out.,missed,FALSE,TRUE,Jump Shot,9.1,22.85,1177339,Jesse Zarzuela,NA,0,Central Michigan,Central Michigan,40,NA,Terrance Williams II,Jett Howard,Tarris Reed Jr.,Isaiah Barnes,Dug McDaniel,Max Majerle,Ola Ajiboye,Brian Taylor,Jesse Zarzuela,Markus Harding
2022-23,2022-12-29,2490677,105,0,1,Michigan,Central Michigan,Wolverines,Chippewas,4,4,21,15,6,1498,Michigan,1589,389,0,Isaiah Barnes with a defensive rebound.,NA,FALSE,FALSE,NA,NA,NA,NA,NA,NA,0,Central Michigan,Michigan,40,NA,Terrance Williams II,Jett Howard,Tarris Reed Jr.,Isaiah Barnes,Dug McDaniel,Max Majerle,Ola Ajiboye,Brian Taylor,Jesse Zarzuela,Markus Harding
2022-23,2022-12-29,2490677,106,0,1,Michigan,Central Michigan,Wolverines,Chippewas,4,4,21,15,6,1498,Michigan,1562,362,27,Terrance Williams II misses a jump shot from 11 feet out.,missed,FALSE,FALSE,Jump Shot,17,13.25,1232004,Terrance Williams II,NA,0,Michigan,Michigan,41,NA,Terrance Williams II,Jett Howard,Tarris Reed Jr.,Isaiah Barnes,Dug McDaniel,Max Majerle,Ola Ajiboye,Brian Taylor,Jesse Zarzuela,Markus Harding
2022-23,2022-12-29,2490677,107,0,1,Michigan,Central Michigan,Wolverines,Chippewas,4,4,21,15,6,1498,Michigan,1562,362,0,Isaiah Barnes with an offensive rebound.,NA,FALSE,FALSE,NA,NA,NA,NA,NA,NA,0,Michigan,Michigan,41,NA,Terrance Williams II,Jett Howard,Tarris Reed Jr.,Isaiah Barnes,Dug McDaniel,Max Majerle,Ola Ajiboye,Brian Taylor,Jesse Zarzuela,Markus Harding
2022-23,2022-12-29,2490677,108,0,1,Michigan,Central Michigan,Wolverines,Chippewas,4,4,21,15,6,1498,Michigan,1562,362,0,Isaiah Barnes misses a layup from 3 feet out.,missed,FALSE,FALSE,Layup Shot,25,8.25,1324355,Isaiah Barnes,NA,0,Michigan,Michigan,41,NA,Terrance Williams II,Jett Howard,Tarris Reed Jr.,Isaiah Barnes,Dug McDaniel,Max Majerle,Ola Ajiboye,Brian Taylor,Jesse Zarzuela,Markus Harding
2022-23,2022-12-29,2490677,109,0,1,Michigan,Central Michigan,Wolverines,Chippewas,4,4,21,15,6,1345,Central Michigan,1562,362,0,Markus Harding with a defensive rebound.,NA,FALSE,FALSE,NA,NA,NA,NA,NA,NA,0,Michigan,Central Michigan,41,NA,Terrance Williams II,Jett Howard,Tarris Reed Jr.,Isaiah Barnes,Dug McDaniel,Max Majerle,Ola Ajiboye,Brian Taylor,Jesse Zarzuela,Markus Harding
2022-23,2022-12-29,2490677,110,0,1,Michigan,Central Michigan,Wolverines,Chippewas,4,4,21,15,6,1345,Central Michigan,1555,355,7,Offensive foul committed by Jesse Zarzuela.,NA,FALSE,FALSE,NA,NA,NA,NA,NA,NA,0,Central Michigan,Central Michigan,42,NA,Terrance Williams II,Jett Howard,Tarris Reed Jr.,Isaiah Barnes,Dug McDaniel,Max Majerle,Ola Ajiboye,Brian Taylor,Jesse Zarzuela,Markus Harding
2022-23,2022-12-29,2490677,111,0,1,Michigan,Central Michigan,Wolverines,Chippewas,4,4,21,15,6,1345,Central Michigan,1555,355,0,Jesse Zarzuela with a turnover,NA,FALSE,FALSE,NA,NA,NA,NA,NA,NA,0,Central Michigan,Michigan,42,NA,Terrance Williams II,Jett Howard,Tarris Reed Jr.,Isaiah Barnes,Dug McDaniel,Max Majerle,Ola Ajiboye,Brian Taylor,Jesse Zarzuela,Markus Harding
2022-23,2022-12-29,2490677,112,0,1,Michigan,Central Michigan,Wolverines,Chippewas,4,4,21,15,6,1498,Michigan,1555,355,0,Substitution: Hunter Dickinson in for Isaiah Barnes.,NA,FALSE,FALSE,NA,NA,NA,NA,NA,NA,1,NA,NA,NA,NA,Terrance Williams II,Jett Howard,Tarris Reed Jr.,Hunter Dickinson,Dug McDaniel,Max Majerle,Ola Ajiboye,Brian Taylor,Jesse Zarzuela,Markus Harding
2022-23,2022-12-29,2490677,113,0,1,Michigan,Central Michigan,Wolverines,Chippewas,4,4,21,15,6,1498,Michigan,1555,355,0,Substitution: Jace Howard in for Tarris Reed Jr..,NA,FALSE,FALSE,NA,NA,NA,NA,NA,NA,1,NA,NA,NA,NA,Terrance Williams II,Jett Howard,Jace Howard,Hunter Dickinson,Dug McDaniel,Max Majerle,Ola Ajiboye,Brian Taylor,Jesse Zarzuela,Markus Harding
2022-23,2022-12-29,2490677,114,0,1,Michigan,Central Michigan,Wolverines,Chippewas,4,4,21,15,6,1345,Central Michigan,1555,355,0,Substitution: Reggie Bass in for Jesse Zarzuela.,NA,FALSE,FALSE,NA,NA,NA,NA,NA,NA,1,NA,NA,NA,NA,Terrance Williams II,Jett Howard,Jace Howard,Hunter Dickinson,Dug McDaniel,Max Majerle,Ola Ajiboye,Brian Taylor,Reggie Bass,Markus Harding
2022-23,2022-12-29,2490677,115,0,1,Michigan,Central Michigan,Wolverines,Chippewas,4,4,23,15,8,1498,Michigan,1549,349,6,Dug McDaniel makes a jump shot from 13 feet out.,made,FALSE,FALSE,Jump Shot,15.700000000000003,14.150000000000006,1408230,Dug McDaniel,NA,0,Michigan,Central Michigan,43,NA,Terrance Williams II,Jett Howard,Jace Howard,Hunter Dickinson,Dug McDaniel,Max Majerle,Ola Ajiboye,Brian Taylor,Reggie Bass,Markus Harding
2022-23,2022-12-29,2490677,116,0,1,Michigan,Central Michigan,Wolverines,Chippewas,4,4,23,15,8,1345,Central Michigan,1520,320,29,Markus Harding misses a 3-point jump shot from 23 feet out.,missed,FALSE,TRUE,Jump Shot,15.4,26.25,1403577,Markus Harding,NA,0,Central Michigan,Central Michigan,44,NA,Terrance Williams II,Jett Howard,Jace Howard,Hunter Dickinson,Dug McDaniel,Max Majerle,Ola Ajiboye,Brian Taylor,Reggie Bass,Markus Harding
2022-23,2022-12-29,2490677,118,0,1,Michigan,Central Michigan,Wolverines,Chippewas,4,4,23,17,6,1345,Central Michigan,1514,314,6,Brian Taylor makes a jump shot from 15 feet out.,made,FALSE,FALSE,Jump Shot,13.5,15.15,1182859,Brian Taylor,NA,0,Central Michigan,Michigan,44,NA,Terrance Williams II,Jett Howard,Jace Howard,Hunter Dickinson,Dug McDaniel,Max Majerle,Ola Ajiboye,Brian Taylor,Reggie Bass,Markus Harding
2022-23,2022-12-29,2490677,119,0,1,Michigan,Central Michigan,Wolverines,Chippewas,4,4,23,17,6,1498,Michigan,1487,287,27,Offensive foul committed by Jace Howard.,NA,FALSE,FALSE,NA,NA,NA,NA,NA,NA,0,Michigan,Michigan,45,NA,Terrance Williams II,Jett Howard,Jace Howard,Hunter Dickinson,Dug McDaniel,Max Majerle,Ola Ajiboye,Brian Taylor,Reggie Bass,Markus Harding
2022-23,2022-12-29,2490677,120,0,1,Michigan,Central Michigan,Wolverines,Chippewas,4,4,23,17,6,1498,Michigan,1487,287,0,Jace Howard with a turnover,NA,FALSE,FALSE,NA,NA,NA,NA,NA,NA,0,Michigan,Central Michigan,45,NA,Terrance Williams II,Jett Howard,Jace Howard,Hunter Dickinson,Dug McDaniel,Max Majerle,Ola Ajiboye,Brian Taylor,Reggie Bass,Markus Harding
2022-23,2022-12-29,2490677,121,0,1,Michigan,Central Michigan,Wolverines,Chippewas,4,4,23,17,6,1345,Central Michigan,1462,262,25,Markus Harding misses a 3-point jump shot from 22 feet out.,missed,FALSE,TRUE,Jump Shot,11.6,23.35,1403577,Markus Harding,NA,0,Central Michigan,Central Michigan,46,NA,Terrance Williams II,Jett Howard,Jace Howard,Hunter Dickinson,Dug McDaniel,Max Majerle,Ola Ajiboye,Brian Taylor,Reggie Bass,Markus Harding
2022-23,2022-12-29,2490677,122,0,1,Michigan,Central Michigan,Wolverines,Chippewas,4,4,23,17,6,1345,Central Michigan,1462,262,0,Ola Ajiboye with an offensive rebound.,NA,FALSE,FALSE,NA,NA,NA,NA,NA,NA,0,Central Michigan,Central Michigan,46,NA,Terrance Williams II,Jett Howard,Jace Howard,Hunter Dickinson,Dug McDaniel,Max Majerle,Ola Ajiboye,Brian Taylor,Reggie Bass,Markus Harding
2022-23,2022-12-29,2490677,123,0,1,Michigan,Central Michigan,Wolverines,Chippewas,4,4,23,17,6,1345,Central Michigan,1458,258,4,Offensive foul committed by Max Majerle.,NA,FALSE,FALSE,NA,NA,NA,NA,NA,NA,0,Central Michigan,Central Michigan,46,NA,Terrance Williams II,Jett Howard,Jace Howard,Hunter Dickinson,Dug McDaniel,Max Majerle,Ola Ajiboye,Brian Taylor,Reggie Bass,Markus Harding
2022-23,2022-12-29,2490677,124,0,1,Michigan,Central Michigan,Wolverines,Chippewas,4,4,23,17,6,1345,Central Michigan,1458,258,0,Max Majerle with a turnover,NA,FALSE,FALSE,NA,NA,NA,NA,NA,NA,0,Central Michigan,Michigan,46,NA,Terrance Williams II,Jett Howard,Jace Howard,Hunter Dickinson,Dug McDaniel,Max Majerle,Ola Ajiboye,Brian Taylor,Reggie Bass,Markus Harding
2022-23,2022-12-29,2490677,125,0,1,Michigan,Central Michigan,Wolverines,Chippewas,4,4,23,17,6,1498,Michigan,1448,248,10,Offensive foul committed by Terrance Williams II.,NA,FALSE,FALSE,NA,NA,NA,NA,NA,NA,0,Michigan,Michigan,47,NA,Terrance Williams II,Jett Howard,Jace Howard,Hunter Dickinson,Dug McDaniel,Max Majerle,Ola Ajiboye,Brian Taylor,Reggie Bass,Markus Harding
2022-23,2022-12-29,2490677,126,0,1,Michigan,Central Michigan,Wolverines,Chippewas,4,4,23,17,6,1498,Michigan,1448,248,0,Terrance Williams II with a turnover,NA,FALSE,FALSE,NA,NA,NA,NA,NA,NA,0,Michigan,Central Michigan,47,NA,Terrance Williams II,Jett Howard,Jace Howard,Hunter Dickinson,Dug McDaniel,Max Majerle,Ola Ajiboye,Brian Taylor,Reggie Bass,Markus Harding
2022-23,2022-12-29,2490677,127,0,1,Michigan,Central Michigan,Wolverines,Chippewas,4,4,23,17,6,1345,Central Michigan,1448,248,0,Substitution: Miroslav Stafl in for Markus Harding.,NA,FALSE,FALSE,NA,NA,NA,NA,NA,NA,1,NA,NA,NA,NA,Terrance Williams II,Jett Howard,Jace Howard,Hunter Dickinson,Dug McDaniel,Max Majerle,Ola Ajiboye,Brian Taylor,Reggie Bass,Miroslav Stafl
2022-23,2022-12-29,2490677,128,0,1,Michigan,Central Michigan,Wolverines,Chippewas,4,4,23,17,6,1345,Central Michigan,1434,234,14,Offensive foul committed by Miroslav Stafl.,NA,FALSE,FALSE,NA,NA,NA,NA,NA,NA,0,Central Michigan,Central Michigan,48,NA,Terrance Williams II,Jett Howard,Jace Howard,Hunter Dickinson,Dug McDaniel,Max Majerle,Ola Ajiboye,Brian Taylor,Reggie Bass,Miroslav Stafl
2022-23,2022-12-29,2490677,129,0,1,Michigan,Central Michigan,Wolverines,Chippewas,4,4,23,17,6,1345,Central Michigan,1434,234,0,Miroslav Stafl with a turnover,NA,FALSE,FALSE,NA,NA,NA,NA,NA,NA,0,Central Michigan,Michigan,48,NA,Terrance Williams II,Jett Howard,Jace Howard,Hunter Dickinson,Dug McDaniel,Max Majerle,Ola Ajiboye,Brian Taylor,Reggie Bass,Miroslav Stafl
2022-23,2022-12-29,2490677,130,0,1,Michigan,Central Michigan,Wolverines,Chippewas,4,4,23,17,6,1345,Central Michigan,1433,233,1,Substitution: Jesse Zarzuela in for Max Majerle.,NA,FALSE,FALSE,NA,NA,NA,NA,NA,NA,1,NA,NA,NA,NA,Terrance Williams II,Jett Howard,Jace Howard,Hunter Dickinson,Dug McDaniel,Jesse Zarzuela,Ola Ajiboye,Brian Taylor,Reggie Bass,Miroslav Stafl
2022-23,2022-12-29,2490677,131,0,1,Michigan,Central Michigan,Wolverines,Chippewas,4,4,23,17,6,1498,Michigan,1420,220,13,Hunter Dickinson misses a layup from 3 feet out.,missed,FALSE,FALSE,Layup Shot,26.8,7.75,1232015,Hunter Dickinson,NA,0,Michigan,Michigan,49,NA,Terrance Williams II,Jett Howard,Jace Howard,Hunter Dickinson,Dug McDaniel,Jesse Zarzuela,Ola Ajiboye,Brian Taylor,Reggie Bass,Miroslav Stafl
2022-23,2022-12-29,2490677,132,0,1,Michigan,Central Michigan,Wolverines,Chippewas,4,4,23,17,6,1345,Central Michigan,1420,220,0,Miroslav Stafl with a defensive rebound.,NA,FALSE,FALSE,NA,NA,NA,NA,NA,NA,0,Michigan,Central Michigan,49,NA,Terrance Williams II,Jett Howard,Jace Howard,Hunter Dickinson,Dug McDaniel,Jesse Zarzuela,Ola Ajiboye,Brian Taylor,Reggie Bass,Miroslav Stafl
2022-23,2022-12-29,2490677,133,0,1,Michigan,Central Michigan,Wolverines,Chippewas,4,4,23,19,4,1345,Central Michigan,1401,201,19,Ola Ajiboye makes a layup from 4 feet out.,made,FALSE,FALSE,Layup Shot,26.4,9.05,1401607,Ola Ajiboye,NA,0,Central Michigan,Michigan,50,NA,Terrance Williams II,Jett Howard,Jace Howard,Hunter Dickinson,Dug McDaniel,Jesse Zarzuela,Ola Ajiboye,Brian Taylor,Reggie Bass,Miroslav Stafl
2022-23,2022-12-29,2490677,134,0,1,Michigan,Central Michigan,Wolverines,Chippewas,4,4,23,19,4,1498,Michigan,1389,189,12,Dug McDaniel misses a jump shot from 15 feet out.,missed,FALSE,FALSE,Jump Shot,34.1,16.75,1408230,Dug McDaniel,NA,0,Michigan,Michigan,51,NA,Terrance Williams II,Jett Howard,Jace Howard,Hunter Dickinson,Dug McDaniel,Jesse Zarzuela,Ola Ajiboye,Brian Taylor,Reggie Bass,Miroslav Stafl
2022-23,2022-12-29,2490677,135,0,1,Michigan,Central Michigan,Wolverines,Chippewas,4,4,23,19,4,1345,Central Michigan,1389,189,0,Reggie Bass with a defensive rebound.,NA,FALSE,FALSE,NA,NA,NA,NA,NA,NA,0,Michigan,Central Michigan,51,NA,Terrance Williams II,Jett Howard,Jace Howard,Hunter Dickinson,Dug McDaniel,Jesse Zarzuela,Ola Ajiboye,Brian Taylor,Reggie Bass,Miroslav Stafl
2022-23,2022-12-29,2490677,136,0,1,Michigan,Central Michigan,Wolverines,Chippewas,4,4,23,19,4,1345,Central Michigan,1375,175,14,Terrance Williams II steals the ball from Miroslav Stafl.,NA,FALSE,FALSE,NA,NA,NA,NA,NA,NA,0,Central Michigan,Michigan,52,NA,Terrance Williams II,Jett Howard,Jace Howard,Hunter Dickinson,Dug McDaniel,Jesse Zarzuela,Ola Ajiboye,Brian Taylor,Reggie Bass,Miroslav Stafl
2022-23,2022-12-29,2490677,137,0,1,Michigan,Central Michigan,Wolverines,Chippewas,4,4,23,19,4,1498,Michigan,1367,167,8,Jett Howard misses a jump shot from 15 feet out.,missed,FALSE,FALSE,Jump Shot,15.399999999999999,16.849999999999994,1408232,Jett Howard,NA,0,Michigan,Michigan,53,NA,Terrance Williams II,Jett Howard,Jace Howard,Hunter Dickinson,Dug McDaniel,Jesse Zarzuela,Ola Ajiboye,Brian Taylor,Reggie Bass,Miroslav Stafl
2022-23,2022-12-29,2490677,138,0,1,Michigan,Central Michigan,Wolverines,Chippewas,4,4,23,19,4,1345,Central Michigan,1367,167,0,Jesse Zarzuela with a defensive rebound.,NA,FALSE,FALSE,NA,NA,NA,NA,NA,NA,0,Michigan,Central Michigan,53,NA,Terrance Williams II,Jett Howard,Jace Howard,Hunter Dickinson,Dug McDaniel,Jesse Zarzuela,Ola Ajiboye,Brian Taylor,Reggie Bass,Miroslav Stafl
2022-23,2022-12-29,2490677,139,0,1,Michigan,Central Michigan,Wolverines,Chippewas,4,4,23,21,2,1345,Central Michigan,1350,150,17,Brian Taylor dunks. Jesse Zarzuela with the assist.,made,FALSE,FALSE,Dunk Shot,25,5.25,1182859,Brian Taylor,Jesse Zarzuela,0,Central Michigan,Michigan,54,NA,Terrance Williams II,Jett Howard,Jace Howard,Hunter Dickinson,Dug McDaniel,Jesse Zarzuela,Ola Ajiboye,Brian Taylor,Reggie Bass,Miroslav Stafl
2022-23,2022-12-29,2490677,140,0,1,Michigan,Central Michigan,Wolverines,Chippewas,4,4,23,21,2,1345,Central Michigan,1328,128,22,Shooting foul committed by Miroslav Stafl.,NA,FALSE,FALSE,NA,NA,NA,NA,NA,NA,0,Michigan,Michigan,55,NA,Terrance Williams II,Jett Howard,Jace Howard,Hunter Dickinson,Dug McDaniel,Jesse Zarzuela,Ola Ajiboye,Brian Taylor,Reggie Bass,Miroslav Stafl
2022-23,2022-12-29,2490677,141,0,1,Michigan,Central Michigan,Wolverines,Chippewas,4,4,23,21,2,1498,Michigan,1328,128,0,Hunter Dickinson misses free throw 1 of 2.,missed,TRUE,FALSE,NA,NA,NA,NA,NA,NA,0,Michigan,Michigan,55,NA,Terrance Williams II,Jett Howard,Jace Howard,Hunter Dickinson,Dug McDaniel,Jesse Zarzuela,Ola Ajiboye,Brian Taylor,Reggie Bass,Miroslav Stafl
2022-23,2022-12-29,2490677,143,0,1,Michigan,Central Michigan,Wolverines,Chippewas,4,4,23,21,2,1345,Central Michigan,1328,128,0,Substitution: Markus Harding in for Miroslav Stafl.,NA,FALSE,FALSE,NA,NA,NA,NA,NA,NA,1,NA,NA,NA,NA,Terrance Williams II,Jett Howard,Jace Howard,Hunter Dickinson,Dug McDaniel,Jesse Zarzuela,Ola Ajiboye,Brian Taylor,Reggie Bass,Markus Harding
2022-23,2022-12-29,2490677,144,0,1,Michigan,Central Michigan,Wolverines,Chippewas,4,4,24,21,3,1498,Michigan,1328,128,0,Hunter Dickinson makes free throw 2 of 2.,made,TRUE,FALSE,NA,NA,NA,NA,NA,NA,0,Michigan,Central Michigan,55,NA,Terrance Williams II,Jett Howard,Jace Howard,Hunter Dickinson,Dug McDaniel,Jesse Zarzuela,Ola Ajiboye,Brian Taylor,Reggie Bass,Markus Harding
2022-23,2022-12-29,2490677,145,0,1,Michigan,Central Michigan,Wolverines,Chippewas,4,4,24,21,3,1345,Central Michigan,1312,112,16,Jesse Zarzuela misses a layup from 4 feet out.,missed,FALSE,FALSE,Layup Shot,24.6,8.75,1177339,Jesse Zarzuela,NA,0,Central Michigan,Central Michigan,56,NA,Terrance Williams II,Jett Howard,Jace Howard,Hunter Dickinson,Dug McDaniel,Jesse Zarzuela,Ola Ajiboye,Brian Taylor,Reggie Bass,Markus Harding
2022-23,2022-12-29,2490677,146,0,1,Michigan,Central Michigan,Wolverines,Chippewas,4,4,24,21,3,1345,Central Michigan,1312,112,0,Markus Harding with an offensive rebound.,NA,FALSE,FALSE,NA,NA,NA,NA,NA,NA,0,Central Michigan,Central Michigan,56,NA,Terrance Williams II,Jett Howard,Jace Howard,Hunter Dickinson,Dug McDaniel,Jesse Zarzuela,Ola Ajiboye,Brian Taylor,Reggie Bass,Markus Harding
2022-23,2022-12-29,2490677,147,0,1,Michigan,Central Michigan,Wolverines,Chippewas,4,4,24,21,3,1345,Central Michigan,1307,107,5,Reggie Bass misses a 3-point jump shot from 23 feet out.,missed,FALSE,TRUE,Jump Shot,9.4,21.85,1401604,Reggie Bass,NA,0,Central Michigan,Central Michigan,56,NA,Terrance Williams II,Jett Howard,Jace Howard,Hunter Dickinson,Dug McDaniel,Jesse Zarzuela,Ola Ajiboye,Brian Taylor,Reggie Bass,Markus Harding
2022-23,2022-12-29,2490677,148,0,1,Michigan,Central Michigan,Wolverines,Chippewas,4,4,24,21,3,1498,Michigan,1307,107,0,Dug McDaniel with a defensive rebound.,NA,FALSE,FALSE,NA,NA,NA,NA,NA,NA,0,Central Michigan,Michigan,56,NA,Terrance Williams II,Jett Howard,Jace Howard,Hunter Dickinson,Dug McDaniel,Jesse Zarzuela,Ola Ajiboye,Brian Taylor,Reggie Bass,Markus Harding
2022-23,2022-12-29,2490677,149,0,1,Michigan,Central Michigan,Wolverines,Chippewas,4,4,24,21,3,1498,Michigan,1290,90,17,Hunter Dickinson misses a jump shot from 13 feet out.,missed,FALSE,FALSE,Jump Shot,17.6,15.349999999999994,1232015,Hunter Dickinson,NA,0,Michigan,Michigan,57,NA,Terrance Williams II,Jett Howard,Jace Howard,Hunter Dickinson,Dug McDaniel,Jesse Zarzuela,Ola Ajiboye,Brian Taylor,Reggie Bass,Markus Harding
2022-23,2022-12-29,2490677,150,0,1,Michigan,Central Michigan,Wolverines,Chippewas,4,4,24,21,3,1498,Michigan,1290,90,0,Terrance Williams II with an offensive rebound.,NA,FALSE,FALSE,NA,NA,NA,NA,NA,NA,0,Michigan,Michigan,57,NA,Terrance Williams II,Jett Howard,Jace Howard,Hunter Dickinson,Dug McDaniel,Jesse Zarzuela,Ola Ajiboye,Brian Taylor,Reggie Bass,Markus Harding
2022-23,2022-12-29,2490677,151,0,1,Michigan,Central Michigan,Wolverines,Chippewas,4,4,24,21,3,1498,Michigan,1286,86,4,Terrance Williams II misses a jump shot from 12 feet out.,missed,FALSE,FALSE,Jump Shot,13,7.049999999999997,1232004,Terrance Williams II,NA,0,Michigan,Michigan,57,NA,Terrance Williams II,Jett Howard,Jace Howard,Hunter Dickinson,Dug McDaniel,Jesse Zarzuela,Ola Ajiboye,Brian Taylor,Reggie Bass,Markus Harding
2022-23,2022-12-29,2490677,152,0,1,Michigan,Central Michigan,Wolverines,Chippewas,4,4,24,21,3,1345,Central Michigan,1286,86,0,Reggie Bass with a defensive rebound.,NA,FALSE,FALSE,NA,NA,NA,NA,NA,NA,0,Michigan,Central Michigan,57,NA,Terrance Williams II,Jett Howard,Jace Howard,Hunter Dickinson,Dug McDaniel,Jesse Zarzuela,Ola Ajiboye,Brian Taylor,Reggie Bass,Markus Harding
2022-23,2022-12-29,2490677,153,0,1,Michigan,Central Michigan,Wolverines,Chippewas,4,4,24,21,3,1345,Central Michigan,1269,69,17,Markus Harding misses a 3-point jump shot from 23 feet out.,missed,FALSE,TRUE,Jump Shot,11.5,24.35,1403577,Markus Harding,NA,0,Central Michigan,Central Michigan,58,NA,Terrance Williams II,Jett Howard,Jace Howard,Hunter Dickinson,Dug McDaniel,Jesse Zarzuela,Ola Ajiboye,Brian Taylor,Reggie Bass,Markus Harding
2022-23,2022-12-29,2490677,154,0,1,Michigan,Central Michigan,Wolverines,Chippewas,4,4,24,21,3,1345,Central Michigan,1269,69,0,Ola Ajiboye with an offensive rebound.,NA,FALSE,FALSE,NA,NA,NA,NA,NA,NA,0,Central Michigan,Central Michigan,58,NA,Terrance Williams II,Jett Howard,Jace Howard,Hunter Dickinson,Dug McDaniel,Jesse Zarzuela,Ola Ajiboye,Brian Taylor,Reggie Bass,Markus Harding
2022-23,2022-12-29,2490677,155,0,1,Michigan,Central Michigan,Wolverines,Chippewas,4,4,24,23,1,1345,Central Michigan,1260,60,9,Jesse Zarzuela makes a jump shot from 13 feet out.,made,FALSE,FALSE,Jump Shot,14.4,12.85,1177339,Jesse Zarzuela,NA,0,Central Michigan,Central Michigan,58,NA,Terrance Williams II,Jett Howard,Jace Howard,Hunter Dickinson,Dug McDaniel,Jesse Zarzuela,Ola Ajiboye,Brian Taylor,Reggie Bass,Markus Harding
2022-23,2022-12-29,2490677,156,0,1,Michigan,Central Michigan,Wolverines,Chippewas,4,4,24,23,1,1498,Michigan,1260,60,0,Shooting foul committed by Terrance Williams II.,NA,FALSE,FALSE,NA,NA,NA,NA,NA,NA,0,Central Michigan,Central Michigan,58,NA,Terrance Williams II,Jett Howard,Jace Howard,Hunter Dickinson,Dug McDaniel,Jesse Zarzuela,Ola Ajiboye,Brian Taylor,Reggie Bass,Markus Harding
2022-23,2022-12-29,2490677,157,0,1,Michigan,Central Michigan,Wolverines,Chippewas,4,4,24,23,1,1498,Michigan,1260,60,0,Substitution: Joey Baker in for Terrance Williams II.,NA,FALSE,FALSE,NA,NA,NA,NA,NA,NA,1,NA,NA,NA,NA,Joey Baker,Jett Howard,Jace Howard,Hunter Dickinson,Dug McDaniel,Jesse Zarzuela,Ola Ajiboye,Brian Taylor,Reggie Bass,Markus Harding
2022-23,2022-12-29,2490677,158,0,1,Michigan,Central Michigan,Wolverines,Chippewas,4,4,24,23,1,1345,Central Michigan,1260,60,0,Substitution: Max Majerle in for Brian Taylor.,NA,FALSE,FALSE,NA,NA,NA,NA,NA,NA,1,NA,NA,NA,NA,Joey Baker,Jett Howard,Jace Howard,Hunter Dickinson,Dug McDaniel,Jesse Zarzuela,Ola Ajiboye,Max Majerle,Reggie Bass,Markus Harding
2022-23,2022-12-29,2490677,159,0,1,Michigan,Central Michigan,Wolverines,Chippewas,4,4,24,24,0,1345,Central Michigan,1259,59,1,Jesse Zarzuela makes free throw 1 of 1.,made,TRUE,FALSE,NA,NA,NA,NA,NA,NA,0,Central Michigan,Michigan,58,NA,Joey Baker,Jett Howard,Jace Howard,Hunter Dickinson,Dug McDaniel,Jesse Zarzuela,Ola Ajiboye,Max Majerle,Reggie Bass,Markus Harding
2022-23,2022-12-29,2490677,160,0,1,Michigan,Central Michigan,Wolverines,Chippewas,4,4,24,24,0,1345,Central Michigan,1257,57,2,Personal foul committed by Jesse Zarzuela.,NA,FALSE,FALSE,NA,NA,NA,NA,NA,NA,0,Michigan,Michigan,59,NA,Joey Baker,Jett Howard,Jace Howard,Hunter Dickinson,Dug McDaniel,Jesse Zarzuela,Ola Ajiboye,Max Majerle,Reggie Bass,Markus Harding
2022-23,2022-12-29,2490677,161,0,1,Michigan,Central Michigan,Wolverines,Chippewas,4,4,25,24,1,1498,Michigan,1257,57,0,Dug McDaniel makes free throw 1st of 1-and-1.,made,TRUE,FALSE,NA,NA,NA,NA,NA,NA,0,Michigan,Michigan,59,NA,Joey Baker,Jett Howard,Jace Howard,Hunter Dickinson,Dug McDaniel,Jesse Zarzuela,Ola Ajiboye,Max Majerle,Reggie Bass,Markus Harding
2022-23,2022-12-29,2490677,162,0,1,Michigan,Central Michigan,Wolverines,Chippewas,4,4,25,24,1,1498,Michigan,1257,57,0,Dug McDaniel misses free throw 2nd of 1-and-1.,missed,TRUE,FALSE,NA,NA,NA,NA,NA,NA,0,Michigan,Michigan,59,NA,Joey Baker,Jett Howard,Jace Howard,Hunter Dickinson,Dug McDaniel,Jesse Zarzuela,Ola Ajiboye,Max Majerle,Reggie Bass,Markus Harding
2022-23,2022-12-29,2490677,163,0,1,Michigan,Central Michigan,Wolverines,Chippewas,4,4,25,24,1,1345,Central Michigan,1257,57,0,Ola Ajiboye with a defensive rebound.,NA,FALSE,FALSE,NA,NA,NA,NA,NA,NA,0,Michigan,Central Michigan,59,NA,Joey Baker,Jett Howard,Jace Howard,Hunter Dickinson,Dug McDaniel,Jesse Zarzuela,Ola Ajiboye,Max Majerle,Reggie Bass,Markus Harding
2022-23,2022-12-29,2490677,164,0,1,Michigan,Central Michigan,Wolverines,Chippewas,4,4,25,27,-2,1345,Central Michigan,1229,29,28,Reggie Bass makes a 3-point jump shot from 24 feet out.,made,FALSE,TRUE,Jump Shot,9.8,23.35,1401604,Reggie Bass,NA,0,Central Michigan,Michigan,60,NA,Joey Baker,Jett Howard,Jace Howard,Hunter Dickinson,Dug McDaniel,Jesse Zarzuela,Ola Ajiboye,Max Majerle,Reggie Bass,Markus Harding
2022-23,2022-12-29,2490677,165,0,1,Michigan,Central Michigan,Wolverines,Chippewas,4,4,28,27,1,1498,Michigan,1207,7,22,Joey Baker makes a 3-point jump shot from 25 feet out. Jett Howard with the assist.,made,FALSE,TRUE,Jump Shot,41.4,24.25,1132033,Joey Baker,Jett Howard,0,Michigan,Central Michigan,61,NA,Joey Baker,Jett Howard,Jace Howard,Hunter Dickinson,Dug McDaniel,Jesse Zarzuela,Ola Ajiboye,Max Majerle,Reggie Bass,Markus Harding
2022-23,2022-12-29,2490677,166,0,1,Michigan,Central Michigan,Wolverines,Chippewas,4,4,28,27,1,NA,NA,1200,0,7,End of the 1st Half,NA,FALSE,FALSE,NA,NA,NA,NA,NA,NA,0,NA,NA,NA,NA,Joey Baker,Jett Howard,Jace Howard,Hunter Dickinson,Dug McDaniel,Jesse Zarzuela,Ola Ajiboye,Max Majerle,Reggie Bass,Markus Harding
2022-23,2022-12-29,2490677,167,0,2,Michigan,Central Michigan,Wolverines,Chippewas,4,4,28,27,1,NA,NA,1200,1200,0,Start of the 2nd Half,NA,FALSE,FALSE,NA,NA,NA,NA,NA,NA,0,NA,NA,62,NA,Joey Baker,Jett Howard,Jace Howard,Hunter Dickinson,Dug McDaniel,Jesse Zarzuela,Ola Ajiboye,Max Majerle,Reggie Bass,Markus Harding
2022-23,2022-12-29,2490677,168,0,2,Michigan,Central Michigan,Wolverines,Chippewas,4,4,28,27,1,1498,Michigan,1199,1199,1,Substitution: Kobe Bufkin in for Joey Baker.,NA,FALSE,FALSE,NA,NA,NA,NA,NA,NA,1,NA,NA,NA,NA,Kobe Bufkin,Jett Howard,Jace Howard,Hunter Dickinson,Dug McDaniel,Jesse Zarzuela,Ola Ajiboye,Max Majerle,Reggie Bass,Markus Harding
2022-23,2022-12-29,2490677,169,0,2,Michigan,Central Michigan,Wolverines,Chippewas,4,4,28,27,1,1498,Michigan,1199,1199,0,Substitution: Terrance Williams II in for Jace Howard.,NA,FALSE,FALSE,NA,NA,NA,NA,NA,NA,1,NA,NA,NA,NA,Kobe Bufkin,Jett Howard,Terrance Williams II,Hunter Dickinson,Dug McDaniel,Jesse Zarzuela,Ola Ajiboye,Max Majerle,Reggie Bass,Markus Harding
2022-23,2022-12-29,2490677,170,0,2,Michigan,Central Michigan,Wolverines,Chippewas,4,4,28,27,1,1345,Central Michigan,1199,1199,0,Substitution: Brian Taylor in for Jesse Zarzuela.,NA,FALSE,FALSE,NA,NA,NA,NA,NA,NA,1,NA,NA,NA,NA,Kobe Bufkin,Jett Howard,Terrance Williams II,Hunter Dickinson,Dug McDaniel,Brian Taylor,Ola Ajiboye,Max Majerle,Reggie Bass,Markus Harding
2022-23,2022-12-29,2490677,171,0,2,Michigan,Central Michigan,Wolverines,Chippewas,4,4,28,27,1,1498,Michigan,1191,1191,8,Jett Howard misses a 3-point jump shot from 23 feet out.,missed,FALSE,TRUE,Jump Shot,8.899999999999999,21.950000000000003,1408232,Jett Howard,NA,0,Michigan,Michigan,63,NA,Kobe Bufkin,Jett Howard,Terrance Williams II,Hunter Dickinson,Dug McDaniel,Brian Taylor,Ola Ajiboye,Max Majerle,Reggie Bass,Markus Harding
2022-23,2022-12-29,2490677,172,0,2,Michigan,Central Michigan,Wolverines,Chippewas,4,4,28,27,1,1345,Central Michigan,1191,1191,0,Brian Taylor with a defensive rebound.,NA,FALSE,FALSE,NA,NA,NA,NA,NA,NA,0,Michigan,Central Michigan,63,NA,Kobe Bufkin,Jett Howard,Terrance Williams II,Hunter Dickinson,Dug McDaniel,Brian Taylor,Ola Ajiboye,Max Majerle,Reggie Bass,Markus Harding
2022-23,2022-12-29,2490677,173,0,2,Michigan,Central Michigan,Wolverines,Chippewas,4,4,28,27,1,1345,Central Michigan,1174,1174,17,Jett Howard steals the ball from Brian Taylor.,NA,FALSE,FALSE,NA,NA,NA,NA,NA,NA,0,Central Michigan,Michigan,64,NA,Kobe Bufkin,Jett Howard,Terrance Williams II,Hunter Dickinson,Dug McDaniel,Brian Taylor,Ola Ajiboye,Max Majerle,Reggie Bass,Markus Harding
2022-23,2022-12-29,2490677,174,0,2,Michigan,Central Michigan,Wolverines,Chippewas,4,4,30,27,3,1498,Michigan,1168,1168,6,Kobe Bufkin makes a jump shot from 13 feet out.,made,FALSE,FALSE,Jump Shot,15.399999999999999,14.650000000000006,1324350,Kobe Bufkin,NA,0,Michigan,Michigan,65,NA,Kobe Bufkin,Jett Howard,Terrance Williams II,Hunter Dickinson,Dug McDaniel,Brian Taylor,Ola Ajiboye,Max Majerle,Reggie Bass,Markus Harding
2022-23,2022-12-29,2490677,175,0,2,Michigan,Central Michigan,Wolverines,Chippewas,4,4,30,27,3,1345,Central Michigan,1168,1168,0,Shooting foul committed by Ola Ajiboye.,NA,FALSE,FALSE,NA,NA,NA,NA,NA,NA,0,Michigan,Michigan,65,NA,Kobe Bufkin,Jett Howard,Terrance Williams II,Hunter Dickinson,Dug McDaniel,Brian Taylor,Ola Ajiboye,Max Majerle,Reggie Bass,Markus Harding
2022-23,2022-12-29,2490677,176,0,2,Michigan,Central Michigan,Wolverines,Chippewas,4,4,31,27,4,1498,Michigan,1168,1168,0,Kobe Bufkin makes free throw 1 of 1.,made,TRUE,FALSE,NA,NA,NA,NA,NA,NA,0,Michigan,Central Michigan,65,NA,Kobe Bufkin,Jett Howard,Terrance Williams II,Hunter Dickinson,Dug McDaniel,Brian Taylor,Ola Ajiboye,Max Majerle,Reggie Bass,Markus Harding
2022-23,2022-12-29,2490677,177,0,2,Michigan,Central Michigan,Wolverines,Chippewas,4,4,31,29,2,1345,Central Michigan,1141,1141,27,Markus Harding makes a hook shot from 12 feet out.,made,FALSE,FALSE,Hook Shot,17.9,15.55,1403577,Markus Harding,NA,0,Central Michigan,Michigan,66,NA,Kobe Bufkin,Jett Howard,Terrance Williams II,Hunter Dickinson,Dug McDaniel,Brian Taylor,Ola Ajiboye,Max Majerle,Reggie Bass,Markus Harding
2022-23,2022-12-29,2490677,178,0,2,Michigan,Central Michigan,Wolverines,Chippewas,4,4,33,29,4,1498,Michigan,1119,1119,22,Kobe Bufkin makes a jump shot from 15 feet out.,made,FALSE,FALSE,Jump Shot,32.4,17.75,1324350,Kobe Bufkin,NA,0,Michigan,Central Michigan,67,NA,Kobe Bufkin,Jett Howard,Terrance Williams II,Hunter Dickinson,Dug McDaniel,Brian Taylor,Ola Ajiboye,Max Majerle,Reggie Bass,Markus Harding
2022-23,2022-12-29,2490677,179,0,2,Michigan,Central Michigan,Wolverines,Chippewas,4,4,33,29,4,1498,Michigan,1092,1092,27,Personal foul committed by Dug McDaniel.,NA,FALSE,FALSE,NA,NA,NA,NA,NA,NA,0,Central Michigan,Central Michigan,68,NA,Kobe Bufkin,Jett Howard,Terrance Williams II,Hunter Dickinson,Dug McDaniel,Brian Taylor,Ola Ajiboye,Max Majerle,Reggie Bass,Markus Harding
2022-23,2022-12-29,2490677,180,0,2,Michigan,Central Michigan,Wolverines,Chippewas,4,4,33,29,4,1345,Central Michigan,1083,1083,9,Brian Taylor misses a jump shot from 17 feet out.,missed,FALSE,FALSE,Jump Shot,33.8,20.25,1182859,Brian Taylor,NA,0,Central Michigan,Central Michigan,68,NA,Kobe Bufkin,Jett Howard,Terrance Williams II,Hunter Dickinson,Dug McDaniel,Brian Taylor,Ola Ajiboye,Max Majerle,Reggie Bass,Markus Harding
2022-23,2022-12-29,2490677,181,0,2,Michigan,Central Michigan,Wolverines,Chippewas,4,4,33,29,4,1345,Central Michigan,1083,1083,0,Markus Harding with an offensive rebound.,NA,FALSE,FALSE,NA,NA,NA,NA,NA,NA,0,Central Michigan,Central Michigan,68,NA,Kobe Bufkin,Jett Howard,Terrance Williams II,Hunter Dickinson,Dug McDaniel,Brian Taylor,Ola Ajiboye,Max Majerle,Reggie Bass,Markus Harding
2022-23,2022-12-29,2490677,182,0,2,Michigan,Central Michigan,Wolverines,Chippewas,4,4,33,29,4,1345,Central Michigan,1075,1075,8,Reggie Bass misses a 3-point jump shot from 24 feet out.,missed,FALSE,TRUE,Jump Shot,9,22.25,1401604,Reggie Bass,NA,0,Central Michigan,Michigan,68,NA,Kobe Bufkin,Jett Howard,Terrance Williams II,Hunter Dickinson,Dug McDaniel,Brian Taylor,Ola Ajiboye,Max Majerle,Reggie Bass,Markus Harding
2022-23,2022-12-29,2490677,184,0,2,Michigan,Central Michigan,Wolverines,Chippewas,4,4,33,29,4,1345,Central Michigan,1049,1049,26,Shooting foul committed by Ola Ajiboye.,NA,FALSE,FALSE,NA,NA,NA,NA,NA,NA,0,Michigan,Michigan,69,NA,Kobe Bufkin,Jett Howard,Terrance Williams II,Hunter Dickinson,Dug McDaniel,Brian Taylor,Ola Ajiboye,Max Majerle,Reggie Bass,Markus Harding
2022-23,2022-12-29,2490677,185,0,2,Michigan,Central Michigan,Wolverines,Chippewas,4,4,34,29,5,1498,Michigan,1049,1049,0,Hunter Dickinson makes free throw 1 of 2.,made,TRUE,FALSE,NA,NA,NA,NA,NA,NA,0,Michigan,Michigan,69,NA,Kobe Bufkin,Jett Howard,Terrance Williams II,Hunter Dickinson,Dug McDaniel,Brian Taylor,Ola Ajiboye,Max Majerle,Reggie Bass,Markus Harding
2022-23,2022-12-29,2490677,186,0,2,Michigan,Central Michigan,Wolverines,Chippewas,4,4,34,29,5,1345,Central Michigan,1049,1049,0,Substitution: Jesse Zarzuela in for Max Majerle.,NA,FALSE,FALSE,NA,NA,NA,NA,NA,NA,1,NA,NA,NA,NA,Kobe Bufkin,Jett Howard,Terrance Williams II,Hunter Dickinson,Dug McDaniel,Brian Taylor,Ola Ajiboye,Jesse Zarzuela,Reggie Bass,Markus Harding
2022-23,2022-12-29,2490677,187,0,2,Michigan,Central Michigan,Wolverines,Chippewas,4,4,35,29,6,1498,Michigan,1049,1049,0,Hunter Dickinson makes free throw 2 of 2.,made,TRUE,FALSE,NA,NA,NA,NA,NA,NA,0,Michigan,Central Michigan,69,NA,Kobe Bufkin,Jett Howard,Terrance Williams II,Hunter Dickinson,Dug McDaniel,Brian Taylor,Ola Ajiboye,Jesse Zarzuela,Reggie Bass,Markus Harding
2022-23,2022-12-29,2490677,188,0,2,Michigan,Central Michigan,Wolverines,Chippewas,4,4,35,29,6,1345,Central Michigan,1030,1030,19,Markus Harding misses a 3-point jump shot from 23 feet out.,missed,FALSE,TRUE,Jump Shot,14.9,25.95,1403577,Markus Harding,NA,0,Central Michigan,Central Michigan,70,NA,Kobe Bufkin,Jett Howard,Terrance Williams II,Hunter Dickinson,Dug McDaniel,Brian Taylor,Ola Ajiboye,Jesse Zarzuela,Reggie Bass,Markus Harding
2022-23,2022-12-29,2490677,189,0,2,Michigan,Central Michigan,Wolverines,Chippewas,4,4,35,29,6,1498,Michigan,1030,1030,0,Terrance Williams II with a defensive rebound.,NA,FALSE,FALSE,NA,NA,NA,NA,NA,NA,0,Central Michigan,Michigan,70,NA,Kobe Bufkin,Jett Howard,Terrance Williams II,Hunter Dickinson,Dug McDaniel,Brian Taylor,Ola Ajiboye,Jesse Zarzuela,Reggie Bass,Markus Harding
2022-23,2022-12-29,2490677,190,0,2,Michigan,Central Michigan,Wolverines,Chippewas,4,4,35,29,6,1498,Michigan,1017,1017,13,Terrance Williams II misses a jump shot from 13 feet out.,missed,FALSE,FALSE,Jump Shot,19,17.049999999999997,1232004,Terrance Williams II,NA,0,Michigan,Michigan,71,NA,Kobe Bufkin,Jett Howard,Terrance Williams II,Hunter Dickinson,Dug McDaniel,Brian Taylor,Ola Ajiboye,Jesse Zarzuela,Reggie Bass,Markus Harding
2022-23,2022-12-29,2490677,191,0,2,Michigan,Central Michigan,Wolverines,Chippewas,4,4,35,29,6,1345,Central Michigan,1017,1017,0,Ola Ajiboye with a defensive rebound.,NA,FALSE,FALSE,NA,NA,NA,NA,NA,NA,0,Michigan,Central Michigan,71,NA,Kobe Bufkin,Jett Howard,Terrance Williams II,Hunter Dickinson,Dug McDaniel,Brian Taylor,Ola Ajiboye,Jesse Zarzuela,Reggie Bass,Markus Harding
2022-23,2022-12-29,2490677,192,0,2,Michigan,Central Michigan,Wolverines,Chippewas,4,4,35,31,4,1345,Central Michigan,1004,1004,13,Brian Taylor makes a jump shot from 14 feet out.,made,FALSE,FALSE,Jump Shot,28,18.45,1182859,Brian Taylor,NA,0,Central Michigan,Michigan,72,NA,Kobe Bufkin,Jett Howard,Terrance Williams II,Hunter Dickinson,Dug McDaniel,Brian Taylor,Ola Ajiboye,Jesse Zarzuela,Reggie Bass,Markus Harding
2022-23,2022-12-29,2490677,193,0,2,Michigan,Central Michigan,Wolverines,Chippewas,4,4,35,31,4,1498,Michigan,990,990,14,Dug McDaniel misses a 3-point jump shot from 24 feet out.,missed,FALSE,TRUE,Jump Shot,10.799999999999997,24.849999999999994,1408230,Dug McDaniel,NA,0,Michigan,Michigan,73,NA,Kobe Bufkin,Jett Howard,Terrance Williams II,Hunter Dickinson,Dug McDaniel,Brian Taylor,Ola Ajiboye,Jesse Zarzuela,Reggie Bass,Markus Harding
2022-23,2022-12-29,2490677,194,0,2,Michigan,Central Michigan,Wolverines,Chippewas,4,4,35,31,4,1345,Central Michigan,990,990,0,Jesse Zarzuela with a defensive rebound.,NA,FALSE,FALSE,NA,NA,NA,NA,NA,NA,0,Michigan,Central Michigan,73,NA,Kobe Bufkin,Jett Howard,Terrance Williams II,Hunter Dickinson,Dug McDaniel,Brian Taylor,Ola Ajiboye,Jesse Zarzuela,Reggie Bass,Markus Harding
2022-23,2022-12-29,2490677,195,0,2,Michigan,Central Michigan,Wolverines,Chippewas,4,4,35,31,4,1345,Central Michigan,983,983,7,Jesse Zarzuela misses a 3-point jump shot from 23 feet out.,missed,FALSE,TRUE,Jump Shot,37.8,24.55,1177339,Jesse Zarzuela,NA,0,Central Michigan,Central Michigan,74,NA,Kobe Bufkin,Jett Howard,Terrance Williams II,Hunter Dickinson,Dug McDaniel,Brian Taylor,Ola Ajiboye,Jesse Zarzuela,Reggie Bass,Markus Harding
2022-23,2022-12-29,2490677,196,0,2,Michigan,Central Michigan,Wolverines,Chippewas,4,4,35,31,4,1345,Central Michigan,983,983,0,Brian Taylor with an offensive rebound.,NA,FALSE,FALSE,NA,NA,NA,NA,NA,NA,0,Central Michigan,Central Michigan,74,NA,Kobe Bufkin,Jett Howard,Terrance Williams II,Hunter Dickinson,Dug McDaniel,Brian Taylor,Ola Ajiboye,Jesse Zarzuela,Reggie Bass,Markus Harding
2022-23,2022-12-29,2490677,197,0,2,Michigan,Central Michigan,Wolverines,Chippewas,4,4,35,31,4,1498,Michigan,980,980,3,Shooting foul committed by Kobe Bufkin.,NA,FALSE,FALSE,NA,NA,NA,NA,NA,NA,0,Central Michigan,Central Michigan,74,NA,Kobe Bufkin,Jett Howard,Terrance Williams II,Hunter Dickinson,Dug McDaniel,Brian Taylor,Ola Ajiboye,Jesse Zarzuela,Reggie Bass,Markus Harding
2022-23,2022-12-29,2490677,198,0,2,Michigan,Central Michigan,Wolverines,Chippewas,4,4,35,32,3,1345,Central Michigan,980,980,0,Reggie Bass makes free throw 1 of 3.,made,TRUE,FALSE,NA,NA,NA,NA,NA,NA,0,Central Michigan,Central Michigan,74,NA,Kobe Bufkin,Jett Howard,Terrance Williams II,Hunter Dickinson,Dug McDaniel,Brian Taylor,Ola Ajiboye,Jesse Zarzuela,Reggie Bass,Markus Harding
2022-23,2022-12-29,2490677,199,0,2,Michigan,Central Michigan,Wolverines,Chippewas,4,4,35,33,2,1345,Central Michigan,980,980,0,Reggie Bass makes free throw 2 of 3.,made,TRUE,FALSE,NA,NA,NA,NA,NA,NA,0,Central Michigan,Central Michigan,74,NA,Kobe Bufkin,Jett Howard,Terrance Williams II,Hunter Dickinson,Dug McDaniel,Brian Taylor,Ola Ajiboye,Jesse Zarzuela,Reggie Bass,Markus Harding
2022-23,2022-12-29,2490677,200,0,2,Michigan,Central Michigan,Wolverines,Chippewas,4,4,35,33,2,1498,Michigan,980,980,0,Substitution: Joey Baker in for Kobe Bufkin.,NA,FALSE,FALSE,NA,NA,NA,NA,NA,NA,1,NA,NA,NA,NA,Joey Baker,Jett Howard,Terrance Williams II,Hunter Dickinson,Dug McDaniel,Brian Taylor,Ola Ajiboye,Jesse Zarzuela,Reggie Bass,Markus Harding
2022-23,2022-12-29,2490677,201,0,2,Michigan,Central Michigan,Wolverines,Chippewas,4,4,35,33,2,1345,Central Michigan,980,980,0,Substitution: Carrington McCaskill in for Ola Ajiboye.,NA,FALSE,FALSE,NA,NA,NA,NA,NA,NA,1,NA,NA,NA,NA,Joey Baker,Jett Howard,Terrance Williams II,Hunter Dickinson,Dug McDaniel,Brian Taylor,Carrington McCaskill,Jesse Zarzuela,Reggie Bass,Markus Harding
2022-23,2022-12-29,2490677,202,0,2,Michigan,Central Michigan,Wolverines,Chippewas,4,4,35,33,2,1345,Central Michigan,980,980,0,Substitution: Miroslav Stafl in for Markus Harding.,NA,FALSE,FALSE,NA,NA,NA,NA,NA,NA,1,NA,NA,NA,NA,Joey Baker,Jett Howard,Terrance Williams II,Hunter Dickinson,Dug McDaniel,Brian Taylor,Carrington McCaskill,Jesse Zarzuela,Reggie Bass,Miroslav Stafl
2022-23,2022-12-29,2490677,203,0,2,Michigan,Central Michigan,Wolverines,Chippewas,4,4,35,33,2,1345,Central Michigan,980,980,0,Reggie Bass misses free throw 3 of 3.,missed,TRUE,FALSE,NA,NA,NA,NA,NA,NA,0,Central Michigan,Central Michigan,74,NA,Joey Baker,Jett Howard,Terrance Williams II,Hunter Dickinson,Dug McDaniel,Brian Taylor,Carrington McCaskill,Jesse Zarzuela,Reggie Bass,Miroslav Stafl
2022-23,2022-12-29,2490677,205,0,2,Michigan,Central Michigan,Wolverines,Chippewas,4,4,35,36,-1,1345,Central Michigan,974,974,6,Jesse Zarzuela makes a 3-point jump shot from 23 feet out. Carrington McCaskill with the assist.,made,FALSE,TRUE,Jump Shot,15.6,26.75,1177339,Jesse Zarzuela,Carrington McCaskill,0,Central Michigan,Michigan,74,NA,Joey Baker,Jett Howard,Terrance Williams II,Hunter Dickinson,Dug McDaniel,Brian Taylor,Carrington McCaskill,Jesse Zarzuela,Reggie Bass,Miroslav Stafl
2022-23,2022-12-29,2490677,206,0,2,Michigan,Central Michigan,Wolverines,Chippewas,4,4,37,36,1,1498,Michigan,958,958,16,Terrance Williams II makes a layup from 4 feet out.,made,FALSE,FALSE,Layup Shot,26.6,8.849999999999994,1232004,Terrance Williams II,NA,0,Michigan,Central Michigan,75,NA,Joey Baker,Jett Howard,Terrance Williams II,Hunter Dickinson,Dug McDaniel,Brian Taylor,Carrington McCaskill,Jesse Zarzuela,Reggie Bass,Miroslav Stafl
2022-23,2022-12-29,2490677,207,0,2,Michigan,Central Michigan,Wolverines,Chippewas,4,4,37,38,-1,1345,Central Michigan,935,935,23,Carrington McCaskill makes a layup from 3 feet out. Brian Taylor with the assist.,made,FALSE,FALSE,Layup Shot,23.4,7.75,1176501,Carrington McCaskill,Brian Taylor,0,Central Michigan,Michigan,76,NA,Joey Baker,Jett Howard,Terrance Williams II,Hunter Dickinson,Dug McDaniel,Brian Taylor,Carrington McCaskill,Jesse Zarzuela,Reggie Bass,Miroslav Stafl
2022-23,2022-12-29,2490677,208,0,2,Michigan,Central Michigan,Wolverines,Chippewas,4,4,37,38,-1,1345,Central Michigan,916,916,19,Shooting foul committed by Miroslav Stafl.,NA,FALSE,FALSE,NA,NA,NA,NA,NA,NA,0,Michigan,Michigan,77,NA,Joey Baker,Jett Howard,Terrance Williams II,Hunter Dickinson,Dug McDaniel,Brian Taylor,Carrington McCaskill,Jesse Zarzuela,Reggie Bass,Miroslav Stafl
2022-23,2022-12-29,2490677,209,0,2,Michigan,Central Michigan,Wolverines,Chippewas,4,4,37,38,-1,1345,Central Michigan,916,916,0,Substitution: Markus Harding in for Miroslav Stafl.,NA,FALSE,FALSE,NA,NA,NA,NA,NA,NA,1,NA,NA,NA,NA,Joey Baker,Jett Howard,Terrance Williams II,Hunter Dickinson,Dug McDaniel,Brian Taylor,Carrington McCaskill,Jesse Zarzuela,Reggie Bass,Markus Harding
2022-23,2022-12-29,2490677,210,0,2,Michigan,Central Michigan,Wolverines,Chippewas,4,4,37,38,-1,1498,Michigan,916,916,0,Substitution: Will Tschetter in for Terrance Williams II.,NA,FALSE,FALSE,NA,NA,NA,NA,NA,NA,1,NA,NA,NA,NA,Joey Baker,Jett Howard,Will Tschetter,Hunter Dickinson,Dug McDaniel,Brian Taylor,Carrington McCaskill,Jesse Zarzuela,Reggie Bass,Markus Harding
2022-23,2022-12-29,2490677,211,0,2,Michigan,Central Michigan,Wolverines,Chippewas,4,4,38,38,0,1498,Michigan,916,916,0,Hunter Dickinson makes free throw 1 of 2.,made,TRUE,FALSE,NA,NA,NA,NA,NA,NA,0,Michigan,Michigan,77,NA,Joey Baker,Jett Howard,Will Tschetter,Hunter Dickinson,Dug McDaniel,Brian Taylor,Carrington McCaskill,Jesse Zarzuela,Reggie Bass,Markus Harding
2022-23,2022-12-29,2490677,212,0,2,Michigan,Central Michigan,Wolverines,Chippewas,4,4,39,38,1,1498,Michigan,916,916,0,Hunter Dickinson makes free throw 2 of 2.,made,TRUE,FALSE,NA,NA,NA,NA,NA,NA,0,Michigan,Central Michigan,77,NA,Joey Baker,Jett Howard,Will Tschetter,Hunter Dickinson,Dug McDaniel,Brian Taylor,Carrington McCaskill,Jesse Zarzuela,Reggie Bass,Markus Harding
2022-23,2022-12-29,2490677,213,0,2,Michigan,Central Michigan,Wolverines,Chippewas,4,4,39,38,1,1345,Central Michigan,900,900,16,Will Tschetter blocks a Brian Taylor dunk.,missed,FALSE,FALSE,Dunk Shot,26,6.25,1182859,Brian Taylor,NA,0,Central Michigan,Central Michigan,78,NA,Joey Baker,Jett Howard,Will Tschetter,Hunter Dickinson,Dug McDaniel,Brian Taylor,Carrington McCaskill,Jesse Zarzuela,Reggie Bass,Markus Harding
2022-23,2022-12-29,2490677,215,0,2,Michigan,Central Michigan,Wolverines,Chippewas,4,4,39,38,1,1498,Michigan,898,898,2,Personal foul committed by Will Tschetter.,NA,FALSE,FALSE,NA,NA,NA,NA,NA,NA,0,Central Michigan,Central Michigan,78,NA,Joey Baker,Jett Howard,Will Tschetter,Hunter Dickinson,Dug McDaniel,Brian Taylor,Carrington McCaskill,Jesse Zarzuela,Reggie Bass,Markus Harding
2022-23,2022-12-29,2490677,216,0,2,Michigan,Central Michigan,Wolverines,Chippewas,4,4,39,38,1,1345,Central Michigan,893,893,5,Carrington McCaskill with a turnover - Traveling,NA,FALSE,FALSE,NA,NA,NA,NA,NA,NA,0,Central Michigan,Michigan,78,NA,Joey Baker,Jett Howard,Will Tschetter,Hunter Dickinson,Dug McDaniel,Brian Taylor,Carrington McCaskill,Jesse Zarzuela,Reggie Bass,Markus Harding
2022-23,2022-12-29,2490677,217,0,2,Michigan,Central Michigan,Wolverines,Chippewas,4,4,39,38,1,1498,Michigan,878,878,15,Hunter Dickinson misses a layup from 3 feet out.,missed,FALSE,FALSE,Layup Shot,25.3,8.75,1232015,Hunter Dickinson,NA,0,Michigan,Michigan,79,NA,Joey Baker,Jett Howard,Will Tschetter,Hunter Dickinson,Dug McDaniel,Brian Taylor,Carrington McCaskill,Jesse Zarzuela,Reggie Bass,Markus Harding
2022-23,2022-12-29,2490677,218,0,2,Michigan,Central Michigan,Wolverines,Chippewas,4,4,39,38,1,1345,Central Michigan,878,878,0,Carrington McCaskill with a defensive rebound.,NA,FALSE,FALSE,NA,NA,NA,NA,NA,NA,0,Michigan,Central Michigan,79,NA,Joey Baker,Jett Howard,Will Tschetter,Hunter Dickinson,Dug McDaniel,Brian Taylor,Carrington McCaskill,Jesse Zarzuela,Reggie Bass,Markus Harding
2022-23,2022-12-29,2490677,219,0,2,Michigan,Central Michigan,Wolverines,Chippewas,4,4,39,38,1,1345,Central Michigan,870,870,8,Reggie Bass misses a jump shot from 15 feet out.,missed,FALSE,FALSE,Jump Shot,13.4,15.05,1401604,Reggie Bass,NA,0,Central Michigan,Central Michigan,80,NA,Joey Baker,Jett Howard,Will Tschetter,Hunter Dickinson,Dug McDaniel,Brian Taylor,Carrington McCaskill,Jesse Zarzuela,Reggie Bass,Markus Harding
2022-23,2022-12-29,2490677,220,0,2,Michigan,Central Michigan,Wolverines,Chippewas,4,4,39,38,1,1345,Central Michigan,870,870,0,Carrington McCaskill with an offensive rebound.,NA,FALSE,FALSE,NA,NA,NA,NA,NA,NA,0,Central Michigan,Central Michigan,80,NA,Joey Baker,Jett Howard,Will Tschetter,Hunter Dickinson,Dug McDaniel,Brian Taylor,Carrington McCaskill,Jesse Zarzuela,Reggie Bass,Markus Harding
2022-23,2022-12-29,2490677,221,0,2,Michigan,Central Michigan,Wolverines,Chippewas,4,4,39,38,1,1498,Michigan,869,869,1,Personal foul committed by Joey Baker.,NA,FALSE,FALSE,NA,NA,NA,NA,NA,NA,0,Central Michigan,Central Michigan,80,NA,Joey Baker,Jett Howard,Will Tschetter,Hunter Dickinson,Dug McDaniel,Brian Taylor,Carrington McCaskill,Jesse Zarzuela,Reggie Bass,Markus Harding
2022-23,2022-12-29,2490677,222,0,2,Michigan,Central Michigan,Wolverines,Chippewas,4,4,39,40,-1,1345,Central Michigan,862,862,7,Jesse Zarzuela makes a hook shot from 7 feet out.,made,FALSE,FALSE,Hook Shot,24.7,12.25,1177339,Jesse Zarzuela,NA,0,Central Michigan,Michigan,80,NA,Joey Baker,Jett Howard,Will Tschetter,Hunter Dickinson,Dug McDaniel,Brian Taylor,Carrington McCaskill,Jesse Zarzuela,Reggie Bass,Markus Harding
2022-23,2022-12-29,2490677,223,0,2,Michigan,Central Michigan,Wolverines,Chippewas,4,4,39,40,-1,1498,Michigan,851,851,11,Dug McDaniel misses a jump shot from 17 feet out.,missed,FALSE,FALSE,Jump Shot,13,17.25,1408230,Dug McDaniel,NA,0,Michigan,Michigan,81,NA,Joey Baker,Jett Howard,Will Tschetter,Hunter Dickinson,Dug McDaniel,Brian Taylor,Carrington McCaskill,Jesse Zarzuela,Reggie Bass,Markus Harding
2022-23,2022-12-29,2490677,224,0,2,Michigan,Central Michigan,Wolverines,Chippewas,4,4,39,40,-1,1345,Central Michigan,851,851,0,Jesse Zarzuela with a defensive rebound.,NA,FALSE,FALSE,NA,NA,NA,NA,NA,NA,0,Michigan,Central Michigan,81,NA,Joey Baker,Jett Howard,Will Tschetter,Hunter Dickinson,Dug McDaniel,Brian Taylor,Carrington McCaskill,Jesse Zarzuela,Reggie Bass,Markus Harding
2022-23,2022-12-29,2490677,225,0,2,Michigan,Central Michigan,Wolverines,Chippewas,4,4,39,40,-1,1498,Michigan,839,839,12,Personal foul committed by Dug McDaniel.,NA,FALSE,FALSE,NA,NA,NA,NA,NA,NA,0,Central Michigan,Central Michigan,82,NA,Joey Baker,Jett Howard,Will Tschetter,Hunter Dickinson,Dug McDaniel,Brian Taylor,Carrington McCaskill,Jesse Zarzuela,Reggie Bass,Markus Harding
2022-23,2022-12-29,2490677,226,0,2,Michigan,Central Michigan,Wolverines,Chippewas,4,4,39,40,-1,1498,Michigan,839,839,0,Substitution: Tarris Reed Jr. in for Hunter Dickinson.,NA,FALSE,FALSE,NA,NA,NA,NA,NA,NA,1,NA,NA,NA,NA,Joey Baker,Jett Howard,Will Tschetter,Tarris Reed Jr.,Dug McDaniel,Brian Taylor,Carrington McCaskill,Jesse Zarzuela,Reggie Bass,Markus Harding
2022-23,2022-12-29,2490677,227,0,2,Michigan,Central Michigan,Wolverines,Chippewas,4,4,39,40,-1,1498,Michigan,839,839,0,Substitution: Kobe Bufkin in for Joey Baker.,NA,FALSE,FALSE,NA,NA,NA,NA,NA,NA,1,NA,NA,NA,NA,Kobe Bufkin,Jett Howard,Will Tschetter,Tarris Reed Jr.,Dug McDaniel,Brian Taylor,Carrington McCaskill,Jesse Zarzuela,Reggie Bass,Markus Harding
2022-23,2022-12-29,2490677,228,0,2,Michigan,Central Michigan,Wolverines,Chippewas,4,4,39,40,-1,1345,Central Michigan,829,829,10,Jesse Zarzuela misses a jump shot from 16 feet out.,missed,FALSE,FALSE,Jump Shot,10.8,13.65,1177339,Jesse Zarzuela,NA,0,Central Michigan,Central Michigan,82,NA,Kobe Bufkin,Jett Howard,Will Tschetter,Tarris Reed Jr.,Dug McDaniel,Brian Taylor,Carrington McCaskill,Jesse Zarzuela,Reggie Bass,Markus Harding
2022-23,2022-12-29,2490677,229,0,2,Michigan,Central Michigan,Wolverines,Chippewas,4,4,39,40,-1,1345,Central Michigan,829,829,0,Carrington McCaskill with an offensive rebound.,NA,FALSE,FALSE,NA,NA,NA,NA,NA,NA,0,Central Michigan,Central Michigan,82,NA,Kobe Bufkin,Jett Howard,Will Tschetter,Tarris Reed Jr.,Dug McDaniel,Brian Taylor,Carrington McCaskill,Jesse Zarzuela,Reggie Bass,Markus Harding
2022-23,2022-12-29,2490677,230,0,2,Michigan,Central Michigan,Wolverines,Chippewas,4,4,39,42,-3,1345,Central Michigan,823,823,6,Carrington McCaskill makes a layup from 4 feet out.,made,FALSE,FALSE,Layup Shot,27,8.55,1176501,Carrington McCaskill,NA,0,Central Michigan,Michigan,82,NA,Kobe Bufkin,Jett Howard,Will Tschetter,Tarris Reed Jr.,Dug McDaniel,Brian Taylor,Carrington McCaskill,Jesse Zarzuela,Reggie Bass,Markus Harding
2022-23,2022-12-29,2490677,231,0,2,Michigan,Central Michigan,Wolverines,Chippewas,4,4,42,42,0,1498,Michigan,809,809,14,Kobe Bufkin makes a 3-point jump shot from 23 feet out. Dug McDaniel with the assist.,made,FALSE,TRUE,Jump Shot,12,24.049999999999997,1324350,Kobe Bufkin,Dug McDaniel,0,Michigan,Central Michigan,83,NA,Kobe Bufkin,Jett Howard,Will Tschetter,Tarris Reed Jr.,Dug McDaniel,Brian Taylor,Carrington McCaskill,Jesse Zarzuela,Reggie Bass,Markus Harding
2022-23,2022-12-29,2490677,232,0,2,Michigan,Central Michigan,Wolverines,Chippewas,4,4,42,42,0,1345,Central Michigan,777,777,32,Jesse Zarzuela misses a jump shot from 17 feet out.,missed,FALSE,FALSE,Jump Shot,15.1,18.45,1177339,Jesse Zarzuela,NA,0,Central Michigan,Central Michigan,84,NA,Kobe Bufkin,Jett Howard,Will Tschetter,Tarris Reed Jr.,Dug McDaniel,Brian Taylor,Carrington McCaskill,Jesse Zarzuela,Reggie Bass,Markus Harding
2022-23,2022-12-29,2490677,233,0,2,Michigan,Central Michigan,Wolverines,Chippewas,4,4,42,42,0,1498,Michigan,777,777,0,Tarris Reed Jr. with a defensive rebound.,NA,FALSE,FALSE,NA,NA,NA,NA,NA,NA,0,Central Michigan,Michigan,84,NA,Kobe Bufkin,Jett Howard,Will Tschetter,Tarris Reed Jr.,Dug McDaniel,Brian Taylor,Carrington McCaskill,Jesse Zarzuela,Reggie Bass,Markus Harding
2022-23,2022-12-29,2490677,234,0,2,Michigan,Central Michigan,Wolverines,Chippewas,4,4,42,42,0,1345,Central Michigan,766,766,11,Personal foul committed by Markus Harding.,NA,FALSE,FALSE,NA,NA,NA,NA,NA,NA,0,Michigan,Michigan,85,NA,Kobe Bufkin,Jett Howard,Will Tschetter,Tarris Reed Jr.,Dug McDaniel,Brian Taylor,Carrington McCaskill,Jesse Zarzuela,Reggie Bass,Markus Harding
2022-23,2022-12-29,2490677,235,0,2,Michigan,Central Michigan,Wolverines,Chippewas,4,4,42,42,0,1345,Central Michigan,766,766,0,Substitution: Nicolas Pavrette in for Jesse Zarzuela.,NA,FALSE,FALSE,NA,NA,NA,NA,NA,NA,1,NA,NA,NA,NA,Kobe Bufkin,Jett Howard,Will Tschetter,Tarris Reed Jr.,Dug McDaniel,Brian Taylor,Carrington McCaskill,Nicolas Pavrette,Reggie Bass,Markus Harding
2022-23,2022-12-29,2490677,236,0,2,Michigan,Central Michigan,Wolverines,Chippewas,4,4,42,42,0,1345,Central Michigan,766,766,0,Substitution: Max Majerle in for Markus Harding.,NA,FALSE,FALSE,NA,NA,NA,NA,NA,NA,1,NA,NA,NA,NA,Kobe Bufkin,Jett Howard,Will Tschetter,Tarris Reed Jr.,Dug McDaniel,Brian Taylor,Carrington McCaskill,Nicolas Pavrette,Reggie Bass,Max Majerle
2022-23,2022-12-29,2490677,237,0,2,Michigan,Central Michigan,Wolverines,Chippewas,4,4,42,42,0,1498,Michigan,763,763,3,Offensive foul committed by Jett Howard.,NA,FALSE,FALSE,NA,NA,NA,NA,NA,NA,0,Michigan,Michigan,85,NA,Kobe Bufkin,Jett Howard,Will Tschetter,Tarris Reed Jr.,Dug McDaniel,Brian Taylor,Carrington McCaskill,Nicolas Pavrette,Reggie Bass,Max Majerle
2022-23,2022-12-29,2490677,238,0,2,Michigan,Central Michigan,Wolverines,Chippewas,4,4,42,42,0,1498,Michigan,763,763,0,Jett Howard with a turnover,NA,FALSE,FALSE,NA,NA,NA,NA,NA,NA,0,Michigan,Central Michigan,85,NA,Kobe Bufkin,Jett Howard,Will Tschetter,Tarris Reed Jr.,Dug McDaniel,Brian Taylor,Carrington McCaskill,Nicolas Pavrette,Reggie Bass,Max Majerle
2022-23,2022-12-29,2490677,239,0,2,Michigan,Central Michigan,Wolverines,Chippewas,4,4,42,42,0,1345,Central Michigan,763,763,0,Brian Taylor misses a 3-point jump shot from 24 feet out.,missed,FALSE,TRUE,Jump Shot,12,25.25,1182859,Brian Taylor,NA,0,Central Michigan,Central Michigan,86,NA,Kobe Bufkin,Jett Howard,Will Tschetter,Tarris Reed Jr.,Dug McDaniel,Brian Taylor,Carrington McCaskill,Nicolas Pavrette,Reggie Bass,Max Majerle
2022-23,2022-12-29,2490677,240,0,2,Michigan,Central Michigan,Wolverines,Chippewas,4,4,42,42,0,1498,Michigan,763,763,0,Jett Howard with a defensive rebound.,NA,FALSE,FALSE,NA,NA,NA,NA,NA,NA,0,Central Michigan,Michigan,86,NA,Kobe Bufkin,Jett Howard,Will Tschetter,Tarris Reed Jr.,Dug McDaniel,Brian Taylor,Carrington McCaskill,Nicolas Pavrette,Reggie Bass,Max Majerle
2022-23,2022-12-29,2490677,241,0,2,Michigan,Central Michigan,Wolverines,Chippewas,4,4,42,42,0,1498,Michigan,763,763,0,Nicolas Pavrette blocks a Will Tschetter layup from 5 feet out.,missed,FALSE,FALSE,Layup Shot,22,9.25,1324363,Will Tschetter,NA,0,Michigan,Michigan,87,NA,Kobe Bufkin,Jett Howard,Will Tschetter,Tarris Reed Jr.,Dug McDaniel,Brian Taylor,Carrington McCaskill,Nicolas Pavrette,Reggie Bass,Max Majerle
2022-23,2022-12-29,2490677,242,0,2,Michigan,Central Michigan,Wolverines,Chippewas,4,4,42,42,0,1498,Michigan,763,763,0,Tarris Reed Jr. with an offensive rebound.,NA,FALSE,FALSE,NA,NA,NA,NA,NA,NA,0,Michigan,Michigan,87,NA,Kobe Bufkin,Jett Howard,Will Tschetter,Tarris Reed Jr.,Dug McDaniel,Brian Taylor,Carrington McCaskill,Nicolas Pavrette,Reggie Bass,Max Majerle
2022-23,2022-12-29,2490677,243,0,2,Michigan,Central Michigan,Wolverines,Chippewas,4,4,44,42,2,1498,Michigan,732,732,31,Tarris Reed Jr. makes a layup from 5 feet out.,made,FALSE,FALSE,Layup Shot,26.8,9.75,1408243,Tarris Reed Jr.,NA,0,Michigan,Central Michigan,87,NA,Kobe Bufkin,Jett Howard,Will Tschetter,Tarris Reed Jr.,Dug McDaniel,Brian Taylor,Carrington McCaskill,Nicolas Pavrette,Reggie Bass,Max Majerle
2022-23,2022-12-29,2490677,244,0,2,Michigan,Central Michigan,Wolverines,Chippewas,4,4,44,45,-1,1345,Central Michigan,718,718,14,Reggie Bass makes a 3-point jump shot from 26 feet out. Brian Taylor with the assist.,made,FALSE,TRUE,Jump Shot,5.199999999999999,21.65,1401604,Reggie Bass,Brian Taylor,0,Central Michigan,Michigan,88,NA,Kobe Bufkin,Jett Howard,Will Tschetter,Tarris Reed Jr.,Dug McDaniel,Brian Taylor,Carrington McCaskill,Nicolas Pavrette,Reggie Bass,Max Majerle
2022-23,2022-12-29,2490677,245,0,2,Michigan,Central Michigan,Wolverines,Chippewas,4,4,44,45,-1,1498,Michigan,698,698,20,Dug McDaniel misses a jump shot from 15 feet out.,missed,FALSE,FALSE,Jump Shot,14,15.549999999999997,1408230,Dug McDaniel,NA,0,Michigan,Central Michigan,89,NA,Kobe Bufkin,Jett Howard,Will Tschetter,Tarris Reed Jr.,Dug McDaniel,Brian Taylor,Carrington McCaskill,Nicolas Pavrette,Reggie Bass,Max Majerle
2022-23,2022-12-29,2490677,247,0,2,Michigan,Central Michigan,Wolverines,Chippewas,4,4,44,45,-1,1498,Michigan,698,698,0,Substitution: Joey Baker in for Jett Howard.,NA,FALSE,FALSE,NA,NA,NA,NA,NA,NA,1,NA,NA,NA,NA,Kobe Bufkin,Joey Baker,Will Tschetter,Tarris Reed Jr.,Dug McDaniel,Brian Taylor,Carrington McCaskill,Nicolas Pavrette,Reggie Bass,Max Majerle
2022-23,2022-12-29,2490677,248,0,2,Michigan,Central Michigan,Wolverines,Chippewas,4,4,44,45,-1,1345,Central Michigan,698,698,0,Reggie Bass misses a jump shot from 16 feet out.,missed,FALSE,FALSE,Jump Shot,12.3,15.15,1401604,Reggie Bass,NA,0,Central Michigan,Central Michigan,90,NA,Kobe Bufkin,Joey Baker,Will Tschetter,Tarris Reed Jr.,Dug McDaniel,Brian Taylor,Carrington McCaskill,Nicolas Pavrette,Reggie Bass,Max Majerle
2022-23,2022-12-29,2490677,249,0,2,Michigan,Central Michigan,Wolverines,Chippewas,4,4,44,45,-1,1345,Central Michigan,698,698,0,Carrington McCaskill with an offensive rebound.,NA,FALSE,FALSE,NA,NA,NA,NA,NA,NA,0,Central Michigan,Central Michigan,90,NA,Kobe Bufkin,Joey Baker,Will Tschetter,Tarris Reed Jr.,Dug McDaniel,Brian Taylor,Carrington McCaskill,Nicolas Pavrette,Reggie Bass,Max Majerle
2022-23,2022-12-29,2490677,250,0,2,Michigan,Central Michigan,Wolverines,Chippewas,4,4,44,45,-1,1345,Central Michigan,695,695,3,Carrington McCaskill misses a jump shot from 15 feet out.,missed,FALSE,FALSE,Jump Shot,14.9,15.65,1176501,Carrington McCaskill,NA,0,Central Michigan,Central Michigan,90,NA,Kobe Bufkin,Joey Baker,Will Tschetter,Tarris Reed Jr.,Dug McDaniel,Brian Taylor,Carrington McCaskill,Nicolas Pavrette,Reggie Bass,Max Majerle
2022-23,2022-12-29,2490677,251,0,2,Michigan,Central Michigan,Wolverines,Chippewas,4,4,44,45,-1,1498,Michigan,695,695,0,Tarris Reed Jr. with a defensive rebound.,NA,FALSE,FALSE,NA,NA,NA,NA,NA,NA,0,Central Michigan,Michigan,90,NA,Kobe Bufkin,Joey Baker,Will Tschetter,Tarris Reed Jr.,Dug McDaniel,Brian Taylor,Carrington McCaskill,Nicolas Pavrette,Reggie Bass,Max Majerle
2022-23,2022-12-29,2490677,252,0,2,Michigan,Central Michigan,Wolverines,Chippewas,4,4,44,45,-1,1498,Michigan,676,676,19,Max Majerle steals the ball from Dug McDaniel.,NA,FALSE,FALSE,NA,NA,NA,NA,NA,NA,0,Michigan,Central Michigan,91,NA,Kobe Bufkin,Joey Baker,Will Tschetter,Tarris Reed Jr.,Dug McDaniel,Brian Taylor,Carrington McCaskill,Nicolas Pavrette,Reggie Bass,Max Majerle
2022-23,2022-12-29,2490677,253,0,2,Michigan,Central Michigan,Wolverines,Chippewas,4,4,44,45,-1,1345,Central Michigan,658,658,18,Will Tschetter blocks a Nicolas Pavrette layup from 4 feet out.,missed,FALSE,FALSE,Layup Shot,24.9,8.85,1340216,Nicolas Pavrette,NA,0,Central Michigan,Central Michigan,92,NA,Kobe Bufkin,Joey Baker,Will Tschetter,Tarris Reed Jr.,Dug McDaniel,Brian Taylor,Carrington McCaskill,Nicolas Pavrette,Reggie Bass,Max Majerle
2022-23,2022-12-29,2490677,255,0,2,Michigan,Central Michigan,Wolverines,Chippewas,4,4,44,45,-1,1498,Michigan,658,658,0,Substitution: Hunter Dickinson in for Dug McDaniel.,NA,FALSE,FALSE,NA,NA,NA,NA,NA,NA,1,NA,NA,NA,NA,Kobe Bufkin,Joey Baker,Will Tschetter,Tarris Reed Jr.,Hunter Dickinson,Brian Taylor,Carrington McCaskill,Nicolas Pavrette,Reggie Bass,Max Majerle
2022-23,2022-12-29,2490677,256,0,2,Michigan,Central Michigan,Wolverines,Chippewas,4,4,44,45,-1,1498,Michigan,658,658,0,Substitution: Jett Howard in for Tarris Reed Jr..,NA,FALSE,FALSE,NA,NA,NA,NA,NA,NA,1,NA,NA,NA,NA,Kobe Bufkin,Joey Baker,Will Tschetter,Jett Howard,Hunter Dickinson,Brian Taylor,Carrington McCaskill,Nicolas Pavrette,Reggie Bass,Max Majerle
2022-23,2022-12-29,2490677,257,0,2,Michigan,Central Michigan,Wolverines,Chippewas,4,4,44,45,-1,1345,Central Michigan,658,658,0,Substitution: Jesse Zarzuela in for Max Majerle.,NA,FALSE,FALSE,NA,NA,NA,NA,NA,NA,1,NA,NA,NA,NA,Kobe Bufkin,Joey Baker,Will Tschetter,Jett Howard,Hunter Dickinson,Brian Taylor,Carrington McCaskill,Nicolas Pavrette,Reggie Bass,Jesse Zarzuela
2022-23,2022-12-29,2490677,258,0,2,Michigan,Central Michigan,Wolverines,Chippewas,4,4,44,47,-3,1345,Central Michigan,642,642,16,Carrington McCaskill makes a jump shot from 14 feet out.,made,FALSE,FALSE,Jump Shot,16.2,15.65,1176501,Carrington McCaskill,NA,0,Central Michigan,Michigan,92,NA,Kobe Bufkin,Joey Baker,Will Tschetter,Jett Howard,Hunter Dickinson,Brian Taylor,Carrington McCaskill,Nicolas Pavrette,Reggie Bass,Jesse Zarzuela
2022-23,2022-12-29,2490677,259,0,2,Michigan,Central Michigan,Wolverines,Chippewas,4,4,44,47,-3,1498,Michigan,638,638,4,Kobe Bufkin misses a jump shot from 14 feet out.,missed,FALSE,FALSE,Jump Shot,34.3,16.049999999999997,1324350,Kobe Bufkin,NA,0,Michigan,Michigan,93,NA,Kobe Bufkin,Joey Baker,Will Tschetter,Jett Howard,Hunter Dickinson,Brian Taylor,Carrington McCaskill,Nicolas Pavrette,Reggie Bass,Jesse Zarzuela
2022-23,2022-12-29,2490677,260,0,2,Michigan,Central Michigan,Wolverines,Chippewas,4,4,44,47,-3,1345,Central Michigan,638,638,0,Jesse Zarzuela with a defensive rebound.,NA,FALSE,FALSE,NA,NA,NA,NA,NA,NA,0,Michigan,Central Michigan,93,NA,Kobe Bufkin,Joey Baker,Will Tschetter,Jett Howard,Hunter Dickinson,Brian Taylor,Carrington McCaskill,Nicolas Pavrette,Reggie Bass,Jesse Zarzuela
2022-23,2022-12-29,2490677,261,0,2,Michigan,Central Michigan,Wolverines,Chippewas,4,4,44,49,-5,1345,Central Michigan,630,630,8,Jesse Zarzuela makes a jump shot from 11 feet out.,made,FALSE,FALSE,Jump Shot,21.9,15.65,1177339,Jesse Zarzuela,NA,0,Central Michigan,Michigan,94,NA,Kobe Bufkin,Joey Baker,Will Tschetter,Jett Howard,Hunter Dickinson,Brian Taylor,Carrington McCaskill,Nicolas Pavrette,Reggie Bass,Jesse Zarzuela
2022-23,2022-12-29,2490677,262,0,2,Michigan,Central Michigan,Wolverines,Chippewas,4,4,44,49,-5,1345,Central Michigan,586,586,44,Substitution: Markus Harding in for Nicolas Pavrette.,NA,FALSE,FALSE,NA,NA,NA,NA,NA,NA,1,NA,NA,NA,NA,Kobe Bufkin,Joey Baker,Will Tschetter,Jett Howard,Hunter Dickinson,Brian Taylor,Carrington McCaskill,Markus Harding,Reggie Bass,Jesse Zarzuela
2022-23,2022-12-29,2490677,263,0,2,Michigan,Central Michigan,Wolverines,Chippewas,4,4,44,49,-5,1498,Michigan,582,582,4,Reggie Bass steals the ball from Hunter Dickinson.,NA,FALSE,FALSE,NA,NA,NA,NA,NA,NA,0,Michigan,Central Michigan,95,NA,Kobe Bufkin,Joey Baker,Will Tschetter,Jett Howard,Hunter Dickinson,Brian Taylor,Carrington McCaskill,Markus Harding,Reggie Bass,Jesse Zarzuela
2022-23,2022-12-29,2490677,264,0,2,Michigan,Central Michigan,Wolverines,Chippewas,4,4,44,49,-5,1345,Central Michigan,577,577,5,Jett Howard steals the ball from Markus Harding.,NA,FALSE,FALSE,NA,NA,NA,NA,NA,NA,0,Central Michigan,Michigan,96,NA,Kobe Bufkin,Joey Baker,Will Tschetter,Jett Howard,Hunter Dickinson,Brian Taylor,Carrington McCaskill,Markus Harding,Reggie Bass,Jesse Zarzuela
2022-23,2022-12-29,2490677,265,0,2,Michigan,Central Michigan,Wolverines,Chippewas,4,4,46,49,-3,1498,Michigan,574,574,3,Kobe Bufkin makes a layup from 4 feet out. Jett Howard with the assist.,made,FALSE,FALSE,Layup Shot,26.6,8.549999999999997,1324350,Kobe Bufkin,Jett Howard,0,Michigan,Michigan,97,NA,Kobe Bufkin,Joey Baker,Will Tschetter,Jett Howard,Hunter Dickinson,Brian Taylor,Carrington McCaskill,Markus Harding,Reggie Bass,Jesse Zarzuela
2022-23,2022-12-29,2490677,266,0,2,Michigan,Central Michigan,Wolverines,Chippewas,4,4,46,49,-3,1345,Central Michigan,574,574,0,Shooting foul committed by Jesse Zarzuela.,NA,FALSE,FALSE,NA,NA,NA,NA,NA,NA,0,Michigan,Michigan,97,NA,Kobe Bufkin,Joey Baker,Will Tschetter,Jett Howard,Hunter Dickinson,Brian Taylor,Carrington McCaskill,Markus Harding,Reggie Bass,Jesse Zarzuela
2022-23,2022-12-29,2490677,267,0,2,Michigan,Central Michigan,Wolverines,Chippewas,4,4,46,49,-3,1498,Michigan,574,574,0,Substitution: Jace Howard in for Will Tschetter.,NA,FALSE,FALSE,NA,NA,NA,NA,NA,NA,1,NA,NA,NA,NA,Kobe Bufkin,Joey Baker,Jace Howard,Jett Howard,Hunter Dickinson,Brian Taylor,Carrington McCaskill,Markus Harding,Reggie Bass,Jesse Zarzuela
2022-23,2022-12-29,2490677,268,0,2,Michigan,Central Michigan,Wolverines,Chippewas,4,4,46,49,-3,1345,Central Michigan,574,574,0,Substitution: Ola Ajiboye in for Carrington McCaskill.,NA,FALSE,FALSE,NA,NA,NA,NA,NA,NA,1,NA,NA,NA,NA,Kobe Bufkin,Joey Baker,Jace Howard,Jett Howard,Hunter Dickinson,Brian Taylor,Ola Ajiboye,Markus Harding,Reggie Bass,Jesse Zarzuela
2022-23,2022-12-29,2490677,269,0,2,Michigan,Central Michigan,Wolverines,Chippewas,4,4,47,49,-2,1498,Michigan,572,572,2,Kobe Bufkin makes free throw 1 of 1.,made,TRUE,FALSE,NA,NA,NA,NA,NA,NA,0,Michigan,Central Michigan,97,NA,Kobe Bufkin,Joey Baker,Jace Howard,Jett Howard,Hunter Dickinson,Brian Taylor,Ola Ajiboye,Markus Harding,Reggie Bass,Jesse Zarzuela
2022-23,2022-12-29,2490677,270,0,2,Michigan,Central Michigan,Wolverines,Chippewas,4,4,47,49,-2,1345,Central Michigan,557,557,15,Jesse Zarzuela misses a 3-point jump shot from 23 feet out.,missed,FALSE,TRUE,Jump Shot,12.3,24.25,1177339,Jesse Zarzuela,NA,0,Central Michigan,Central Michigan,98,NA,Kobe Bufkin,Joey Baker,Jace Howard,Jett Howard,Hunter Dickinson,Brian Taylor,Ola Ajiboye,Markus Harding,Reggie Bass,Jesse Zarzuela
2022-23,2022-12-29,2490677,271,0,2,Michigan,Central Michigan,Wolverines,Chippewas,4,4,47,49,-2,1498,Michigan,557,557,0,Joey Baker with a defensive rebound.,NA,FALSE,FALSE,NA,NA,NA,NA,NA,NA,0,Central Michigan,Michigan,98,NA,Kobe Bufkin,Joey Baker,Jace Howard,Jett Howard,Hunter Dickinson,Brian Taylor,Ola Ajiboye,Markus Harding,Reggie Bass,Jesse Zarzuela
2022-23,2022-12-29,2490677,272,0,2,Michigan,Central Michigan,Wolverines,Chippewas,4,4,47,49,-2,1498,Michigan,546,546,11,Jett Howard misses a 3-point jump shot from 24 feet out.,missed,FALSE,TRUE,Jump Shot,41.4,22.549999999999997,1408232,Jett Howard,NA,0,Michigan,Michigan,99,NA,Kobe Bufkin,Joey Baker,Jace Howard,Jett Howard,Hunter Dickinson,Brian Taylor,Ola Ajiboye,Markus Harding,Reggie Bass,Jesse Zarzuela
2022-23,2022-12-29,2490677,273,0,2,Michigan,Central Michigan,Wolverines,Chippewas,4,4,47,49,-2,1345,Central Michigan,546,546,0,Brian Taylor with a defensive rebound.,NA,FALSE,FALSE,NA,NA,NA,NA,NA,NA,0,Michigan,Central Michigan,99,NA,Kobe Bufkin,Joey Baker,Jace Howard,Jett Howard,Hunter Dickinson,Brian Taylor,Ola Ajiboye,Markus Harding,Reggie Bass,Jesse Zarzuela
2022-23,2022-12-29,2490677,274,0,2,Michigan,Central Michigan,Wolverines,Chippewas,4,4,47,49,-2,1345,Central Michigan,528,528,18,Markus Harding misses a 3-point jump shot from 24 feet out.,missed,FALSE,TRUE,Jump Shot,7.100000000000001,21.45,1403577,Markus Harding,NA,0,Central Michigan,Michigan,100,NA,Kobe Bufkin,Joey Baker,Jace Howard,Jett Howard,Hunter Dickinson,Brian Taylor,Ola Ajiboye,Markus Harding,Reggie Bass,Jesse Zarzuela
2022-23,2022-12-29,2490677,276,0,2,Michigan,Central Michigan,Wolverines,Chippewas,4,4,47,49,-2,1498,Michigan,512,512,16,Kobe Bufkin misses a jump shot from 13 feet out.,missed,FALSE,FALSE,Jump Shot,31.4,16.25,1324350,Kobe Bufkin,NA,0,Michigan,Michigan,101,NA,Kobe Bufkin,Joey Baker,Jace Howard,Jett Howard,Hunter Dickinson,Brian Taylor,Ola Ajiboye,Markus Harding,Reggie Bass,Jesse Zarzuela
2022-23,2022-12-29,2490677,277,0,2,Michigan,Central Michigan,Wolverines,Chippewas,4,4,47,49,-2,1498,Michigan,512,512,0,Hunter Dickinson with an offensive rebound.,NA,FALSE,FALSE,NA,NA,NA,NA,NA,NA,0,Michigan,Michigan,101,NA,Kobe Bufkin,Joey Baker,Jace Howard,Jett Howard,Hunter Dickinson,Brian Taylor,Ola Ajiboye,Markus Harding,Reggie Bass,Jesse Zarzuela
2022-23,2022-12-29,2490677,278,0,2,Michigan,Central Michigan,Wolverines,Chippewas,4,4,47,49,-2,1498,Michigan,507,507,5,Ola Ajiboye blocks a Hunter Dickinson layup from 3 feet out.,missed,FALSE,FALSE,Layup Shot,24.4,8.349999999999994,1232015,Hunter Dickinson,NA,0,Michigan,Michigan,101,NA,Kobe Bufkin,Joey Baker,Jace Howard,Jett Howard,Hunter Dickinson,Brian Taylor,Ola Ajiboye,Markus Harding,Reggie Bass,Jesse Zarzuela
2022-23,2022-12-29,2490677,279,0,2,Michigan,Central Michigan,Wolverines,Chippewas,4,4,47,49,-2,1498,Michigan,507,507,0,Hunter Dickinson with an offensive rebound.,NA,FALSE,FALSE,NA,NA,NA,NA,NA,NA,0,Michigan,Michigan,101,NA,Kobe Bufkin,Joey Baker,Jace Howard,Jett Howard,Hunter Dickinson,Brian Taylor,Ola Ajiboye,Markus Harding,Reggie Bass,Jesse Zarzuela
2022-23,2022-12-29,2490677,280,0,2,Michigan,Central Michigan,Wolverines,Chippewas,4,4,49,49,0,1498,Michigan,507,507,0,Hunter Dickinson makes a layup from 3 feet out.,made,FALSE,FALSE,Layup Shot,26.1,8.049999999999997,1232015,Hunter Dickinson,NA,0,Michigan,Central Michigan,101,NA,Kobe Bufkin,Joey Baker,Jace Howard,Jett Howard,Hunter Dickinson,Brian Taylor,Ola Ajiboye,Markus Harding,Reggie Bass,Jesse Zarzuela
2022-23,2022-12-29,2490677,281,0,2,Michigan,Central Michigan,Wolverines,Chippewas,4,4,49,49,0,1345,Central Michigan,498,498,9,Substitution: Carrington McCaskill in for Ola Ajiboye.,NA,FALSE,FALSE,NA,NA,NA,NA,NA,NA,1,NA,NA,NA,NA,Kobe Bufkin,Joey Baker,Jace Howard,Jett Howard,Hunter Dickinson,Brian Taylor,Carrington McCaskill,Markus Harding,Reggie Bass,Jesse Zarzuela
2022-23,2022-12-29,2490677,282,0,2,Michigan,Central Michigan,Wolverines,Chippewas,4,4,49,49,0,1345,Central Michigan,478,478,20,Jesse Zarzuela misses a layup from 5 feet out.,missed,FALSE,FALSE,Layup Shot,22.7,9.25,1177339,Jesse Zarzuela,NA,0,Central Michigan,Central Michigan,102,NA,Kobe Bufkin,Joey Baker,Jace Howard,Jett Howard,Hunter Dickinson,Brian Taylor,Carrington McCaskill,Markus Harding,Reggie Bass,Jesse Zarzuela
2022-23,2022-12-29,2490677,283,0,2,Michigan,Central Michigan,Wolverines,Chippewas,4,4,49,49,0,1498,Michigan,478,478,0,Hunter Dickinson with a defensive rebound.,NA,FALSE,FALSE,NA,NA,NA,NA,NA,NA,0,Central Michigan,Michigan,102,NA,Kobe Bufkin,Joey Baker,Jace Howard,Jett Howard,Hunter Dickinson,Brian Taylor,Carrington McCaskill,Markus Harding,Reggie Bass,Jesse Zarzuela
2022-23,2022-12-29,2490677,284,0,2,Michigan,Central Michigan,Wolverines,Chippewas,4,4,49,49,0,1345,Central Michigan,464,464,14,Personal foul committed by Markus Harding.,NA,FALSE,FALSE,NA,NA,NA,NA,NA,NA,0,Michigan,Michigan,103,NA,Kobe Bufkin,Joey Baker,Jace Howard,Jett Howard,Hunter Dickinson,Brian Taylor,Carrington McCaskill,Markus Harding,Reggie Bass,Jesse Zarzuela
2022-23,2022-12-29,2490677,285,0,2,Michigan,Central Michigan,Wolverines,Chippewas,4,4,49,49,0,1345,Central Michigan,464,464,0,Substitution: Miroslav Stafl in for Markus Harding.,NA,FALSE,FALSE,NA,NA,NA,NA,NA,NA,1,NA,NA,NA,NA,Kobe Bufkin,Joey Baker,Jace Howard,Jett Howard,Hunter Dickinson,Brian Taylor,Carrington McCaskill,Miroslav Stafl,Reggie Bass,Jesse Zarzuela
2022-23,2022-12-29,2490677,286,0,2,Michigan,Central Michigan,Wolverines,Chippewas,4,4,49,49,0,1498,Michigan,455,455,9,Kobe Bufkin misses a layup from 3 feet out.,missed,FALSE,FALSE,Layup Shot,26.1,7.849999999999994,1324350,Kobe Bufkin,NA,0,Michigan,Michigan,103,NA,Kobe Bufkin,Joey Baker,Jace Howard,Jett Howard,Hunter Dickinson,Brian Taylor,Carrington McCaskill,Miroslav Stafl,Reggie Bass,Jesse Zarzuela
2022-23,2022-12-29,2490677,287,0,2,Michigan,Central Michigan,Wolverines,Chippewas,4,4,49,49,0,1345,Central Michigan,455,455,0,Reggie Bass with a defensive rebound.,NA,FALSE,FALSE,NA,NA,NA,NA,NA,NA,0,Michigan,Central Michigan,103,NA,Kobe Bufkin,Joey Baker,Jace Howard,Jett Howard,Hunter Dickinson,Brian Taylor,Carrington McCaskill,Miroslav Stafl,Reggie Bass,Jesse Zarzuela
2022-23,2022-12-29,2490677,288,0,2,Michigan,Central Michigan,Wolverines,Chippewas,4,4,49,52,-3,1345,Central Michigan,432,432,23,Jesse Zarzuela makes a 3-point jump shot from 23 feet out.,made,FALSE,TRUE,Jump Shot,12,24.25,1177339,Jesse Zarzuela,NA,0,Central Michigan,Michigan,104,NA,Kobe Bufkin,Joey Baker,Jace Howard,Jett Howard,Hunter Dickinson,Brian Taylor,Carrington McCaskill,Miroslav Stafl,Reggie Bass,Jesse Zarzuela
2022-23,2022-12-29,2490677,289,0,2,Michigan,Central Michigan,Wolverines,Chippewas,4,4,49,52,-3,1498,Michigan,410,410,22,Jett Howard misses a 3-point jump shot from 23 feet out.,missed,FALSE,TRUE,Jump Shot,45,16.049999999999997,1408232,Jett Howard,NA,0,Michigan,Michigan,105,NA,Kobe Bufkin,Joey Baker,Jace Howard,Jett Howard,Hunter Dickinson,Brian Taylor,Carrington McCaskill,Miroslav Stafl,Reggie Bass,Jesse Zarzuela
2022-23,2022-12-29,2490677,290,0,2,Michigan,Central Michigan,Wolverines,Chippewas,4,4,49,52,-3,1498,Michigan,410,410,0,Jace Howard with an offensive rebound.,NA,FALSE,FALSE,NA,NA,NA,NA,NA,NA,0,Michigan,Michigan,105,NA,Kobe Bufkin,Joey Baker,Jace Howard,Jett Howard,Hunter Dickinson,Brian Taylor,Carrington McCaskill,Miroslav Stafl,Reggie Bass,Jesse Zarzuela
2022-23,2022-12-29,2490677,291,0,2,Michigan,Central Michigan,Wolverines,Chippewas,4,4,51,52,-1,1498,Michigan,403,403,7,Jace Howard makes a jump shot from 9 feet out.,made,FALSE,FALSE,Jump Shot,28.3,13.450000000000003,1231998,Jace Howard,NA,0,Michigan,Central Michigan,105,NA,Kobe Bufkin,Joey Baker,Jace Howard,Jett Howard,Hunter Dickinson,Brian Taylor,Carrington McCaskill,Miroslav Stafl,Reggie Bass,Jesse Zarzuela
2022-23,2022-12-29,2490677,292,0,2,Michigan,Central Michigan,Wolverines,Chippewas,4,4,51,54,-3,1345,Central Michigan,386,386,17,Jesse Zarzuela makes a layup from 4 feet out.,made,FALSE,FALSE,Layup Shot,26.1,8.75,1177339,Jesse Zarzuela,NA,0,Central Michigan,Michigan,106,NA,Kobe Bufkin,Joey Baker,Jace Howard,Jett Howard,Hunter Dickinson,Brian Taylor,Carrington McCaskill,Miroslav Stafl,Reggie Bass,Jesse Zarzuela
2022-23,2022-12-29,2490677,293,0,2,Michigan,Central Michigan,Wolverines,Chippewas,4,4,54,54,0,1498,Michigan,364,364,22,Jett Howard makes a 3-point jump shot from 24 feet out. Kobe Bufkin with the assist.,made,FALSE,TRUE,Jump Shot,12,24.849999999999994,1408232,Jett Howard,Kobe Bufkin,0,Michigan,Central Michigan,107,NA,Kobe Bufkin,Joey Baker,Jace Howard,Jett Howard,Hunter Dickinson,Brian Taylor,Carrington McCaskill,Miroslav Stafl,Reggie Bass,Jesse Zarzuela
2022-23,2022-12-29,2490677,294,0,2,Michigan,Central Michigan,Wolverines,Chippewas,4,4,54,54,0,1498,Michigan,355,355,9,Substitution: Dug McDaniel in for Joey Baker.,NA,FALSE,FALSE,NA,NA,NA,NA,NA,NA,1,NA,NA,NA,NA,Kobe Bufkin,Dug McDaniel,Jace Howard,Jett Howard,Hunter Dickinson,Brian Taylor,Carrington McCaskill,Miroslav Stafl,Reggie Bass,Jesse Zarzuela
2022-23,2022-12-29,2490677,295,0,2,Michigan,Central Michigan,Wolverines,Chippewas,4,4,54,54,0,1498,Michigan,355,355,0,Substitution: Terrance Williams II in for Jace Howard.,NA,FALSE,FALSE,NA,NA,NA,NA,NA,NA,1,NA,NA,NA,NA,Kobe Bufkin,Dug McDaniel,Terrance Williams II,Jett Howard,Hunter Dickinson,Brian Taylor,Carrington McCaskill,Miroslav Stafl,Reggie Bass,Jesse Zarzuela
2022-23,2022-12-29,2490677,296,0,2,Michigan,Central Michigan,Wolverines,Chippewas,4,4,54,54,0,1345,Central Michigan,337,337,18,Miroslav Stafl misses a 3-point jump shot from 24 feet out.,missed,FALSE,TRUE,Jump Shot,8.2,22.35,1193944,Miroslav Stafl,NA,0,Central Michigan,Central Michigan,108,NA,Kobe Bufkin,Dug McDaniel,Terrance Williams II,Jett Howard,Hunter Dickinson,Brian Taylor,Carrington McCaskill,Miroslav Stafl,Reggie Bass,Jesse Zarzuela
2022-23,2022-12-29,2490677,297,0,2,Michigan,Central Michigan,Wolverines,Chippewas,4,4,54,54,0,1498,Michigan,337,337,0,Hunter Dickinson with a defensive rebound.,NA,FALSE,FALSE,NA,NA,NA,NA,NA,NA,0,Central Michigan,Michigan,108,NA,Kobe Bufkin,Dug McDaniel,Terrance Williams II,Jett Howard,Hunter Dickinson,Brian Taylor,Carrington McCaskill,Miroslav Stafl,Reggie Bass,Jesse Zarzuela
2022-23,2022-12-29,2490677,298,0,2,Michigan,Central Michigan,Wolverines,Chippewas,4,4,54,54,0,1498,Michigan,334,334,3,Hunter Dickinson with a turnover - Traveling,NA,FALSE,FALSE,NA,NA,NA,NA,NA,NA,0,Michigan,Central Michigan,109,NA,Kobe Bufkin,Dug McDaniel,Terrance Williams II,Jett Howard,Hunter Dickinson,Brian Taylor,Carrington McCaskill,Miroslav Stafl,Reggie Bass,Jesse Zarzuela
2022-23,2022-12-29,2490677,299,0,2,Michigan,Central Michigan,Wolverines,Chippewas,4,4,54,54,0,1498,Michigan,332,332,2,Shooting foul committed by Terrance Williams II.,NA,FALSE,FALSE,NA,NA,NA,NA,NA,NA,0,Central Michigan,Central Michigan,110,NA,Kobe Bufkin,Dug McDaniel,Terrance Williams II,Jett Howard,Hunter Dickinson,Brian Taylor,Carrington McCaskill,Miroslav Stafl,Reggie Bass,Jesse Zarzuela
2022-23,2022-12-29,2490677,300,0,2,Michigan,Central Michigan,Wolverines,Chippewas,4,4,54,55,-1,1345,Central Michigan,332,332,0,Carrington McCaskill makes free throw 1 of 2.,made,TRUE,FALSE,NA,NA,NA,NA,NA,NA,0,Central Michigan,Central Michigan,110,NA,Kobe Bufkin,Dug McDaniel,Terrance Williams II,Jett Howard,Hunter Dickinson,Brian Taylor,Carrington McCaskill,Miroslav Stafl,Reggie Bass,Jesse Zarzuela
2022-23,2022-12-29,2490677,301,0,2,Michigan,Central Michigan,Wolverines,Chippewas,4,4,54,56,-2,1345,Central Michigan,332,332,0,Carrington McCaskill makes free throw 2 of 2.,made,TRUE,FALSE,NA,NA,NA,NA,NA,NA,0,Central Michigan,Michigan,110,NA,Kobe Bufkin,Dug McDaniel,Terrance Williams II,Jett Howard,Hunter Dickinson,Brian Taylor,Carrington McCaskill,Miroslav Stafl,Reggie Bass,Jesse Zarzuela
2022-23,2022-12-29,2490677,302,0,2,Michigan,Central Michigan,Wolverines,Chippewas,4,4,54,56,-2,1345,Central Michigan,315,315,17,Shooting foul committed by Miroslav Stafl.,NA,FALSE,FALSE,NA,NA,NA,NA,NA,NA,0,Michigan,Michigan,111,NA,Kobe Bufkin,Dug McDaniel,Terrance Williams II,Jett Howard,Hunter Dickinson,Brian Taylor,Carrington McCaskill,Miroslav Stafl,Reggie Bass,Jesse Zarzuela
2022-23,2022-12-29,2490677,303,0,2,Michigan,Central Michigan,Wolverines,Chippewas,4,4,54,56,-2,1345,Central Michigan,315,315,0,Substitution: Markus Harding in for Miroslav Stafl.,NA,FALSE,FALSE,NA,NA,NA,NA,NA,NA,1,NA,NA,NA,NA,Kobe Bufkin,Dug McDaniel,Terrance Williams II,Jett Howard,Hunter Dickinson,Brian Taylor,Carrington McCaskill,Markus Harding,Reggie Bass,Jesse Zarzuela
2022-23,2022-12-29,2490677,304,0,2,Michigan,Central Michigan,Wolverines,Chippewas,4,4,54,56,-2,1498,Michigan,315,315,0,Hunter Dickinson misses free throw 1 of 2.,missed,TRUE,FALSE,NA,NA,NA,NA,NA,NA,0,Michigan,Michigan,111,NA,Kobe Bufkin,Dug McDaniel,Terrance Williams II,Jett Howard,Hunter Dickinson,Brian Taylor,Carrington McCaskill,Markus Harding,Reggie Bass,Jesse Zarzuela
2022-23,2022-12-29,2490677,306,0,2,Michigan,Central Michigan,Wolverines,Chippewas,4,4,55,56,-1,1498,Michigan,315,315,0,Hunter Dickinson makes free throw 2 of 2.,made,TRUE,FALSE,NA,NA,NA,NA,NA,NA,0,Michigan,Central Michigan,111,NA,Kobe Bufkin,Dug McDaniel,Terrance Williams II,Jett Howard,Hunter Dickinson,Brian Taylor,Carrington McCaskill,Markus Harding,Reggie Bass,Jesse Zarzuela
2022-23,2022-12-29,2490677,307,0,2,Michigan,Central Michigan,Wolverines,Chippewas,4,4,55,58,-3,1345,Central Michigan,298,298,17,Jesse Zarzuela makes a jump shot from 14 feet out.,made,FALSE,FALSE,Jump Shot,18.6,18.05,1177339,Jesse Zarzuela,NA,0,Central Michigan,Michigan,112,NA,Kobe Bufkin,Dug McDaniel,Terrance Williams II,Jett Howard,Hunter Dickinson,Brian Taylor,Carrington McCaskill,Markus Harding,Reggie Bass,Jesse Zarzuela
2022-23,2022-12-29,2490677,308,0,2,Michigan,Central Michigan,Wolverines,Chippewas,4,4,55,58,-3,1498,Michigan,287,287,11,Jett Howard misses a 3-point jump shot from 23 feet out.,missed,FALSE,TRUE,Jump Shot,28.5,28.450000000000003,1408232,Jett Howard,NA,0,Michigan,Michigan,113,NA,Kobe Bufkin,Dug McDaniel,Terrance Williams II,Jett Howard,Hunter Dickinson,Brian Taylor,Carrington McCaskill,Markus Harding,Reggie Bass,Jesse Zarzuela
2022-23,2022-12-29,2490677,309,0,2,Michigan,Central Michigan,Wolverines,Chippewas,4,4,55,58,-3,1498,Michigan,287,287,0,Kobe Bufkin with an offensive rebound.,NA,FALSE,FALSE,NA,NA,NA,NA,NA,NA,0,Michigan,Michigan,113,NA,Kobe Bufkin,Dug McDaniel,Terrance Williams II,Jett Howard,Hunter Dickinson,Brian Taylor,Carrington McCaskill,Markus Harding,Reggie Bass,Jesse Zarzuela
2022-23,2022-12-29,2490677,310,0,2,Michigan,Central Michigan,Wolverines,Chippewas,4,4,55,58,-3,1498,Michigan,283,283,4,Jett Howard misses a 3-point jump shot from 24 feet out.,missed,FALSE,TRUE,Jump Shot,8.899999999999999,22.650000000000006,1408232,Jett Howard,NA,0,Michigan,Michigan,113,NA,Kobe Bufkin,Dug McDaniel,Terrance Williams II,Jett Howard,Hunter Dickinson,Brian Taylor,Carrington McCaskill,Markus Harding,Reggie Bass,Jesse Zarzuela
2022-23,2022-12-29,2490677,311,0,2,Michigan,Central Michigan,Wolverines,Chippewas,4,4,55,58,-3,1345,Central Michigan,283,283,0,Reggie Bass with a defensive rebound.,NA,FALSE,FALSE,NA,NA,NA,NA,NA,NA,0,Michigan,Central Michigan,113,NA,Kobe Bufkin,Dug McDaniel,Terrance Williams II,Jett Howard,Hunter Dickinson,Brian Taylor,Carrington McCaskill,Markus Harding,Reggie Bass,Jesse Zarzuela
2022-23,2022-12-29,2490677,312,0,2,Michigan,Central Michigan,Wolverines,Chippewas,4,4,55,58,-3,1345,Central Michigan,270,270,13,Jesse Zarzuela misses a 3-point jump shot from 23 feet out.,missed,FALSE,TRUE,Jump Shot,9.1,21.45,1177339,Jesse Zarzuela,NA,0,Central Michigan,Central Michigan,114,NA,Kobe Bufkin,Dug McDaniel,Terrance Williams II,Jett Howard,Hunter Dickinson,Brian Taylor,Carrington McCaskill,Markus Harding,Reggie Bass,Jesse Zarzuela
2022-23,2022-12-29,2490677,313,0,2,Michigan,Central Michigan,Wolverines,Chippewas,4,4,55,58,-3,1498,Michigan,270,270,0,Dug McDaniel with a defensive rebound.,NA,FALSE,FALSE,NA,NA,NA,NA,NA,NA,0,Central Michigan,Michigan,114,NA,Kobe Bufkin,Dug McDaniel,Terrance Williams II,Jett Howard,Hunter Dickinson,Brian Taylor,Carrington McCaskill,Markus Harding,Reggie Bass,Jesse Zarzuela
2022-23,2022-12-29,2490677,314,0,2,Michigan,Central Michigan,Wolverines,Chippewas,4,4,57,58,-1,1498,Michigan,262,262,8,Kobe Bufkin makes a layup from 4 feet out. Dug McDaniel with the assist.,made,FALSE,FALSE,Layup Shot,26,9.25,1324350,Kobe Bufkin,Dug McDaniel,0,Michigan,Michigan,115,NA,Kobe Bufkin,Dug McDaniel,Terrance Williams II,Jett Howard,Hunter Dickinson,Brian Taylor,Carrington McCaskill,Markus Harding,Reggie Bass,Jesse Zarzuela
2022-23,2022-12-29,2490677,315,0,2,Michigan,Central Michigan,Wolverines,Chippewas,4,4,57,58,-1,1345,Central Michigan,262,262,0,Shooting foul committed by Brian Taylor.,NA,FALSE,FALSE,NA,NA,NA,NA,NA,NA,0,Michigan,Michigan,115,NA,Kobe Bufkin,Dug McDaniel,Terrance Williams II,Jett Howard,Hunter Dickinson,Brian Taylor,Carrington McCaskill,Markus Harding,Reggie Bass,Jesse Zarzuela
2022-23,2022-12-29,2490677,316,0,2,Michigan,Central Michigan,Wolverines,Chippewas,4,4,58,58,0,1498,Michigan,262,262,0,Kobe Bufkin makes free throw 1 of 1.,made,TRUE,FALSE,NA,NA,NA,NA,NA,NA,0,Michigan,Central Michigan,115,NA,Kobe Bufkin,Dug McDaniel,Terrance Williams II,Jett Howard,Hunter Dickinson,Brian Taylor,Carrington McCaskill,Markus Harding,Reggie Bass,Jesse Zarzuela
2022-23,2022-12-29,2490677,317,0,2,Michigan,Central Michigan,Wolverines,Chippewas,4,4,58,58,0,1345,Central Michigan,232,232,30,Carrington McCaskill misses a layup from 4 feet out.,missed,FALSE,FALSE,Layup Shot,22.7,8.55,1176501,Carrington McCaskill,NA,0,Central Michigan,Central Michigan,116,NA,Kobe Bufkin,Dug McDaniel,Terrance Williams II,Jett Howard,Hunter Dickinson,Brian Taylor,Carrington McCaskill,Markus Harding,Reggie Bass,Jesse Zarzuela
2022-23,2022-12-29,2490677,318,0,2,Michigan,Central Michigan,Wolverines,Chippewas,4,4,58,58,0,1345,Central Michigan,232,232,0,Markus Harding with an offensive rebound.,NA,FALSE,FALSE,NA,NA,NA,NA,NA,NA,0,Central Michigan,Central Michigan,116,NA,Kobe Bufkin,Dug McDaniel,Terrance Williams II,Jett Howard,Hunter Dickinson,Brian Taylor,Carrington McCaskill,Markus Harding,Reggie Bass,Jesse Zarzuela
2022-23,2022-12-29,2490677,319,0,2,Michigan,Central Michigan,Wolverines,Chippewas,4,4,58,60,-2,1345,Central Michigan,226,226,6,Markus Harding makes a layup from 4 feet out.,made,FALSE,FALSE,Layup Shot,28,7.35,1403577,Markus Harding,NA,0,Central Michigan,Michigan,116,NA,Kobe Bufkin,Dug McDaniel,Terrance Williams II,Jett Howard,Hunter Dickinson,Brian Taylor,Carrington McCaskill,Markus Harding,Reggie Bass,Jesse Zarzuela
2022-23,2022-12-29,2490677,320,0,2,Michigan,Central Michigan,Wolverines,Chippewas,4,4,58,60,-2,1498,Michigan,216,216,10,Jett Howard misses a 3-point jump shot from 24 feet out.,missed,FALSE,TRUE,Jump Shot,11,25.049999999999997,1408232,Jett Howard,NA,0,Michigan,Michigan,117,NA,Kobe Bufkin,Dug McDaniel,Terrance Williams II,Jett Howard,Hunter Dickinson,Brian Taylor,Carrington McCaskill,Markus Harding,Reggie Bass,Jesse Zarzuela
2022-23,2022-12-29,2490677,321,0,2,Michigan,Central Michigan,Wolverines,Chippewas,4,4,58,60,-2,1345,Central Michigan,216,216,0,Jesse Zarzuela with a defensive rebound.,NA,FALSE,FALSE,NA,NA,NA,NA,NA,NA,0,Michigan,Central Michigan,117,NA,Kobe Bufkin,Dug McDaniel,Terrance Williams II,Jett Howard,Hunter Dickinson,Brian Taylor,Carrington McCaskill,Markus Harding,Reggie Bass,Jesse Zarzuela
2022-23,2022-12-29,2490677,322,0,2,Michigan,Central Michigan,Wolverines,Chippewas,4,4,58,60,-2,1345,Central Michigan,196,196,20,Dug McDaniel steals the ball from Jesse Zarzuela.,NA,FALSE,FALSE,NA,NA,NA,NA,NA,NA,0,Central Michigan,Michigan,118,NA,Kobe Bufkin,Dug McDaniel,Terrance Williams II,Jett Howard,Hunter Dickinson,Brian Taylor,Carrington McCaskill,Markus Harding,Reggie Bass,Jesse Zarzuela
2022-23,2022-12-29,2490677,323,0,2,Michigan,Central Michigan,Wolverines,Chippewas,4,4,58,60,-2,1345,Central Michigan,194,194,2,Shooting foul committed by Jesse Zarzuela.,NA,FALSE,FALSE,NA,NA,NA,NA,NA,NA,0,Michigan,Michigan,119,NA,Kobe Bufkin,Dug McDaniel,Terrance Williams II,Jett Howard,Hunter Dickinson,Brian Taylor,Carrington McCaskill,Markus Harding,Reggie Bass,Jesse Zarzuela
2022-23,2022-12-29,2490677,324,0,2,Michigan,Central Michigan,Wolverines,Chippewas,4,4,59,60,-1,1498,Michigan,194,194,0,Dug McDaniel makes free throw 1st of 1-and-1.,made,TRUE,FALSE,NA,NA,NA,NA,NA,NA,0,Michigan,Michigan,119,NA,Kobe Bufkin,Dug McDaniel,Terrance Williams II,Jett Howard,Hunter Dickinson,Brian Taylor,Carrington McCaskill,Markus Harding,Reggie Bass,Jesse Zarzuela
2022-23,2022-12-29,2490677,325,0,2,Michigan,Central Michigan,Wolverines,Chippewas,4,4,60,60,0,1498,Michigan,194,194,0,Dug McDaniel makes free throw 2nd of 1-and-1.,made,TRUE,FALSE,NA,NA,NA,NA,NA,NA,0,Michigan,Central Michigan,119,NA,Kobe Bufkin,Dug McDaniel,Terrance Williams II,Jett Howard,Hunter Dickinson,Brian Taylor,Carrington McCaskill,Markus Harding,Reggie Bass,Jesse Zarzuela
2022-23,2022-12-29,2490677,326,0,2,Michigan,Central Michigan,Wolverines,Chippewas,4,4,60,60,0,1345,Central Michigan,169,169,25,Kobe Bufkin steals the ball from Jesse Zarzuela.,NA,FALSE,FALSE,NA,NA,NA,NA,NA,NA,0,Central Michigan,Michigan,120,NA,Kobe Bufkin,Dug McDaniel,Terrance Williams II,Jett Howard,Hunter Dickinson,Brian Taylor,Carrington McCaskill,Markus Harding,Reggie Bass,Jesse Zarzuela
2022-23,2022-12-29,2490677,327,0,2,Michigan,Central Michigan,Wolverines,Chippewas,4,4,60,60,0,1345,Central Michigan,147,147,22,Shooting foul committed by Markus Harding.,NA,FALSE,FALSE,NA,NA,NA,NA,NA,NA,0,Michigan,Michigan,121,NA,Kobe Bufkin,Dug McDaniel,Terrance Williams II,Jett Howard,Hunter Dickinson,Brian Taylor,Carrington McCaskill,Markus Harding,Reggie Bass,Jesse Zarzuela
2022-23,2022-12-29,2490677,328,0,2,Michigan,Central Michigan,Wolverines,Chippewas,4,4,60,60,0,1498,Michigan,147,147,0,Hunter Dickinson misses free throw 1 of 2.,missed,TRUE,FALSE,NA,NA,NA,NA,NA,NA,0,Michigan,Michigan,121,NA,Kobe Bufkin,Dug McDaniel,Terrance Williams II,Jett Howard,Hunter Dickinson,Brian Taylor,Carrington McCaskill,Markus Harding,Reggie Bass,Jesse Zarzuela
2022-23,2022-12-29,2490677,330,0,2,Michigan,Central Michigan,Wolverines,Chippewas,4,4,61,60,1,1498,Michigan,147,147,0,Hunter Dickinson makes free throw 2 of 2.,made,TRUE,FALSE,NA,NA,NA,NA,NA,NA,0,Michigan,Central Michigan,121,NA,Kobe Bufkin,Dug McDaniel,Terrance Williams II,Jett Howard,Hunter Dickinson,Brian Taylor,Carrington McCaskill,Markus Harding,Reggie Bass,Jesse Zarzuela
2022-23,2022-12-29,2490677,331,0,2,Michigan,Central Michigan,Wolverines,Chippewas,4,4,61,60,1,1345,Central Michigan,119,119,28,Markus Harding misses a 3-point jump shot from 24 feet out.,missed,FALSE,TRUE,Jump Shot,11,25.05,1403577,Markus Harding,NA,0,Central Michigan,Michigan,122,NA,Kobe Bufkin,Dug McDaniel,Terrance Williams II,Jett Howard,Hunter Dickinson,Brian Taylor,Carrington McCaskill,Markus Harding,Reggie Bass,Jesse Zarzuela
2022-23,2022-12-29,2490677,333,0,2,Michigan,Central Michigan,Wolverines,Chippewas,4,4,61,60,1,1498,Michigan,90,90,29,Kobe Bufkin misses a 3-point jump shot from 24 feet out.,missed,FALSE,TRUE,Jump Shot,9.899999999999999,24.049999999999997,1324350,Kobe Bufkin,NA,0,Michigan,Michigan,123,NA,Kobe Bufkin,Dug McDaniel,Terrance Williams II,Jett Howard,Hunter Dickinson,Brian Taylor,Carrington McCaskill,Markus Harding,Reggie Bass,Jesse Zarzuela
2022-23,2022-12-29,2490677,334,0,2,Michigan,Central Michigan,Wolverines,Chippewas,4,4,61,60,1,1345,Central Michigan,90,90,0,Carrington McCaskill with a defensive rebound.,NA,FALSE,FALSE,NA,NA,NA,NA,NA,NA,0,Michigan,Central Michigan,123,NA,Kobe Bufkin,Dug McDaniel,Terrance Williams II,Jett Howard,Hunter Dickinson,Brian Taylor,Carrington McCaskill,Markus Harding,Reggie Bass,Jesse Zarzuela
2022-23,2022-12-29,2490677,335,0,2,Michigan,Central Michigan,Wolverines,Chippewas,4,4,61,60,1,1345,Central Michigan,60,60,30,Reggie Bass misses a 3-point jump shot from 22 feet out.,missed,FALSE,TRUE,Jump Shot,9.8,21.85,1401604,Reggie Bass,NA,0,Central Michigan,Central Michigan,124,NA,Kobe Bufkin,Dug McDaniel,Terrance Williams II,Jett Howard,Hunter Dickinson,Brian Taylor,Carrington McCaskill,Markus Harding,Reggie Bass,Jesse Zarzuela
2022-23,2022-12-29,2490677,336,0,2,Michigan,Central Michigan,Wolverines,Chippewas,4,4,61,60,1,1498,Michigan,60,60,0,Kobe Bufkin with a defensive rebound.,NA,FALSE,FALSE,NA,NA,NA,NA,NA,NA,0,Central Michigan,Michigan,124,NA,Kobe Bufkin,Dug McDaniel,Terrance Williams II,Jett Howard,Hunter Dickinson,Brian Taylor,Carrington McCaskill,Markus Harding,Reggie Bass,Jesse Zarzuela
2022-23,2022-12-29,2490677,337,0,2,Michigan,Central Michigan,Wolverines,Chippewas,4,4,61,60,1,1498,Michigan,36,36,24,Brian Taylor blocks a Jett Howard 3-point jump shot from 24 feet out.,missed,FALSE,TRUE,Jump Shot,9,23.25,1408232,Jett Howard,NA,0,Michigan,Michigan,125,NA,Kobe Bufkin,Dug McDaniel,Terrance Williams II,Jett Howard,Hunter Dickinson,Brian Taylor,Carrington McCaskill,Markus Harding,Reggie Bass,Jesse Zarzuela
2022-23,2022-12-29,2490677,338,0,2,Michigan,Central Michigan,Wolverines,Chippewas,4,4,61,60,1,1345,Central Michigan,36,36,0,Reggie Bass with a defensive rebound.,NA,FALSE,FALSE,NA,NA,NA,NA,NA,NA,0,Michigan,Central Michigan,125,NA,Kobe Bufkin,Dug McDaniel,Terrance Williams II,Jett Howard,Hunter Dickinson,Brian Taylor,Carrington McCaskill,Markus Harding,Reggie Bass,Jesse Zarzuela
2022-23,2022-12-29,2490677,339,0,2,Michigan,Central Michigan,Wolverines,Chippewas,4,4,61,63,-2,1345,Central Michigan,12,12,24,Reggie Bass makes a 3-point jump shot from 24 feet out.,made,FALSE,TRUE,Jump Shot,8.2,22.35,1401604,Reggie Bass,NA,0,Central Michigan,Michigan,126,NA,Kobe Bufkin,Dug McDaniel,Terrance Williams II,Jett Howard,Hunter Dickinson,Brian Taylor,Carrington McCaskill,Markus Harding,Reggie Bass,Jesse Zarzuela
2022-23,2022-12-29,2490677,340,0,2,Michigan,Central Michigan,Wolverines,Chippewas,4,4,61,63,-2,1498,Michigan,4,4,8,Kobe Bufkin misses a 3-point jump shot from 24 feet out.,missed,FALSE,TRUE,Jump Shot,11.299999999999997,24.349999999999994,1324350,Kobe Bufkin,NA,0,Michigan,Michigan,127,NA,Kobe Bufkin,Dug McDaniel,Terrance Williams II,Jett Howard,Hunter Dickinson,Brian Taylor,Carrington McCaskill,Markus Harding,Reggie Bass,Jesse Zarzuela
2022-23,2022-12-29,2490677,341,0,2,Michigan,Central Michigan,Wolverines,Chippewas,4,4,61,63,-2,1498,Michigan,4,4,0,Hunter Dickinson with an offensive rebound.,NA,FALSE,FALSE,NA,NA,NA,NA,NA,NA,0,Michigan,Michigan,127,NA,Kobe Bufkin,Dug McDaniel,Terrance Williams II,Jett Howard,Hunter Dickinson,Brian Taylor,Carrington McCaskill,Markus Harding,Reggie Bass,Jesse Zarzuela
2022-23,2022-12-29,2490677,342,0,2,Michigan,Central Michigan,Wolverines,Chippewas,4,4,61,63,-2,1498,Michigan,4,4,0,Hunter Dickinson misses a jump shot from 7 feet out.,missed,FALSE,FALSE,Jump Shot,27,12.25,1232015,Hunter Dickinson,NA,0,Michigan,NA,127,NA,Kobe Bufkin,Dug McDaniel,Terrance Williams II,Jett Howard,Hunter Dickinson,Brian Taylor,Carrington McCaskill,Markus Harding,Reggie Bass,Jesse Zarzuela
2022-23,2022-12-29,2490677,344,0,2,Michigan,Central Michigan,Wolverines,Chippewas,4,4,61,63,-2,NA,NA,0,0,4,End of the 2nd Half,NA,FALSE,FALSE,NA,NA,NA,NA,NA,NA,0,NA,NA,NA,NA,Kobe Bufkin,Dug McDaniel,Terrance Williams II,Jett Howard,Hunter Dickinson,Brian Taylor,Carrington McCaskill,Markus Harding,Reggie Bass,Jesse Zarzuela
2022-23,2022-12-29,2490677,345,0,2,Michigan,Central Michigan,Wolverines,Chippewas,4,4,61,63,-2,NA,NA,0,0,0,End of the Game,NA,FALSE,FALSE,NA,NA,NA,NA,NA,NA,0,Michigan,Michigan,NA,NA,Kobe Bufkin,Dug McDaniel,Terrance Williams II,Jett Howard,Hunter Dickinson,Brian Taylor,Carrington McCaskill,Markus Harding,Reggie Bass,Jesse Zarzuela
