season,date,game_id,play_id,neutral,half,home,away,home_name,away_name,home_timeouts,away_timeouts,home_score,away_score,score_diff,team_id,event_team,game_secs_remaining,half_secs_remaining,play_length,desc,shot_outcome,free_throw,three_pt,shot_desc,loc_x,loc_y,shooter_id,shooter,assist,substitution,poss_before,poss_after,poss_number,sub_error,home_1,home_2,home_3,home_4,home_5,away_1,away_2,away_3,away_4,away_5
2022-23,2023-02-18,2493233,1,0,1,Vanderbilt,Auburn,Commodores,Tigers,4,4,0,0,0,1674,Vanderbilt,NA,NA,NA,Starting Lineup - Ezra Manjon,NA,FALSE,FALSE,NA,NA,NA,NA,NA,NA,1,NA,NA,NA,NA,Ezra Manjon,Tyrin Lawrence,Myles Stute,Trey Thomas,Liam Robbins,Johni Broome,Allen Flanigan,Zep Jasper,Jaylin Williams,Wendell Green Jr.
2022-23,2023-02-18,2493233,1,0,1,Vanderbilt,Auburn,Commodores,Tigers,4,4,0,0,0,1674,Vanderbilt,NA,NA,NA,Starting Lineup - Tyrin Lawrence,NA,FALSE,FALSE,NA,NA,NA,NA,NA,NA,1,NA,NA,NA,NA,Ezra Manjon,Tyrin Lawrence,Myles Stute,Trey Thomas,Liam Robbins,Johni Broome,Allen Flanigan,Zep Jasper,Jaylin Williams,Wendell Green Jr.
2022-23,2023-02-18,2493233,1,0,1,Vanderbilt,Auburn,Commodores,Tigers,4,4,0,0,0,1299,Auburn,NA,NA,NA,Starting Lineup - Johni Broome,NA,FALSE,FALSE,NA,NA,NA,NA,NA,NA,1,NA,NA,NA,NA,Ezra Manjon,Tyrin Lawrence,Myles Stute,Trey Thomas,Liam Robbins,Johni Broome,Allen Flanigan,Zep Jasper,Jaylin Williams,Wendell Green Jr.
2022-23,2023-02-18,2493233,1,0,1,Vanderbilt,Auburn,Commodores,Tigers,4,4,0,0,0,1674,Vanderbilt,NA,NA,NA,Starting Lineup - Myles Stute,NA,FALSE,FALSE,NA,NA,NA,NA,NA,NA,1,NA,NA,NA,NA,Ezra Manjon,Tyrin Lawrence,Myles Stute,Trey Thomas,Liam Robbins,Johni Broome,Allen Flanigan,Zep Jasper,Jaylin Williams,Wendell Green Jr.
2022-23,2023-02-18,2493233,1,0,1,Vanderbilt,Auburn,Commodores,Tigers,4,4,0,0,0,1299,Auburn,NA,NA,NA,Starting Lineup - Allen Flanigan,NA,FALSE,FALSE,NA,NA,NA,NA,NA,NA,1,NA,NA,NA,NA,Ezra Manjon,Tyrin Lawrence,Myles Stute,Trey Thomas,Liam Robbins,Johni Broome,Allen Flanigan,Zep Jasper,Jaylin Williams,Wendell Green Jr.
2022-23,2023-02-18,2493233,1,0,1,Vanderbilt,Auburn,Commodores,Tigers,4,4,0,0,0,1299,Auburn,NA,NA,NA,Starting Lineup - Zep Jasper,NA,FALSE,FALSE,NA,NA,NA,NA,NA,NA,1,NA,NA,NA,NA,Ezra Manjon,Tyrin Lawrence,Myles Stute,Trey Thomas,Liam Robbins,Johni Broome,Allen Flanigan,Zep Jasper,Jaylin Williams,Wendell Green Jr.
2022-23,2023-02-18,2493233,1,0,1,Vanderbilt,Auburn,Commodores,Tigers,4,4,0,0,0,1674,Vanderbilt,NA,NA,NA,Starting Lineup - Trey Thomas,NA,FALSE,FALSE,NA,NA,NA,NA,NA,NA,1,NA,NA,NA,NA,Ezra Manjon,Tyrin Lawrence,Myles Stute,Trey Thomas,Liam Robbins,Johni Broome,Allen Flanigan,Zep Jasper,Jaylin Williams,Wendell Green Jr.
2022-23,2023-02-18,2493233,1,0,1,Vanderbilt,Auburn,Commodores,Tigers,4,4,0,0,0,1299,Auburn,NA,NA,NA,Starting Lineup - Jaylin Williams,NA,FALSE,FALSE,NA,NA,NA,NA,NA,NA,1,NA,NA,NA,NA,Ezra Manjon,Tyrin Lawrence,Myles Stute,Trey Thomas,Liam Robbins,Johni Broome,Allen Flanigan,Zep Jasper,Jaylin Williams,Wendell Green Jr.
2022-23,2023-02-18,2493233,1,0,1,Vanderbilt,Auburn,Commodores,Tigers,4,4,0,0,0,1299,Auburn,NA,NA,NA,Starting Lineup - Wendell Green Jr.,NA,FALSE,FALSE,NA,NA,NA,NA,NA,NA,1,NA,NA,NA,NA,Ezra Manjon,Tyrin Lawrence,Myles Stute,Trey Thomas,Liam Robbins,Johni Broome,Allen Flanigan,Zep Jasper,Jaylin Williams,Wendell Green Jr.
2022-23,2023-02-18,2493233,1,0,1,Vanderbilt,Auburn,Commodores,Tigers,4,4,0,0,0,1674,Vanderbilt,NA,NA,NA,Starting Lineup - Liam Robbins,NA,FALSE,FALSE,NA,NA,NA,NA,NA,NA,1,NA,NA,NA,NA,Ezra Manjon,Tyrin Lawrence,Myles Stute,Trey Thomas,Liam Robbins,Johni Broome,Allen Flanigan,Zep Jasper,Jaylin Williams,Wendell Green Jr.
2022-23,2023-02-18,2493233,2,0,1,Vanderbilt,Auburn,Commodores,Tigers,4,4,0,0,0,NA,NA,2400,1200,NA,Start of the 1st Half,NA,FALSE,FALSE,NA,NA,NA,NA,NA,NA,0,NA,Vanderbilt,1,NA,Ezra Manjon,Tyrin Lawrence,Myles Stute,Trey Thomas,Liam Robbins,Johni Broome,Allen Flanigan,Zep Jasper,Jaylin Williams,Wendell Green Jr.
2022-23,2023-02-18,2493233,3,0,1,Vanderbilt,Auburn,Commodores,Tigers,4,4,0,0,0,1674,Vanderbilt,2377,1177,23,Ezra Manjon misses a jump shot from 5 feet out.,missed,FALSE,FALSE,Jump Shot,21,8.75,1179912,Ezra Manjon,NA,0,Vanderbilt,Vanderbilt,1,NA,Ezra Manjon,Tyrin Lawrence,Myles Stute,Trey Thomas,Liam Robbins,Johni Broome,Allen Flanigan,Zep Jasper,Jaylin Williams,Wendell Green Jr.
2022-23,2023-02-18,2493233,4,0,1,Vanderbilt,Auburn,Commodores,Tigers,4,4,0,0,0,1299,Auburn,2377,1177,0,Zep Jasper with a defensive rebound.,NA,FALSE,FALSE,NA,NA,NA,NA,NA,NA,0,Vanderbilt,Auburn,1,NA,Ezra Manjon,Tyrin Lawrence,Myles Stute,Trey Thomas,Liam Robbins,Johni Broome,Allen Flanigan,Zep Jasper,Jaylin Williams,Wendell Green Jr.
2022-23,2023-02-18,2493233,5,0,1,Vanderbilt,Auburn,Commodores,Tigers,4,4,0,2,-2,1299,Auburn,2357,1157,20,Jaylin Williams makes a jump shot from 9 feet out. Johni Broome with the assist.,made,FALSE,FALSE,Jump Shot,21,12.85,1193435,Jaylin Williams,Johni Broome,0,Auburn,Vanderbilt,2,NA,Ezra Manjon,Tyrin Lawrence,Myles Stute,Trey Thomas,Liam Robbins,Johni Broome,Allen Flanigan,Zep Jasper,Jaylin Williams,Wendell Green Jr.
2022-23,2023-02-18,2493233,6,0,1,Vanderbilt,Auburn,Commodores,Tigers,4,4,2,2,0,1674,Vanderbilt,2327,1127,30,Tyrin Lawrence makes a jump shot from 15 feet out.,made,FALSE,FALSE,Jump Shot,37,14.150000000000006,1232174,Tyrin Lawrence,NA,0,Vanderbilt,Auburn,3,NA,Ezra Manjon,Tyrin Lawrence,Myles Stute,Trey Thomas,Liam Robbins,Johni Broome,Allen Flanigan,Zep Jasper,Jaylin Williams,Wendell Green Jr.
2022-23,2023-02-18,2493233,7,0,1,Vanderbilt,Auburn,Commodores,Tigers,4,4,2,2,0,1299,Auburn,2304,1104,23,Johni Broome misses a 3-point jump shot from 26 feet out.,missed,FALSE,TRUE,Jump Shot,47,19.15,1231975,Johni Broome,NA,0,Auburn,Auburn,4,NA,Ezra Manjon,Tyrin Lawrence,Myles Stute,Trey Thomas,Liam Robbins,Johni Broome,Allen Flanigan,Zep Jasper,Jaylin Williams,Wendell Green Jr.
2022-23,2023-02-18,2493233,8,0,1,Vanderbilt,Auburn,Commodores,Tigers,4,4,2,2,0,1674,Vanderbilt,2304,1104,0,Myles Stute with a defensive rebound.,NA,FALSE,FALSE,NA,NA,NA,NA,NA,NA,0,Auburn,Vanderbilt,4,NA,Ezra Manjon,Tyrin Lawrence,Myles Stute,Trey Thomas,Liam Robbins,Johni Broome,Allen Flanigan,Zep Jasper,Jaylin Williams,Wendell Green Jr.
2022-23,2023-02-18,2493233,9,0,1,Vanderbilt,Auburn,Commodores,Tigers,4,4,5,2,3,1674,Vanderbilt,2292,1092,12,Liam Robbins makes a 3-point jump shot from 25 feet out. Tyrin Lawrence with the assist.,made,FALSE,TRUE,Jump Shot,18.5,29.349999999999994,1135193,Liam Robbins,Tyrin Lawrence,0,Vanderbilt,Auburn,5,NA,Ezra Manjon,Tyrin Lawrence,Myles Stute,Trey Thomas,Liam Robbins,Johni Broome,Allen Flanigan,Zep Jasper,Jaylin Williams,Wendell Green Jr.
2022-23,2023-02-18,2493233,10,0,1,Vanderbilt,Auburn,Commodores,Tigers,4,4,5,2,3,1299,Auburn,2263,1063,29,Wendell Green Jr. misses a jump shot from 6 feet out.,missed,FALSE,FALSE,Jump Shot,19.8,8.55,1231129,Wendell Green Jr.,NA,0,Auburn,Vanderbilt,6,NA,Ezra Manjon,Tyrin Lawrence,Myles Stute,Trey Thomas,Liam Robbins,Johni Broome,Allen Flanigan,Zep Jasper,Jaylin Williams,Wendell Green Jr.
2022-23,2023-02-18,2493233,12,0,1,Vanderbilt,Auburn,Commodores,Tigers,4,4,5,2,3,1674,Vanderbilt,2241,1041,22,Tyrin Lawrence misses a 3-point jump shot from 24 feet out.,missed,FALSE,TRUE,Jump Shot,6.899999999999999,20.950000000000003,1232174,Tyrin Lawrence,NA,0,Vanderbilt,Vanderbilt,7,NA,Ezra Manjon,Tyrin Lawrence,Myles Stute,Trey Thomas,Liam Robbins,Johni Broome,Allen Flanigan,Zep Jasper,Jaylin Williams,Wendell Green Jr.
2022-23,2023-02-18,2493233,13,0,1,Vanderbilt,Auburn,Commodores,Tigers,4,4,5,2,3,1299,Auburn,2241,1041,0,Wendell Green Jr. with a defensive rebound.,NA,FALSE,FALSE,NA,NA,NA,NA,NA,NA,0,Vanderbilt,Auburn,7,NA,Ezra Manjon,Tyrin Lawrence,Myles Stute,Trey Thomas,Liam Robbins,Johni Broome,Allen Flanigan,Zep Jasper,Jaylin Williams,Wendell Green Jr.
2022-23,2023-02-18,2493233,14,0,1,Vanderbilt,Auburn,Commodores,Tigers,4,4,5,2,3,1299,Auburn,2235,1035,6,Tyrin Lawrence steals the ball from Wendell Green Jr..,NA,FALSE,FALSE,NA,NA,NA,NA,NA,NA,0,Auburn,Vanderbilt,8,NA,Ezra Manjon,Tyrin Lawrence,Myles Stute,Trey Thomas,Liam Robbins,Johni Broome,Allen Flanigan,Zep Jasper,Jaylin Williams,Wendell Green Jr.
2022-23,2023-02-18,2493233,15,0,1,Vanderbilt,Auburn,Commodores,Tigers,4,4,5,2,3,1674,Vanderbilt,2230,1030,5,Tyrin Lawrence misses a layup.,missed,FALSE,FALSE,Layup Shot,26,6.25,1232174,Tyrin Lawrence,NA,0,Vanderbilt,Auburn,9,NA,Ezra Manjon,Tyrin Lawrence,Myles Stute,Trey Thomas,Liam Robbins,Johni Broome,Allen Flanigan,Zep Jasper,Jaylin Williams,Wendell Green Jr.
2022-23,2023-02-18,2493233,17,0,1,Vanderbilt,Auburn,Commodores,Tigers,4,4,5,4,1,1299,Auburn,2210,1010,20,Johni Broome makes a layup. Zep Jasper with the assist.,made,FALSE,FALSE,Layup Shot,25,5.25,1231975,Johni Broome,Zep Jasper,0,Auburn,Vanderbilt,10,NA,Ezra Manjon,Tyrin Lawrence,Myles Stute,Trey Thomas,Liam Robbins,Johni Broome,Allen Flanigan,Zep Jasper,Jaylin Williams,Wendell Green Jr.
2022-23,2023-02-18,2493233,18,0,1,Vanderbilt,Auburn,Commodores,Tigers,4,4,5,4,1,1674,Vanderbilt,2195,995,15,Trey Thomas misses a 3-point jump shot from 25 feet out.,missed,FALSE,TRUE,Jump Shot,45.7,19.650000000000006,1232180,Trey Thomas,NA,0,Vanderbilt,Vanderbilt,11,NA,Ezra Manjon,Tyrin Lawrence,Myles Stute,Trey Thomas,Liam Robbins,Johni Broome,Allen Flanigan,Zep Jasper,Jaylin Williams,Wendell Green Jr.
2022-23,2023-02-18,2493233,19,0,1,Vanderbilt,Auburn,Commodores,Tigers,4,4,5,4,1,1674,Vanderbilt,2195,995,0,Tyrin Lawrence with an offensive rebound.,NA,FALSE,FALSE,NA,NA,NA,NA,NA,NA,0,Vanderbilt,Vanderbilt,11,NA,Ezra Manjon,Tyrin Lawrence,Myles Stute,Trey Thomas,Liam Robbins,Johni Broome,Allen Flanigan,Zep Jasper,Jaylin Williams,Wendell Green Jr.
2022-23,2023-02-18,2493233,20,0,1,Vanderbilt,Auburn,Commodores,Tigers,4,4,5,4,1,1299,Auburn,2173,973,22,Shooting foul committed by Zep Jasper.,NA,FALSE,FALSE,NA,NA,NA,NA,NA,NA,0,Vanderbilt,Vanderbilt,11,NA,Ezra Manjon,Tyrin Lawrence,Myles Stute,Trey Thomas,Liam Robbins,Johni Broome,Allen Flanigan,Zep Jasper,Jaylin Williams,Wendell Green Jr.
2022-23,2023-02-18,2493233,21,0,1,Vanderbilt,Auburn,Commodores,Tigers,4,4,5,4,1,1674,Vanderbilt,2173,973,0,Ezra Manjon misses free throw 1 of 2.,missed,TRUE,FALSE,NA,NA,NA,NA,NA,NA,0,Vanderbilt,Vanderbilt,11,NA,Ezra Manjon,Tyrin Lawrence,Myles Stute,Trey Thomas,Liam Robbins,Johni Broome,Allen Flanigan,Zep Jasper,Jaylin Williams,Wendell Green Jr.
2022-23,2023-02-18,2493233,23,0,1,Vanderbilt,Auburn,Commodores,Tigers,4,4,5,4,1,1299,Auburn,2173,973,0,Substitution: K.D. Johnson in for Zep Jasper.,NA,FALSE,FALSE,NA,NA,NA,NA,NA,NA,1,NA,NA,NA,NA,Ezra Manjon,Tyrin Lawrence,Myles Stute,Trey Thomas,Liam Robbins,Johni Broome,Allen Flanigan,K.D. Johnson,Jaylin Williams,Wendell Green Jr.
2022-23,2023-02-18,2493233,24,0,1,Vanderbilt,Auburn,Commodores,Tigers,4,4,5,4,1,1674,Vanderbilt,2173,973,0,Ezra Manjon misses free throw 2 of 2.,missed,TRUE,FALSE,NA,NA,NA,NA,NA,NA,0,Vanderbilt,Vanderbilt,11,NA,Ezra Manjon,Tyrin Lawrence,Myles Stute,Trey Thomas,Liam Robbins,Johni Broome,Allen Flanigan,K.D. Johnson,Jaylin Williams,Wendell Green Jr.
2022-23,2023-02-18,2493233,25,0,1,Vanderbilt,Auburn,Commodores,Tigers,4,4,5,4,1,1299,Auburn,2173,973,0,Johni Broome with a defensive rebound.,NA,FALSE,FALSE,NA,NA,NA,NA,NA,NA,0,Vanderbilt,Auburn,11,NA,Ezra Manjon,Tyrin Lawrence,Myles Stute,Trey Thomas,Liam Robbins,Johni Broome,Allen Flanigan,K.D. Johnson,Jaylin Williams,Wendell Green Jr.
2022-23,2023-02-18,2493233,26,0,1,Vanderbilt,Auburn,Commodores,Tigers,4,4,5,4,1,1299,Auburn,2151,951,22,Johni Broome misses a jump shot from 16 feet out.,missed,FALSE,FALSE,Jump Shot,39.7,11.25,1231975,Johni Broome,NA,0,Auburn,Auburn,12,NA,Ezra Manjon,Tyrin Lawrence,Myles Stute,Trey Thomas,Liam Robbins,Johni Broome,Allen Flanigan,K.D. Johnson,Jaylin Williams,Wendell Green Jr.
2022-23,2023-02-18,2493233,27,0,1,Vanderbilt,Auburn,Commodores,Tigers,4,4,5,4,1,1674,Vanderbilt,2151,951,0,Myles Stute with a defensive rebound.,NA,FALSE,FALSE,NA,NA,NA,NA,NA,NA,0,Auburn,Vanderbilt,12,NA,Ezra Manjon,Tyrin Lawrence,Myles Stute,Trey Thomas,Liam Robbins,Johni Broome,Allen Flanigan,K.D. Johnson,Jaylin Williams,Wendell Green Jr.
2022-23,2023-02-18,2493233,28,0,1,Vanderbilt,Auburn,Commodores,Tigers,4,4,5,4,1,1674,Vanderbilt,2124,924,27,Myles Stute misses a 3-point jump shot from 25 feet out.,missed,FALSE,TRUE,Jump Shot,4.700000000000003,20.650000000000006,1232179,Myles Stute,NA,0,Vanderbilt,Vanderbilt,13,NA,Ezra Manjon,Tyrin Lawrence,Myles Stute,Trey Thomas,Liam Robbins,Johni Broome,Allen Flanigan,K.D. Johnson,Jaylin Williams,Wendell Green Jr.
2022-23,2023-02-18,2493233,29,0,1,Vanderbilt,Auburn,Commodores,Tigers,4,4,5,4,1,1674,Vanderbilt,2124,924,0,Liam Robbins with an offensive rebound.,NA,FALSE,FALSE,NA,NA,NA,NA,NA,NA,0,Vanderbilt,Vanderbilt,13,NA,Ezra Manjon,Tyrin Lawrence,Myles Stute,Trey Thomas,Liam Robbins,Johni Broome,Allen Flanigan,K.D. Johnson,Jaylin Williams,Wendell Green Jr.
2022-23,2023-02-18,2493233,30,0,1,Vanderbilt,Auburn,Commodores,Tigers,4,4,5,4,1,1674,Vanderbilt,2119,919,5,Liam Robbins misses a layup.,missed,FALSE,FALSE,Layup Shot,26,6.25,1135193,Liam Robbins,NA,0,Vanderbilt,Vanderbilt,13,NA,Ezra Manjon,Tyrin Lawrence,Myles Stute,Trey Thomas,Liam Robbins,Johni Broome,Allen Flanigan,K.D. Johnson,Jaylin Williams,Wendell Green Jr.
2022-23,2023-02-18,2493233,31,0,1,Vanderbilt,Auburn,Commodores,Tigers,4,4,5,4,1,1299,Auburn,2119,919,0,Johni Broome with a defensive rebound.,NA,FALSE,FALSE,NA,NA,NA,NA,NA,NA,0,Vanderbilt,Auburn,13,NA,Ezra Manjon,Tyrin Lawrence,Myles Stute,Trey Thomas,Liam Robbins,Johni Broome,Allen Flanigan,K.D. Johnson,Jaylin Williams,Wendell Green Jr.
2022-23,2023-02-18,2493233,32,0,1,Vanderbilt,Auburn,Commodores,Tigers,4,4,5,4,1,1299,Auburn,2112,912,7,Allen Flanigan misses a 3-point jump shot from 28 feet out.,missed,FALSE,TRUE,Jump Shot,7.600000000000001,27.05,1193425,Allen Flanigan,NA,0,Auburn,Auburn,14,NA,Ezra Manjon,Tyrin Lawrence,Myles Stute,Trey Thomas,Liam Robbins,Johni Broome,Allen Flanigan,K.D. Johnson,Jaylin Williams,Wendell Green Jr.
2022-23,2023-02-18,2493233,34,0,1,Vanderbilt,Auburn,Commodores,Tigers,4,4,5,4,1,NA,NA,2109,909,3,Official TV timeout.,NA,FALSE,FALSE,NA,NA,NA,NA,NA,NA,0,NA,NA,NA,NA,Ezra Manjon,Tyrin Lawrence,Myles Stute,Trey Thomas,Liam Robbins,Johni Broome,Allen Flanigan,K.D. Johnson,Jaylin Williams,Wendell Green Jr.
2022-23,2023-02-18,2493233,35,0,1,Vanderbilt,Auburn,Commodores,Tigers,4,4,5,4,1,1299,Auburn,2109,909,0,Substitution: Dylan Cardwell in for Johni Broome.,NA,FALSE,FALSE,NA,NA,NA,NA,NA,NA,1,NA,NA,NA,NA,Ezra Manjon,Tyrin Lawrence,Myles Stute,Trey Thomas,Liam Robbins,Dylan Cardwell,Allen Flanigan,K.D. Johnson,Jaylin Williams,Wendell Green Jr.
2022-23,2023-02-18,2493233,36,0,1,Vanderbilt,Auburn,Commodores,Tigers,4,4,5,4,1,1299,Auburn,2109,909,0,Substitution: Tre Donaldson in for Wendell Green Jr..,NA,FALSE,FALSE,NA,NA,NA,NA,NA,NA,1,NA,NA,NA,NA,Ezra Manjon,Tyrin Lawrence,Myles Stute,Trey Thomas,Liam Robbins,Dylan Cardwell,Allen Flanigan,K.D. Johnson,Jaylin Williams,Tre Donaldson
2022-23,2023-02-18,2493233,37,0,1,Vanderbilt,Auburn,Commodores,Tigers,4,4,5,6,-1,1299,Auburn,2105,905,4,Jaylin Williams makes a jump shot from 7 feet out. Allen Flanigan with the assist.,made,FALSE,FALSE,Jump Shot,24.6,11.75,1193435,Jaylin Williams,Allen Flanigan,0,Auburn,Vanderbilt,14,NA,Ezra Manjon,Tyrin Lawrence,Myles Stute,Trey Thomas,Liam Robbins,Dylan Cardwell,Allen Flanigan,K.D. Johnson,Jaylin Williams,Tre Donaldson
2022-23,2023-02-18,2493233,38,0,1,Vanderbilt,Auburn,Commodores,Tigers,4,4,5,6,-1,1299,Auburn,2090,890,15,Personal foul committed by K.D. Johnson.,NA,FALSE,FALSE,NA,NA,NA,NA,NA,NA,0,Vanderbilt,Vanderbilt,15,NA,Ezra Manjon,Tyrin Lawrence,Myles Stute,Trey Thomas,Liam Robbins,Dylan Cardwell,Allen Flanigan,K.D. Johnson,Jaylin Williams,Tre Donaldson
2022-23,2023-02-18,2493233,39,0,1,Vanderbilt,Auburn,Commodores,Tigers,4,4,5,6,-1,1674,Vanderbilt,2078,878,12,Ezra Manjon misses a jump shot from 15 feet out.,missed,FALSE,FALSE,Jump Shot,12.200000000000003,13.150000000000006,1179912,Ezra Manjon,NA,0,Vanderbilt,Vanderbilt,15,NA,Ezra Manjon,Tyrin Lawrence,Myles Stute,Trey Thomas,Liam Robbins,Dylan Cardwell,Allen Flanigan,K.D. Johnson,Jaylin Williams,Tre Donaldson
2022-23,2023-02-18,2493233,40,0,1,Vanderbilt,Auburn,Commodores,Tigers,4,4,5,6,-1,1674,Vanderbilt,2078,878,0,Myles Stute with an offensive rebound.,NA,FALSE,FALSE,NA,NA,NA,NA,NA,NA,0,Vanderbilt,Vanderbilt,15,NA,Ezra Manjon,Tyrin Lawrence,Myles Stute,Trey Thomas,Liam Robbins,Dylan Cardwell,Allen Flanigan,K.D. Johnson,Jaylin Williams,Tre Donaldson
2022-23,2023-02-18,2493233,41,0,1,Vanderbilt,Auburn,Commodores,Tigers,4,4,5,6,-1,1299,Auburn,2075,875,3,Personal foul committed by Tre Donaldson.,NA,FALSE,FALSE,NA,NA,NA,NA,NA,NA,0,Vanderbilt,Vanderbilt,15,NA,Ezra Manjon,Tyrin Lawrence,Myles Stute,Trey Thomas,Liam Robbins,Dylan Cardwell,Allen Flanigan,K.D. Johnson,Jaylin Williams,Tre Donaldson
2022-23,2023-02-18,2493233,42,0,1,Vanderbilt,Auburn,Commodores,Tigers,4,4,5,6,-1,1674,Vanderbilt,2071,871,4,Liam Robbins misses a jump shot from 9 feet out.,missed,FALSE,FALSE,Jump Shot,33.2,8.349999999999994,1135193,Liam Robbins,NA,0,Vanderbilt,Vanderbilt,15,NA,Ezra Manjon,Tyrin Lawrence,Myles Stute,Trey Thomas,Liam Robbins,Dylan Cardwell,Allen Flanigan,K.D. Johnson,Jaylin Williams,Tre Donaldson
2022-23,2023-02-18,2493233,43,0,1,Vanderbilt,Auburn,Commodores,Tigers,4,4,5,6,-1,1299,Auburn,2071,871,0,Jaylin Williams with a defensive rebound.,NA,FALSE,FALSE,NA,NA,NA,NA,NA,NA,0,Vanderbilt,Auburn,15,NA,Ezra Manjon,Tyrin Lawrence,Myles Stute,Trey Thomas,Liam Robbins,Dylan Cardwell,Allen Flanigan,K.D. Johnson,Jaylin Williams,Tre Donaldson
2022-23,2023-02-18,2493233,44,0,1,Vanderbilt,Auburn,Commodores,Tigers,4,4,5,6,-1,1299,Auburn,2053,853,18,Myles Stute blocks a Dylan Cardwell jump shot from 9 feet out.,missed,FALSE,FALSE,Jump Shot,19.8,12.45,1251665,Dylan Cardwell,NA,0,Auburn,Auburn,16,NA,Ezra Manjon,Tyrin Lawrence,Myles Stute,Trey Thomas,Liam Robbins,Dylan Cardwell,Allen Flanigan,K.D. Johnson,Jaylin Williams,Tre Donaldson
2022-23,2023-02-18,2493233,45,0,1,Vanderbilt,Auburn,Commodores,Tigers,4,4,5,6,-1,1674,Vanderbilt,2053,853,0,Ezra Manjon with a defensive rebound.,NA,FALSE,FALSE,NA,NA,NA,NA,NA,NA,0,Auburn,Vanderbilt,16,NA,Ezra Manjon,Tyrin Lawrence,Myles Stute,Trey Thomas,Liam Robbins,Dylan Cardwell,Allen Flanigan,K.D. Johnson,Jaylin Williams,Tre Donaldson
2022-23,2023-02-18,2493233,46,0,1,Vanderbilt,Auburn,Commodores,Tigers,4,4,5,6,-1,1674,Vanderbilt,2041,841,12,Jaylin Williams blocks a Tyrin Lawrence jump shot from 9 feet out.,missed,FALSE,FALSE,Jump Shot,32.9,10.450000000000003,1232174,Tyrin Lawrence,NA,0,Vanderbilt,Vanderbilt,17,NA,Ezra Manjon,Tyrin Lawrence,Myles Stute,Trey Thomas,Liam Robbins,Dylan Cardwell,Allen Flanigan,K.D. Johnson,Jaylin Williams,Tre Donaldson
2022-23,2023-02-18,2493233,47,0,1,Vanderbilt,Auburn,Commodores,Tigers,4,4,5,6,-1,1299,Auburn,2041,841,0,Jaylin Williams with a defensive rebound.,NA,FALSE,FALSE,NA,NA,NA,NA,NA,NA,0,Vanderbilt,Auburn,17,NA,Ezra Manjon,Tyrin Lawrence,Myles Stute,Trey Thomas,Liam Robbins,Dylan Cardwell,Allen Flanigan,K.D. Johnson,Jaylin Williams,Tre Donaldson
2022-23,2023-02-18,2493233,48,0,1,Vanderbilt,Auburn,Commodores,Tigers,4,4,5,6,-1,1299,Auburn,2035,835,6,K.D. Johnson misses a 3-point jump shot from 30 feet out.,missed,FALSE,TRUE,Jump Shot,2.5,24.35,1240372,K.D. Johnson,NA,0,Auburn,Auburn,18,NA,Ezra Manjon,Tyrin Lawrence,Myles Stute,Trey Thomas,Liam Robbins,Dylan Cardwell,Allen Flanigan,K.D. Johnson,Jaylin Williams,Tre Donaldson
2022-23,2023-02-18,2493233,49,0,1,Vanderbilt,Auburn,Commodores,Tigers,4,4,5,6,-1,1674,Vanderbilt,2035,835,0,Tyrin Lawrence with a defensive rebound.,NA,FALSE,FALSE,NA,NA,NA,NA,NA,NA,0,Auburn,Vanderbilt,18,NA,Ezra Manjon,Tyrin Lawrence,Myles Stute,Trey Thomas,Liam Robbins,Dylan Cardwell,Allen Flanigan,K.D. Johnson,Jaylin Williams,Tre Donaldson
2022-23,2023-02-18,2493233,50,0,1,Vanderbilt,Auburn,Commodores,Tigers,4,4,5,6,-1,1674,Vanderbilt,2008,808,27,Tyrin Lawrence misses a jump shot from 6 feet out.,missed,FALSE,FALSE,Jump Shot,28.7,9.450000000000003,1232174,Tyrin Lawrence,NA,0,Vanderbilt,Vanderbilt,19,NA,Ezra Manjon,Tyrin Lawrence,Myles Stute,Trey Thomas,Liam Robbins,Dylan Cardwell,Allen Flanigan,K.D. Johnson,Jaylin Williams,Tre Donaldson
2022-23,2023-02-18,2493233,51,0,1,Vanderbilt,Auburn,Commodores,Tigers,4,4,5,6,-1,1674,Vanderbilt,2008,808,0,Liam Robbins with an offensive rebound.,NA,FALSE,FALSE,NA,NA,NA,NA,NA,NA,0,Vanderbilt,Vanderbilt,19,NA,Ezra Manjon,Tyrin Lawrence,Myles Stute,Trey Thomas,Liam Robbins,Dylan Cardwell,Allen Flanigan,K.D. Johnson,Jaylin Williams,Tre Donaldson
2022-23,2023-02-18,2493233,52,0,1,Vanderbilt,Auburn,Commodores,Tigers,4,4,5,6,-1,1299,Auburn,2006,806,2,Shooting foul committed by Allen Flanigan.,NA,FALSE,FALSE,NA,NA,NA,NA,NA,NA,0,Vanderbilt,Vanderbilt,19,NA,Ezra Manjon,Tyrin Lawrence,Myles Stute,Trey Thomas,Liam Robbins,Dylan Cardwell,Allen Flanigan,K.D. Johnson,Jaylin Williams,Tre Donaldson
2022-23,2023-02-18,2493233,53,0,1,Vanderbilt,Auburn,Commodores,Tigers,4,4,5,6,-1,1674,Vanderbilt,2006,806,0,Liam Robbins misses free throw 1 of 2.,missed,TRUE,FALSE,NA,NA,NA,NA,NA,NA,0,Vanderbilt,Vanderbilt,19,NA,Ezra Manjon,Tyrin Lawrence,Myles Stute,Trey Thomas,Liam Robbins,Dylan Cardwell,Allen Flanigan,K.D. Johnson,Jaylin Williams,Tre Donaldson
2022-23,2023-02-18,2493233,55,0,1,Vanderbilt,Auburn,Commodores,Tigers,4,4,5,6,-1,1299,Auburn,2006,806,0,Substitution: Lior Berman in for Allen Flanigan.,NA,FALSE,FALSE,NA,NA,NA,NA,NA,NA,1,NA,NA,NA,NA,Ezra Manjon,Tyrin Lawrence,Myles Stute,Trey Thomas,Liam Robbins,Dylan Cardwell,Lior Berman,K.D. Johnson,Jaylin Williams,Tre Donaldson
2022-23,2023-02-18,2493233,56,0,1,Vanderbilt,Auburn,Commodores,Tigers,4,4,5,6,-1,1674,Vanderbilt,2006,806,0,Substitution: Jordan Wright in for Tyrin Lawrence.,NA,FALSE,FALSE,NA,NA,NA,NA,NA,NA,1,NA,NA,NA,NA,Ezra Manjon,Jordan Wright,Myles Stute,Trey Thomas,Liam Robbins,Dylan Cardwell,Lior Berman,K.D. Johnson,Jaylin Williams,Tre Donaldson
2022-23,2023-02-18,2493233,57,0,1,Vanderbilt,Auburn,Commodores,Tigers,4,4,6,6,0,1674,Vanderbilt,2006,806,0,Liam Robbins makes free throw 2 of 2.,made,TRUE,FALSE,NA,NA,NA,NA,NA,NA,0,Vanderbilt,Auburn,19,NA,Ezra Manjon,Jordan Wright,Myles Stute,Trey Thomas,Liam Robbins,Dylan Cardwell,Lior Berman,K.D. Johnson,Jaylin Williams,Tre Donaldson
2022-23,2023-02-18,2493233,58,0,1,Vanderbilt,Auburn,Commodores,Tigers,4,4,6,6,0,1674,Vanderbilt,2006,806,0,Substitution: Quentin Millora-Brown in for Liam Robbins.,NA,FALSE,FALSE,NA,NA,NA,NA,NA,NA,1,NA,NA,NA,NA,Ezra Manjon,Jordan Wright,Myles Stute,Trey Thomas,Quentin Millora-Brown,Dylan Cardwell,Lior Berman,K.D. Johnson,Jaylin Williams,Tre Donaldson
2022-23,2023-02-18,2493233,59,0,1,Vanderbilt,Auburn,Commodores,Tigers,4,4,6,6,0,1299,Auburn,1991,791,15,Jaylin Williams misses a jump shot from 12 feet out.,missed,FALSE,FALSE,Jump Shot,15.4,12.45,1193435,Jaylin Williams,NA,0,Auburn,Auburn,20,NA,Ezra Manjon,Jordan Wright,Myles Stute,Trey Thomas,Quentin Millora-Brown,Dylan Cardwell,Lior Berman,K.D. Johnson,Jaylin Williams,Tre Donaldson
2022-23,2023-02-18,2493233,60,0,1,Vanderbilt,Auburn,Commodores,Tigers,4,4,6,6,0,1674,Vanderbilt,1991,791,0,Jordan Wright with a defensive rebound.,NA,FALSE,FALSE,NA,NA,NA,NA,NA,NA,0,Auburn,Vanderbilt,20,NA,Ezra Manjon,Jordan Wright,Myles Stute,Trey Thomas,Quentin Millora-Brown,Dylan Cardwell,Lior Berman,K.D. Johnson,Jaylin Williams,Tre Donaldson
2022-23,2023-02-18,2493233,61,0,1,Vanderbilt,Auburn,Commodores,Tigers,4,4,9,6,3,1674,Vanderbilt,1978,778,13,Myles Stute makes a 3-point jump shot from 24 feet out. Trey Thomas with the assist.,made,FALSE,TRUE,Jump Shot,2.799999999999997,15.049999999999997,1232179,Myles Stute,Trey Thomas,0,Vanderbilt,Auburn,21,NA,Ezra Manjon,Jordan Wright,Myles Stute,Trey Thomas,Quentin Millora-Brown,Dylan Cardwell,Lior Berman,K.D. Johnson,Jaylin Williams,Tre Donaldson
2022-23,2023-02-18,2493233,62,0,1,Vanderbilt,Auburn,Commodores,Tigers,4,4,9,6,3,1299,Auburn,1970,770,8,Trey Thomas steals the ball from Tre Donaldson.,NA,FALSE,FALSE,NA,NA,NA,NA,NA,NA,0,Auburn,Vanderbilt,22,NA,Ezra Manjon,Jordan Wright,Myles Stute,Trey Thomas,Quentin Millora-Brown,Dylan Cardwell,Lior Berman,K.D. Johnson,Jaylin Williams,Tre Donaldson
2022-23,2023-02-18,2493233,63,0,1,Vanderbilt,Auburn,Commodores,Tigers,4,4,12,6,6,1674,Vanderbilt,1954,754,16,Myles Stute makes a 3-point jump shot from 24 feet out. Ezra Manjon with the assist.,made,FALSE,TRUE,Jump Shot,5,18.950000000000003,1232179,Myles Stute,Ezra Manjon,0,Vanderbilt,Auburn,23,NA,Ezra Manjon,Jordan Wright,Myles Stute,Trey Thomas,Quentin Millora-Brown,Dylan Cardwell,Lior Berman,K.D. Johnson,Jaylin Williams,Tre Donaldson
2022-23,2023-02-18,2493233,64,0,1,Vanderbilt,Auburn,Commodores,Tigers,4,4,12,6,6,1299,Auburn,1928,728,26,Substitution: Chris Moore in for Dylan Cardwell.,NA,FALSE,FALSE,NA,NA,NA,NA,NA,NA,1,NA,NA,NA,NA,Ezra Manjon,Jordan Wright,Myles Stute,Trey Thomas,Quentin Millora-Brown,Chris Moore,Lior Berman,K.D. Johnson,Jaylin Williams,Tre Donaldson
2022-23,2023-02-18,2493233,65,0,1,Vanderbilt,Auburn,Commodores,Tigers,4,4,12,6,6,1299,Auburn,1928,728,0,Substitution: Johni Broome in for Tre Donaldson.,NA,FALSE,FALSE,NA,NA,NA,NA,NA,NA,1,NA,NA,NA,NA,Ezra Manjon,Jordan Wright,Myles Stute,Trey Thomas,Quentin Millora-Brown,Chris Moore,Lior Berman,K.D. Johnson,Jaylin Williams,Johni Broome
2022-23,2023-02-18,2493233,66,0,1,Vanderbilt,Auburn,Commodores,Tigers,4,4,12,6,6,1299,Auburn,1928,728,0,Substitution: Wendell Green Jr. in for Jaylin Williams.,NA,FALSE,FALSE,NA,NA,NA,NA,NA,NA,1,NA,NA,NA,NA,Ezra Manjon,Jordan Wright,Myles Stute,Trey Thomas,Quentin Millora-Brown,Chris Moore,Lior Berman,K.D. Johnson,Wendell Green Jr.,Johni Broome
2022-23,2023-02-18,2493233,67,0,1,Vanderbilt,Auburn,Commodores,Tigers,4,4,12,6,6,1674,Vanderbilt,1928,728,0,Substitution: Paul Lewis in for Ezra Manjon.,NA,FALSE,FALSE,NA,NA,NA,NA,NA,NA,1,NA,NA,NA,NA,Paul Lewis,Jordan Wright,Myles Stute,Trey Thomas,Quentin Millora-Brown,Chris Moore,Lior Berman,K.D. Johnson,Wendell Green Jr.,Johni Broome
2022-23,2023-02-18,2493233,68,0,1,Vanderbilt,Auburn,Commodores,Tigers,4,4,12,6,6,1299,Auburn,1923,723,5,Wendell Green Jr. misses a 3-point jump shot from 25 feet out.,missed,FALSE,TRUE,Jump Shot,5.699999999999999,21.45,1231129,Wendell Green Jr.,NA,0,Auburn,Auburn,24,NA,Paul Lewis,Jordan Wright,Myles Stute,Trey Thomas,Quentin Millora-Brown,Chris Moore,Lior Berman,K.D. Johnson,Wendell Green Jr.,Johni Broome
2022-23,2023-02-18,2493233,69,0,1,Vanderbilt,Auburn,Commodores,Tigers,4,4,12,6,6,1299,Auburn,1923,723,0,Johni Broome with an offensive rebound.,NA,FALSE,FALSE,NA,NA,NA,NA,NA,NA,0,Auburn,Auburn,24,NA,Paul Lewis,Jordan Wright,Myles Stute,Trey Thomas,Quentin Millora-Brown,Chris Moore,Lior Berman,K.D. Johnson,Wendell Green Jr.,Johni Broome
2022-23,2023-02-18,2493233,70,0,1,Vanderbilt,Auburn,Commodores,Tigers,4,4,12,6,6,1299,Auburn,1919,719,4,Johni Broome with a turnover - Bad Pass,NA,FALSE,FALSE,NA,NA,NA,NA,NA,NA,0,Auburn,Vanderbilt,24,NA,Paul Lewis,Jordan Wright,Myles Stute,Trey Thomas,Quentin Millora-Brown,Chris Moore,Lior Berman,K.D. Johnson,Wendell Green Jr.,Johni Broome
2022-23,2023-02-18,2493233,71,0,1,Vanderbilt,Auburn,Commodores,Tigers,4,4,12,6,6,NA,NA,1919,719,0,Official TV timeout.,NA,FALSE,FALSE,NA,NA,NA,NA,NA,NA,0,NA,NA,NA,NA,Paul Lewis,Jordan Wright,Myles Stute,Trey Thomas,Quentin Millora-Brown,Chris Moore,Lior Berman,K.D. Johnson,Wendell Green Jr.,Johni Broome
2022-23,2023-02-18,2493233,72,0,1,Vanderbilt,Auburn,Commodores,Tigers,4,4,15,6,9,1674,Vanderbilt,1904,704,15,Trey Thomas makes a 3-point jump shot from 26 feet out. Quentin Millora-Brown with the assist.,made,FALSE,TRUE,Jump Shot,44.8,21.349999999999994,1232180,Trey Thomas,Quentin Millora-Brown,0,Vanderbilt,Auburn,25,NA,Paul Lewis,Jordan Wright,Myles Stute,Trey Thomas,Quentin Millora-Brown,Chris Moore,Lior Berman,K.D. Johnson,Wendell Green Jr.,Johni Broome
2022-23,2023-02-18,2493233,73,0,1,Vanderbilt,Auburn,Commodores,Tigers,4,4,15,6,9,1674,Vanderbilt,1881,681,23,Shooting foul committed by Myles Stute.,NA,FALSE,FALSE,NA,NA,NA,NA,NA,NA,0,Auburn,Auburn,26,NA,Paul Lewis,Jordan Wright,Myles Stute,Trey Thomas,Quentin Millora-Brown,Chris Moore,Lior Berman,K.D. Johnson,Wendell Green Jr.,Johni Broome
2022-23,2023-02-18,2493233,74,0,1,Vanderbilt,Auburn,Commodores,Tigers,4,4,15,7,8,1299,Auburn,1881,681,0,Johni Broome makes free throw 1 of 2.,made,TRUE,FALSE,NA,NA,NA,NA,NA,NA,0,Auburn,Auburn,26,NA,Paul Lewis,Jordan Wright,Myles Stute,Trey Thomas,Quentin Millora-Brown,Chris Moore,Lior Berman,K.D. Johnson,Wendell Green Jr.,Johni Broome
2022-23,2023-02-18,2493233,75,0,1,Vanderbilt,Auburn,Commodores,Tigers,4,4,15,8,7,1299,Auburn,1881,681,0,Johni Broome makes free throw 2 of 2.,made,TRUE,FALSE,NA,NA,NA,NA,NA,NA,0,Auburn,Vanderbilt,26,NA,Paul Lewis,Jordan Wright,Myles Stute,Trey Thomas,Quentin Millora-Brown,Chris Moore,Lior Berman,K.D. Johnson,Wendell Green Jr.,Johni Broome
2022-23,2023-02-18,2493233,76,0,1,Vanderbilt,Auburn,Commodores,Tigers,4,4,15,8,7,1674,Vanderbilt,1857,657,24,Myles Stute misses a jump shot from 14 feet out.,missed,FALSE,FALSE,Jump Shot,37.7,10.549999999999997,1232179,Myles Stute,NA,0,Vanderbilt,Vanderbilt,27,NA,Paul Lewis,Jordan Wright,Myles Stute,Trey Thomas,Quentin Millora-Brown,Chris Moore,Lior Berman,K.D. Johnson,Wendell Green Jr.,Johni Broome
2022-23,2023-02-18,2493233,77,0,1,Vanderbilt,Auburn,Commodores,Tigers,4,4,15,8,7,1299,Auburn,1857,657,0,Wendell Green Jr. with a defensive rebound.,NA,FALSE,FALSE,NA,NA,NA,NA,NA,NA,0,Vanderbilt,Auburn,27,NA,Paul Lewis,Jordan Wright,Myles Stute,Trey Thomas,Quentin Millora-Brown,Chris Moore,Lior Berman,K.D. Johnson,Wendell Green Jr.,Johni Broome
2022-23,2023-02-18,2493233,78,0,1,Vanderbilt,Auburn,Commodores,Tigers,4,4,15,8,7,1674,Vanderbilt,1847,647,10,Shooting foul committed by Quentin Millora-Brown.,NA,FALSE,FALSE,NA,NA,NA,NA,NA,NA,0,Auburn,Auburn,28,NA,Paul Lewis,Jordan Wright,Myles Stute,Trey Thomas,Quentin Millora-Brown,Chris Moore,Lior Berman,K.D. Johnson,Wendell Green Jr.,Johni Broome
2022-23,2023-02-18,2493233,79,0,1,Vanderbilt,Auburn,Commodores,Tigers,4,4,15,8,7,1299,Auburn,1847,647,0,Johni Broome misses free throw 1 of 2.,missed,TRUE,FALSE,NA,NA,NA,NA,NA,NA,0,Auburn,Auburn,28,NA,Paul Lewis,Jordan Wright,Myles Stute,Trey Thomas,Quentin Millora-Brown,Chris Moore,Lior Berman,K.D. Johnson,Wendell Green Jr.,Johni Broome
2022-23,2023-02-18,2493233,81,0,1,Vanderbilt,Auburn,Commodores,Tigers,4,4,15,8,7,1674,Vanderbilt,1847,647,0,Substitution: Liam Robbins in for Quentin Millora-Brown.,NA,FALSE,FALSE,NA,NA,NA,NA,NA,NA,1,NA,NA,NA,NA,Paul Lewis,Jordan Wright,Myles Stute,Trey Thomas,Liam Robbins,Chris Moore,Lior Berman,K.D. Johnson,Wendell Green Jr.,Johni Broome
2022-23,2023-02-18,2493233,82,0,1,Vanderbilt,Auburn,Commodores,Tigers,4,4,15,8,7,1674,Vanderbilt,1847,647,0,Substitution: Colin Smith in for Myles Stute.,NA,FALSE,FALSE,NA,NA,NA,NA,NA,NA,1,NA,NA,NA,NA,Paul Lewis,Jordan Wright,Colin Smith,Trey Thomas,Liam Robbins,Chris Moore,Lior Berman,K.D. Johnson,Wendell Green Jr.,Johni Broome
2022-23,2023-02-18,2493233,83,0,1,Vanderbilt,Auburn,Commodores,Tigers,4,4,15,9,6,1299,Auburn,1847,647,0,Johni Broome makes free throw 2 of 2.,made,TRUE,FALSE,NA,NA,NA,NA,NA,NA,0,Auburn,Vanderbilt,28,NA,Paul Lewis,Jordan Wright,Colin Smith,Trey Thomas,Liam Robbins,Chris Moore,Lior Berman,K.D. Johnson,Wendell Green Jr.,Johni Broome
2022-23,2023-02-18,2493233,84,0,1,Vanderbilt,Auburn,Commodores,Tigers,4,4,15,9,6,1674,Vanderbilt,1836,636,11,Trey Thomas misses a 3-point jump shot from 25 feet out.,missed,FALSE,TRUE,Jump Shot,14.899999999999999,28.650000000000006,1232180,Trey Thomas,NA,0,Vanderbilt,Vanderbilt,29,NA,Paul Lewis,Jordan Wright,Colin Smith,Trey Thomas,Liam Robbins,Chris Moore,Lior Berman,K.D. Johnson,Wendell Green Jr.,Johni Broome
2022-23,2023-02-18,2493233,85,0,1,Vanderbilt,Auburn,Commodores,Tigers,4,4,15,9,6,1299,Auburn,1836,636,0,Wendell Green Jr. with a defensive rebound.,NA,FALSE,FALSE,NA,NA,NA,NA,NA,NA,0,Vanderbilt,Auburn,29,NA,Paul Lewis,Jordan Wright,Colin Smith,Trey Thomas,Liam Robbins,Chris Moore,Lior Berman,K.D. Johnson,Wendell Green Jr.,Johni Broome
2022-23,2023-02-18,2493233,86,0,1,Vanderbilt,Auburn,Commodores,Tigers,4,4,15,9,6,1299,Auburn,1828,628,8,K.D. Johnson misses a 3-point jump shot from 29 feet out.,missed,FALSE,TRUE,Jump Shot,46.9,24.25,1240372,K.D. Johnson,NA,0,Auburn,Auburn,30,NA,Paul Lewis,Jordan Wright,Colin Smith,Trey Thomas,Liam Robbins,Chris Moore,Lior Berman,K.D. Johnson,Wendell Green Jr.,Johni Broome
2022-23,2023-02-18,2493233,87,0,1,Vanderbilt,Auburn,Commodores,Tigers,4,4,15,9,6,1674,Vanderbilt,1828,628,0,Paul Lewis with a defensive rebound.,NA,FALSE,FALSE,NA,NA,NA,NA,NA,NA,0,Auburn,Vanderbilt,30,NA,Paul Lewis,Jordan Wright,Colin Smith,Trey Thomas,Liam Robbins,Chris Moore,Lior Berman,K.D. Johnson,Wendell Green Jr.,Johni Broome
2022-23,2023-02-18,2493233,88,0,1,Vanderbilt,Auburn,Commodores,Tigers,4,4,15,9,6,1674,Vanderbilt,1812,612,16,Jordan Wright with a turnover - Lost Ball,NA,FALSE,FALSE,NA,NA,NA,NA,NA,NA,0,Vanderbilt,Auburn,31,NA,Paul Lewis,Jordan Wright,Colin Smith,Trey Thomas,Liam Robbins,Chris Moore,Lior Berman,K.D. Johnson,Wendell Green Jr.,Johni Broome
2022-23,2023-02-18,2493233,89,0,1,Vanderbilt,Auburn,Commodores,Tigers,4,4,15,9,6,1299,Auburn,1806,606,6,Jordan Wright blocks a Wendell Green Jr. jump shot from 6 feet out.,missed,FALSE,FALSE,Jump Shot,21.5,10.45,1231129,Wendell Green Jr.,NA,0,Auburn,Auburn,32,NA,Paul Lewis,Jordan Wright,Colin Smith,Trey Thomas,Liam Robbins,Chris Moore,Lior Berman,K.D. Johnson,Wendell Green Jr.,Johni Broome
2022-23,2023-02-18,2493233,90,0,1,Vanderbilt,Auburn,Commodores,Tigers,4,4,15,9,6,1299,Auburn,1806,606,0,Lior Berman with an offensive rebound.,NA,FALSE,FALSE,NA,NA,NA,NA,NA,NA,0,Auburn,Auburn,32,NA,Paul Lewis,Jordan Wright,Colin Smith,Trey Thomas,Liam Robbins,Chris Moore,Lior Berman,K.D. Johnson,Wendell Green Jr.,Johni Broome
2022-23,2023-02-18,2493233,91,0,1,Vanderbilt,Auburn,Commodores,Tigers,4,4,15,12,3,1299,Auburn,1801,601,5,Lior Berman makes a 3-point jump shot from 26 feet out. K.D. Johnson with the assist.,made,FALSE,TRUE,Jump Shot,1.3999999999999986,16.05,1193413,Lior Berman,Johnson,0,Auburn,Vanderbilt,32,NA,Paul Lewis,Jordan Wright,Colin Smith,Trey Thomas,Liam Robbins,Chris Moore,Lior Berman,K.D. Johnson,Wendell Green Jr.,Johni Broome
2022-23,2023-02-18,2493233,92,0,1,Vanderbilt,Auburn,Commodores,Tigers,4,4,15,12,3,1299,Auburn,1799,599,2,Substitution: Zep Jasper in for K.D. Johnson.,NA,FALSE,FALSE,NA,NA,NA,NA,NA,NA,1,NA,NA,NA,NA,Paul Lewis,Jordan Wright,Colin Smith,Trey Thomas,Liam Robbins,Chris Moore,Lior Berman,Zep Jasper,Wendell Green Jr.,Johni Broome
2022-23,2023-02-18,2493233,93,0,1,Vanderbilt,Auburn,Commodores,Tigers,4,4,15,12,3,1674,Vanderbilt,1782,582,17,Offensive foul committed by Paul Lewis.,NA,FALSE,FALSE,NA,NA,NA,NA,NA,NA,0,Vanderbilt,Vanderbilt,33,NA,Paul Lewis,Jordan Wright,Colin Smith,Trey Thomas,Liam Robbins,Chris Moore,Lior Berman,Zep Jasper,Wendell Green Jr.,Johni Broome
2022-23,2023-02-18,2493233,94,0,1,Vanderbilt,Auburn,Commodores,Tigers,4,4,15,12,3,1674,Vanderbilt,1782,582,0,Paul Lewis with a turnover,NA,FALSE,FALSE,NA,NA,NA,NA,NA,NA,0,Vanderbilt,Auburn,33,NA,Paul Lewis,Jordan Wright,Colin Smith,Trey Thomas,Liam Robbins,Chris Moore,Lior Berman,Zep Jasper,Wendell Green Jr.,Johni Broome
2022-23,2023-02-18,2493233,95,0,1,Vanderbilt,Auburn,Commodores,Tigers,4,4,15,14,1,1299,Auburn,1766,566,16,Lior Berman makes a jump shot from 8 feet out.,made,FALSE,FALSE,Jump Shot,20.8,12.25,1193413,Lior Berman,NA,0,Auburn,Vanderbilt,34,NA,Paul Lewis,Jordan Wright,Colin Smith,Trey Thomas,Liam Robbins,Chris Moore,Lior Berman,Zep Jasper,Wendell Green Jr.,Johni Broome
2022-23,2023-02-18,2493233,96,0,1,Vanderbilt,Auburn,Commodores,Tigers,4,4,15,14,1,1674,Vanderbilt,1755,555,11,Liam Robbins misses a 3-point jump shot from 26 feet out.,missed,FALSE,TRUE,Jump Shot,13,28.75,1135193,Liam Robbins,NA,0,Vanderbilt,Vanderbilt,35,NA,Paul Lewis,Jordan Wright,Colin Smith,Trey Thomas,Liam Robbins,Chris Moore,Lior Berman,Zep Jasper,Wendell Green Jr.,Johni Broome
2022-23,2023-02-18,2493233,97,0,1,Vanderbilt,Auburn,Commodores,Tigers,4,4,15,14,1,1674,Vanderbilt,1755,555,0,Colin Smith with an offensive rebound.,NA,FALSE,FALSE,NA,NA,NA,NA,NA,NA,0,Vanderbilt,Vanderbilt,35,NA,Paul Lewis,Jordan Wright,Colin Smith,Trey Thomas,Liam Robbins,Chris Moore,Lior Berman,Zep Jasper,Wendell Green Jr.,Johni Broome
2022-23,2023-02-18,2493233,98,0,1,Vanderbilt,Auburn,Commodores,Tigers,4,4,15,14,1,1299,Auburn,1751,551,4,Personal foul committed by Lior Berman.,NA,FALSE,FALSE,NA,NA,NA,NA,NA,NA,0,Vanderbilt,Vanderbilt,35,NA,Paul Lewis,Jordan Wright,Colin Smith,Trey Thomas,Liam Robbins,Chris Moore,Lior Berman,Zep Jasper,Wendell Green Jr.,Johni Broome
2022-23,2023-02-18,2493233,99,0,1,Vanderbilt,Auburn,Commodores,Tigers,4,4,15,14,1,1674,Vanderbilt,1751,551,0,Substitution: Ezra Manjon in for Trey Thomas.,NA,FALSE,FALSE,NA,NA,NA,NA,NA,NA,1,NA,NA,NA,NA,Paul Lewis,Jordan Wright,Colin Smith,Ezra Manjon,Liam Robbins,Chris Moore,Lior Berman,Zep Jasper,Wendell Green Jr.,Johni Broome
2022-23,2023-02-18,2493233,100,0,1,Vanderbilt,Auburn,Commodores,Tigers,4,4,15,14,1,1674,Vanderbilt,1751,551,0,Substitution: Tyrin Lawrence in for Paul Lewis.,NA,FALSE,FALSE,NA,NA,NA,NA,NA,NA,1,NA,NA,NA,NA,Tyrin Lawrence,Jordan Wright,Colin Smith,Ezra Manjon,Liam Robbins,Chris Moore,Lior Berman,Zep Jasper,Wendell Green Jr.,Johni Broome
2022-23,2023-02-18,2493233,101,0,1,Vanderbilt,Auburn,Commodores,Tigers,4,4,15,14,1,1674,Vanderbilt,1746,546,5,Ezra Manjon misses a jump shot from 12 feet out.,missed,FALSE,FALSE,Jump Shot,13.399999999999999,9.25,1179912,Ezra Manjon,NA,0,Vanderbilt,Vanderbilt,35,NA,Tyrin Lawrence,Jordan Wright,Colin Smith,Ezra Manjon,Liam Robbins,Chris Moore,Lior Berman,Zep Jasper,Wendell Green Jr.,Johni Broome
2022-23,2023-02-18,2493233,102,0,1,Vanderbilt,Auburn,Commodores,Tigers,4,4,15,14,1,1674,Vanderbilt,1746,546,0,Liam Robbins with an offensive rebound.,NA,FALSE,FALSE,NA,NA,NA,NA,NA,NA,0,Vanderbilt,Vanderbilt,35,NA,Tyrin Lawrence,Jordan Wright,Colin Smith,Ezra Manjon,Liam Robbins,Chris Moore,Lior Berman,Zep Jasper,Wendell Green Jr.,Johni Broome
2022-23,2023-02-18,2493233,103,0,1,Vanderbilt,Auburn,Commodores,Tigers,4,4,15,14,1,1674,Vanderbilt,1742,542,4,Liam Robbins misses a layup.,missed,FALSE,FALSE,Layup Shot,26,6.25,1135193,Liam Robbins,NA,0,Vanderbilt,Vanderbilt,35,NA,Tyrin Lawrence,Jordan Wright,Colin Smith,Ezra Manjon,Liam Robbins,Chris Moore,Lior Berman,Zep Jasper,Wendell Green Jr.,Johni Broome
2022-23,2023-02-18,2493233,104,0,1,Vanderbilt,Auburn,Commodores,Tigers,4,4,15,14,1,1674,Vanderbilt,1742,542,0,Liam Robbins with an offensive rebound.,NA,FALSE,FALSE,NA,NA,NA,NA,NA,NA,0,Vanderbilt,Vanderbilt,35,NA,Tyrin Lawrence,Jordan Wright,Colin Smith,Ezra Manjon,Liam Robbins,Chris Moore,Lior Berman,Zep Jasper,Wendell Green Jr.,Johni Broome
2022-23,2023-02-18,2493233,105,0,1,Vanderbilt,Auburn,Commodores,Tigers,4,4,17,14,3,1674,Vanderbilt,1738,538,4,Liam Robbins makes a layup.,made,FALSE,FALSE,Layup Shot,25,5.25,1135193,Liam Robbins,NA,0,Vanderbilt,Auburn,35,NA,Tyrin Lawrence,Jordan Wright,Colin Smith,Ezra Manjon,Liam Robbins,Chris Moore,Lior Berman,Zep Jasper,Wendell Green Jr.,Johni Broome
2022-23,2023-02-18,2493233,106,0,1,Vanderbilt,Auburn,Commodores,Tigers,4,4,17,14,3,1299,Auburn,1711,511,27,Wendell Green Jr. misses a jump shot from 17 feet out.,missed,FALSE,FALSE,Jump Shot,37.7,16.55,1231129,Wendell Green Jr.,NA,0,Auburn,Auburn,36,NA,Tyrin Lawrence,Jordan Wright,Colin Smith,Ezra Manjon,Liam Robbins,Chris Moore,Lior Berman,Zep Jasper,Wendell Green Jr.,Johni Broome
2022-23,2023-02-18,2493233,107,0,1,Vanderbilt,Auburn,Commodores,Tigers,4,4,17,14,3,1674,Vanderbilt,1711,511,0,Liam Robbins with a defensive rebound.,NA,FALSE,FALSE,NA,NA,NA,NA,NA,NA,0,Auburn,Vanderbilt,36,NA,Tyrin Lawrence,Jordan Wright,Colin Smith,Ezra Manjon,Liam Robbins,Chris Moore,Lior Berman,Zep Jasper,Wendell Green Jr.,Johni Broome
2022-23,2023-02-18,2493233,108,0,1,Vanderbilt,Auburn,Commodores,Tigers,4,4,17,14,3,1299,Auburn,1684,484,27,Shooting foul committed by Lior Berman.,NA,FALSE,FALSE,NA,NA,NA,NA,NA,NA,0,Vanderbilt,Vanderbilt,37,NA,Tyrin Lawrence,Jordan Wright,Colin Smith,Ezra Manjon,Liam Robbins,Chris Moore,Lior Berman,Zep Jasper,Wendell Green Jr.,Johni Broome
2022-23,2023-02-18,2493233,109,0,1,Vanderbilt,Auburn,Commodores,Tigers,4,4,18,14,4,1674,Vanderbilt,1684,484,0,Liam Robbins makes free throw 1 of 2.,made,TRUE,FALSE,NA,NA,NA,NA,NA,NA,0,Vanderbilt,Vanderbilt,37,NA,Tyrin Lawrence,Jordan Wright,Colin Smith,Ezra Manjon,Liam Robbins,Chris Moore,Lior Berman,Zep Jasper,Wendell Green Jr.,Johni Broome
2022-23,2023-02-18,2493233,110,0,1,Vanderbilt,Auburn,Commodores,Tigers,4,4,18,14,4,1299,Auburn,1684,484,0,Substitution: Jaylin Williams in for Chris Moore.,NA,FALSE,FALSE,NA,NA,NA,NA,NA,NA,1,NA,NA,NA,NA,Tyrin Lawrence,Jordan Wright,Colin Smith,Ezra Manjon,Liam Robbins,Jaylin Williams,Lior Berman,Zep Jasper,Wendell Green Jr.,Johni Broome
2022-23,2023-02-18,2493233,111,0,1,Vanderbilt,Auburn,Commodores,Tigers,4,4,19,14,5,1674,Vanderbilt,1684,484,0,Liam Robbins makes free throw 2 of 2.,made,TRUE,FALSE,NA,NA,NA,NA,NA,NA,0,Vanderbilt,Auburn,37,NA,Tyrin Lawrence,Jordan Wright,Colin Smith,Ezra Manjon,Liam Robbins,Jaylin Williams,Lior Berman,Zep Jasper,Wendell Green Jr.,Johni Broome
2022-23,2023-02-18,2493233,112,0,1,Vanderbilt,Auburn,Commodores,Tigers,4,4,19,14,5,NA,NA,1667,467,17,Official TV timeout.,NA,FALSE,FALSE,NA,NA,NA,NA,NA,NA,0,NA,NA,NA,NA,Tyrin Lawrence,Jordan Wright,Colin Smith,Ezra Manjon,Liam Robbins,Jaylin Williams,Lior Berman,Zep Jasper,Wendell Green Jr.,Johni Broome
2022-23,2023-02-18,2493233,113,0,1,Vanderbilt,Auburn,Commodores,Tigers,4,4,19,14,5,1299,Auburn,1667,467,0,Substitution: Dylan Cardwell in for Lior Berman.,NA,FALSE,FALSE,NA,NA,NA,NA,NA,NA,1,NA,NA,NA,NA,Tyrin Lawrence,Jordan Wright,Colin Smith,Ezra Manjon,Liam Robbins,Jaylin Williams,Dylan Cardwell,Zep Jasper,Wendell Green Jr.,Johni Broome
2022-23,2023-02-18,2493233,114,0,1,Vanderbilt,Auburn,Commodores,Tigers,4,4,19,14,5,1299,Auburn,1667,467,0,Substitution: Allen Flanigan in for Johni Broome.,NA,FALSE,FALSE,NA,NA,NA,NA,NA,NA,1,NA,NA,NA,NA,Tyrin Lawrence,Jordan Wright,Colin Smith,Ezra Manjon,Liam Robbins,Jaylin Williams,Dylan Cardwell,Zep Jasper,Wendell Green Jr.,Allen Flanigan
2022-23,2023-02-18,2493233,115,0,1,Vanderbilt,Auburn,Commodores,Tigers,4,4,19,14,5,1299,Auburn,1662,462,5,Jaylin Williams misses a 3-point jump shot from 24 feet out.,missed,FALSE,TRUE,Jump Shot,11.6,25.25,1193435,Jaylin Williams,NA,0,Auburn,Auburn,38,NA,Tyrin Lawrence,Jordan Wright,Colin Smith,Ezra Manjon,Liam Robbins,Jaylin Williams,Dylan Cardwell,Zep Jasper,Wendell Green Jr.,Allen Flanigan
2022-23,2023-02-18,2493233,116,0,1,Vanderbilt,Auburn,Commodores,Tigers,4,4,19,14,5,1674,Vanderbilt,1662,462,0,Tyrin Lawrence with a defensive rebound.,NA,FALSE,FALSE,NA,NA,NA,NA,NA,NA,0,Auburn,Vanderbilt,38,NA,Tyrin Lawrence,Jordan Wright,Colin Smith,Ezra Manjon,Liam Robbins,Jaylin Williams,Dylan Cardwell,Zep Jasper,Wendell Green Jr.,Allen Flanigan
2022-23,2023-02-18,2493233,117,0,1,Vanderbilt,Auburn,Commodores,Tigers,4,4,19,14,5,1674,Vanderbilt,1644,444,18,Ezra Manjon misses a jump shot from 11 feet out.,missed,FALSE,FALSE,Jump Shot,32.1,13.650000000000006,1179912,Ezra Manjon,NA,0,Vanderbilt,Auburn,39,NA,Tyrin Lawrence,Jordan Wright,Colin Smith,Ezra Manjon,Liam Robbins,Jaylin Williams,Dylan Cardwell,Zep Jasper,Wendell Green Jr.,Allen Flanigan
2022-23,2023-02-18,2493233,119,0,1,Vanderbilt,Auburn,Commodores,Tigers,4,4,19,16,3,1299,Auburn,1615,415,29,Jaylin Williams makes a layup.,made,FALSE,FALSE,Layup Shot,26,6.25,1193435,Jaylin Williams,NA,0,Auburn,Vanderbilt,40,NA,Tyrin Lawrence,Jordan Wright,Colin Smith,Ezra Manjon,Liam Robbins,Jaylin Williams,Dylan Cardwell,Zep Jasper,Wendell Green Jr.,Allen Flanigan
2022-23,2023-02-18,2493233,120,0,1,Vanderbilt,Auburn,Commodores,Tigers,4,4,19,16,3,1299,Auburn,1591,391,24,Shooting foul committed by Dylan Cardwell.,NA,FALSE,FALSE,NA,NA,NA,NA,NA,NA,0,Vanderbilt,Vanderbilt,41,NA,Tyrin Lawrence,Jordan Wright,Colin Smith,Ezra Manjon,Liam Robbins,Jaylin Williams,Dylan Cardwell,Zep Jasper,Wendell Green Jr.,Allen Flanigan
2022-23,2023-02-18,2493233,121,0,1,Vanderbilt,Auburn,Commodores,Tigers,4,4,19,16,3,1674,Vanderbilt,1591,391,0,Liam Robbins misses free throw 1 of 2.,missed,TRUE,FALSE,NA,NA,NA,NA,NA,NA,0,Vanderbilt,Vanderbilt,41,NA,Tyrin Lawrence,Jordan Wright,Colin Smith,Ezra Manjon,Liam Robbins,Jaylin Williams,Dylan Cardwell,Zep Jasper,Wendell Green Jr.,Allen Flanigan
2022-23,2023-02-18,2493233,123,0,1,Vanderbilt,Auburn,Commodores,Tigers,4,4,20,16,4,1674,Vanderbilt,1591,391,0,Liam Robbins makes free throw 2 of 2.,made,TRUE,FALSE,NA,NA,NA,NA,NA,NA,0,Vanderbilt,Auburn,41,NA,Tyrin Lawrence,Jordan Wright,Colin Smith,Ezra Manjon,Liam Robbins,Jaylin Williams,Dylan Cardwell,Zep Jasper,Wendell Green Jr.,Allen Flanigan
2022-23,2023-02-18,2493233,124,0,1,Vanderbilt,Auburn,Commodores,Tigers,4,4,20,16,4,1299,Auburn,1584,384,7,Zep Jasper misses a 3-point jump shot from 24 feet out.,missed,FALSE,TRUE,Jump Shot,7.600000000000001,22.15,1065039,Zep Jasper,NA,0,Auburn,Auburn,42,NA,Tyrin Lawrence,Jordan Wright,Colin Smith,Ezra Manjon,Liam Robbins,Jaylin Williams,Dylan Cardwell,Zep Jasper,Wendell Green Jr.,Allen Flanigan
2022-23,2023-02-18,2493233,125,0,1,Vanderbilt,Auburn,Commodores,Tigers,4,4,20,16,4,1674,Vanderbilt,1584,384,0,Liam Robbins with a defensive rebound.,NA,FALSE,FALSE,NA,NA,NA,NA,NA,NA,0,Auburn,Vanderbilt,42,NA,Tyrin Lawrence,Jordan Wright,Colin Smith,Ezra Manjon,Liam Robbins,Jaylin Williams,Dylan Cardwell,Zep Jasper,Wendell Green Jr.,Allen Flanigan
2022-23,2023-02-18,2493233,126,0,1,Vanderbilt,Auburn,Commodores,Tigers,4,4,20,16,4,1299,Auburn,1581,381,3,Personal foul committed by Dylan Cardwell.,NA,FALSE,FALSE,NA,NA,NA,NA,NA,NA,0,Vanderbilt,Vanderbilt,43,NA,Tyrin Lawrence,Jordan Wright,Colin Smith,Ezra Manjon,Liam Robbins,Jaylin Williams,Dylan Cardwell,Zep Jasper,Wendell Green Jr.,Allen Flanigan
2022-23,2023-02-18,2493233,127,0,1,Vanderbilt,Auburn,Commodores,Tigers,4,4,21,16,5,1674,Vanderbilt,1581,381,0,Liam Robbins makes free throw 1st of 1-and-1.,made,TRUE,FALSE,NA,NA,NA,NA,NA,NA,0,Vanderbilt,Vanderbilt,43,NA,Tyrin Lawrence,Jordan Wright,Colin Smith,Ezra Manjon,Liam Robbins,Jaylin Williams,Dylan Cardwell,Zep Jasper,Wendell Green Jr.,Allen Flanigan
2022-23,2023-02-18,2493233,128,0,1,Vanderbilt,Auburn,Commodores,Tigers,4,4,22,16,6,1674,Vanderbilt,1581,381,0,Liam Robbins makes free throw 2nd of 1-and-1.,made,TRUE,FALSE,NA,NA,NA,NA,NA,NA,0,Vanderbilt,Auburn,43,NA,Tyrin Lawrence,Jordan Wright,Colin Smith,Ezra Manjon,Liam Robbins,Jaylin Williams,Dylan Cardwell,Zep Jasper,Wendell Green Jr.,Allen Flanigan
2022-23,2023-02-18,2493233,129,0,1,Vanderbilt,Auburn,Commodores,Tigers,4,4,22,18,4,1299,Auburn,1565,365,16,Jaylin Williams makes a jump shot from 7 feet out.,made,FALSE,FALSE,Jump Shot,22,11.65,1193435,Jaylin Williams,NA,0,Auburn,Vanderbilt,44,NA,Tyrin Lawrence,Jordan Wright,Colin Smith,Ezra Manjon,Liam Robbins,Jaylin Williams,Dylan Cardwell,Zep Jasper,Wendell Green Jr.,Allen Flanigan
2022-23,2023-02-18,2493233,130,0,1,Vanderbilt,Auburn,Commodores,Tigers,4,4,24,18,6,1674,Vanderbilt,1547,347,18,Colin Smith makes a layup. Liam Robbins with the assist.,made,FALSE,FALSE,Layup Shot,26,6.25,1405990,Colin Smith,Liam Robbins,0,Vanderbilt,Auburn,45,NA,Tyrin Lawrence,Jordan Wright,Colin Smith,Ezra Manjon,Liam Robbins,Jaylin Williams,Dylan Cardwell,Zep Jasper,Wendell Green Jr.,Allen Flanigan
2022-23,2023-02-18,2493233,131,0,1,Vanderbilt,Auburn,Commodores,Tigers,4,4,24,18,6,1299,Auburn,1538,338,9,Ezra Manjon blocks a Wendell Green Jr. 3-point jump shot from 24 feet out.,missed,FALSE,TRUE,Jump Shot,2.1000000000000014,10.75,1231129,Wendell Green Jr.,NA,0,Auburn,Auburn,46,NA,Tyrin Lawrence,Jordan Wright,Colin Smith,Ezra Manjon,Liam Robbins,Jaylin Williams,Dylan Cardwell,Zep Jasper,Wendell Green Jr.,Allen Flanigan
2022-23,2023-02-18,2493233,133,0,1,Vanderbilt,Auburn,Commodores,Tigers,4,4,24,18,6,1299,Auburn,1535,335,3,Substitution: K.D. Johnson in for Zep Jasper.,NA,FALSE,FALSE,NA,NA,NA,NA,NA,NA,1,NA,NA,NA,NA,Tyrin Lawrence,Jordan Wright,Colin Smith,Ezra Manjon,Liam Robbins,Jaylin Williams,Dylan Cardwell,K.D. Johnson,Wendell Green Jr.,Allen Flanigan
2022-23,2023-02-18,2493233,134,0,1,Vanderbilt,Auburn,Commodores,Tigers,4,4,24,18,6,1674,Vanderbilt,1535,335,0,Substitution: Myles Stute in for Colin Smith.,NA,FALSE,FALSE,NA,NA,NA,NA,NA,NA,1,NA,NA,NA,NA,Tyrin Lawrence,Jordan Wright,Myles Stute,Ezra Manjon,Liam Robbins,Jaylin Williams,Dylan Cardwell,K.D. Johnson,Wendell Green Jr.,Allen Flanigan
2022-23,2023-02-18,2493233,135,0,1,Vanderbilt,Auburn,Commodores,Tigers,4,4,24,20,4,1299,Auburn,1533,333,2,Jaylin Williams makes a jump shot from 6 feet out. Allen Flanigan with the assist.,made,FALSE,FALSE,Jump Shot,22.5,10.75,1193435,Jaylin Williams,Allen Flanigan,0,Auburn,Vanderbilt,46,NA,Tyrin Lawrence,Jordan Wright,Myles Stute,Ezra Manjon,Liam Robbins,Jaylin Williams,Dylan Cardwell,K.D. Johnson,Wendell Green Jr.,Allen Flanigan
2022-23,2023-02-18,2493233,136,0,1,Vanderbilt,Auburn,Commodores,Tigers,4,4,24,20,4,1674,Vanderbilt,1516,316,17,Dylan Cardwell steals the ball from Jordan Wright.,NA,FALSE,FALSE,NA,NA,NA,NA,NA,NA,0,Vanderbilt,Auburn,47,NA,Tyrin Lawrence,Jordan Wright,Myles Stute,Ezra Manjon,Liam Robbins,Jaylin Williams,Dylan Cardwell,K.D. Johnson,Wendell Green Jr.,Allen Flanigan
2022-23,2023-02-18,2493233,137,0,1,Vanderbilt,Auburn,Commodores,Tigers,4,4,24,20,4,1674,Vanderbilt,1509,309,7,Shooting foul committed by Liam Robbins.,NA,FALSE,FALSE,NA,NA,NA,NA,NA,NA,0,Auburn,Auburn,48,NA,Tyrin Lawrence,Jordan Wright,Myles Stute,Ezra Manjon,Liam Robbins,Jaylin Williams,Dylan Cardwell,K.D. Johnson,Wendell Green Jr.,Allen Flanigan
2022-23,2023-02-18,2493233,138,0,1,Vanderbilt,Auburn,Commodores,Tigers,4,4,24,20,4,1299,Auburn,1509,309,0,K.D. Johnson misses free throw 1 of 2.,missed,TRUE,FALSE,NA,NA,NA,NA,NA,NA,0,Auburn,Auburn,48,NA,Tyrin Lawrence,Jordan Wright,Myles Stute,Ezra Manjon,Liam Robbins,Jaylin Williams,Dylan Cardwell,K.D. Johnson,Wendell Green Jr.,Allen Flanigan
2022-23,2023-02-18,2493233,140,0,1,Vanderbilt,Auburn,Commodores,Tigers,4,4,24,20,4,1299,Auburn,1509,309,0,K.D. Johnson misses free throw 2 of 2.,missed,TRUE,FALSE,NA,NA,NA,NA,NA,NA,0,Auburn,Auburn,48,NA,Tyrin Lawrence,Jordan Wright,Myles Stute,Ezra Manjon,Liam Robbins,Jaylin Williams,Dylan Cardwell,K.D. Johnson,Wendell Green Jr.,Allen Flanigan
2022-23,2023-02-18,2493233,141,0,1,Vanderbilt,Auburn,Commodores,Tigers,4,4,24,20,4,1674,Vanderbilt,1509,309,0,Tyrin Lawrence with a defensive rebound.,NA,FALSE,FALSE,NA,NA,NA,NA,NA,NA,0,Auburn,Vanderbilt,48,NA,Tyrin Lawrence,Jordan Wright,Myles Stute,Ezra Manjon,Liam Robbins,Jaylin Williams,Dylan Cardwell,K.D. Johnson,Wendell Green Jr.,Allen Flanigan
2022-23,2023-02-18,2493233,142,0,1,Vanderbilt,Auburn,Commodores,Tigers,4,4,24,20,4,1299,Auburn,1497,297,12,Personal foul committed by K.D. Johnson.,NA,FALSE,FALSE,NA,NA,NA,NA,NA,NA,0,Vanderbilt,Vanderbilt,49,NA,Tyrin Lawrence,Jordan Wright,Myles Stute,Ezra Manjon,Liam Robbins,Jaylin Williams,Dylan Cardwell,K.D. Johnson,Wendell Green Jr.,Allen Flanigan
2022-23,2023-02-18,2493233,143,0,1,Vanderbilt,Auburn,Commodores,Tigers,4,4,25,20,5,1674,Vanderbilt,1497,297,0,Liam Robbins makes free throw 1st of 1-and-1.,made,TRUE,FALSE,NA,NA,NA,NA,NA,NA,0,Vanderbilt,Vanderbilt,49,NA,Tyrin Lawrence,Jordan Wright,Myles Stute,Ezra Manjon,Liam Robbins,Jaylin Williams,Dylan Cardwell,K.D. Johnson,Wendell Green Jr.,Allen Flanigan
2022-23,2023-02-18,2493233,144,0,1,Vanderbilt,Auburn,Commodores,Tigers,4,4,26,20,6,1674,Vanderbilt,1497,297,0,Liam Robbins makes free throw 2nd of 1-and-1.,made,TRUE,FALSE,NA,NA,NA,NA,NA,NA,0,Vanderbilt,Auburn,49,NA,Tyrin Lawrence,Jordan Wright,Myles Stute,Ezra Manjon,Liam Robbins,Jaylin Williams,Dylan Cardwell,K.D. Johnson,Wendell Green Jr.,Allen Flanigan
2022-23,2023-02-18,2493233,145,0,1,Vanderbilt,Auburn,Commodores,Tigers,4,4,26,22,4,1299,Auburn,1482,282,15,Jaylin Williams makes a jump shot from 6 feet out.,made,FALSE,FALSE,Jump Shot,22.5,10.55,1193435,Jaylin Williams,NA,0,Auburn,Vanderbilt,50,NA,Tyrin Lawrence,Jordan Wright,Myles Stute,Ezra Manjon,Liam Robbins,Jaylin Williams,Dylan Cardwell,K.D. Johnson,Wendell Green Jr.,Allen Flanigan
2022-23,2023-02-18,2493233,146,0,1,Vanderbilt,Auburn,Commodores,Tigers,4,4,26,22,4,1674,Vanderbilt,1470,270,12,Offensive foul committed by Liam Robbins.,NA,FALSE,FALSE,NA,NA,NA,NA,NA,NA,0,Vanderbilt,Vanderbilt,51,NA,Tyrin Lawrence,Jordan Wright,Myles Stute,Ezra Manjon,Liam Robbins,Jaylin Williams,Dylan Cardwell,K.D. Johnson,Wendell Green Jr.,Allen Flanigan
2022-23,2023-02-18,2493233,147,0,1,Vanderbilt,Auburn,Commodores,Tigers,4,4,26,22,4,1674,Vanderbilt,1470,270,0,Liam Robbins with a turnover,NA,FALSE,FALSE,NA,NA,NA,NA,NA,NA,0,Vanderbilt,Auburn,51,NA,Tyrin Lawrence,Jordan Wright,Myles Stute,Ezra Manjon,Liam Robbins,Jaylin Williams,Dylan Cardwell,K.D. Johnson,Wendell Green Jr.,Allen Flanigan
2022-23,2023-02-18,2493233,148,0,1,Vanderbilt,Auburn,Commodores,Tigers,4,4,26,22,4,1674,Vanderbilt,1470,270,0,Substitution: Quentin Millora-Brown in for Liam Robbins.,NA,FALSE,FALSE,NA,NA,NA,NA,NA,NA,1,NA,NA,NA,NA,Tyrin Lawrence,Jordan Wright,Myles Stute,Ezra Manjon,Quentin Millora-Brown,Jaylin Williams,Dylan Cardwell,K.D. Johnson,Wendell Green Jr.,Allen Flanigan
2022-23,2023-02-18,2493233,149,0,1,Vanderbilt,Auburn,Commodores,Tigers,4,4,26,22,4,1299,Auburn,1457,257,13,Wendell Green Jr. misses a jump shot from 5 feet out.,missed,FALSE,FALSE,Jump Shot,22.9,10.25,1231129,Wendell Green Jr.,NA,0,Auburn,Auburn,52,NA,Tyrin Lawrence,Jordan Wright,Myles Stute,Ezra Manjon,Quentin Millora-Brown,Jaylin Williams,Dylan Cardwell,K.D. Johnson,Wendell Green Jr.,Allen Flanigan
2022-23,2023-02-18,2493233,150,0,1,Vanderbilt,Auburn,Commodores,Tigers,4,4,26,22,4,1674,Vanderbilt,1457,257,0,Jordan Wright with a defensive rebound.,NA,FALSE,FALSE,NA,NA,NA,NA,NA,NA,0,Auburn,Vanderbilt,52,NA,Tyrin Lawrence,Jordan Wright,Myles Stute,Ezra Manjon,Quentin Millora-Brown,Jaylin Williams,Dylan Cardwell,K.D. Johnson,Wendell Green Jr.,Allen Flanigan
2022-23,2023-02-18,2493233,151,0,1,Vanderbilt,Auburn,Commodores,Tigers,4,4,26,22,4,1674,Vanderbilt,1445,245,12,Myles Stute misses a 3-point jump shot from 25 feet out.,missed,FALSE,TRUE,Jump Shot,9.899999999999999,25.25,1232179,Myles Stute,NA,0,Vanderbilt,Vanderbilt,53,NA,Tyrin Lawrence,Jordan Wright,Myles Stute,Ezra Manjon,Quentin Millora-Brown,Jaylin Williams,Dylan Cardwell,K.D. Johnson,Wendell Green Jr.,Allen Flanigan
2022-23,2023-02-18,2493233,152,0,1,Vanderbilt,Auburn,Commodores,Tigers,4,4,26,22,4,1299,Auburn,1445,245,0,Wendell Green Jr. with a defensive rebound.,NA,FALSE,FALSE,NA,NA,NA,NA,NA,NA,0,Vanderbilt,Auburn,53,NA,Tyrin Lawrence,Jordan Wright,Myles Stute,Ezra Manjon,Quentin Millora-Brown,Jaylin Williams,Dylan Cardwell,K.D. Johnson,Wendell Green Jr.,Allen Flanigan
2022-23,2023-02-18,2493233,153,0,1,Vanderbilt,Auburn,Commodores,Tigers,4,4,26,22,4,1299,Auburn,1438,238,7,Tyrin Lawrence blocks a Wendell Green Jr. layup.,missed,FALSE,FALSE,Layup Shot,26,6.25,1231129,Wendell Green Jr.,NA,0,Auburn,Auburn,54,NA,Tyrin Lawrence,Jordan Wright,Myles Stute,Ezra Manjon,Quentin Millora-Brown,Jaylin Williams,Dylan Cardwell,K.D. Johnson,Wendell Green Jr.,Allen Flanigan
2022-23,2023-02-18,2493233,154,0,1,Vanderbilt,Auburn,Commodores,Tigers,4,4,26,22,4,1674,Vanderbilt,1438,238,0,Myles Stute with a defensive rebound.,NA,FALSE,FALSE,NA,NA,NA,NA,NA,NA,0,Auburn,Vanderbilt,54,NA,Tyrin Lawrence,Jordan Wright,Myles Stute,Ezra Manjon,Quentin Millora-Brown,Jaylin Williams,Dylan Cardwell,K.D. Johnson,Wendell Green Jr.,Allen Flanigan
2022-23,2023-02-18,2493233,155,0,1,Vanderbilt,Auburn,Commodores,Tigers,4,4,26,22,4,NA,NA,1433,233,5,Official TV timeout.,NA,FALSE,FALSE,NA,NA,NA,NA,NA,NA,0,NA,NA,NA,NA,Tyrin Lawrence,Jordan Wright,Myles Stute,Ezra Manjon,Quentin Millora-Brown,Jaylin Williams,Dylan Cardwell,K.D. Johnson,Wendell Green Jr.,Allen Flanigan
2022-23,2023-02-18,2493233,156,0,1,Vanderbilt,Auburn,Commodores,Tigers,4,4,26,22,4,1299,Auburn,1433,233,0,Substitution: Chris Moore in for Dylan Cardwell.,NA,FALSE,FALSE,NA,NA,NA,NA,NA,NA,1,NA,NA,NA,NA,Tyrin Lawrence,Jordan Wright,Myles Stute,Ezra Manjon,Quentin Millora-Brown,Jaylin Williams,Chris Moore,K.D. Johnson,Wendell Green Jr.,Allen Flanigan
2022-23,2023-02-18,2493233,157,0,1,Vanderbilt,Auburn,Commodores,Tigers,4,4,26,22,4,1299,Auburn,1433,233,0,Substitution: Johni Broome in for Jaylin Williams.,NA,FALSE,FALSE,NA,NA,NA,NA,NA,NA,1,NA,NA,NA,NA,Tyrin Lawrence,Jordan Wright,Myles Stute,Ezra Manjon,Quentin Millora-Brown,Johni Broome,Chris Moore,K.D. Johnson,Wendell Green Jr.,Allen Flanigan
2022-23,2023-02-18,2493233,158,0,1,Vanderbilt,Auburn,Commodores,Tigers,4,4,26,22,4,1674,Vanderbilt,1428,228,5,Ezra Manjon misses a jump shot from 9 feet out.,missed,FALSE,FALSE,Jump Shot,16.1,8.049999999999997,1179912,Ezra Manjon,NA,0,Vanderbilt,Vanderbilt,55,NA,Tyrin Lawrence,Jordan Wright,Myles Stute,Ezra Manjon,Quentin Millora-Brown,Johni Broome,Chris Moore,K.D. Johnson,Wendell Green Jr.,Allen Flanigan
2022-23,2023-02-18,2493233,159,0,1,Vanderbilt,Auburn,Commodores,Tigers,4,4,26,22,4,1299,Auburn,1428,228,0,Johni Broome with a defensive rebound.,NA,FALSE,FALSE,NA,NA,NA,NA,NA,NA,0,Vanderbilt,Auburn,55,NA,Tyrin Lawrence,Jordan Wright,Myles Stute,Ezra Manjon,Quentin Millora-Brown,Johni Broome,Chris Moore,K.D. Johnson,Wendell Green Jr.,Allen Flanigan
2022-23,2023-02-18,2493233,160,0,1,Vanderbilt,Auburn,Commodores,Tigers,4,4,26,22,4,1299,Auburn,1413,213,15,Allen Flanigan misses a jump shot from 13 feet out.,missed,FALSE,FALSE,Jump Shot,38,8.55,1193425,Allen Flanigan,NA,0,Auburn,Auburn,56,NA,Tyrin Lawrence,Jordan Wright,Myles Stute,Ezra Manjon,Quentin Millora-Brown,Johni Broome,Chris Moore,K.D. Johnson,Wendell Green Jr.,Allen Flanigan
2022-23,2023-02-18,2493233,161,0,1,Vanderbilt,Auburn,Commodores,Tigers,4,4,26,22,4,1674,Vanderbilt,1413,213,0,Jordan Wright with a defensive rebound.,NA,FALSE,FALSE,NA,NA,NA,NA,NA,NA,0,Auburn,Vanderbilt,56,NA,Tyrin Lawrence,Jordan Wright,Myles Stute,Ezra Manjon,Quentin Millora-Brown,Johni Broome,Chris Moore,K.D. Johnson,Wendell Green Jr.,Allen Flanigan
2022-23,2023-02-18,2493233,162,0,1,Vanderbilt,Auburn,Commodores,Tigers,4,4,28,22,6,1674,Vanderbilt,1395,195,18,Jordan Wright makes a jump shot from 13 feet out. Quentin Millora-Brown with the assist.,made,FALSE,FALSE,Jump Shot,12.700000000000003,10.049999999999997,1176803,Jordan Wright,Quentin Millora-Brown,0,Vanderbilt,Auburn,57,NA,Tyrin Lawrence,Jordan Wright,Myles Stute,Ezra Manjon,Quentin Millora-Brown,Johni Broome,Chris Moore,K.D. Johnson,Wendell Green Jr.,Allen Flanigan
2022-23,2023-02-18,2493233,163,0,1,Vanderbilt,Auburn,Commodores,Tigers,4,4,28,22,6,1674,Vanderbilt,1383,183,12,Personal foul committed by Tyrin Lawrence.,NA,FALSE,FALSE,NA,NA,NA,NA,NA,NA,0,Auburn,Auburn,58,NA,Tyrin Lawrence,Jordan Wright,Myles Stute,Ezra Manjon,Quentin Millora-Brown,Johni Broome,Chris Moore,K.D. Johnson,Wendell Green Jr.,Allen Flanigan
2022-23,2023-02-18,2493233,164,0,1,Vanderbilt,Auburn,Commodores,Tigers,4,4,28,22,6,1299,Auburn,1383,183,0,Substitution: Tre Donaldson in for Wendell Green Jr..,NA,FALSE,FALSE,NA,NA,NA,NA,NA,NA,1,NA,NA,NA,NA,Tyrin Lawrence,Jordan Wright,Myles Stute,Ezra Manjon,Quentin Millora-Brown,Johni Broome,Chris Moore,K.D. Johnson,Tre Donaldson,Allen Flanigan
2022-23,2023-02-18,2493233,165,0,1,Vanderbilt,Auburn,Commodores,Tigers,4,4,28,24,4,1299,Auburn,1366,166,17,Johni Broome dunks. Tre Donaldson with the assist.,made,FALSE,FALSE,Dunk Shot,26,6.25,1231975,Johni Broome,Tre Donaldson,0,Auburn,Vanderbilt,58,NA,Tyrin Lawrence,Jordan Wright,Myles Stute,Ezra Manjon,Quentin Millora-Brown,Johni Broome,Chris Moore,K.D. Johnson,Tre Donaldson,Allen Flanigan
2022-23,2023-02-18,2493233,166,0,1,Vanderbilt,Auburn,Commodores,Tigers,4,4,28,24,4,1674,Vanderbilt,1334,134,32,Ezra Manjon misses a layup.,missed,FALSE,FALSE,Layup Shot,25,5.25,1179912,Ezra Manjon,NA,0,Vanderbilt,Vanderbilt,59,NA,Tyrin Lawrence,Jordan Wright,Myles Stute,Ezra Manjon,Quentin Millora-Brown,Johni Broome,Chris Moore,K.D. Johnson,Tre Donaldson,Allen Flanigan
2022-23,2023-02-18,2493233,167,0,1,Vanderbilt,Auburn,Commodores,Tigers,4,4,28,24,4,1299,Auburn,1334,134,0,Tre Donaldson with a defensive rebound.,NA,FALSE,FALSE,NA,NA,NA,NA,NA,NA,0,Vanderbilt,Auburn,59,NA,Tyrin Lawrence,Jordan Wright,Myles Stute,Ezra Manjon,Quentin Millora-Brown,Johni Broome,Chris Moore,K.D. Johnson,Tre Donaldson,Allen Flanigan
2022-23,2023-02-18,2493233,168,0,1,Vanderbilt,Auburn,Commodores,Tigers,4,4,28,24,4,1299,Auburn,1303,103,31,Johni Broome misses a jump shot from 16 feet out.,missed,FALSE,FALSE,Jump Shot,9.4,10.05,1231975,Johni Broome,NA,0,Auburn,Auburn,60,NA,Tyrin Lawrence,Jordan Wright,Myles Stute,Ezra Manjon,Quentin Millora-Brown,Johni Broome,Chris Moore,K.D. Johnson,Tre Donaldson,Allen Flanigan
2022-23,2023-02-18,2493233,169,0,1,Vanderbilt,Auburn,Commodores,Tigers,4,4,28,24,4,1674,Vanderbilt,1303,103,0,Jordan Wright with a defensive rebound.,NA,FALSE,FALSE,NA,NA,NA,NA,NA,NA,0,Auburn,Vanderbilt,60,NA,Tyrin Lawrence,Jordan Wright,Myles Stute,Ezra Manjon,Quentin Millora-Brown,Johni Broome,Chris Moore,K.D. Johnson,Tre Donaldson,Allen Flanigan
2022-23,2023-02-18,2493233,170,0,1,Vanderbilt,Auburn,Commodores,Tigers,4,4,28,24,4,1674,Vanderbilt,1292,92,11,Chris Moore blocks a Jordan Wright layup.,missed,FALSE,FALSE,Layup Shot,25,5.25,1176803,Jordan Wright,NA,0,Vanderbilt,Vanderbilt,61,NA,Tyrin Lawrence,Jordan Wright,Myles Stute,Ezra Manjon,Quentin Millora-Brown,Johni Broome,Chris Moore,K.D. Johnson,Tre Donaldson,Allen Flanigan
2022-23,2023-02-18,2493233,172,0,1,Vanderbilt,Auburn,Commodores,Tigers,4,4,28,24,4,1299,Auburn,1290,90,2,Substitution: Jaylin Williams in for Tre Donaldson.,NA,FALSE,FALSE,NA,NA,NA,NA,NA,NA,1,NA,NA,NA,NA,Tyrin Lawrence,Jordan Wright,Myles Stute,Ezra Manjon,Quentin Millora-Brown,Johni Broome,Chris Moore,K.D. Johnson,Jaylin Williams,Allen Flanigan
2022-23,2023-02-18,2493233,173,0,1,Vanderbilt,Auburn,Commodores,Tigers,4,4,28,24,4,1299,Auburn,1290,90,0,Substitution: Wendell Green Jr. in for Chris Moore.,NA,FALSE,FALSE,NA,NA,NA,NA,NA,NA,1,NA,NA,NA,NA,Tyrin Lawrence,Jordan Wright,Myles Stute,Ezra Manjon,Quentin Millora-Brown,Johni Broome,Wendell Green Jr.,K.D. Johnson,Jaylin Williams,Allen Flanigan
2022-23,2023-02-18,2493233,174,0,1,Vanderbilt,Auburn,Commodores,Tigers,4,4,28,24,4,1674,Vanderbilt,1290,90,0,Substitution: Trey Thomas in for Ezra Manjon.,NA,FALSE,FALSE,NA,NA,NA,NA,NA,NA,1,NA,NA,NA,NA,Tyrin Lawrence,Jordan Wright,Myles Stute,Trey Thomas,Quentin Millora-Brown,Johni Broome,Wendell Green Jr.,K.D. Johnson,Jaylin Williams,Allen Flanigan
2022-23,2023-02-18,2493233,175,0,1,Vanderbilt,Auburn,Commodores,Tigers,4,4,31,24,7,1674,Vanderbilt,1284,84,6,Jordan Wright makes a 3-point jump shot from 25 feet out. Tyrin Lawrence with the assist.,made,FALSE,TRUE,Jump Shot,48.7,12.849999999999994,1176803,Jordan Wright,Tyrin Lawrence,0,Vanderbilt,Auburn,61,NA,Tyrin Lawrence,Jordan Wright,Myles Stute,Trey Thomas,Quentin Millora-Brown,Johni Broome,Wendell Green Jr.,K.D. Johnson,Jaylin Williams,Allen Flanigan
2022-23,2023-02-18,2493233,176,0,1,Vanderbilt,Auburn,Commodores,Tigers,4,4,31,24,7,1299,Auburn,1258,58,26,Wendell Green Jr. misses a jump shot from 16 feet out.,missed,FALSE,FALSE,Jump Shot,11.6,13.45,1231129,Wendell Green Jr.,NA,0,Auburn,Auburn,62,NA,Tyrin Lawrence,Jordan Wright,Myles Stute,Trey Thomas,Quentin Millora-Brown,Johni Broome,Wendell Green Jr.,K.D. Johnson,Jaylin Williams,Allen Flanigan
2022-23,2023-02-18,2493233,177,0,1,Vanderbilt,Auburn,Commodores,Tigers,4,4,31,24,7,1674,Vanderbilt,1258,58,0,Tyrin Lawrence with a defensive rebound.,NA,FALSE,FALSE,NA,NA,NA,NA,NA,NA,0,Auburn,Vanderbilt,62,NA,Tyrin Lawrence,Jordan Wright,Myles Stute,Trey Thomas,Quentin Millora-Brown,Johni Broome,Wendell Green Jr.,K.D. Johnson,Jaylin Williams,Allen Flanigan
2022-23,2023-02-18,2493233,178,0,1,Vanderbilt,Auburn,Commodores,Tigers,4,4,31,24,7,1674,Vanderbilt,1229,29,29,Tyrin Lawrence misses a jump shot from 15 feet out.,missed,FALSE,FALSE,Jump Shot,37.8,13.650000000000006,1232174,Tyrin Lawrence,NA,0,Vanderbilt,Vanderbilt,63,NA,Tyrin Lawrence,Jordan Wright,Myles Stute,Trey Thomas,Quentin Millora-Brown,Johni Broome,Wendell Green Jr.,K.D. Johnson,Jaylin Williams,Allen Flanigan
2022-23,2023-02-18,2493233,179,0,1,Vanderbilt,Auburn,Commodores,Tigers,4,4,31,24,7,1299,Auburn,1229,29,0,Wendell Green Jr. with a defensive rebound.,NA,FALSE,FALSE,NA,NA,NA,NA,NA,NA,0,Vanderbilt,Auburn,63,NA,Tyrin Lawrence,Jordan Wright,Myles Stute,Trey Thomas,Quentin Millora-Brown,Johni Broome,Wendell Green Jr.,K.D. Johnson,Jaylin Williams,Allen Flanigan
2022-23,2023-02-18,2493233,180,0,1,Vanderbilt,Auburn,Commodores,Tigers,4,4,31,27,4,1299,Auburn,1202,2,27,Allen Flanigan makes a 3-point jump shot from 25 feet out. Johni Broome with the assist.,made,FALSE,TRUE,Jump Shot,43.1,23.15,1193425,Allen Flanigan,Johni Broome,0,Auburn,Vanderbilt,64,NA,Tyrin Lawrence,Jordan Wright,Myles Stute,Trey Thomas,Quentin Millora-Brown,Johni Broome,Wendell Green Jr.,K.D. Johnson,Jaylin Williams,Allen Flanigan
2022-23,2023-02-18,2493233,181,0,1,Vanderbilt,Auburn,Commodores,Tigers,4,4,31,27,4,NA,NA,1200,0,2,End of the 1st Half,NA,FALSE,FALSE,NA,NA,NA,NA,NA,NA,0,NA,NA,NA,NA,Tyrin Lawrence,Jordan Wright,Myles Stute,Trey Thomas,Quentin Millora-Brown,Johni Broome,Wendell Green Jr.,K.D. Johnson,Jaylin Williams,Allen Flanigan
2022-23,2023-02-18,2493233,182,0,2,Vanderbilt,Auburn,Commodores,Tigers,4,4,31,27,4,NA,NA,1200,1200,0,Start of the 2nd Half,NA,FALSE,FALSE,NA,NA,NA,NA,NA,NA,0,NA,Vanderbilt,65,NA,Tyrin Lawrence,Jordan Wright,Myles Stute,Trey Thomas,Quentin Millora-Brown,Johni Broome,Wendell Green Jr.,K.D. Johnson,Jaylin Williams,Allen Flanigan
2022-23,2023-02-18,2493233,183,0,2,Vanderbilt,Auburn,Commodores,Tigers,4,4,31,27,4,1674,Vanderbilt,1177,1177,23,Liam Robbins misses a jump shot from 12 feet out.,missed,FALSE,FALSE,Jump Shot,14.899999999999999,10.950000000000003,1135193,Liam Robbins,NA,0,Vanderbilt,Vanderbilt,66,NA,Tyrin Lawrence,Jordan Wright,Myles Stute,Trey Thomas,Quentin Millora-Brown,Johni Broome,Wendell Green Jr.,K.D. Johnson,Jaylin Williams,Allen Flanigan
2022-23,2023-02-18,2493233,184,0,2,Vanderbilt,Auburn,Commodores,Tigers,4,4,31,27,4,1299,Auburn,1177,1177,0,Wendell Green Jr. with a defensive rebound.,NA,FALSE,FALSE,NA,NA,NA,NA,NA,NA,0,Vanderbilt,Auburn,66,NA,Tyrin Lawrence,Jordan Wright,Myles Stute,Trey Thomas,Quentin Millora-Brown,Johni Broome,Wendell Green Jr.,K.D. Johnson,Jaylin Williams,Allen Flanigan
2022-23,2023-02-18,2493233,185,0,2,Vanderbilt,Auburn,Commodores,Tigers,4,4,31,29,2,1299,Auburn,1159,1159,18,Johni Broome makes a layup. Jaylin Williams with the assist.,made,FALSE,FALSE,Layup Shot,26,6.25,1231975,Johni Broome,Jaylin Williams,0,Auburn,Vanderbilt,67,NA,Tyrin Lawrence,Jordan Wright,Myles Stute,Trey Thomas,Quentin Millora-Brown,Johni Broome,Wendell Green Jr.,K.D. Johnson,Jaylin Williams,Allen Flanigan
2022-23,2023-02-18,2493233,186,0,2,Vanderbilt,Auburn,Commodores,Tigers,4,4,31,29,2,1674,Vanderbilt,1132,1132,27,Wendell Green Jr. steals the ball from Liam Robbins.,NA,FALSE,FALSE,NA,NA,NA,NA,NA,NA,0,Vanderbilt,Auburn,68,NA,Tyrin Lawrence,Jordan Wright,Myles Stute,Trey Thomas,Quentin Millora-Brown,Johni Broome,Wendell Green Jr.,K.D. Johnson,Jaylin Williams,Allen Flanigan
2022-23,2023-02-18,2493233,187,0,2,Vanderbilt,Auburn,Commodores,Tigers,4,4,31,31,0,1299,Auburn,1116,1116,16,Johni Broome makes a jump shot from 9 feet out.,made,FALSE,FALSE,Jump Shot,28,13.25,1231975,Johni Broome,NA,0,Auburn,Vanderbilt,69,NA,Tyrin Lawrence,Jordan Wright,Myles Stute,Trey Thomas,Quentin Millora-Brown,Johni Broome,Wendell Green Jr.,K.D. Johnson,Jaylin Williams,Allen Flanigan
2022-23,2023-02-18,2493233,188,0,2,Vanderbilt,Auburn,Commodores,Tigers,4,4,31,31,0,1674,Vanderbilt,1102,1102,14,Tyrin Lawrence misses a layup.,missed,FALSE,FALSE,Layup Shot,26,6.25,1232174,Tyrin Lawrence,NA,0,Vanderbilt,Vanderbilt,70,NA,Tyrin Lawrence,Jordan Wright,Myles Stute,Trey Thomas,Quentin Millora-Brown,Johni Broome,Wendell Green Jr.,K.D. Johnson,Jaylin Williams,Allen Flanigan
2022-23,2023-02-18,2493233,189,0,2,Vanderbilt,Auburn,Commodores,Tigers,4,4,31,31,0,1299,Auburn,1102,1102,0,Johni Broome with a defensive rebound.,NA,FALSE,FALSE,NA,NA,NA,NA,NA,NA,0,Vanderbilt,Auburn,70,NA,Tyrin Lawrence,Jordan Wright,Myles Stute,Trey Thomas,Quentin Millora-Brown,Johni Broome,Wendell Green Jr.,K.D. Johnson,Jaylin Williams,Allen Flanigan
2022-23,2023-02-18,2493233,190,0,2,Vanderbilt,Auburn,Commodores,Tigers,4,4,31,33,-2,1299,Auburn,1088,1088,14,Johni Broome makes a jump shot from 12 feet out.,made,FALSE,FALSE,Jump Shot,15.9,13.45,1231975,Johni Broome,NA,0,Auburn,Vanderbilt,71,NA,Tyrin Lawrence,Jordan Wright,Myles Stute,Trey Thomas,Quentin Millora-Brown,Johni Broome,Wendell Green Jr.,K.D. Johnson,Jaylin Williams,Allen Flanigan
2022-23,2023-02-18,2493233,191,0,2,Vanderbilt,Auburn,Commodores,Tigers,4,4,34,33,1,1674,Vanderbilt,1070,1070,18,Trey Thomas makes a 3-point jump shot from 25 feet out. Ezra Manjon with the assist.,made,FALSE,TRUE,Jump Shot,10.299999999999997,25.25,1232180,Trey Thomas,Ezra Manjon,0,Vanderbilt,Auburn,72,NA,Tyrin Lawrence,Jordan Wright,Myles Stute,Trey Thomas,Quentin Millora-Brown,Johni Broome,Wendell Green Jr.,K.D. Johnson,Jaylin Williams,Allen Flanigan
2022-23,2023-02-18,2493233,192,0,2,Vanderbilt,Auburn,Commodores,Tigers,4,4,34,33,1,1299,Auburn,1043,1043,27,Allen Flanigan misses a jump shot from 6 feet out.,missed,FALSE,FALSE,Jump Shot,21.9,10.55,1193425,Allen Flanigan,NA,0,Auburn,Auburn,73,NA,Tyrin Lawrence,Jordan Wright,Myles Stute,Trey Thomas,Quentin Millora-Brown,Johni Broome,Wendell Green Jr.,K.D. Johnson,Jaylin Williams,Allen Flanigan
2022-23,2023-02-18,2493233,193,0,2,Vanderbilt,Auburn,Commodores,Tigers,4,4,34,33,1,1299,Auburn,1043,1043,0,Wendell Green Jr. with an offensive rebound.,NA,FALSE,FALSE,NA,NA,NA,NA,NA,NA,0,Auburn,Auburn,73,NA,Tyrin Lawrence,Jordan Wright,Myles Stute,Trey Thomas,Quentin Millora-Brown,Johni Broome,Wendell Green Jr.,K.D. Johnson,Jaylin Williams,Allen Flanigan
2022-23,2023-02-18,2493233,194,0,2,Vanderbilt,Auburn,Commodores,Tigers,4,4,34,35,-1,1299,Auburn,1039,1039,4,Wendell Green Jr. makes a layup.,made,FALSE,FALSE,Layup Shot,26,6.25,1231129,Wendell Green Jr.,NA,0,Auburn,Vanderbilt,73,NA,Tyrin Lawrence,Jordan Wright,Myles Stute,Trey Thomas,Quentin Millora-Brown,Johni Broome,Wendell Green Jr.,K.D. Johnson,Jaylin Williams,Allen Flanigan
2022-23,2023-02-18,2493233,195,0,2,Vanderbilt,Auburn,Commodores,Tigers,4,4,34,35,-1,1299,Auburn,1012,1012,27,Shooting foul committed by Jaylin Williams.,NA,FALSE,FALSE,NA,NA,NA,NA,NA,NA,0,Vanderbilt,Vanderbilt,74,NA,Tyrin Lawrence,Jordan Wright,Myles Stute,Trey Thomas,Quentin Millora-Brown,Johni Broome,Wendell Green Jr.,K.D. Johnson,Jaylin Williams,Allen Flanigan
2022-23,2023-02-18,2493233,196,0,2,Vanderbilt,Auburn,Commodores,Tigers,4,4,35,35,0,1674,Vanderbilt,1012,1012,0,Liam Robbins makes free throw 1 of 2.,made,TRUE,FALSE,NA,NA,NA,NA,NA,NA,0,Vanderbilt,Vanderbilt,74,NA,Tyrin Lawrence,Jordan Wright,Myles Stute,Trey Thomas,Quentin Millora-Brown,Johni Broome,Wendell Green Jr.,K.D. Johnson,Jaylin Williams,Allen Flanigan
2022-23,2023-02-18,2493233,197,0,2,Vanderbilt,Auburn,Commodores,Tigers,4,4,36,35,1,1674,Vanderbilt,1012,1012,0,Liam Robbins makes free throw 2 of 2.,made,TRUE,FALSE,NA,NA,NA,NA,NA,NA,0,Vanderbilt,Auburn,74,NA,Tyrin Lawrence,Jordan Wright,Myles Stute,Trey Thomas,Quentin Millora-Brown,Johni Broome,Wendell Green Jr.,K.D. Johnson,Jaylin Williams,Allen Flanigan
2022-23,2023-02-18,2493233,198,0,2,Vanderbilt,Auburn,Commodores,Tigers,4,4,36,35,1,1299,Auburn,994,994,18,Zep Jasper with a turnover - Bad Pass,NA,FALSE,FALSE,NA,NA,NA,NA,NA,NA,0,Auburn,Vanderbilt,75,NA,Tyrin Lawrence,Jordan Wright,Myles Stute,Trey Thomas,Quentin Millora-Brown,Johni Broome,Wendell Green Jr.,K.D. Johnson,Jaylin Williams,Allen Flanigan
2022-23,2023-02-18,2493233,199,0,2,Vanderbilt,Auburn,Commodores,Tigers,4,4,36,35,1,1674,Vanderbilt,985,985,9,Trey Thomas misses a 3-point jump shot from 27 feet out.,missed,FALSE,TRUE,Jump Shot,2,18.950000000000003,1232180,Trey Thomas,NA,0,Vanderbilt,Vanderbilt,76,NA,Tyrin Lawrence,Jordan Wright,Myles Stute,Trey Thomas,Quentin Millora-Brown,Johni Broome,Wendell Green Jr.,K.D. Johnson,Jaylin Williams,Allen Flanigan
2022-23,2023-02-18,2493233,200,0,2,Vanderbilt,Auburn,Commodores,Tigers,4,4,36,35,1,1674,Vanderbilt,985,985,0,Ezra Manjon with an offensive rebound.,NA,FALSE,FALSE,NA,NA,NA,NA,NA,NA,0,Vanderbilt,Vanderbilt,76,NA,Tyrin Lawrence,Jordan Wright,Myles Stute,Trey Thomas,Quentin Millora-Brown,Johni Broome,Wendell Green Jr.,K.D. Johnson,Jaylin Williams,Allen Flanigan
2022-23,2023-02-18,2493233,201,0,2,Vanderbilt,Auburn,Commodores,Tigers,4,4,36,35,1,1674,Vanderbilt,977,977,8,Liam Robbins misses a jump shot from 11 feet out.,missed,FALSE,FALSE,Jump Shot,33.8,11.25,1135193,Liam Robbins,NA,0,Vanderbilt,Vanderbilt,76,NA,Tyrin Lawrence,Jordan Wright,Myles Stute,Trey Thomas,Quentin Millora-Brown,Johni Broome,Wendell Green Jr.,K.D. Johnson,Jaylin Williams,Allen Flanigan
2022-23,2023-02-18,2493233,202,0,2,Vanderbilt,Auburn,Commodores,Tigers,4,4,36,35,1,1299,Auburn,977,977,0,Jaylin Williams with a defensive rebound.,NA,FALSE,FALSE,NA,NA,NA,NA,NA,NA,0,Vanderbilt,Auburn,76,NA,Tyrin Lawrence,Jordan Wright,Myles Stute,Trey Thomas,Quentin Millora-Brown,Johni Broome,Wendell Green Jr.,K.D. Johnson,Jaylin Williams,Allen Flanigan
2022-23,2023-02-18,2493233,203,0,2,Vanderbilt,Auburn,Commodores,Tigers,4,4,36,37,-1,1299,Auburn,964,964,13,Johni Broome makes a layup.,made,FALSE,FALSE,Layup Shot,25,5.25,1231975,Johni Broome,NA,0,Auburn,Vanderbilt,77,NA,Tyrin Lawrence,Jordan Wright,Myles Stute,Trey Thomas,Quentin Millora-Brown,Johni Broome,Wendell Green Jr.,K.D. Johnson,Jaylin Williams,Allen Flanigan
2022-23,2023-02-18,2493233,204,0,2,Vanderbilt,Auburn,Commodores,Tigers,4,4,36,37,-1,1299,Auburn,944,944,20,Shooting foul committed by Johni Broome.,NA,FALSE,FALSE,NA,NA,NA,NA,NA,NA,0,Vanderbilt,Vanderbilt,78,NA,Tyrin Lawrence,Jordan Wright,Myles Stute,Trey Thomas,Quentin Millora-Brown,Johni Broome,Wendell Green Jr.,K.D. Johnson,Jaylin Williams,Allen Flanigan
2022-23,2023-02-18,2493233,205,0,2,Vanderbilt,Auburn,Commodores,Tigers,4,4,36,37,-1,NA,NA,944,944,0,Official TV timeout.,NA,FALSE,FALSE,NA,NA,NA,NA,NA,NA,0,NA,NA,NA,NA,Tyrin Lawrence,Jordan Wright,Myles Stute,Trey Thomas,Quentin Millora-Brown,Johni Broome,Wendell Green Jr.,K.D. Johnson,Jaylin Williams,Allen Flanigan
2022-23,2023-02-18,2493233,206,0,2,Vanderbilt,Auburn,Commodores,Tigers,4,4,36,37,-1,1299,Auburn,944,944,0,Substitution: Chris Moore in for Zep Jasper.,NA,FALSE,FALSE,NA,NA,NA,NA,NA,NA,1,NA,NA,NA,Player leaving not previously in game,Tyrin Lawrence,Jordan Wright,Myles Stute,Trey Thomas,Quentin Millora-Brown,Johni Broome,Wendell Green Jr.,K.D. Johnson,Jaylin Williams,Allen Flanigan
2022-23,2023-02-18,2493233,207,0,2,Vanderbilt,Auburn,Commodores,Tigers,4,4,36,37,-1,1299,Auburn,944,944,0,Substitution: K.D. Johnson in for Jaylin Williams.,NA,FALSE,FALSE,NA,NA,NA,NA,NA,NA,1,NA,NA,NA,Sub already in game,Tyrin Lawrence,Jordan Wright,Myles Stute,Trey Thomas,Quentin Millora-Brown,Johni Broome,Wendell Green Jr.,K.D. Johnson,Jaylin Williams,Allen Flanigan
2022-23,2023-02-18,2493233,208,0,2,Vanderbilt,Auburn,Commodores,Tigers,4,4,37,37,0,1674,Vanderbilt,944,944,0,Liam Robbins makes free throw 1 of 2.,made,TRUE,FALSE,NA,NA,NA,NA,NA,NA,0,Vanderbilt,Vanderbilt,78,NA,Tyrin Lawrence,Jordan Wright,Myles Stute,Trey Thomas,Quentin Millora-Brown,Johni Broome,Wendell Green Jr.,K.D. Johnson,Jaylin Williams,Allen Flanigan
2022-23,2023-02-18,2493233,209,0,2,Vanderbilt,Auburn,Commodores,Tigers,4,4,38,37,1,1674,Vanderbilt,944,944,0,Liam Robbins makes free throw 2 of 2.,made,TRUE,FALSE,NA,NA,NA,NA,NA,NA,0,Vanderbilt,Auburn,78,NA,Tyrin Lawrence,Jordan Wright,Myles Stute,Trey Thomas,Quentin Millora-Brown,Johni Broome,Wendell Green Jr.,K.D. Johnson,Jaylin Williams,Allen Flanigan
2022-23,2023-02-18,2493233,210,0,2,Vanderbilt,Auburn,Commodores,Tigers,4,4,38,37,1,1299,Auburn,931,931,13,Allen Flanigan misses a jump shot from 12 feet out.,missed,FALSE,FALSE,Jump Shot,16.9,14.15,1193425,Allen Flanigan,NA,0,Auburn,Auburn,79,NA,Tyrin Lawrence,Jordan Wright,Myles Stute,Trey Thomas,Quentin Millora-Brown,Johni Broome,Wendell Green Jr.,K.D. Johnson,Jaylin Williams,Allen Flanigan
2022-23,2023-02-18,2493233,211,0,2,Vanderbilt,Auburn,Commodores,Tigers,4,4,38,37,1,1299,Auburn,931,931,0,Johni Broome with an offensive rebound.,NA,FALSE,FALSE,NA,NA,NA,NA,NA,NA,0,Auburn,Auburn,79,NA,Tyrin Lawrence,Jordan Wright,Myles Stute,Trey Thomas,Quentin Millora-Brown,Johni Broome,Wendell Green Jr.,K.D. Johnson,Jaylin Williams,Allen Flanigan
2022-23,2023-02-18,2493233,212,0,2,Vanderbilt,Auburn,Commodores,Tigers,4,4,38,37,1,1299,Auburn,925,925,6,Johni Broome misses a layup.,missed,FALSE,FALSE,Layup Shot,26,6.25,1231975,Johni Broome,NA,0,Auburn,Auburn,79,NA,Tyrin Lawrence,Jordan Wright,Myles Stute,Trey Thomas,Quentin Millora-Brown,Johni Broome,Wendell Green Jr.,K.D. Johnson,Jaylin Williams,Allen Flanigan
2022-23,2023-02-18,2493233,213,0,2,Vanderbilt,Auburn,Commodores,Tigers,4,4,38,37,1,1674,Vanderbilt,925,925,0,Liam Robbins with a defensive rebound.,NA,FALSE,FALSE,NA,NA,NA,NA,NA,NA,0,Auburn,Vanderbilt,79,NA,Tyrin Lawrence,Jordan Wright,Myles Stute,Trey Thomas,Quentin Millora-Brown,Johni Broome,Wendell Green Jr.,K.D. Johnson,Jaylin Williams,Allen Flanigan
2022-23,2023-02-18,2493233,214,0,2,Vanderbilt,Auburn,Commodores,Tigers,4,4,38,37,1,1674,Vanderbilt,923,923,2,Johni Broome steals the ball from Liam Robbins.,NA,FALSE,FALSE,NA,NA,NA,NA,NA,NA,0,Vanderbilt,Auburn,80,NA,Tyrin Lawrence,Jordan Wright,Myles Stute,Trey Thomas,Quentin Millora-Brown,Johni Broome,Wendell Green Jr.,K.D. Johnson,Jaylin Williams,Allen Flanigan
2022-23,2023-02-18,2493233,215,0,2,Vanderbilt,Auburn,Commodores,Tigers,4,4,38,37,1,1299,Auburn,910,910,13,Ezra Manjon blocks a Wendell Green Jr. jump shot from 11 feet out.,missed,FALSE,FALSE,Jump Shot,14,6.15,1231129,Wendell Green Jr.,NA,0,Auburn,Auburn,81,NA,Tyrin Lawrence,Jordan Wright,Myles Stute,Trey Thomas,Quentin Millora-Brown,Johni Broome,Wendell Green Jr.,K.D. Johnson,Jaylin Williams,Allen Flanigan
2022-23,2023-02-18,2493233,216,0,2,Vanderbilt,Auburn,Commodores,Tigers,4,4,38,37,1,1299,Auburn,910,910,0,Chris Moore with an offensive rebound.,NA,FALSE,FALSE,NA,NA,NA,NA,NA,NA,0,Auburn,Auburn,81,NA,Tyrin Lawrence,Jordan Wright,Myles Stute,Trey Thomas,Quentin Millora-Brown,Johni Broome,Wendell Green Jr.,K.D. Johnson,Jaylin Williams,Allen Flanigan
2022-23,2023-02-18,2493233,217,0,2,Vanderbilt,Auburn,Commodores,Tigers,4,4,38,39,-1,1299,Auburn,903,903,7,Chris Moore makes a layup.,made,FALSE,FALSE,Layup Shot,26,6.25,1251662,Chris Moore,NA,0,Auburn,Vanderbilt,81,NA,Tyrin Lawrence,Jordan Wright,Myles Stute,Trey Thomas,Quentin Millora-Brown,Johni Broome,Wendell Green Jr.,K.D. Johnson,Jaylin Williams,Allen Flanigan
2022-23,2023-02-18,2493233,218,0,2,Vanderbilt,Auburn,Commodores,Tigers,4,4,38,39,-1,1674,Vanderbilt,899,899,4,K.D. Johnson steals the ball from Ezra Manjon.,NA,FALSE,FALSE,NA,NA,NA,NA,NA,NA,0,Vanderbilt,Auburn,82,NA,Tyrin Lawrence,Jordan Wright,Myles Stute,Trey Thomas,Quentin Millora-Brown,Johni Broome,Wendell Green Jr.,K.D. Johnson,Jaylin Williams,Allen Flanigan
2022-23,2023-02-18,2493233,219,0,2,Vanderbilt,Auburn,Commodores,Tigers,4,4,38,41,-3,1299,Auburn,895,895,4,K.D. Johnson makes a layup.,made,FALSE,FALSE,Layup Shot,25,5.25,1240372,K.D. Johnson,NA,0,Auburn,Vanderbilt,83,NA,Tyrin Lawrence,Jordan Wright,Myles Stute,Trey Thomas,Quentin Millora-Brown,Johni Broome,Wendell Green Jr.,K.D. Johnson,Jaylin Williams,Allen Flanigan
2022-23,2023-02-18,2493233,220,0,2,Vanderbilt,Auburn,Commodores,Tigers,4,4,38,41,-3,1674,Vanderbilt,873,873,22,Trey Thomas misses a layup.,missed,FALSE,FALSE,Layup Shot,25,5.25,1232180,Trey Thomas,NA,0,Vanderbilt,Vanderbilt,84,NA,Tyrin Lawrence,Jordan Wright,Myles Stute,Trey Thomas,Quentin Millora-Brown,Johni Broome,Wendell Green Jr.,K.D. Johnson,Jaylin Williams,Allen Flanigan
2022-23,2023-02-18,2493233,221,0,2,Vanderbilt,Auburn,Commodores,Tigers,4,4,38,41,-3,1299,Auburn,873,873,0,K.D. Johnson with a defensive rebound.,NA,FALSE,FALSE,NA,NA,NA,NA,NA,NA,0,Vanderbilt,Auburn,84,NA,Tyrin Lawrence,Jordan Wright,Myles Stute,Trey Thomas,Quentin Millora-Brown,Johni Broome,Wendell Green Jr.,K.D. Johnson,Jaylin Williams,Allen Flanigan
2022-23,2023-02-18,2493233,222,0,2,Vanderbilt,Auburn,Commodores,Tigers,4,4,38,41,-3,1299,Auburn,852,852,21,Johni Broome with a turnover - Traveling,NA,FALSE,FALSE,NA,NA,NA,NA,NA,NA,0,Auburn,Vanderbilt,85,NA,Tyrin Lawrence,Jordan Wright,Myles Stute,Trey Thomas,Quentin Millora-Brown,Johni Broome,Wendell Green Jr.,K.D. Johnson,Jaylin Williams,Allen Flanigan
2022-23,2023-02-18,2493233,223,0,2,Vanderbilt,Auburn,Commodores,Tigers,4,4,38,41,-3,1674,Vanderbilt,843,843,9,Myles Stute misses a jump shot from 14 feet out.,missed,FALSE,FALSE,Jump Shot,11,8.049999999999997,1232179,Myles Stute,NA,0,Vanderbilt,Vanderbilt,86,NA,Tyrin Lawrence,Jordan Wright,Myles Stute,Trey Thomas,Quentin Millora-Brown,Johni Broome,Wendell Green Jr.,K.D. Johnson,Jaylin Williams,Allen Flanigan
2022-23,2023-02-18,2493233,224,0,2,Vanderbilt,Auburn,Commodores,Tigers,4,4,38,41,-3,1299,Auburn,843,843,0,Allen Flanigan with a defensive rebound.,NA,FALSE,FALSE,NA,NA,NA,NA,NA,NA,0,Vanderbilt,Auburn,86,NA,Tyrin Lawrence,Jordan Wright,Myles Stute,Trey Thomas,Quentin Millora-Brown,Johni Broome,Wendell Green Jr.,K.D. Johnson,Jaylin Williams,Allen Flanigan
2022-23,2023-02-18,2493233,225,0,2,Vanderbilt,Auburn,Commodores,Tigers,4,4,38,41,-3,1299,Auburn,832,832,11,Wendell Green Jr. misses a 3-point jump shot from 24 feet out.,missed,FALSE,TRUE,Jump Shot,23.2,29.15,1231129,Wendell Green Jr.,NA,0,Auburn,Auburn,87,NA,Tyrin Lawrence,Jordan Wright,Myles Stute,Trey Thomas,Quentin Millora-Brown,Johni Broome,Wendell Green Jr.,K.D. Johnson,Jaylin Williams,Allen Flanigan
2022-23,2023-02-18,2493233,226,0,2,Vanderbilt,Auburn,Commodores,Tigers,4,4,38,41,-3,1674,Vanderbilt,832,832,0,Ezra Manjon with a defensive rebound.,NA,FALSE,FALSE,NA,NA,NA,NA,NA,NA,0,Auburn,Vanderbilt,87,NA,Tyrin Lawrence,Jordan Wright,Myles Stute,Trey Thomas,Quentin Millora-Brown,Johni Broome,Wendell Green Jr.,K.D. Johnson,Jaylin Williams,Allen Flanigan
2022-23,2023-02-18,2493233,227,0,2,Vanderbilt,Auburn,Commodores,Tigers,4,4,38,41,-3,1674,Vanderbilt,824,824,8,Substitution: Jordan Wright in for Trey Thomas.,NA,FALSE,FALSE,NA,NA,NA,NA,NA,NA,1,NA,NA,NA,Sub already in game,Tyrin Lawrence,Jordan Wright,Myles Stute,Trey Thomas,Quentin Millora-Brown,Johni Broome,Wendell Green Jr.,K.D. Johnson,Jaylin Williams,Allen Flanigan
2022-23,2023-02-18,2493233,228,0,2,Vanderbilt,Auburn,Commodores,Tigers,4,4,41,41,0,1674,Vanderbilt,818,818,6,Ezra Manjon makes a 3-point jump shot from 25 feet out. Jordan Wright with the assist.,made,FALSE,TRUE,Jump Shot,47.2,16.849999999999994,1179912,Ezra Manjon,Jordan Wright,0,Vanderbilt,Auburn,88,NA,Tyrin Lawrence,Jordan Wright,Myles Stute,Trey Thomas,Quentin Millora-Brown,Johni Broome,Wendell Green Jr.,K.D. Johnson,Jaylin Williams,Allen Flanigan
2022-23,2023-02-18,2493233,229,0,2,Vanderbilt,Auburn,Commodores,Tigers,4,4,41,44,-3,1299,Auburn,795,795,23,Johni Broome makes a 3-point jump shot from 25 feet out. Chris Moore with the assist.,made,FALSE,TRUE,Jump Shot,2.5,16.75,1231975,Johni Broome,Chris Moore,0,Auburn,Vanderbilt,89,NA,Tyrin Lawrence,Jordan Wright,Myles Stute,Trey Thomas,Quentin Millora-Brown,Johni Broome,Wendell Green Jr.,K.D. Johnson,Jaylin Williams,Allen Flanigan
2022-23,2023-02-18,2493233,230,0,2,Vanderbilt,Auburn,Commodores,Tigers,4,4,41,44,-3,1674,Vanderbilt,775,775,20,Wendell Green Jr. steals the ball from Jordan Wright.,NA,FALSE,FALSE,NA,NA,NA,NA,NA,NA,0,Vanderbilt,Auburn,90,NA,Tyrin Lawrence,Jordan Wright,Myles Stute,Trey Thomas,Quentin Millora-Brown,Johni Broome,Wendell Green Jr.,K.D. Johnson,Jaylin Williams,Allen Flanigan
2022-23,2023-02-18,2493233,231,0,2,Vanderbilt,Auburn,Commodores,Tigers,4,4,41,44,-3,1299,Auburn,769,769,6,Liam Robbins steals the ball from Johni Broome.,NA,FALSE,FALSE,NA,NA,NA,NA,NA,NA,0,Auburn,Vanderbilt,91,NA,Tyrin Lawrence,Jordan Wright,Myles Stute,Trey Thomas,Quentin Millora-Brown,Johni Broome,Wendell Green Jr.,K.D. Johnson,Jaylin Williams,Allen Flanigan
2022-23,2023-02-18,2493233,232,0,2,Vanderbilt,Auburn,Commodores,Tigers,4,4,41,44,-3,1299,Auburn,769,769,0,Substitution: Dylan Cardwell in for Allen Flanigan.,NA,FALSE,FALSE,NA,NA,NA,NA,NA,NA,1,NA,NA,NA,NA,Tyrin Lawrence,Jordan Wright,Myles Stute,Trey Thomas,Quentin Millora-Brown,Johni Broome,Wendell Green Jr.,K.D. Johnson,Jaylin Williams,Dylan Cardwell
2022-23,2023-02-18,2493233,233,0,2,Vanderbilt,Auburn,Commodores,Tigers,4,4,41,44,-3,1299,Auburn,769,769,0,Substitution: Lior Berman in for Chris Moore.,NA,FALSE,FALSE,NA,NA,NA,NA,NA,NA,1,NA,NA,NA,Player leaving not previously in game,Tyrin Lawrence,Jordan Wright,Myles Stute,Trey Thomas,Quentin Millora-Brown,Johni Broome,Wendell Green Jr.,K.D. Johnson,Jaylin Williams,Dylan Cardwell
2022-23,2023-02-18,2493233,234,0,2,Vanderbilt,Auburn,Commodores,Tigers,4,4,41,44,-3,1299,Auburn,769,769,0,Substitution: Jaylin Williams in for Johni Broome.,NA,FALSE,FALSE,NA,NA,NA,NA,NA,NA,1,NA,NA,NA,Sub already in game,Tyrin Lawrence,Jordan Wright,Myles Stute,Trey Thomas,Quentin Millora-Brown,Johni Broome,Wendell Green Jr.,K.D. Johnson,Jaylin Williams,Dylan Cardwell
2022-23,2023-02-18,2493233,235,0,2,Vanderbilt,Auburn,Commodores,Tigers,4,4,41,44,-3,1674,Vanderbilt,769,769,0,Substitution: Colin Smith in for Liam Robbins.,NA,FALSE,FALSE,NA,NA,NA,NA,NA,NA,1,NA,NA,NA,Player leaving not previously in game,Tyrin Lawrence,Jordan Wright,Myles Stute,Trey Thomas,Quentin Millora-Brown,Johni Broome,Wendell Green Jr.,K.D. Johnson,Jaylin Williams,Dylan Cardwell
2022-23,2023-02-18,2493233,236,0,2,Vanderbilt,Auburn,Commodores,Tigers,4,4,41,44,-3,1674,Vanderbilt,769,769,0,Substitution: Quentin Millora-Brown in for Myles Stute.,NA,FALSE,FALSE,NA,NA,NA,NA,NA,NA,1,NA,NA,NA,Sub already in game,Tyrin Lawrence,Jordan Wright,Myles Stute,Trey Thomas,Quentin Millora-Brown,Johni Broome,Wendell Green Jr.,K.D. Johnson,Jaylin Williams,Dylan Cardwell
2022-23,2023-02-18,2493233,237,0,2,Vanderbilt,Auburn,Commodores,Tigers,4,4,43,44,-1,1674,Vanderbilt,763,763,6,Quentin Millora-Brown makes a layup. Ezra Manjon with the assist.,made,FALSE,FALSE,Layup Shot,25,5.25,1134573,Quentin Millora-Brown,Ezra Manjon,0,Vanderbilt,Auburn,92,NA,Tyrin Lawrence,Jordan Wright,Myles Stute,Trey Thomas,Quentin Millora-Brown,Johni Broome,Wendell Green Jr.,K.D. Johnson,Jaylin Williams,Dylan Cardwell
2022-23,2023-02-18,2493233,238,0,2,Vanderbilt,Auburn,Commodores,Tigers,4,4,43,44,-1,1299,Auburn,745,745,18,Wendell Green Jr. misses a layup.,missed,FALSE,FALSE,Layup Shot,25,5.25,1231129,Wendell Green Jr.,NA,0,Auburn,Auburn,93,NA,Tyrin Lawrence,Jordan Wright,Myles Stute,Trey Thomas,Quentin Millora-Brown,Johni Broome,Wendell Green Jr.,K.D. Johnson,Jaylin Williams,Dylan Cardwell
2022-23,2023-02-18,2493233,239,0,2,Vanderbilt,Auburn,Commodores,Tigers,4,4,43,44,-1,1674,Vanderbilt,745,745,0,Ezra Manjon with a defensive rebound.,NA,FALSE,FALSE,NA,NA,NA,NA,NA,NA,0,Auburn,Vanderbilt,93,NA,Tyrin Lawrence,Jordan Wright,Myles Stute,Trey Thomas,Quentin Millora-Brown,Johni Broome,Wendell Green Jr.,K.D. Johnson,Jaylin Williams,Dylan Cardwell
2022-23,2023-02-18,2493233,240,0,2,Vanderbilt,Auburn,Commodores,Tigers,4,4,45,44,1,1674,Vanderbilt,738,738,7,Tyrin Lawrence makes a layup. Ezra Manjon with the assist.,made,FALSE,FALSE,Layup Shot,26,6.25,1232174,Tyrin Lawrence,Ezra Manjon,0,Vanderbilt,Auburn,94,NA,Tyrin Lawrence,Jordan Wright,Myles Stute,Trey Thomas,Quentin Millora-Brown,Johni Broome,Wendell Green Jr.,K.D. Johnson,Jaylin Williams,Dylan Cardwell
2022-23,2023-02-18,2493233,241,0,2,Vanderbilt,Auburn,Commodores,Tigers,4,3,45,44,1,1299,Auburn,730,730,8,Tigers take a 30-second timeout.,NA,FALSE,FALSE,NA,NA,NA,NA,NA,NA,0,NA,NA,NA,NA,Tyrin Lawrence,Jordan Wright,Myles Stute,Trey Thomas,Quentin Millora-Brown,Johni Broome,Wendell Green Jr.,K.D. Johnson,Jaylin Williams,Dylan Cardwell
2022-23,2023-02-18,2493233,242,0,2,Vanderbilt,Auburn,Commodores,Tigers,4,3,45,44,1,NA,NA,730,730,0,Official TV timeout.,NA,FALSE,FALSE,NA,NA,NA,NA,NA,NA,0,NA,NA,NA,NA,Tyrin Lawrence,Jordan Wright,Myles Stute,Trey Thomas,Quentin Millora-Brown,Johni Broome,Wendell Green Jr.,K.D. Johnson,Jaylin Williams,Dylan Cardwell
2022-23,2023-02-18,2493233,243,0,2,Vanderbilt,Auburn,Commodores,Tigers,4,3,45,44,1,1299,Auburn,730,730,0,Substitution: Tre Donaldson in for Wendell Green Jr..,NA,FALSE,FALSE,NA,NA,NA,NA,NA,NA,1,NA,NA,NA,NA,Tyrin Lawrence,Jordan Wright,Myles Stute,Trey Thomas,Quentin Millora-Brown,Johni Broome,Tre Donaldson,K.D. Johnson,Jaylin Williams,Dylan Cardwell
2022-23,2023-02-18,2493233,244,0,2,Vanderbilt,Auburn,Commodores,Tigers,4,3,45,44,1,1674,Vanderbilt,724,724,6,Shooting foul committed by Quentin Millora-Brown.,NA,FALSE,FALSE,NA,NA,NA,NA,NA,NA,0,Auburn,Auburn,95,NA,Tyrin Lawrence,Jordan Wright,Myles Stute,Trey Thomas,Quentin Millora-Brown,Johni Broome,Tre Donaldson,K.D. Johnson,Jaylin Williams,Dylan Cardwell
2022-23,2023-02-18,2493233,245,0,2,Vanderbilt,Auburn,Commodores,Tigers,4,3,45,45,0,1299,Auburn,724,724,0,K.D. Johnson makes free throw 1 of 2.,made,TRUE,FALSE,NA,NA,NA,NA,NA,NA,0,Auburn,Auburn,95,NA,Tyrin Lawrence,Jordan Wright,Myles Stute,Trey Thomas,Quentin Millora-Brown,Johni Broome,Tre Donaldson,K.D. Johnson,Jaylin Williams,Dylan Cardwell
2022-23,2023-02-18,2493233,246,0,2,Vanderbilt,Auburn,Commodores,Tigers,4,3,45,45,0,1299,Auburn,724,724,0,K.D. Johnson misses free throw 2 of 2.,missed,TRUE,FALSE,NA,NA,NA,NA,NA,NA,0,Auburn,Auburn,95,NA,Tyrin Lawrence,Jordan Wright,Myles Stute,Trey Thomas,Quentin Millora-Brown,Johni Broome,Tre Donaldson,K.D. Johnson,Jaylin Williams,Dylan Cardwell
2022-23,2023-02-18,2493233,247,0,2,Vanderbilt,Auburn,Commodores,Tigers,4,3,45,45,0,1674,Vanderbilt,724,724,0,Jordan Wright with a defensive rebound.,NA,FALSE,FALSE,NA,NA,NA,NA,NA,NA,0,Auburn,Vanderbilt,95,NA,Tyrin Lawrence,Jordan Wright,Myles Stute,Trey Thomas,Quentin Millora-Brown,Johni Broome,Tre Donaldson,K.D. Johnson,Jaylin Williams,Dylan Cardwell
2022-23,2023-02-18,2493233,248,0,2,Vanderbilt,Auburn,Commodores,Tigers,4,3,45,45,0,1674,Vanderbilt,696,696,28,Ezra Manjon misses a jump shot from 16 feet out.,missed,FALSE,FALSE,Jump Shot,12.5,14.650000000000006,1179912,Ezra Manjon,NA,0,Vanderbilt,Vanderbilt,96,NA,Tyrin Lawrence,Jordan Wright,Myles Stute,Trey Thomas,Quentin Millora-Brown,Johni Broome,Tre Donaldson,K.D. Johnson,Jaylin Williams,Dylan Cardwell
2022-23,2023-02-18,2493233,249,0,2,Vanderbilt,Auburn,Commodores,Tigers,4,3,45,45,0,1299,Auburn,696,696,0,Dylan Cardwell with a defensive rebound.,NA,FALSE,FALSE,NA,NA,NA,NA,NA,NA,0,Vanderbilt,Auburn,96,NA,Tyrin Lawrence,Jordan Wright,Myles Stute,Trey Thomas,Quentin Millora-Brown,Johni Broome,Tre Donaldson,K.D. Johnson,Jaylin Williams,Dylan Cardwell
2022-23,2023-02-18,2493233,250,0,2,Vanderbilt,Auburn,Commodores,Tigers,4,3,45,45,0,1299,Auburn,674,674,22,K.D. Johnson misses a jump shot from 14 feet out.,missed,FALSE,FALSE,Jump Shot,12.3,11.45,1240372,K.D. Johnson,NA,0,Auburn,Auburn,97,NA,Tyrin Lawrence,Jordan Wright,Myles Stute,Trey Thomas,Quentin Millora-Brown,Johni Broome,Tre Donaldson,K.D. Johnson,Jaylin Williams,Dylan Cardwell
2022-23,2023-02-18,2493233,251,0,2,Vanderbilt,Auburn,Commodores,Tigers,4,3,45,45,0,1674,Vanderbilt,674,674,0,Quentin Millora-Brown with a defensive rebound.,NA,FALSE,FALSE,NA,NA,NA,NA,NA,NA,0,Auburn,Vanderbilt,97,NA,Tyrin Lawrence,Jordan Wright,Myles Stute,Trey Thomas,Quentin Millora-Brown,Johni Broome,Tre Donaldson,K.D. Johnson,Jaylin Williams,Dylan Cardwell
2022-23,2023-02-18,2493233,252,0,2,Vanderbilt,Auburn,Commodores,Tigers,4,3,45,45,0,1674,Vanderbilt,665,665,9,Tyrin Lawrence misses a layup.,missed,FALSE,FALSE,Layup Shot,26,6.25,1232174,Tyrin Lawrence,NA,0,Vanderbilt,Vanderbilt,98,NA,Tyrin Lawrence,Jordan Wright,Myles Stute,Trey Thomas,Quentin Millora-Brown,Johni Broome,Tre Donaldson,K.D. Johnson,Jaylin Williams,Dylan Cardwell
2022-23,2023-02-18,2493233,253,0,2,Vanderbilt,Auburn,Commodores,Tigers,4,3,45,45,0,1299,Auburn,665,665,0,Jaylin Williams with a defensive rebound.,NA,FALSE,FALSE,NA,NA,NA,NA,NA,NA,0,Vanderbilt,Auburn,98,NA,Tyrin Lawrence,Jordan Wright,Myles Stute,Trey Thomas,Quentin Millora-Brown,Johni Broome,Tre Donaldson,K.D. Johnson,Jaylin Williams,Dylan Cardwell
2022-23,2023-02-18,2493233,254,0,2,Vanderbilt,Auburn,Commodores,Tigers,4,3,45,48,-3,1299,Auburn,657,657,8,Jaylin Williams makes a 3-point jump shot from 25 feet out. K.D. Johnson with the assist.,made,FALSE,TRUE,Jump Shot,42.9,23.35,1193435,Jaylin Williams,Johnson,0,Auburn,Vanderbilt,99,NA,Tyrin Lawrence,Jordan Wright,Myles Stute,Trey Thomas,Quentin Millora-Brown,Johni Broome,Tre Donaldson,K.D. Johnson,Jaylin Williams,Dylan Cardwell
2022-23,2023-02-18,2493233,255,0,2,Vanderbilt,Auburn,Commodores,Tigers,4,3,47,48,-1,1674,Vanderbilt,633,633,24,Quentin Millora-Brown makes a layup. Tyrin Lawrence with the assist.,made,FALSE,FALSE,Layup Shot,26,6.25,1134573,Quentin Millora-Brown,Tyrin Lawrence,0,Vanderbilt,Auburn,100,NA,Tyrin Lawrence,Jordan Wright,Myles Stute,Trey Thomas,Quentin Millora-Brown,Johni Broome,Tre Donaldson,K.D. Johnson,Jaylin Williams,Dylan Cardwell
2022-23,2023-02-18,2493233,256,0,2,Vanderbilt,Auburn,Commodores,Tigers,4,3,47,50,-3,1299,Auburn,607,607,26,Jaylin Williams makes a jump shot from 11 feet out.,made,FALSE,FALSE,Jump Shot,21.3,15.35,1193435,Jaylin Williams,NA,0,Auburn,Vanderbilt,101,NA,Tyrin Lawrence,Jordan Wright,Myles Stute,Trey Thomas,Quentin Millora-Brown,Johni Broome,Tre Donaldson,K.D. Johnson,Jaylin Williams,Dylan Cardwell
2022-23,2023-02-18,2493233,257,0,2,Vanderbilt,Auburn,Commodores,Tigers,4,3,49,50,-1,1674,Vanderbilt,580,580,27,Jordan Wright makes a jump shot from 18 feet out.,made,FALSE,FALSE,Jump Shot,41.9,11.25,1176803,Jordan Wright,NA,0,Vanderbilt,Auburn,102,NA,Tyrin Lawrence,Jordan Wright,Myles Stute,Trey Thomas,Quentin Millora-Brown,Johni Broome,Tre Donaldson,K.D. Johnson,Jaylin Williams,Dylan Cardwell
2022-23,2023-02-18,2493233,258,0,2,Vanderbilt,Auburn,Commodores,Tigers,4,3,49,50,-1,1299,Auburn,560,560,20,Tre Donaldson misses a jump shot from 6 feet out.,missed,FALSE,FALSE,Jump Shot,21.7,10.55,1401394,Tre Donaldson,NA,0,Auburn,Auburn,103,NA,Tyrin Lawrence,Jordan Wright,Myles Stute,Trey Thomas,Quentin Millora-Brown,Johni Broome,Tre Donaldson,K.D. Johnson,Jaylin Williams,Dylan Cardwell
2022-23,2023-02-18,2493233,259,0,2,Vanderbilt,Auburn,Commodores,Tigers,4,3,49,50,-1,1299,Auburn,560,560,0,Dylan Cardwell with an offensive rebound.,NA,FALSE,FALSE,NA,NA,NA,NA,NA,NA,0,Auburn,Auburn,103,NA,Tyrin Lawrence,Jordan Wright,Myles Stute,Trey Thomas,Quentin Millora-Brown,Johni Broome,Tre Donaldson,K.D. Johnson,Jaylin Williams,Dylan Cardwell
2022-23,2023-02-18,2493233,260,0,2,Vanderbilt,Auburn,Commodores,Tigers,4,3,49,52,-3,1299,Auburn,554,554,6,Dylan Cardwell makes a jump shot from 2 feet out. Jaylin Williams with the assist.,made,FALSE,FALSE,Jump Shot,26.8,6.05,1251665,Dylan Cardwell,Jaylin Williams,0,Auburn,Vanderbilt,103,NA,Tyrin Lawrence,Jordan Wright,Myles Stute,Trey Thomas,Quentin Millora-Brown,Johni Broome,Tre Donaldson,K.D. Johnson,Jaylin Williams,Dylan Cardwell
2022-23,2023-02-18,2493233,261,0,2,Vanderbilt,Auburn,Commodores,Tigers,4,3,49,52,-3,1674,Vanderbilt,534,534,20,Offensive foul committed by Jordan Wright.,NA,FALSE,FALSE,NA,NA,NA,NA,NA,NA,0,Vanderbilt,Vanderbilt,104,NA,Tyrin Lawrence,Jordan Wright,Myles Stute,Trey Thomas,Quentin Millora-Brown,Johni Broome,Tre Donaldson,K.D. Johnson,Jaylin Williams,Dylan Cardwell
2022-23,2023-02-18,2493233,262,0,2,Vanderbilt,Auburn,Commodores,Tigers,4,3,49,52,-3,1674,Vanderbilt,534,534,0,Jordan Wright with a turnover,NA,FALSE,FALSE,NA,NA,NA,NA,NA,NA,0,Vanderbilt,Auburn,104,NA,Tyrin Lawrence,Jordan Wright,Myles Stute,Trey Thomas,Quentin Millora-Brown,Johni Broome,Tre Donaldson,K.D. Johnson,Jaylin Williams,Dylan Cardwell
2022-23,2023-02-18,2493233,263,0,2,Vanderbilt,Auburn,Commodores,Tigers,4,3,49,52,-3,NA,NA,534,534,0,Official TV timeout.,NA,FALSE,FALSE,NA,NA,NA,NA,NA,NA,0,NA,NA,NA,NA,Tyrin Lawrence,Jordan Wright,Myles Stute,Trey Thomas,Quentin Millora-Brown,Johni Broome,Tre Donaldson,K.D. Johnson,Jaylin Williams,Dylan Cardwell
2022-23,2023-02-18,2493233,264,0,2,Vanderbilt,Auburn,Commodores,Tigers,4,3,49,52,-3,1299,Auburn,534,534,0,Substitution: Johni Broome in for Dylan Cardwell.,NA,FALSE,FALSE,NA,NA,NA,NA,NA,NA,1,NA,NA,NA,Sub already in game,Tyrin Lawrence,Jordan Wright,Myles Stute,Trey Thomas,Quentin Millora-Brown,Johni Broome,Tre Donaldson,K.D. Johnson,Jaylin Williams,Dylan Cardwell
2022-23,2023-02-18,2493233,265,0,2,Vanderbilt,Auburn,Commodores,Tigers,4,3,49,52,-3,1674,Vanderbilt,534,534,0,Substitution: Trey Thomas in for Ezra Manjon.,NA,FALSE,FALSE,NA,NA,NA,NA,NA,NA,1,NA,NA,NA,Sub already in game,Tyrin Lawrence,Jordan Wright,Myles Stute,Trey Thomas,Quentin Millora-Brown,Johni Broome,Tre Donaldson,K.D. Johnson,Jaylin Williams,Dylan Cardwell
2022-23,2023-02-18,2493233,266,0,2,Vanderbilt,Auburn,Commodores,Tigers,4,3,49,52,-3,1299,Auburn,514,514,20,Johni Broome misses a jump shot from 16 feet out.,missed,FALSE,FALSE,Jump Shot,36.5,17.05,1231975,Johni Broome,NA,0,Auburn,Auburn,105,NA,Tyrin Lawrence,Jordan Wright,Myles Stute,Trey Thomas,Quentin Millora-Brown,Johni Broome,Tre Donaldson,K.D. Johnson,Jaylin Williams,Dylan Cardwell
2022-23,2023-02-18,2493233,267,0,2,Vanderbilt,Auburn,Commodores,Tigers,4,3,49,52,-3,1674,Vanderbilt,514,514,0,Jordan Wright with a defensive rebound.,NA,FALSE,FALSE,NA,NA,NA,NA,NA,NA,0,Auburn,Vanderbilt,105,NA,Tyrin Lawrence,Jordan Wright,Myles Stute,Trey Thomas,Quentin Millora-Brown,Johni Broome,Tre Donaldson,K.D. Johnson,Jaylin Williams,Dylan Cardwell
2022-23,2023-02-18,2493233,268,0,2,Vanderbilt,Auburn,Commodores,Tigers,4,3,49,52,-3,1674,Vanderbilt,489,489,25,Trey Thomas misses a 3-point jump shot from 27 feet out.,missed,FALSE,TRUE,Jump Shot,2.5,19.450000000000003,1232180,Trey Thomas,NA,0,Vanderbilt,Vanderbilt,106,NA,Tyrin Lawrence,Jordan Wright,Myles Stute,Trey Thomas,Quentin Millora-Brown,Johni Broome,Tre Donaldson,K.D. Johnson,Jaylin Williams,Dylan Cardwell
2022-23,2023-02-18,2493233,269,0,2,Vanderbilt,Auburn,Commodores,Tigers,4,3,49,52,-3,1299,Auburn,489,489,0,Tre Donaldson with a defensive rebound.,NA,FALSE,FALSE,NA,NA,NA,NA,NA,NA,0,Vanderbilt,Auburn,106,NA,Tyrin Lawrence,Jordan Wright,Myles Stute,Trey Thomas,Quentin Millora-Brown,Johni Broome,Tre Donaldson,K.D. Johnson,Jaylin Williams,Dylan Cardwell
2022-23,2023-02-18,2493233,270,0,2,Vanderbilt,Auburn,Commodores,Tigers,4,3,49,55,-6,1299,Auburn,480,480,9,Lior Berman makes a 3-point jump shot from 26 feet out. Tre Donaldson with the assist.,made,FALSE,TRUE,Jump Shot,46,19.95,1193413,Lior Berman,Tre Donaldson,0,Auburn,Vanderbilt,107,NA,Tyrin Lawrence,Jordan Wright,Myles Stute,Trey Thomas,Quentin Millora-Brown,Johni Broome,Tre Donaldson,K.D. Johnson,Jaylin Williams,Dylan Cardwell
2022-23,2023-02-18,2493233,271,0,2,Vanderbilt,Auburn,Commodores,Tigers,4,3,51,55,-4,1674,Vanderbilt,467,467,13,Tyrin Lawrence makes a layup.,made,FALSE,FALSE,Layup Shot,25,5.25,1232174,Tyrin Lawrence,NA,0,Vanderbilt,Auburn,108,NA,Tyrin Lawrence,Jordan Wright,Myles Stute,Trey Thomas,Quentin Millora-Brown,Johni Broome,Tre Donaldson,K.D. Johnson,Jaylin Williams,Dylan Cardwell
2022-23,2023-02-18,2493233,272,0,2,Vanderbilt,Auburn,Commodores,Tigers,4,3,51,55,-4,1299,Auburn,445,445,22,Jaylin Williams misses a jump shot from 17 feet out.,missed,FALSE,FALSE,Jump Shot,14.2,18.05,1193435,Jaylin Williams,NA,0,Auburn,Auburn,109,NA,Tyrin Lawrence,Jordan Wright,Myles Stute,Trey Thomas,Quentin Millora-Brown,Johni Broome,Tre Donaldson,K.D. Johnson,Jaylin Williams,Dylan Cardwell
2022-23,2023-02-18,2493233,273,0,2,Vanderbilt,Auburn,Commodores,Tigers,4,3,51,55,-4,1674,Vanderbilt,445,445,0,Quentin Millora-Brown with a defensive rebound.,NA,FALSE,FALSE,NA,NA,NA,NA,NA,NA,0,Auburn,Vanderbilt,109,NA,Tyrin Lawrence,Jordan Wright,Myles Stute,Trey Thomas,Quentin Millora-Brown,Johni Broome,Tre Donaldson,K.D. Johnson,Jaylin Williams,Dylan Cardwell
2022-23,2023-02-18,2493233,274,0,2,Vanderbilt,Auburn,Commodores,Tigers,4,3,51,55,-4,1299,Auburn,422,422,23,Shooting foul committed by Jaylin Williams.,NA,FALSE,FALSE,NA,NA,NA,NA,NA,NA,0,Vanderbilt,Vanderbilt,110,NA,Tyrin Lawrence,Jordan Wright,Myles Stute,Trey Thomas,Quentin Millora-Brown,Johni Broome,Tre Donaldson,K.D. Johnson,Jaylin Williams,Dylan Cardwell
2022-23,2023-02-18,2493233,275,0,2,Vanderbilt,Auburn,Commodores,Tigers,4,3,51,55,-4,NA,NA,422,422,0,Official TV timeout.,NA,FALSE,FALSE,NA,NA,NA,NA,NA,NA,0,NA,NA,NA,NA,Tyrin Lawrence,Jordan Wright,Myles Stute,Trey Thomas,Quentin Millora-Brown,Johni Broome,Tre Donaldson,K.D. Johnson,Jaylin Williams,Dylan Cardwell
2022-23,2023-02-18,2493233,276,0,2,Vanderbilt,Auburn,Commodores,Tigers,4,3,51,55,-4,1299,Auburn,422,422,0,Substitution: Zep Jasper in for K.D. Johnson.,NA,FALSE,FALSE,NA,NA,NA,NA,NA,NA,1,NA,NA,NA,NA,Tyrin Lawrence,Jordan Wright,Myles Stute,Trey Thomas,Quentin Millora-Brown,Johni Broome,Tre Donaldson,Zep Jasper,Jaylin Williams,Dylan Cardwell
2022-23,2023-02-18,2493233,277,0,2,Vanderbilt,Auburn,Commodores,Tigers,4,3,51,55,-4,1299,Auburn,422,422,0,Substitution: Wendell Green Jr. in for Tre Donaldson.,NA,FALSE,FALSE,NA,NA,NA,NA,NA,NA,1,NA,NA,NA,NA,Tyrin Lawrence,Jordan Wright,Myles Stute,Trey Thomas,Quentin Millora-Brown,Johni Broome,Wendell Green Jr.,Zep Jasper,Jaylin Williams,Dylan Cardwell
2022-23,2023-02-18,2493233,278,0,2,Vanderbilt,Auburn,Commodores,Tigers,4,3,51,55,-4,1674,Vanderbilt,422,422,0,Substitution: Myles Stute in for Quentin Millora-Brown.,NA,FALSE,FALSE,NA,NA,NA,NA,NA,NA,1,NA,NA,NA,Sub already in game,Tyrin Lawrence,Jordan Wright,Myles Stute,Trey Thomas,Quentin Millora-Brown,Johni Broome,Wendell Green Jr.,Zep Jasper,Jaylin Williams,Dylan Cardwell
2022-23,2023-02-18,2493233,279,0,2,Vanderbilt,Auburn,Commodores,Tigers,4,3,51,55,-4,1674,Vanderbilt,422,422,0,Substitution: Liam Robbins in for Jordan Wright.,NA,FALSE,FALSE,NA,NA,NA,NA,NA,NA,1,NA,NA,NA,NA,Tyrin Lawrence,Liam Robbins,Myles Stute,Trey Thomas,Quentin Millora-Brown,Johni Broome,Wendell Green Jr.,Zep Jasper,Jaylin Williams,Dylan Cardwell
2022-23,2023-02-18,2493233,280,0,2,Vanderbilt,Auburn,Commodores,Tigers,4,3,51,55,-4,1674,Vanderbilt,422,422,0,Tyrin Lawrence misses free throw 1 of 2.,missed,TRUE,FALSE,NA,NA,NA,NA,NA,NA,0,Vanderbilt,Vanderbilt,110,NA,Tyrin Lawrence,Liam Robbins,Myles Stute,Trey Thomas,Quentin Millora-Brown,Johni Broome,Wendell Green Jr.,Zep Jasper,Jaylin Williams,Dylan Cardwell
2022-23,2023-02-18,2493233,282,0,2,Vanderbilt,Auburn,Commodores,Tigers,4,3,52,55,-3,1674,Vanderbilt,422,422,0,Tyrin Lawrence makes free throw 2 of 2.,made,TRUE,FALSE,NA,NA,NA,NA,NA,NA,0,Vanderbilt,Auburn,110,NA,Tyrin Lawrence,Liam Robbins,Myles Stute,Trey Thomas,Quentin Millora-Brown,Johni Broome,Wendell Green Jr.,Zep Jasper,Jaylin Williams,Dylan Cardwell
2022-23,2023-02-18,2493233,283,0,2,Vanderbilt,Auburn,Commodores,Tigers,4,3,52,55,-3,1299,Auburn,410,410,12,Lior Berman misses a 3-point jump shot from 27 feet out.,missed,FALSE,TRUE,Jump Shot,3.3000000000000007,20.65,1193413,Lior Berman,NA,0,Auburn,Auburn,111,NA,Tyrin Lawrence,Liam Robbins,Myles Stute,Trey Thomas,Quentin Millora-Brown,Johni Broome,Wendell Green Jr.,Zep Jasper,Jaylin Williams,Dylan Cardwell
2022-23,2023-02-18,2493233,284,0,2,Vanderbilt,Auburn,Commodores,Tigers,4,3,52,55,-3,1674,Vanderbilt,410,410,0,Tyrin Lawrence with a defensive rebound.,NA,FALSE,FALSE,NA,NA,NA,NA,NA,NA,0,Auburn,Vanderbilt,111,NA,Tyrin Lawrence,Liam Robbins,Myles Stute,Trey Thomas,Quentin Millora-Brown,Johni Broome,Wendell Green Jr.,Zep Jasper,Jaylin Williams,Dylan Cardwell
2022-23,2023-02-18,2493233,285,0,2,Vanderbilt,Auburn,Commodores,Tigers,4,3,52,55,-3,1674,Vanderbilt,396,396,14,Wendell Green Jr. steals the ball from Tyrin Lawrence.,NA,FALSE,FALSE,NA,NA,NA,NA,NA,NA,0,Vanderbilt,Auburn,112,NA,Tyrin Lawrence,Liam Robbins,Myles Stute,Trey Thomas,Quentin Millora-Brown,Johni Broome,Wendell Green Jr.,Zep Jasper,Jaylin Williams,Dylan Cardwell
2022-23,2023-02-18,2493233,286,0,2,Vanderbilt,Auburn,Commodores,Tigers,4,3,52,55,-3,1299,Auburn,391,391,5,Trey Thomas steals the ball from Wendell Green Jr..,NA,FALSE,FALSE,NA,NA,NA,NA,NA,NA,0,Auburn,Vanderbilt,113,NA,Tyrin Lawrence,Liam Robbins,Myles Stute,Trey Thomas,Quentin Millora-Brown,Johni Broome,Wendell Green Jr.,Zep Jasper,Jaylin Williams,Dylan Cardwell
2022-23,2023-02-18,2493233,287,0,2,Vanderbilt,Auburn,Commodores,Tigers,4,3,54,55,-1,1674,Vanderbilt,387,387,4,Tyrin Lawrence dunks. Trey Thomas with the assist.,made,FALSE,FALSE,Dunk Shot,26,6.25,1232174,Tyrin Lawrence,Trey Thomas,0,Vanderbilt,Auburn,114,NA,Tyrin Lawrence,Liam Robbins,Myles Stute,Trey Thomas,Quentin Millora-Brown,Johni Broome,Wendell Green Jr.,Zep Jasper,Jaylin Williams,Dylan Cardwell
2022-23,2023-02-18,2493233,288,0,2,Vanderbilt,Auburn,Commodores,Tigers,4,3,54,57,-3,1299,Auburn,364,364,23,Johni Broome dunks.,made,FALSE,FALSE,Dunk Shot,25,5.25,1231975,Johni Broome,NA,0,Auburn,Vanderbilt,115,NA,Tyrin Lawrence,Liam Robbins,Myles Stute,Trey Thomas,Quentin Millora-Brown,Johni Broome,Wendell Green Jr.,Zep Jasper,Jaylin Williams,Dylan Cardwell
2022-23,2023-02-18,2493233,289,0,2,Vanderbilt,Auburn,Commodores,Tigers,4,3,54,57,-3,1674,Vanderbilt,348,348,16,Liam Robbins misses a layup.,missed,FALSE,FALSE,Layup Shot,26,6.25,1135193,Liam Robbins,NA,0,Vanderbilt,Vanderbilt,116,NA,Tyrin Lawrence,Liam Robbins,Myles Stute,Trey Thomas,Quentin Millora-Brown,Johni Broome,Wendell Green Jr.,Zep Jasper,Jaylin Williams,Dylan Cardwell
2022-23,2023-02-18,2493233,290,0,2,Vanderbilt,Auburn,Commodores,Tigers,4,3,54,57,-3,1674,Vanderbilt,348,348,0,Liam Robbins with an offensive rebound.,NA,FALSE,FALSE,NA,NA,NA,NA,NA,NA,0,Vanderbilt,Vanderbilt,116,NA,Tyrin Lawrence,Liam Robbins,Myles Stute,Trey Thomas,Quentin Millora-Brown,Johni Broome,Wendell Green Jr.,Zep Jasper,Jaylin Williams,Dylan Cardwell
2022-23,2023-02-18,2493233,291,0,2,Vanderbilt,Auburn,Commodores,Tigers,4,3,54,57,-3,1299,Auburn,343,343,5,Shooting foul committed by Johni Broome.,NA,FALSE,FALSE,NA,NA,NA,NA,NA,NA,0,Vanderbilt,Vanderbilt,116,NA,Tyrin Lawrence,Liam Robbins,Myles Stute,Trey Thomas,Quentin Millora-Brown,Johni Broome,Wendell Green Jr.,Zep Jasper,Jaylin Williams,Dylan Cardwell
2022-23,2023-02-18,2493233,292,0,2,Vanderbilt,Auburn,Commodores,Tigers,4,3,54,57,-3,1674,Vanderbilt,343,343,0,Liam Robbins misses free throw 1 of 2.,missed,TRUE,FALSE,NA,NA,NA,NA,NA,NA,0,Vanderbilt,Vanderbilt,116,NA,Tyrin Lawrence,Liam Robbins,Myles Stute,Trey Thomas,Quentin Millora-Brown,Johni Broome,Wendell Green Jr.,Zep Jasper,Jaylin Williams,Dylan Cardwell
2022-23,2023-02-18,2493233,294,0,2,Vanderbilt,Auburn,Commodores,Tigers,4,3,54,57,-3,1674,Vanderbilt,343,343,0,Substitution: Ezra Manjon in for Tyrin Lawrence.,NA,FALSE,FALSE,NA,NA,NA,NA,NA,NA,1,NA,NA,NA,NA,Ezra Manjon,Liam Robbins,Myles Stute,Trey Thomas,Quentin Millora-Brown,Johni Broome,Wendell Green Jr.,Zep Jasper,Jaylin Williams,Dylan Cardwell
2022-23,2023-02-18,2493233,295,0,2,Vanderbilt,Auburn,Commodores,Tigers,4,3,55,57,-2,1674,Vanderbilt,343,343,0,Liam Robbins makes free throw 2 of 2.,made,TRUE,FALSE,NA,NA,NA,NA,NA,NA,0,Vanderbilt,Auburn,116,NA,Ezra Manjon,Liam Robbins,Myles Stute,Trey Thomas,Quentin Millora-Brown,Johni Broome,Wendell Green Jr.,Zep Jasper,Jaylin Williams,Dylan Cardwell
2022-23,2023-02-18,2493233,296,0,2,Vanderbilt,Auburn,Commodores,Tigers,4,3,55,57,-2,1299,Auburn,322,322,21,Trey Thomas steals the ball from Johni Broome.,NA,FALSE,FALSE,NA,NA,NA,NA,NA,NA,0,Auburn,Vanderbilt,117,NA,Ezra Manjon,Liam Robbins,Myles Stute,Trey Thomas,Quentin Millora-Brown,Johni Broome,Wendell Green Jr.,Zep Jasper,Jaylin Williams,Dylan Cardwell
2022-23,2023-02-18,2493233,297,0,2,Vanderbilt,Auburn,Commodores,Tigers,4,3,55,57,-2,1674,Vanderbilt,312,312,10,Myles Stute misses a 3-point jump shot from 25 feet out.,missed,FALSE,TRUE,Jump Shot,4.200000000000003,19.450000000000003,1232179,Myles Stute,NA,0,Vanderbilt,Vanderbilt,118,NA,Ezra Manjon,Liam Robbins,Myles Stute,Trey Thomas,Quentin Millora-Brown,Johni Broome,Wendell Green Jr.,Zep Jasper,Jaylin Williams,Dylan Cardwell
2022-23,2023-02-18,2493233,298,0,2,Vanderbilt,Auburn,Commodores,Tigers,4,3,55,57,-2,1674,Vanderbilt,312,312,0,Liam Robbins with an offensive rebound.,NA,FALSE,FALSE,NA,NA,NA,NA,NA,NA,0,Vanderbilt,Vanderbilt,118,NA,Ezra Manjon,Liam Robbins,Myles Stute,Trey Thomas,Quentin Millora-Brown,Johni Broome,Wendell Green Jr.,Zep Jasper,Jaylin Williams,Dylan Cardwell
2022-23,2023-02-18,2493233,299,0,2,Vanderbilt,Auburn,Commodores,Tigers,4,3,55,57,-2,1674,Vanderbilt,307,307,5,Trey Thomas misses a 3-point jump shot from 25 feet out.,missed,FALSE,TRUE,Jump Shot,43.1,23.049999999999997,1232180,Trey Thomas,NA,0,Vanderbilt,Vanderbilt,118,NA,Ezra Manjon,Liam Robbins,Myles Stute,Trey Thomas,Quentin Millora-Brown,Johni Broome,Wendell Green Jr.,Zep Jasper,Jaylin Williams,Dylan Cardwell
2022-23,2023-02-18,2493233,300,0,2,Vanderbilt,Auburn,Commodores,Tigers,4,3,55,57,-2,1299,Auburn,307,307,0,Jaylin Williams with a defensive rebound.,NA,FALSE,FALSE,NA,NA,NA,NA,NA,NA,0,Vanderbilt,Auburn,118,NA,Ezra Manjon,Liam Robbins,Myles Stute,Trey Thomas,Quentin Millora-Brown,Johni Broome,Wendell Green Jr.,Zep Jasper,Jaylin Williams,Dylan Cardwell
2022-23,2023-02-18,2493233,301,0,2,Vanderbilt,Auburn,Commodores,Tigers,4,3,55,57,-2,1299,Auburn,297,297,10,Lior Berman misses a 3-point jump shot from 25 feet out.,missed,FALSE,TRUE,Jump Shot,13.2,27.25,1193413,Lior Berman,NA,0,Auburn,Auburn,119,NA,Ezra Manjon,Liam Robbins,Myles Stute,Trey Thomas,Quentin Millora-Brown,Johni Broome,Wendell Green Jr.,Zep Jasper,Jaylin Williams,Dylan Cardwell
2022-23,2023-02-18,2493233,302,0,2,Vanderbilt,Auburn,Commodores,Tigers,4,3,55,57,-2,1674,Vanderbilt,297,297,0,Liam Robbins with a defensive rebound.,NA,FALSE,FALSE,NA,NA,NA,NA,NA,NA,0,Auburn,Vanderbilt,119,NA,Ezra Manjon,Liam Robbins,Myles Stute,Trey Thomas,Quentin Millora-Brown,Johni Broome,Wendell Green Jr.,Zep Jasper,Jaylin Williams,Dylan Cardwell
2022-23,2023-02-18,2493233,303,0,2,Vanderbilt,Auburn,Commodores,Tigers,4,3,55,57,-2,1299,Auburn,292,292,5,Personal foul committed by Wendell Green Jr..,NA,FALSE,FALSE,NA,NA,NA,NA,NA,NA,0,Vanderbilt,Vanderbilt,120,NA,Ezra Manjon,Liam Robbins,Myles Stute,Trey Thomas,Quentin Millora-Brown,Johni Broome,Wendell Green Jr.,Zep Jasper,Jaylin Williams,Dylan Cardwell
2022-23,2023-02-18,2493233,304,0,2,Vanderbilt,Auburn,Commodores,Tigers,4,3,55,57,-2,1299,Auburn,292,292,0,Substitution: Allen Flanigan in for Lior Berman.,NA,FALSE,FALSE,NA,NA,NA,NA,NA,NA,1,NA,NA,NA,Player leaving not previously in game,Ezra Manjon,Liam Robbins,Myles Stute,Trey Thomas,Quentin Millora-Brown,Johni Broome,Wendell Green Jr.,Zep Jasper,Jaylin Williams,Dylan Cardwell
2022-23,2023-02-18,2493233,305,0,2,Vanderbilt,Auburn,Commodores,Tigers,4,3,57,57,0,1674,Vanderbilt,277,277,15,Liam Robbins dunks. Ezra Manjon with the assist.,made,FALSE,FALSE,Dunk Shot,26,6.25,1135193,Liam Robbins,Ezra Manjon,0,Vanderbilt,Auburn,120,NA,Ezra Manjon,Liam Robbins,Myles Stute,Trey Thomas,Quentin Millora-Brown,Johni Broome,Wendell Green Jr.,Zep Jasper,Jaylin Williams,Dylan Cardwell
2022-23,2023-02-18,2493233,306,0,2,Vanderbilt,Auburn,Commodores,Tigers,4,3,57,57,0,1299,Auburn,246,246,31,Johni Broome misses a 3-point jump shot from 24 feet out.,missed,FALSE,TRUE,Jump Shot,45.5,18.25,1231975,Johni Broome,NA,0,Auburn,Auburn,121,NA,Ezra Manjon,Liam Robbins,Myles Stute,Trey Thomas,Quentin Millora-Brown,Johni Broome,Wendell Green Jr.,Zep Jasper,Jaylin Williams,Dylan Cardwell
2022-23,2023-02-18,2493233,307,0,2,Vanderbilt,Auburn,Commodores,Tigers,4,3,57,57,0,1299,Auburn,246,246,0,Zep Jasper with an offensive rebound.,NA,FALSE,FALSE,NA,NA,NA,NA,NA,NA,0,Auburn,Auburn,121,NA,Ezra Manjon,Liam Robbins,Myles Stute,Trey Thomas,Quentin Millora-Brown,Johni Broome,Wendell Green Jr.,Zep Jasper,Jaylin Williams,Dylan Cardwell
2022-23,2023-02-18,2493233,308,0,2,Vanderbilt,Auburn,Commodores,Tigers,4,3,57,57,0,1674,Vanderbilt,242,242,4,Personal foul committed by Trey Thomas.,NA,FALSE,FALSE,NA,NA,NA,NA,NA,NA,0,Auburn,Auburn,121,NA,Ezra Manjon,Liam Robbins,Myles Stute,Trey Thomas,Quentin Millora-Brown,Johni Broome,Wendell Green Jr.,Zep Jasper,Jaylin Williams,Dylan Cardwell
2022-23,2023-02-18,2493233,309,0,2,Vanderbilt,Auburn,Commodores,Tigers,4,3,57,57,0,1299,Auburn,227,227,15,Wendell Green Jr. misses a jump shot from 16 feet out.,missed,FALSE,FALSE,Jump Shot,39.9,12.25,1231129,Wendell Green Jr.,NA,0,Auburn,Auburn,121,NA,Ezra Manjon,Liam Robbins,Myles Stute,Trey Thomas,Quentin Millora-Brown,Johni Broome,Wendell Green Jr.,Zep Jasper,Jaylin Williams,Dylan Cardwell
2022-23,2023-02-18,2493233,310,0,2,Vanderbilt,Auburn,Commodores,Tigers,4,3,57,57,0,1674,Vanderbilt,227,227,0,Colin Smith with a defensive rebound.,NA,FALSE,FALSE,NA,NA,NA,NA,NA,NA,0,Auburn,Vanderbilt,121,NA,Ezra Manjon,Liam Robbins,Myles Stute,Trey Thomas,Quentin Millora-Brown,Johni Broome,Wendell Green Jr.,Zep Jasper,Jaylin Williams,Dylan Cardwell
2022-23,2023-02-18,2493233,311,0,2,Vanderbilt,Auburn,Commodores,Tigers,4,3,59,57,2,1674,Vanderbilt,206,206,21,Trey Thomas makes a jump shot from 9 feet out.,made,FALSE,FALSE,Jump Shot,22.5,13.849999999999994,1232180,Trey Thomas,NA,0,Vanderbilt,Auburn,122,NA,Ezra Manjon,Liam Robbins,Myles Stute,Trey Thomas,Quentin Millora-Brown,Johni Broome,Wendell Green Jr.,Zep Jasper,Jaylin Williams,Dylan Cardwell
2022-23,2023-02-18,2493233,312,0,2,Vanderbilt,Auburn,Commodores,Tigers,4,2,59,57,2,1299,Auburn,196,196,10,Tigers take a 30-second timeout.,NA,FALSE,FALSE,NA,NA,NA,NA,NA,NA,0,NA,NA,NA,NA,Ezra Manjon,Liam Robbins,Myles Stute,Trey Thomas,Quentin Millora-Brown,Johni Broome,Wendell Green Jr.,Zep Jasper,Jaylin Williams,Dylan Cardwell
2022-23,2023-02-18,2493233,313,0,2,Vanderbilt,Auburn,Commodores,Tigers,4,2,59,57,2,NA,NA,196,196,0,Official TV timeout.,NA,FALSE,FALSE,NA,NA,NA,NA,NA,NA,0,NA,NA,NA,NA,Ezra Manjon,Liam Robbins,Myles Stute,Trey Thomas,Quentin Millora-Brown,Johni Broome,Wendell Green Jr.,Zep Jasper,Jaylin Williams,Dylan Cardwell
2022-23,2023-02-18,2493233,314,0,2,Vanderbilt,Auburn,Commodores,Tigers,4,2,59,57,2,1299,Auburn,196,196,0,Substitution: K.D. Johnson in for Zep Jasper.,NA,FALSE,FALSE,NA,NA,NA,NA,NA,NA,1,NA,NA,NA,NA,Ezra Manjon,Liam Robbins,Myles Stute,Trey Thomas,Quentin Millora-Brown,Johni Broome,Wendell Green Jr.,K.D. Johnson,Jaylin Williams,Dylan Cardwell
2022-23,2023-02-18,2493233,315,0,2,Vanderbilt,Auburn,Commodores,Tigers,4,2,59,59,0,1299,Auburn,190,190,6,Wendell Green Jr. makes a jump shot from 17 feet out.,made,FALSE,FALSE,Jump Shot,36.8,16.85,1231129,Wendell Green Jr.,NA,0,Auburn,Vanderbilt,123,NA,Ezra Manjon,Liam Robbins,Myles Stute,Trey Thomas,Quentin Millora-Brown,Johni Broome,Wendell Green Jr.,K.D. Johnson,Jaylin Williams,Dylan Cardwell
2022-23,2023-02-18,2493233,316,0,2,Vanderbilt,Auburn,Commodores,Tigers,4,2,59,59,0,1299,Auburn,169,169,21,Shooting foul committed by Johni Broome.,NA,FALSE,FALSE,NA,NA,NA,NA,NA,NA,0,Vanderbilt,Vanderbilt,124,NA,Ezra Manjon,Liam Robbins,Myles Stute,Trey Thomas,Quentin Millora-Brown,Johni Broome,Wendell Green Jr.,K.D. Johnson,Jaylin Williams,Dylan Cardwell
2022-23,2023-02-18,2493233,317,0,2,Vanderbilt,Auburn,Commodores,Tigers,4,2,60,59,1,1674,Vanderbilt,169,169,0,Liam Robbins makes free throw 1 of 2.,made,TRUE,FALSE,NA,NA,NA,NA,NA,NA,0,Vanderbilt,Vanderbilt,124,NA,Ezra Manjon,Liam Robbins,Myles Stute,Trey Thomas,Quentin Millora-Brown,Johni Broome,Wendell Green Jr.,K.D. Johnson,Jaylin Williams,Dylan Cardwell
2022-23,2023-02-18,2493233,318,0,2,Vanderbilt,Auburn,Commodores,Tigers,4,2,61,59,2,1674,Vanderbilt,169,169,0,Liam Robbins makes free throw 2 of 2.,made,TRUE,FALSE,NA,NA,NA,NA,NA,NA,0,Vanderbilt,Auburn,124,NA,Ezra Manjon,Liam Robbins,Myles Stute,Trey Thomas,Quentin Millora-Brown,Johni Broome,Wendell Green Jr.,K.D. Johnson,Jaylin Williams,Dylan Cardwell
2022-23,2023-02-18,2493233,319,0,2,Vanderbilt,Auburn,Commodores,Tigers,4,2,61,61,0,1299,Auburn,152,152,17,Allen Flanigan makes a jump shot from 8 feet out.,made,FALSE,FALSE,Jump Shot,24.9,13.65,1193425,Allen Flanigan,NA,0,Auburn,Vanderbilt,125,NA,Ezra Manjon,Liam Robbins,Myles Stute,Trey Thomas,Quentin Millora-Brown,Johni Broome,Wendell Green Jr.,K.D. Johnson,Jaylin Williams,Dylan Cardwell
2022-23,2023-02-18,2493233,320,0,2,Vanderbilt,Auburn,Commodores,Tigers,4,2,61,61,0,1674,Vanderbilt,129,129,23,Myles Stute misses a 3-point jump shot from 26 feet out.,missed,FALSE,TRUE,Jump Shot,8.399999999999999,24.75,1232179,Myles Stute,NA,0,Vanderbilt,Vanderbilt,126,NA,Ezra Manjon,Liam Robbins,Myles Stute,Trey Thomas,Quentin Millora-Brown,Johni Broome,Wendell Green Jr.,K.D. Johnson,Jaylin Williams,Dylan Cardwell
2022-23,2023-02-18,2493233,321,0,2,Vanderbilt,Auburn,Commodores,Tigers,4,2,61,61,0,1299,Auburn,129,129,0,Wendell Green Jr. with a defensive rebound.,NA,FALSE,FALSE,NA,NA,NA,NA,NA,NA,0,Vanderbilt,Auburn,126,NA,Ezra Manjon,Liam Robbins,Myles Stute,Trey Thomas,Quentin Millora-Brown,Johni Broome,Wendell Green Jr.,K.D. Johnson,Jaylin Williams,Dylan Cardwell
2022-23,2023-02-18,2493233,322,0,2,Vanderbilt,Auburn,Commodores,Tigers,4,2,61,61,0,1674,Vanderbilt,113,113,16,Shooting foul committed by Ezra Manjon.,NA,FALSE,FALSE,NA,NA,NA,NA,NA,NA,0,Auburn,Auburn,127,NA,Ezra Manjon,Liam Robbins,Myles Stute,Trey Thomas,Quentin Millora-Brown,Johni Broome,Wendell Green Jr.,K.D. Johnson,Jaylin Williams,Dylan Cardwell
2022-23,2023-02-18,2493233,323,0,2,Vanderbilt,Auburn,Commodores,Tigers,4,2,61,62,-1,1299,Auburn,113,113,0,Wendell Green Jr. makes free throw 1 of 2.,made,TRUE,FALSE,NA,NA,NA,NA,NA,NA,0,Auburn,Auburn,127,NA,Ezra Manjon,Liam Robbins,Myles Stute,Trey Thomas,Quentin Millora-Brown,Johni Broome,Wendell Green Jr.,K.D. Johnson,Jaylin Williams,Dylan Cardwell
2022-23,2023-02-18,2493233,324,0,2,Vanderbilt,Auburn,Commodores,Tigers,4,2,61,62,-1,1674,Vanderbilt,113,113,0,Substitution: Tyrin Lawrence in for Colin Smith.,NA,FALSE,FALSE,NA,NA,NA,NA,NA,NA,1,NA,NA,NA,Player leaving not previously in game,Ezra Manjon,Liam Robbins,Myles Stute,Trey Thomas,Quentin Millora-Brown,Johni Broome,Wendell Green Jr.,K.D. Johnson,Jaylin Williams,Dylan Cardwell
2022-23,2023-02-18,2493233,325,0,2,Vanderbilt,Auburn,Commodores,Tigers,4,2,61,62,-1,1299,Auburn,113,113,0,Wendell Green Jr. misses free throw 2 of 2.,missed,TRUE,FALSE,NA,NA,NA,NA,NA,NA,0,Auburn,Auburn,127,NA,Ezra Manjon,Liam Robbins,Myles Stute,Trey Thomas,Quentin Millora-Brown,Johni Broome,Wendell Green Jr.,K.D. Johnson,Jaylin Williams,Dylan Cardwell
2022-23,2023-02-18,2493233,326,0,2,Vanderbilt,Auburn,Commodores,Tigers,4,2,61,62,-1,1674,Vanderbilt,113,113,0,Myles Stute with a defensive rebound.,NA,FALSE,FALSE,NA,NA,NA,NA,NA,NA,0,Auburn,Vanderbilt,127,NA,Ezra Manjon,Liam Robbins,Myles Stute,Trey Thomas,Quentin Millora-Brown,Johni Broome,Wendell Green Jr.,K.D. Johnson,Jaylin Williams,Dylan Cardwell
2022-23,2023-02-18,2493233,327,0,2,Vanderbilt,Auburn,Commodores,Tigers,4,2,61,62,-1,1674,Vanderbilt,85,85,28,Trey Thomas misses a jump shot from 15 feet out.,missed,FALSE,FALSE,Jump Shot,35.8,15.349999999999994,1232180,Trey Thomas,NA,0,Vanderbilt,Vanderbilt,128,NA,Ezra Manjon,Liam Robbins,Myles Stute,Trey Thomas,Quentin Millora-Brown,Johni Broome,Wendell Green Jr.,K.D. Johnson,Jaylin Williams,Dylan Cardwell
2022-23,2023-02-18,2493233,328,0,2,Vanderbilt,Auburn,Commodores,Tigers,4,2,61,62,-1,1674,Vanderbilt,85,85,0,Liam Robbins with an offensive rebound.,NA,FALSE,FALSE,NA,NA,NA,NA,NA,NA,0,Vanderbilt,Vanderbilt,128,NA,Ezra Manjon,Liam Robbins,Myles Stute,Trey Thomas,Quentin Millora-Brown,Johni Broome,Wendell Green Jr.,K.D. Johnson,Jaylin Williams,Dylan Cardwell
2022-23,2023-02-18,2493233,329,0,2,Vanderbilt,Auburn,Commodores,Tigers,3,2,61,62,-1,1674,Vanderbilt,74,74,11,Commodores take a full timeout.,NA,FALSE,FALSE,NA,NA,NA,NA,NA,NA,0,NA,NA,NA,NA,Ezra Manjon,Liam Robbins,Myles Stute,Trey Thomas,Quentin Millora-Brown,Johni Broome,Wendell Green Jr.,K.D. Johnson,Jaylin Williams,Dylan Cardwell
2022-23,2023-02-18,2493233,330,0,2,Vanderbilt,Auburn,Commodores,Tigers,3,2,61,62,-1,1674,Vanderbilt,65,65,9,Trey Thomas misses a layup.,missed,FALSE,FALSE,Layup Shot,25,5.25,1232180,Trey Thomas,NA,0,Vanderbilt,Vanderbilt,128,NA,Ezra Manjon,Liam Robbins,Myles Stute,Trey Thomas,Quentin Millora-Brown,Johni Broome,Wendell Green Jr.,K.D. Johnson,Jaylin Williams,Dylan Cardwell
2022-23,2023-02-18,2493233,331,0,2,Vanderbilt,Auburn,Commodores,Tigers,3,2,61,62,-1,1674,Vanderbilt,65,65,0,Liam Robbins with an offensive rebound.,NA,FALSE,FALSE,NA,NA,NA,NA,NA,NA,0,Vanderbilt,Vanderbilt,128,NA,Ezra Manjon,Liam Robbins,Myles Stute,Trey Thomas,Quentin Millora-Brown,Johni Broome,Wendell Green Jr.,K.D. Johnson,Jaylin Williams,Dylan Cardwell
2022-23,2023-02-18,2493233,332,0,2,Vanderbilt,Auburn,Commodores,Tigers,3,2,61,62,-1,1299,Auburn,63,63,2,Shooting foul committed by Johni Broome.,NA,FALSE,FALSE,NA,NA,NA,NA,NA,NA,0,Vanderbilt,Vanderbilt,128,NA,Ezra Manjon,Liam Robbins,Myles Stute,Trey Thomas,Quentin Millora-Brown,Johni Broome,Wendell Green Jr.,K.D. Johnson,Jaylin Williams,Dylan Cardwell
2022-23,2023-02-18,2493233,333,0,2,Vanderbilt,Auburn,Commodores,Tigers,3,2,62,62,0,1674,Vanderbilt,63,63,0,Liam Robbins makes free throw 1 of 2.,made,TRUE,FALSE,NA,NA,NA,NA,NA,NA,0,Vanderbilt,Vanderbilt,128,NA,Ezra Manjon,Liam Robbins,Myles Stute,Trey Thomas,Quentin Millora-Brown,Johni Broome,Wendell Green Jr.,K.D. Johnson,Jaylin Williams,Dylan Cardwell
2022-23,2023-02-18,2493233,334,0,2,Vanderbilt,Auburn,Commodores,Tigers,3,2,62,62,0,1674,Vanderbilt,63,63,0,Substitution: Jordan Wright in for Trey Thomas.,NA,FALSE,FALSE,NA,NA,NA,NA,NA,NA,1,NA,NA,NA,NA,Ezra Manjon,Liam Robbins,Myles Stute,Jordan Wright,Quentin Millora-Brown,Johni Broome,Wendell Green Jr.,K.D. Johnson,Jaylin Williams,Dylan Cardwell
2022-23,2023-02-18,2493233,335,0,2,Vanderbilt,Auburn,Commodores,Tigers,3,2,63,62,1,1674,Vanderbilt,63,63,0,Liam Robbins makes free throw 2 of 2.,made,TRUE,FALSE,NA,NA,NA,NA,NA,NA,0,Vanderbilt,Auburn,128,NA,Ezra Manjon,Liam Robbins,Myles Stute,Jordan Wright,Quentin Millora-Brown,Johni Broome,Wendell Green Jr.,K.D. Johnson,Jaylin Williams,Dylan Cardwell
2022-23,2023-02-18,2493233,336,0,2,Vanderbilt,Auburn,Commodores,Tigers,3,2,63,62,1,1299,Auburn,53,53,10,Liam Robbins blocks a Johni Broome jump shot from 4 feet out.,missed,FALSE,FALSE,Jump Shot,21.5,7.75,1231975,Johni Broome,NA,0,Auburn,Auburn,129,NA,Ezra Manjon,Liam Robbins,Myles Stute,Jordan Wright,Quentin Millora-Brown,Johni Broome,Wendell Green Jr.,K.D. Johnson,Jaylin Williams,Dylan Cardwell
2022-23,2023-02-18,2493233,338,0,2,Vanderbilt,Auburn,Commodores,Tigers,3,2,63,62,1,1674,Vanderbilt,42,42,11,Personal foul committed by Ezra Manjon.,NA,FALSE,FALSE,NA,NA,NA,NA,NA,NA,0,Auburn,Auburn,129,NA,Ezra Manjon,Liam Robbins,Myles Stute,Jordan Wright,Quentin Millora-Brown,Johni Broome,Wendell Green Jr.,K.D. Johnson,Jaylin Williams,Dylan Cardwell
2022-23,2023-02-18,2493233,339,0,2,Vanderbilt,Auburn,Commodores,Tigers,3,2,63,62,1,1299,Auburn,33,33,9,Jaylin Williams misses a 3-point jump shot from 24 feet out.,missed,FALSE,TRUE,Jump Shot,8.600000000000001,23.15,1193435,Jaylin Williams,NA,0,Auburn,Auburn,129,NA,Ezra Manjon,Liam Robbins,Myles Stute,Jordan Wright,Quentin Millora-Brown,Johni Broome,Wendell Green Jr.,K.D. Johnson,Jaylin Williams,Dylan Cardwell
2022-23,2023-02-18,2493233,340,0,2,Vanderbilt,Auburn,Commodores,Tigers,3,2,63,62,1,1674,Vanderbilt,33,33,0,Myles Stute with a defensive rebound.,NA,FALSE,FALSE,NA,NA,NA,NA,NA,NA,0,Auburn,Vanderbilt,129,NA,Ezra Manjon,Liam Robbins,Myles Stute,Jordan Wright,Quentin Millora-Brown,Johni Broome,Wendell Green Jr.,K.D. Johnson,Jaylin Williams,Dylan Cardwell
2022-23,2023-02-18,2493233,341,0,2,Vanderbilt,Auburn,Commodores,Tigers,3,2,63,62,1,1299,Auburn,24,24,9,Personal foul committed by Wendell Green Jr..,NA,FALSE,FALSE,NA,NA,NA,NA,NA,NA,0,Vanderbilt,Vanderbilt,130,NA,Ezra Manjon,Liam Robbins,Myles Stute,Jordan Wright,Quentin Millora-Brown,Johni Broome,Wendell Green Jr.,K.D. Johnson,Jaylin Williams,Dylan Cardwell
2022-23,2023-02-18,2493233,342,0,2,Vanderbilt,Auburn,Commodores,Tigers,3,2,64,62,2,1674,Vanderbilt,24,24,0,Ezra Manjon makes free throw 1st of 1-and-1.,made,TRUE,FALSE,NA,NA,NA,NA,NA,NA,0,Vanderbilt,Vanderbilt,130,NA,Ezra Manjon,Liam Robbins,Myles Stute,Jordan Wright,Quentin Millora-Brown,Johni Broome,Wendell Green Jr.,K.D. Johnson,Jaylin Williams,Dylan Cardwell
2022-23,2023-02-18,2493233,343,0,2,Vanderbilt,Auburn,Commodores,Tigers,3,2,65,62,3,1674,Vanderbilt,24,24,0,Ezra Manjon makes free throw 2nd of 1-and-1.,made,TRUE,FALSE,NA,NA,NA,NA,NA,NA,0,Vanderbilt,Auburn,130,NA,Ezra Manjon,Liam Robbins,Myles Stute,Jordan Wright,Quentin Millora-Brown,Johni Broome,Wendell Green Jr.,K.D. Johnson,Jaylin Williams,Dylan Cardwell
2022-23,2023-02-18,2493233,344,0,2,Vanderbilt,Auburn,Commodores,Tigers,3,2,65,65,0,1299,Auburn,12,12,12,K.D. Johnson makes a 3-point jump shot from 26 feet out. Wendell Green Jr. with the assist.,made,FALSE,TRUE,Jump Shot,44.5,22.65,1240372,K.D. Johnson,Wendell Green Jr.,0,Auburn,Vanderbilt,131,NA,Ezra Manjon,Liam Robbins,Myles Stute,Jordan Wright,Quentin Millora-Brown,Johni Broome,Wendell Green Jr.,K.D. Johnson,Jaylin Williams,Dylan Cardwell
2022-23,2023-02-18,2493233,345,0,2,Vanderbilt,Auburn,Commodores,Tigers,3,1,65,65,0,1299,Auburn,11,11,1,Tigers take a full timeout.,NA,FALSE,FALSE,NA,NA,NA,NA,NA,NA,0,NA,NA,NA,NA,Ezra Manjon,Liam Robbins,Myles Stute,Jordan Wright,Quentin Millora-Brown,Johni Broome,Wendell Green Jr.,K.D. Johnson,Jaylin Williams,Dylan Cardwell
2022-23,2023-02-18,2493233,346,0,2,Vanderbilt,Auburn,Commodores,Tigers,3,1,65,65,0,1299,Auburn,11,11,0,Substitution: Dylan Cardwell in for Johni Broome.,NA,FALSE,FALSE,NA,NA,NA,NA,NA,NA,1,NA,NA,NA,Sub already in game,Ezra Manjon,Liam Robbins,Myles Stute,Jordan Wright,Quentin Millora-Brown,Johni Broome,Wendell Green Jr.,K.D. Johnson,Jaylin Williams,Dylan Cardwell
2022-23,2023-02-18,2493233,347,0,2,Vanderbilt,Auburn,Commodores,Tigers,3,1,65,65,0,1299,Auburn,11,11,0,Substitution: Zep Jasper in for Wendell Green Jr..,NA,FALSE,FALSE,NA,NA,NA,NA,NA,NA,1,NA,NA,NA,NA,Ezra Manjon,Liam Robbins,Myles Stute,Jordan Wright,Quentin Millora-Brown,Johni Broome,Zep Jasper,K.D. Johnson,Jaylin Williams,Dylan Cardwell
2022-23,2023-02-18,2493233,348,0,2,Vanderbilt,Auburn,Commodores,Tigers,3,1,67,65,2,1674,Vanderbilt,2,2,9,Ezra Manjon makes a layup.,made,FALSE,FALSE,Layup Shot,26,6.25,1179912,Ezra Manjon,NA,0,Vanderbilt,Auburn,132,NA,Ezra Manjon,Liam Robbins,Myles Stute,Jordan Wright,Quentin Millora-Brown,Johni Broome,Zep Jasper,K.D. Johnson,Jaylin Williams,Dylan Cardwell
2022-23,2023-02-18,2493233,349,0,2,Vanderbilt,Auburn,Commodores,Tigers,3,1,67,65,2,1299,Auburn,1,1,1,Jordan Wright steals the ball from Zep Jasper.,NA,FALSE,FALSE,NA,NA,NA,NA,NA,NA,0,Auburn,Vanderbilt,133,NA,Ezra Manjon,Liam Robbins,Myles Stute,Jordan Wright,Quentin Millora-Brown,Johni Broome,Zep Jasper,K.D. Johnson,Jaylin Williams,Dylan Cardwell
2022-23,2023-02-18,2493233,350,0,2,Vanderbilt,Auburn,Commodores,Tigers,3,1,67,65,2,1299,Auburn,1,1,0,Personal foul committed by K.D. Johnson.,NA,FALSE,FALSE,NA,NA,NA,NA,NA,NA,0,Vanderbilt,Vanderbilt,134,NA,Ezra Manjon,Liam Robbins,Myles Stute,Jordan Wright,Quentin Millora-Brown,Johni Broome,Zep Jasper,K.D. Johnson,Jaylin Williams,Dylan Cardwell
2022-23,2023-02-18,2493233,351,0,2,Vanderbilt,Auburn,Commodores,Tigers,3,1,67,65,2,1674,Vanderbilt,1,1,0,Jordan Wright misses free throw 1st of 1-and-1.,missed,TRUE,FALSE,NA,NA,NA,NA,NA,NA,0,Vanderbilt,Vanderbilt,134,NA,Ezra Manjon,Liam Robbins,Myles Stute,Jordan Wright,Quentin Millora-Brown,Johni Broome,Zep Jasper,K.D. Johnson,Jaylin Williams,Dylan Cardwell
2022-23,2023-02-18,2493233,352,0,2,Vanderbilt,Auburn,Commodores,Tigers,3,1,67,65,2,1299,Auburn,1,1,0,Zep Jasper with a defensive rebound.,NA,FALSE,FALSE,NA,NA,NA,NA,NA,NA,0,Vanderbilt,Auburn,134,NA,Ezra Manjon,Liam Robbins,Myles Stute,Jordan Wright,Quentin Millora-Brown,Johni Broome,Zep Jasper,K.D. Johnson,Jaylin Williams,Dylan Cardwell
2022-23,2023-02-18,2493233,353,0,2,Vanderbilt,Auburn,Commodores,Tigers,3,1,67,65,2,NA,NA,0,0,1,End of the 2nd Half,NA,FALSE,FALSE,NA,NA,NA,NA,NA,NA,0,NA,NA,NA,NA,Ezra Manjon,Liam Robbins,Myles Stute,Jordan Wright,Quentin Millora-Brown,Johni Broome,Zep Jasper,K.D. Johnson,Jaylin Williams,Dylan Cardwell
2022-23,2023-02-18,2493233,354,0,2,Vanderbilt,Auburn,Commodores,Tigers,3,1,67,65,2,NA,NA,0,0,0,End of the Game,NA,FALSE,FALSE,NA,NA,NA,NA,NA,NA,0,Auburn,Auburn,NA,NA,Ezra Manjon,Liam Robbins,Myles Stute,Jordan Wright,Quentin Millora-Brown,Johni Broome,Zep Jasper,K.D. Johnson,Jaylin Williams,Dylan Cardwell
