season,date,game_id,play_id,neutral,half,home,away,home_name,away_name,home_timeouts,away_timeouts,home_score,away_score,score_diff,team_id,event_team,game_secs_remaining,half_secs_remaining,play_length,desc,shot_outcome,free_throw,three_pt,shot_desc,loc_x,loc_y,shooter_id,shooter,assist,substitution,poss_before,poss_after,poss_number,sub_error,home_1,home_2,home_3,home_4,home_5,away_1,away_2,away_3,away_4,away_5
2022-23,2023-02-08,2499103,1,0,1,West Virginia,Iowa State,Mountaineers,Cyclones,4,4,0,0,0,1689,West Virginia,NA,NA,NA,Starting Lineup - Tre Mitchell,NA,FALSE,FALSE,NA,NA,NA,NA,NA,NA,1,NA,NA,NA,NA,Tre Mitchell,Erik Stevenson,Kedrian Johnson,Jimmy Bell Jr.,Emmitt Matthews Jr.,Gabe Kalscheur,Caleb Grill,Osun Osunniyi,Jaren Holmes,Tamin Lipsey
2022-23,2023-02-08,2499103,1,0,1,West Virginia,Iowa State,Mountaineers,Cyclones,4,4,0,0,0,1450,Iowa State,NA,NA,NA,Starting Lineup - Gabe Kalscheur,NA,FALSE,FALSE,NA,NA,NA,NA,NA,NA,1,NA,NA,NA,NA,Tre Mitchell,Erik Stevenson,Kedrian Johnson,Jimmy Bell Jr.,Emmitt Matthews Jr.,Gabe Kalscheur,Caleb Grill,Osun Osunniyi,Jaren Holmes,Tamin Lipsey
2022-23,2023-02-08,2499103,1,0,1,West Virginia,Iowa State,Mountaineers,Cyclones,4,4,0,0,0,1689,West Virginia,NA,NA,NA,Starting Lineup - Erik Stevenson,NA,FALSE,FALSE,NA,NA,NA,NA,NA,NA,1,NA,NA,NA,NA,Tre Mitchell,Erik Stevenson,Kedrian Johnson,Jimmy Bell Jr.,Emmitt Matthews Jr.,Gabe Kalscheur,Caleb Grill,Osun Osunniyi,Jaren Holmes,Tamin Lipsey
2022-23,2023-02-08,2499103,1,0,1,West Virginia,Iowa State,Mountaineers,Cyclones,4,4,0,0,0,1450,Iowa State,NA,NA,NA,Starting Lineup - Caleb Grill,NA,FALSE,FALSE,NA,NA,NA,NA,NA,NA,1,NA,NA,NA,NA,Tre Mitchell,Erik Stevenson,Kedrian Johnson,Jimmy Bell Jr.,Emmitt Matthews Jr.,Gabe Kalscheur,Caleb Grill,Osun Osunniyi,Jaren Holmes,Tamin Lipsey
2022-23,2023-02-08,2499103,1,0,1,West Virginia,Iowa State,Mountaineers,Cyclones,4,4,0,0,0,1450,Iowa State,NA,NA,NA,Starting Lineup - Osun Osunniyi,NA,FALSE,FALSE,NA,NA,NA,NA,NA,NA,1,NA,NA,NA,NA,Tre Mitchell,Erik Stevenson,Kedrian Johnson,Jimmy Bell Jr.,Emmitt Matthews Jr.,Gabe Kalscheur,Caleb Grill,Osun Osunniyi,Jaren Holmes,Tamin Lipsey
2022-23,2023-02-08,2499103,1,0,1,West Virginia,Iowa State,Mountaineers,Cyclones,4,4,0,0,0,1689,West Virginia,NA,NA,NA,Starting Lineup - Kedrian Johnson,NA,FALSE,FALSE,NA,NA,NA,NA,NA,NA,1,NA,NA,NA,NA,Tre Mitchell,Erik Stevenson,Kedrian Johnson,Jimmy Bell Jr.,Emmitt Matthews Jr.,Gabe Kalscheur,Caleb Grill,Osun Osunniyi,Jaren Holmes,Tamin Lipsey
2022-23,2023-02-08,2499103,1,0,1,West Virginia,Iowa State,Mountaineers,Cyclones,4,4,0,0,0,1450,Iowa State,NA,NA,NA,Starting Lineup - Jaren Holmes,NA,FALSE,FALSE,NA,NA,NA,NA,NA,NA,1,NA,NA,NA,NA,Tre Mitchell,Erik Stevenson,Kedrian Johnson,Jimmy Bell Jr.,Emmitt Matthews Jr.,Gabe Kalscheur,Caleb Grill,Osun Osunniyi,Jaren Holmes,Tamin Lipsey
2022-23,2023-02-08,2499103,1,0,1,West Virginia,Iowa State,Mountaineers,Cyclones,4,4,0,0,0,1450,Iowa State,NA,NA,NA,Starting Lineup - Tamin Lipsey,NA,FALSE,FALSE,NA,NA,NA,NA,NA,NA,1,NA,NA,NA,NA,Tre Mitchell,Erik Stevenson,Kedrian Johnson,Jimmy Bell Jr.,Emmitt Matthews Jr.,Gabe Kalscheur,Caleb Grill,Osun Osunniyi,Jaren Holmes,Tamin Lipsey
2022-23,2023-02-08,2499103,1,0,1,West Virginia,Iowa State,Mountaineers,Cyclones,4,4,0,0,0,1689,West Virginia,NA,NA,NA,Starting Lineup - Jimmy Bell Jr.,NA,FALSE,FALSE,NA,NA,NA,NA,NA,NA,1,NA,NA,NA,NA,Tre Mitchell,Erik Stevenson,Kedrian Johnson,Jimmy Bell Jr.,Emmitt Matthews Jr.,Gabe Kalscheur,Caleb Grill,Osun Osunniyi,Jaren Holmes,Tamin Lipsey
2022-23,2023-02-08,2499103,1,0,1,West Virginia,Iowa State,Mountaineers,Cyclones,4,4,0,0,0,1689,West Virginia,NA,NA,NA,Starting Lineup - Emmitt Matthews Jr.,NA,FALSE,FALSE,NA,NA,NA,NA,NA,NA,1,NA,NA,NA,NA,Tre Mitchell,Erik Stevenson,Kedrian Johnson,Jimmy Bell Jr.,Emmitt Matthews Jr.,Gabe Kalscheur,Caleb Grill,Osun Osunniyi,Jaren Holmes,Tamin Lipsey
2022-23,2023-02-08,2499103,2,0,1,West Virginia,Iowa State,Mountaineers,Cyclones,4,4,0,0,0,NA,NA,2400,1200,NA,Start of the 1st Half,NA,FALSE,FALSE,NA,NA,NA,NA,NA,NA,0,NA,Iowa State,1,NA,Tre Mitchell,Erik Stevenson,Kedrian Johnson,Jimmy Bell Jr.,Emmitt Matthews Jr.,Gabe Kalscheur,Caleb Grill,Osun Osunniyi,Jaren Holmes,Tamin Lipsey
2022-23,2023-02-08,2499103,3,0,1,West Virginia,Iowa State,Mountaineers,Cyclones,4,4,0,0,0,1450,Iowa State,2369,1169,31,Caleb Grill misses a 3-point jump shot from 24 feet out.,missed,FALSE,TRUE,Jump Shot,36.3,26.95,1174826,Caleb Grill,NA,0,Iowa State,West Virginia,1,NA,Tre Mitchell,Erik Stevenson,Kedrian Johnson,Jimmy Bell Jr.,Emmitt Matthews Jr.,Gabe Kalscheur,Caleb Grill,Osun Osunniyi,Jaren Holmes,Tamin Lipsey
2022-23,2023-02-08,2499103,5,0,1,West Virginia,Iowa State,Mountaineers,Cyclones,4,4,0,0,0,1689,West Virginia,2354,1154,15,Osun Osunniyi blocks a Jimmy Bell Jr. layup.,missed,FALSE,FALSE,Layup Shot,26,6.25,1175055,Jimmy Bell Jr.,NA,0,West Virginia,West Virginia,2,NA,Tre Mitchell,Erik Stevenson,Kedrian Johnson,Jimmy Bell Jr.,Emmitt Matthews Jr.,Gabe Kalscheur,Caleb Grill,Osun Osunniyi,Jaren Holmes,Tamin Lipsey
2022-23,2023-02-08,2499103,7,0,1,West Virginia,Iowa State,Mountaineers,Cyclones,4,4,0,0,0,1689,West Virginia,2349,1149,5,Erik Stevenson misses a jump shot from 20 feet out.,missed,FALSE,FALSE,Jump Shot,44.1,9.25,1132913,Erik Stevenson,NA,0,West Virginia,West Virginia,2,NA,Tre Mitchell,Erik Stevenson,Kedrian Johnson,Jimmy Bell Jr.,Emmitt Matthews Jr.,Gabe Kalscheur,Caleb Grill,Osun Osunniyi,Jaren Holmes,Tamin Lipsey
2022-23,2023-02-08,2499103,8,0,1,West Virginia,Iowa State,Mountaineers,Cyclones,4,4,0,0,0,1450,Iowa State,2349,1149,0,Tamin Lipsey with a defensive rebound.,NA,FALSE,FALSE,NA,NA,NA,NA,NA,NA,0,West Virginia,Iowa State,2,NA,Tre Mitchell,Erik Stevenson,Kedrian Johnson,Jimmy Bell Jr.,Emmitt Matthews Jr.,Gabe Kalscheur,Caleb Grill,Osun Osunniyi,Jaren Holmes,Tamin Lipsey
2022-23,2023-02-08,2499103,9,0,1,West Virginia,Iowa State,Mountaineers,Cyclones,4,4,0,0,0,1450,Iowa State,2340,1140,9,Kedrian Johnson steals the ball from Caleb Grill.,NA,FALSE,FALSE,NA,NA,NA,NA,NA,NA,0,Iowa State,West Virginia,3,NA,Tre Mitchell,Erik Stevenson,Kedrian Johnson,Jimmy Bell Jr.,Emmitt Matthews Jr.,Gabe Kalscheur,Caleb Grill,Osun Osunniyi,Jaren Holmes,Tamin Lipsey
2022-23,2023-02-08,2499103,10,0,1,West Virginia,Iowa State,Mountaineers,Cyclones,4,4,0,0,0,1689,West Virginia,2327,1127,13,Gabe Kalscheur steals the ball from Jimmy Bell Jr..,NA,FALSE,FALSE,NA,NA,NA,NA,NA,NA,0,West Virginia,Iowa State,4,NA,Tre Mitchell,Erik Stevenson,Kedrian Johnson,Jimmy Bell Jr.,Emmitt Matthews Jr.,Gabe Kalscheur,Caleb Grill,Osun Osunniyi,Jaren Holmes,Tamin Lipsey
2022-23,2023-02-08,2499103,11,0,1,West Virginia,Iowa State,Mountaineers,Cyclones,4,4,0,2,-2,1450,Iowa State,2314,1114,13,Osun Osunniyi makes a jump shot from 9 feet out. Jaren Holmes with the assist.,made,FALSE,FALSE,Jump Shot,25.3,13.85,1134822,Osun Osunniyi,Jaren Holmes,0,Iowa State,West Virginia,5,NA,Tre Mitchell,Erik Stevenson,Kedrian Johnson,Jimmy Bell Jr.,Emmitt Matthews Jr.,Gabe Kalscheur,Caleb Grill,Osun Osunniyi,Jaren Holmes,Tamin Lipsey
2022-23,2023-02-08,2499103,12,0,1,West Virginia,Iowa State,Mountaineers,Cyclones,4,4,0,2,-2,1450,Iowa State,2282,1082,32,Shooting foul committed by Osun Osunniyi.,NA,FALSE,FALSE,NA,NA,NA,NA,NA,NA,0,West Virginia,West Virginia,6,NA,Tre Mitchell,Erik Stevenson,Kedrian Johnson,Jimmy Bell Jr.,Emmitt Matthews Jr.,Gabe Kalscheur,Caleb Grill,Osun Osunniyi,Jaren Holmes,Tamin Lipsey
2022-23,2023-02-08,2499103,13,0,1,West Virginia,Iowa State,Mountaineers,Cyclones,4,4,1,2,-1,1689,West Virginia,2282,1082,0,Erik Stevenson makes free throw 1 of 2.,made,TRUE,FALSE,NA,NA,NA,NA,NA,NA,0,West Virginia,West Virginia,6,NA,Tre Mitchell,Erik Stevenson,Kedrian Johnson,Jimmy Bell Jr.,Emmitt Matthews Jr.,Gabe Kalscheur,Caleb Grill,Osun Osunniyi,Jaren Holmes,Tamin Lipsey
2022-23,2023-02-08,2499103,14,0,1,West Virginia,Iowa State,Mountaineers,Cyclones,4,4,2,2,0,1689,West Virginia,2282,1082,0,Erik Stevenson makes free throw 2 of 2.,made,TRUE,FALSE,NA,NA,NA,NA,NA,NA,0,West Virginia,Iowa State,6,NA,Tre Mitchell,Erik Stevenson,Kedrian Johnson,Jimmy Bell Jr.,Emmitt Matthews Jr.,Gabe Kalscheur,Caleb Grill,Osun Osunniyi,Jaren Holmes,Tamin Lipsey
2022-23,2023-02-08,2499103,15,0,1,West Virginia,Iowa State,Mountaineers,Cyclones,4,4,2,2,0,1450,Iowa State,2269,1069,13,Gabe Kalscheur misses a 3-point jump shot from 23 feet out.,missed,FALSE,TRUE,Jump Shot,8.399999999999999,21.65,1133826,Gabe Kalscheur,NA,0,Iowa State,Iowa State,7,NA,Tre Mitchell,Erik Stevenson,Kedrian Johnson,Jimmy Bell Jr.,Emmitt Matthews Jr.,Gabe Kalscheur,Caleb Grill,Osun Osunniyi,Jaren Holmes,Tamin Lipsey
2022-23,2023-02-08,2499103,16,0,1,West Virginia,Iowa State,Mountaineers,Cyclones,4,4,2,2,0,1689,West Virginia,2269,1069,0,Emmitt Matthews Jr. with a defensive rebound.,NA,FALSE,FALSE,NA,NA,NA,NA,NA,NA,0,Iowa State,West Virginia,7,NA,Tre Mitchell,Erik Stevenson,Kedrian Johnson,Jimmy Bell Jr.,Emmitt Matthews Jr.,Gabe Kalscheur,Caleb Grill,Osun Osunniyi,Jaren Holmes,Tamin Lipsey
2022-23,2023-02-08,2499103,17,0,1,West Virginia,Iowa State,Mountaineers,Cyclones,4,4,4,2,2,1689,West Virginia,2258,1058,11,Erik Stevenson makes a jump shot from 15 feet out.,made,FALSE,FALSE,Jump Shot,19.6,19.450000000000003,1132913,Erik Stevenson,NA,0,West Virginia,Iowa State,8,NA,Tre Mitchell,Erik Stevenson,Kedrian Johnson,Jimmy Bell Jr.,Emmitt Matthews Jr.,Gabe Kalscheur,Caleb Grill,Osun Osunniyi,Jaren Holmes,Tamin Lipsey
2022-23,2023-02-08,2499103,18,0,1,West Virginia,Iowa State,Mountaineers,Cyclones,4,4,4,2,2,1450,Iowa State,2249,1049,9,Tre Mitchell steals the ball from Tamin Lipsey.,NA,FALSE,FALSE,NA,NA,NA,NA,NA,NA,0,Iowa State,West Virginia,9,NA,Tre Mitchell,Erik Stevenson,Kedrian Johnson,Jimmy Bell Jr.,Emmitt Matthews Jr.,Gabe Kalscheur,Caleb Grill,Osun Osunniyi,Jaren Holmes,Tamin Lipsey
2022-23,2023-02-08,2499103,19,0,1,West Virginia,Iowa State,Mountaineers,Cyclones,4,4,4,2,2,1689,West Virginia,2220,1020,29,Jimmy Bell Jr. with a turnover - Out of Bounds,NA,FALSE,FALSE,NA,NA,NA,NA,NA,NA,0,West Virginia,Iowa State,10,NA,Tre Mitchell,Erik Stevenson,Kedrian Johnson,Jimmy Bell Jr.,Emmitt Matthews Jr.,Gabe Kalscheur,Caleb Grill,Osun Osunniyi,Jaren Holmes,Tamin Lipsey
2022-23,2023-02-08,2499103,20,0,1,West Virginia,Iowa State,Mountaineers,Cyclones,4,4,4,2,2,1450,Iowa State,2220,1020,0,Substitution: Robert Jones in for Osun Osunniyi.,NA,FALSE,FALSE,NA,NA,NA,NA,NA,NA,1,NA,NA,NA,NA,Tre Mitchell,Erik Stevenson,Kedrian Johnson,Jimmy Bell Jr.,Emmitt Matthews Jr.,Gabe Kalscheur,Caleb Grill,Robert Jones,Jaren Holmes,Tamin Lipsey
2022-23,2023-02-08,2499103,21,0,1,West Virginia,Iowa State,Mountaineers,Cyclones,4,4,4,2,2,1450,Iowa State,2220,1020,0,Substitution: Tre King in for Tamin Lipsey.,NA,FALSE,FALSE,NA,NA,NA,NA,NA,NA,1,NA,NA,NA,NA,Tre Mitchell,Erik Stevenson,Kedrian Johnson,Jimmy Bell Jr.,Emmitt Matthews Jr.,Gabe Kalscheur,Caleb Grill,Robert Jones,Jaren Holmes,Tre King
2022-23,2023-02-08,2499103,22,0,1,West Virginia,Iowa State,Mountaineers,Cyclones,4,4,4,2,2,1450,Iowa State,2210,1010,10,Robert Jones with a turnover - Traveling,NA,FALSE,FALSE,NA,NA,NA,NA,NA,NA,0,Iowa State,West Virginia,11,NA,Tre Mitchell,Erik Stevenson,Kedrian Johnson,Jimmy Bell Jr.,Emmitt Matthews Jr.,Gabe Kalscheur,Caleb Grill,Robert Jones,Jaren Holmes,Tre King
2022-23,2023-02-08,2499103,23,0,1,West Virginia,Iowa State,Mountaineers,Cyclones,4,4,4,2,2,1450,Iowa State,2180,980,30,Shooting foul committed by Tre King.,NA,FALSE,FALSE,NA,NA,NA,NA,NA,NA,0,West Virginia,West Virginia,12,NA,Tre Mitchell,Erik Stevenson,Kedrian Johnson,Jimmy Bell Jr.,Emmitt Matthews Jr.,Gabe Kalscheur,Caleb Grill,Robert Jones,Jaren Holmes,Tre King
2022-23,2023-02-08,2499103,24,0,1,West Virginia,Iowa State,Mountaineers,Cyclones,4,4,5,2,3,1689,West Virginia,2180,980,0,Emmitt Matthews Jr. makes free throw 1 of 2.,made,TRUE,FALSE,NA,NA,NA,NA,NA,NA,0,West Virginia,West Virginia,12,NA,Tre Mitchell,Erik Stevenson,Kedrian Johnson,Jimmy Bell Jr.,Emmitt Matthews Jr.,Gabe Kalscheur,Caleb Grill,Robert Jones,Jaren Holmes,Tre King
2022-23,2023-02-08,2499103,25,0,1,West Virginia,Iowa State,Mountaineers,Cyclones,4,4,5,2,3,1689,West Virginia,2180,980,0,Jimmy Bell Jr. with a turnover - Lane,NA,FALSE,FALSE,NA,NA,NA,NA,NA,NA,0,West Virginia,Iowa State,12,NA,Tre Mitchell,Erik Stevenson,Kedrian Johnson,Jimmy Bell Jr.,Emmitt Matthews Jr.,Gabe Kalscheur,Caleb Grill,Robert Jones,Jaren Holmes,Tre King
2022-23,2023-02-08,2499103,26,0,1,West Virginia,Iowa State,Mountaineers,Cyclones,4,4,5,2,3,1450,Iowa State,2173,973,7,Jaren Holmes misses a jump shot from 7 feet out.,missed,FALSE,FALSE,Jump Shot,28.3,11.45,1178146,Jaren Holmes,NA,0,Iowa State,Iowa State,13,NA,Tre Mitchell,Erik Stevenson,Kedrian Johnson,Jimmy Bell Jr.,Emmitt Matthews Jr.,Gabe Kalscheur,Caleb Grill,Robert Jones,Jaren Holmes,Tre King
2022-23,2023-02-08,2499103,27,0,1,West Virginia,Iowa State,Mountaineers,Cyclones,4,4,5,2,3,1689,West Virginia,2173,973,0,Jimmy Bell Jr. with a defensive rebound.,NA,FALSE,FALSE,NA,NA,NA,NA,NA,NA,0,Iowa State,West Virginia,13,NA,Tre Mitchell,Erik Stevenson,Kedrian Johnson,Jimmy Bell Jr.,Emmitt Matthews Jr.,Gabe Kalscheur,Caleb Grill,Robert Jones,Jaren Holmes,Tre King
2022-23,2023-02-08,2499103,28,0,1,West Virginia,Iowa State,Mountaineers,Cyclones,4,4,5,2,3,1450,Iowa State,2159,959,14,Personal foul committed by Tre King.,NA,FALSE,FALSE,NA,NA,NA,NA,NA,NA,0,West Virginia,West Virginia,14,NA,Tre Mitchell,Erik Stevenson,Kedrian Johnson,Jimmy Bell Jr.,Emmitt Matthews Jr.,Gabe Kalscheur,Caleb Grill,Robert Jones,Jaren Holmes,Tre King
2022-23,2023-02-08,2499103,29,0,1,West Virginia,Iowa State,Mountaineers,Cyclones,4,4,5,2,3,NA,NA,2159,959,0,Official TV timeout.,NA,FALSE,FALSE,NA,NA,NA,NA,NA,NA,0,NA,NA,NA,NA,Tre Mitchell,Erik Stevenson,Kedrian Johnson,Jimmy Bell Jr.,Emmitt Matthews Jr.,Gabe Kalscheur,Caleb Grill,Robert Jones,Jaren Holmes,Tre King
2022-23,2023-02-08,2499103,30,0,1,West Virginia,Iowa State,Mountaineers,Cyclones,4,4,5,2,3,1450,Iowa State,2159,959,0,Substitution: Aljaz Kunc in for Tre King.,NA,FALSE,FALSE,NA,NA,NA,NA,NA,NA,1,NA,NA,NA,NA,Tre Mitchell,Erik Stevenson,Kedrian Johnson,Jimmy Bell Jr.,Emmitt Matthews Jr.,Gabe Kalscheur,Caleb Grill,Robert Jones,Jaren Holmes,Aljaz Kunc
2022-23,2023-02-08,2499103,31,0,1,West Virginia,Iowa State,Mountaineers,Cyclones,4,4,7,2,5,1689,West Virginia,2152,952,7,Kedrian Johnson makes a jump shot from 14 feet out.,made,FALSE,FALSE,Jump Shot,21.9,18.950000000000003,1082490,Kedrian Johnson,NA,0,West Virginia,Iowa State,14,NA,Tre Mitchell,Erik Stevenson,Kedrian Johnson,Jimmy Bell Jr.,Emmitt Matthews Jr.,Gabe Kalscheur,Caleb Grill,Robert Jones,Jaren Holmes,Aljaz Kunc
2022-23,2023-02-08,2499103,32,0,1,West Virginia,Iowa State,Mountaineers,Cyclones,4,4,7,2,5,1689,West Virginia,2133,933,19,Personal foul committed by Tre Mitchell.,NA,FALSE,FALSE,NA,NA,NA,NA,NA,NA,0,Iowa State,Iowa State,15,NA,Tre Mitchell,Erik Stevenson,Kedrian Johnson,Jimmy Bell Jr.,Emmitt Matthews Jr.,Gabe Kalscheur,Caleb Grill,Robert Jones,Jaren Holmes,Aljaz Kunc
2022-23,2023-02-08,2499103,33,0,1,West Virginia,Iowa State,Mountaineers,Cyclones,4,4,7,2,5,1450,Iowa State,2131,931,2,Gabe Kalscheur misses a 3-point jump shot from 24 feet out.,missed,FALSE,TRUE,Jump Shot,35.3,26.45,1133826,Gabe Kalscheur,NA,0,Iowa State,Iowa State,15,NA,Tre Mitchell,Erik Stevenson,Kedrian Johnson,Jimmy Bell Jr.,Emmitt Matthews Jr.,Gabe Kalscheur,Caleb Grill,Robert Jones,Jaren Holmes,Aljaz Kunc
2022-23,2023-02-08,2499103,34,0,1,West Virginia,Iowa State,Mountaineers,Cyclones,4,4,7,2,5,1689,West Virginia,2131,931,0,Emmitt Matthews Jr. with a defensive rebound.,NA,FALSE,FALSE,NA,NA,NA,NA,NA,NA,0,Iowa State,West Virginia,15,NA,Tre Mitchell,Erik Stevenson,Kedrian Johnson,Jimmy Bell Jr.,Emmitt Matthews Jr.,Gabe Kalscheur,Caleb Grill,Robert Jones,Jaren Holmes,Aljaz Kunc
2022-23,2023-02-08,2499103,35,0,1,West Virginia,Iowa State,Mountaineers,Cyclones,4,4,7,2,5,1689,West Virginia,2122,922,9,Kedrian Johnson misses a layup.,missed,FALSE,FALSE,Layup Shot,25,5.25,1082490,Kedrian Johnson,NA,0,West Virginia,West Virginia,16,NA,Tre Mitchell,Erik Stevenson,Kedrian Johnson,Jimmy Bell Jr.,Emmitt Matthews Jr.,Gabe Kalscheur,Caleb Grill,Robert Jones,Jaren Holmes,Aljaz Kunc
2022-23,2023-02-08,2499103,36,0,1,West Virginia,Iowa State,Mountaineers,Cyclones,4,4,7,2,5,1450,Iowa State,2122,922,0,Gabe Kalscheur with a defensive rebound.,NA,FALSE,FALSE,NA,NA,NA,NA,NA,NA,0,West Virginia,Iowa State,16,NA,Tre Mitchell,Erik Stevenson,Kedrian Johnson,Jimmy Bell Jr.,Emmitt Matthews Jr.,Gabe Kalscheur,Caleb Grill,Robert Jones,Jaren Holmes,Aljaz Kunc
2022-23,2023-02-08,2499103,37,0,1,West Virginia,Iowa State,Mountaineers,Cyclones,4,4,7,4,3,1450,Iowa State,2109,909,13,Aljaz Kunc makes a jump shot from 17 feet out. Jaren Holmes with the assist.,made,FALSE,FALSE,Jump Shot,40.2,13.35,1135178,Aljaz Kunc,Jaren Holmes,0,Iowa State,West Virginia,17,NA,Tre Mitchell,Erik Stevenson,Kedrian Johnson,Jimmy Bell Jr.,Emmitt Matthews Jr.,Gabe Kalscheur,Caleb Grill,Robert Jones,Jaren Holmes,Aljaz Kunc
2022-23,2023-02-08,2499103,38,0,1,West Virginia,Iowa State,Mountaineers,Cyclones,4,4,7,4,3,1450,Iowa State,2094,894,15,Personal foul committed by Robert Jones.,NA,FALSE,FALSE,NA,NA,NA,NA,NA,NA,0,West Virginia,West Virginia,18,NA,Tre Mitchell,Erik Stevenson,Kedrian Johnson,Jimmy Bell Jr.,Emmitt Matthews Jr.,Gabe Kalscheur,Caleb Grill,Robert Jones,Jaren Holmes,Aljaz Kunc
2022-23,2023-02-08,2499103,39,0,1,West Virginia,Iowa State,Mountaineers,Cyclones,4,4,7,4,3,1450,Iowa State,2094,894,0,Substitution: Osun Osunniyi in for Jaren Holmes.,NA,FALSE,FALSE,NA,NA,NA,NA,NA,NA,1,NA,NA,NA,NA,Tre Mitchell,Erik Stevenson,Kedrian Johnson,Jimmy Bell Jr.,Emmitt Matthews Jr.,Gabe Kalscheur,Caleb Grill,Robert Jones,Osun Osunniyi,Aljaz Kunc
2022-23,2023-02-08,2499103,40,0,1,West Virginia,Iowa State,Mountaineers,Cyclones,4,4,7,4,3,1450,Iowa State,2094,894,0,Substitution: Tamin Lipsey in for Robert Jones.,NA,FALSE,FALSE,NA,NA,NA,NA,NA,NA,1,NA,NA,NA,NA,Tre Mitchell,Erik Stevenson,Kedrian Johnson,Jimmy Bell Jr.,Emmitt Matthews Jr.,Gabe Kalscheur,Caleb Grill,Tamin Lipsey,Osun Osunniyi,Aljaz Kunc
2022-23,2023-02-08,2499103,41,0,1,West Virginia,Iowa State,Mountaineers,Cyclones,4,4,10,4,6,1689,West Virginia,2081,881,13,Tre Mitchell makes a 3-point jump shot from 22 feet out. Erik Stevenson with the assist.,made,FALSE,TRUE,Jump Shot,2.799999999999997,8.049999999999997,1175021,Tre Mitchell,Erik Stevenson,0,West Virginia,Iowa State,18,NA,Tre Mitchell,Erik Stevenson,Kedrian Johnson,Jimmy Bell Jr.,Emmitt Matthews Jr.,Gabe Kalscheur,Caleb Grill,Tamin Lipsey,Osun Osunniyi,Aljaz Kunc
2022-23,2023-02-08,2499103,42,0,1,West Virginia,Iowa State,Mountaineers,Cyclones,4,4,10,4,6,1450,Iowa State,2066,866,15,Offensive foul committed by Tamin Lipsey.,NA,FALSE,FALSE,NA,NA,NA,NA,NA,NA,0,Iowa State,Iowa State,19,NA,Tre Mitchell,Erik Stevenson,Kedrian Johnson,Jimmy Bell Jr.,Emmitt Matthews Jr.,Gabe Kalscheur,Caleb Grill,Tamin Lipsey,Osun Osunniyi,Aljaz Kunc
2022-23,2023-02-08,2499103,43,0,1,West Virginia,Iowa State,Mountaineers,Cyclones,4,4,10,4,6,1450,Iowa State,2066,866,0,Tamin Lipsey with a turnover,NA,FALSE,FALSE,NA,NA,NA,NA,NA,NA,0,Iowa State,West Virginia,19,NA,Tre Mitchell,Erik Stevenson,Kedrian Johnson,Jimmy Bell Jr.,Emmitt Matthews Jr.,Gabe Kalscheur,Caleb Grill,Tamin Lipsey,Osun Osunniyi,Aljaz Kunc
2022-23,2023-02-08,2499103,44,0,1,West Virginia,Iowa State,Mountaineers,Cyclones,4,4,12,4,8,1689,West Virginia,2062,862,4,Emmitt Matthews Jr. makes a jump shot from 15 feet out. Tre Mitchell with the assist.,made,FALSE,FALSE,Jump Shot,23.4,19.950000000000003,1134898,Emmitt Matthews Jr.,Tre Mitchell,0,West Virginia,Iowa State,20,NA,Tre Mitchell,Erik Stevenson,Kedrian Johnson,Jimmy Bell Jr.,Emmitt Matthews Jr.,Gabe Kalscheur,Caleb Grill,Tamin Lipsey,Osun Osunniyi,Aljaz Kunc
2022-23,2023-02-08,2499103,45,0,1,West Virginia,Iowa State,Mountaineers,Cyclones,4,4,12,4,8,1450,Iowa State,2050,850,12,Tre Mitchell steals the ball from Tamin Lipsey.,NA,FALSE,FALSE,NA,NA,NA,NA,NA,NA,0,Iowa State,West Virginia,21,NA,Tre Mitchell,Erik Stevenson,Kedrian Johnson,Jimmy Bell Jr.,Emmitt Matthews Jr.,Gabe Kalscheur,Caleb Grill,Tamin Lipsey,Osun Osunniyi,Aljaz Kunc
2022-23,2023-02-08,2499103,46,0,1,West Virginia,Iowa State,Mountaineers,Cyclones,4,4,12,4,8,1689,West Virginia,2042,842,8,Tre Mitchell misses a jump shot from 12 feet out.,missed,FALSE,FALSE,Jump Shot,24.7,16.849999999999994,1175021,Tre Mitchell,NA,0,West Virginia,West Virginia,22,NA,Tre Mitchell,Erik Stevenson,Kedrian Johnson,Jimmy Bell Jr.,Emmitt Matthews Jr.,Gabe Kalscheur,Caleb Grill,Tamin Lipsey,Osun Osunniyi,Aljaz Kunc
2022-23,2023-02-08,2499103,47,0,1,West Virginia,Iowa State,Mountaineers,Cyclones,4,4,12,4,8,1450,Iowa State,2042,842,0,Caleb Grill with a defensive rebound.,NA,FALSE,FALSE,NA,NA,NA,NA,NA,NA,0,West Virginia,Iowa State,22,NA,Tre Mitchell,Erik Stevenson,Kedrian Johnson,Jimmy Bell Jr.,Emmitt Matthews Jr.,Gabe Kalscheur,Caleb Grill,Tamin Lipsey,Osun Osunniyi,Aljaz Kunc
2022-23,2023-02-08,2499103,48,0,1,West Virginia,Iowa State,Mountaineers,Cyclones,4,4,12,4,8,1450,Iowa State,2008,808,34,Substitution: Jaren Holmes in for Caleb Grill.,NA,FALSE,FALSE,NA,NA,NA,NA,NA,NA,1,NA,NA,NA,NA,Tre Mitchell,Erik Stevenson,Kedrian Johnson,Jimmy Bell Jr.,Emmitt Matthews Jr.,Gabe Kalscheur,Jaren Holmes,Tamin Lipsey,Osun Osunniyi,Aljaz Kunc
2022-23,2023-02-08,2499103,49,0,1,West Virginia,Iowa State,Mountaineers,Cyclones,4,4,12,4,8,1689,West Virginia,2008,808,0,Substitution: James Okonkwo in for Jimmy Bell Jr..,NA,FALSE,FALSE,NA,NA,NA,NA,NA,NA,1,NA,NA,NA,NA,Tre Mitchell,Erik Stevenson,Kedrian Johnson,James Okonkwo,Emmitt Matthews Jr.,Gabe Kalscheur,Jaren Holmes,Tamin Lipsey,Osun Osunniyi,Aljaz Kunc
2022-23,2023-02-08,2499103,50,0,1,West Virginia,Iowa State,Mountaineers,Cyclones,4,4,12,4,8,1689,West Virginia,2008,808,0,Substitution: Seth Wilson in for Erik Stevenson.,NA,FALSE,FALSE,NA,NA,NA,NA,NA,NA,1,NA,NA,NA,NA,Tre Mitchell,Seth Wilson,Kedrian Johnson,James Okonkwo,Emmitt Matthews Jr.,Gabe Kalscheur,Jaren Holmes,Tamin Lipsey,Osun Osunniyi,Aljaz Kunc
2022-23,2023-02-08,2499103,51,0,1,West Virginia,Iowa State,Mountaineers,Cyclones,4,4,12,6,6,1450,Iowa State,1997,797,11,Jaren Holmes makes a layup.,made,FALSE,FALSE,Layup Shot,25,5.25,1178146,Jaren Holmes,NA,0,Iowa State,West Virginia,23,NA,Tre Mitchell,Seth Wilson,Kedrian Johnson,James Okonkwo,Emmitt Matthews Jr.,Gabe Kalscheur,Jaren Holmes,Tamin Lipsey,Osun Osunniyi,Aljaz Kunc
2022-23,2023-02-08,2499103,52,0,1,West Virginia,Iowa State,Mountaineers,Cyclones,4,4,14,6,8,1689,West Virginia,1985,785,12,Kedrian Johnson makes a jump shot from 19 feet out.,made,FALSE,FALSE,Jump Shot,37.8,19.150000000000006,1082490,Kedrian Johnson,NA,0,West Virginia,Iowa State,24,NA,Tre Mitchell,Seth Wilson,Kedrian Johnson,James Okonkwo,Emmitt Matthews Jr.,Gabe Kalscheur,Jaren Holmes,Tamin Lipsey,Osun Osunniyi,Aljaz Kunc
2022-23,2023-02-08,2499103,53,0,1,West Virginia,Iowa State,Mountaineers,Cyclones,4,4,14,8,6,1450,Iowa State,1966,766,19,Osun Osunniyi makes a layup.,made,FALSE,FALSE,Layup Shot,26,6.25,1134822,Osun Osunniyi,NA,0,Iowa State,West Virginia,25,NA,Tre Mitchell,Seth Wilson,Kedrian Johnson,James Okonkwo,Emmitt Matthews Jr.,Gabe Kalscheur,Jaren Holmes,Tamin Lipsey,Osun Osunniyi,Aljaz Kunc
2022-23,2023-02-08,2499103,54,0,1,West Virginia,Iowa State,Mountaineers,Cyclones,4,4,14,8,6,1689,West Virginia,1943,743,23,Kedrian Johnson misses a jump shot from 18 feet out.,missed,FALSE,FALSE,Jump Shot,40.7,13.450000000000003,1082490,Kedrian Johnson,NA,0,West Virginia,West Virginia,26,NA,Tre Mitchell,Seth Wilson,Kedrian Johnson,James Okonkwo,Emmitt Matthews Jr.,Gabe Kalscheur,Jaren Holmes,Tamin Lipsey,Osun Osunniyi,Aljaz Kunc
2022-23,2023-02-08,2499103,55,0,1,West Virginia,Iowa State,Mountaineers,Cyclones,4,4,14,8,6,1450,Iowa State,1943,743,0,Jaren Holmes with a defensive rebound.,NA,FALSE,FALSE,NA,NA,NA,NA,NA,NA,0,West Virginia,Iowa State,26,NA,Tre Mitchell,Seth Wilson,Kedrian Johnson,James Okonkwo,Emmitt Matthews Jr.,Gabe Kalscheur,Jaren Holmes,Tamin Lipsey,Osun Osunniyi,Aljaz Kunc
2022-23,2023-02-08,2499103,56,0,1,West Virginia,Iowa State,Mountaineers,Cyclones,4,4,14,8,6,1450,Iowa State,1917,717,26,Aljaz Kunc misses a 3-point jump shot from 25 feet out.,missed,FALSE,TRUE,Jump Shot,43.1,22.15,1135178,Aljaz Kunc,NA,0,Iowa State,Iowa State,27,NA,Tre Mitchell,Seth Wilson,Kedrian Johnson,James Okonkwo,Emmitt Matthews Jr.,Gabe Kalscheur,Jaren Holmes,Tamin Lipsey,Osun Osunniyi,Aljaz Kunc
2022-23,2023-02-08,2499103,57,0,1,West Virginia,Iowa State,Mountaineers,Cyclones,4,4,14,8,6,1689,West Virginia,1917,717,0,James Okonkwo with a defensive rebound.,NA,FALSE,FALSE,NA,NA,NA,NA,NA,NA,0,Iowa State,West Virginia,27,NA,Tre Mitchell,Seth Wilson,Kedrian Johnson,James Okonkwo,Emmitt Matthews Jr.,Gabe Kalscheur,Jaren Holmes,Tamin Lipsey,Osun Osunniyi,Aljaz Kunc
2022-23,2023-02-08,2499103,58,0,1,West Virginia,Iowa State,Mountaineers,Cyclones,4,4,14,8,6,1450,Iowa State,1915,715,2,Personal foul committed by Osun Osunniyi.,NA,FALSE,FALSE,NA,NA,NA,NA,NA,NA,0,West Virginia,West Virginia,28,NA,Tre Mitchell,Seth Wilson,Kedrian Johnson,James Okonkwo,Emmitt Matthews Jr.,Gabe Kalscheur,Jaren Holmes,Tamin Lipsey,Osun Osunniyi,Aljaz Kunc
2022-23,2023-02-08,2499103,59,0,1,West Virginia,Iowa State,Mountaineers,Cyclones,4,4,14,8,6,NA,NA,1915,715,0,Official TV timeout.,NA,FALSE,FALSE,NA,NA,NA,NA,NA,NA,0,NA,NA,NA,NA,Tre Mitchell,Seth Wilson,Kedrian Johnson,James Okonkwo,Emmitt Matthews Jr.,Gabe Kalscheur,Jaren Holmes,Tamin Lipsey,Osun Osunniyi,Aljaz Kunc
2022-23,2023-02-08,2499103,60,0,1,West Virginia,Iowa State,Mountaineers,Cyclones,4,4,14,8,6,1450,Iowa State,1915,715,0,Substitution: Robert Jones in for Osun Osunniyi.,NA,FALSE,FALSE,NA,NA,NA,NA,NA,NA,1,NA,NA,NA,NA,Tre Mitchell,Seth Wilson,Kedrian Johnson,James Okonkwo,Emmitt Matthews Jr.,Gabe Kalscheur,Jaren Holmes,Tamin Lipsey,Robert Jones,Aljaz Kunc
2022-23,2023-02-08,2499103,61,0,1,West Virginia,Iowa State,Mountaineers,Cyclones,4,4,14,8,6,1689,West Virginia,1915,715,0,Substitution: Kobe Johnson in for Emmitt Matthews Jr..,NA,FALSE,FALSE,NA,NA,NA,NA,NA,NA,1,NA,NA,NA,NA,Tre Mitchell,Seth Wilson,Kedrian Johnson,James Okonkwo,Kobe Johnson,Gabe Kalscheur,Jaren Holmes,Tamin Lipsey,Robert Jones,Aljaz Kunc
2022-23,2023-02-08,2499103,62,0,1,West Virginia,Iowa State,Mountaineers,Cyclones,4,4,14,8,6,1689,West Virginia,1915,715,0,Kobe Johnson misses a 3-point jump shot from 24 feet out.,missed,FALSE,TRUE,Jump Shot,42,22.25,1325136,Kobe Johnson,NA,0,West Virginia,West Virginia,28,NA,Tre Mitchell,Seth Wilson,Kedrian Johnson,James Okonkwo,Kobe Johnson,Gabe Kalscheur,Jaren Holmes,Tamin Lipsey,Robert Jones,Aljaz Kunc
2022-23,2023-02-08,2499103,63,0,1,West Virginia,Iowa State,Mountaineers,Cyclones,4,4,14,8,6,1689,West Virginia,1915,715,0,James Okonkwo with an offensive rebound.,NA,FALSE,FALSE,NA,NA,NA,NA,NA,NA,0,West Virginia,West Virginia,28,NA,Tre Mitchell,Seth Wilson,Kedrian Johnson,James Okonkwo,Kobe Johnson,Gabe Kalscheur,Jaren Holmes,Tamin Lipsey,Robert Jones,Aljaz Kunc
2022-23,2023-02-08,2499103,64,0,1,West Virginia,Iowa State,Mountaineers,Cyclones,4,4,17,8,9,1689,West Virginia,1890,690,25,Seth Wilson makes a 3-point jump shot from 25 feet out. Kedrian Johnson with the assist.,made,FALSE,TRUE,Jump Shot,24.4,30.35,1325141,Seth Wilson,Kedrian Johnson,0,West Virginia,Iowa State,28,NA,Tre Mitchell,Seth Wilson,Kedrian Johnson,James Okonkwo,Kobe Johnson,Gabe Kalscheur,Jaren Holmes,Tamin Lipsey,Robert Jones,Aljaz Kunc
2022-23,2023-02-08,2499103,65,0,1,West Virginia,Iowa State,Mountaineers,Cyclones,4,4,17,8,9,1450,Iowa State,1873,673,17,James Okonkwo blocks a Robert Jones layup.,missed,FALSE,FALSE,Layup Shot,26,6.25,1176686,Robert Jones,NA,0,Iowa State,Iowa State,29,NA,Tre Mitchell,Seth Wilson,Kedrian Johnson,James Okonkwo,Kobe Johnson,Gabe Kalscheur,Jaren Holmes,Tamin Lipsey,Robert Jones,Aljaz Kunc
2022-23,2023-02-08,2499103,66,0,1,West Virginia,Iowa State,Mountaineers,Cyclones,4,4,17,8,9,1689,West Virginia,1873,673,0,James Okonkwo with a defensive rebound.,NA,FALSE,FALSE,NA,NA,NA,NA,NA,NA,0,Iowa State,West Virginia,29,NA,Tre Mitchell,Seth Wilson,Kedrian Johnson,James Okonkwo,Kobe Johnson,Gabe Kalscheur,Jaren Holmes,Tamin Lipsey,Robert Jones,Aljaz Kunc
2022-23,2023-02-08,2499103,67,0,1,West Virginia,Iowa State,Mountaineers,Cyclones,4,4,17,8,9,1450,Iowa State,1873,673,0,Substitution: Caleb Grill in for Gabe Kalscheur.,NA,FALSE,FALSE,NA,NA,NA,NA,NA,NA,1,NA,NA,NA,NA,Tre Mitchell,Seth Wilson,Kedrian Johnson,James Okonkwo,Kobe Johnson,Caleb Grill,Jaren Holmes,Tamin Lipsey,Robert Jones,Aljaz Kunc
2022-23,2023-02-08,2499103,68,0,1,West Virginia,Iowa State,Mountaineers,Cyclones,4,4,17,8,9,1689,West Virginia,1868,668,5,Aljaz Kunc steals the ball from Kobe Johnson.,NA,FALSE,FALSE,NA,NA,NA,NA,NA,NA,0,West Virginia,Iowa State,30,NA,Tre Mitchell,Seth Wilson,Kedrian Johnson,James Okonkwo,Kobe Johnson,Caleb Grill,Jaren Holmes,Tamin Lipsey,Robert Jones,Aljaz Kunc
2022-23,2023-02-08,2499103,69,0,1,West Virginia,Iowa State,Mountaineers,Cyclones,4,4,17,11,6,1450,Iowa State,1844,644,24,Jaren Holmes makes a 3-point jump shot from 24 feet out.,made,FALSE,TRUE,Jump Shot,20,28.45,1178146,Jaren Holmes,NA,0,Iowa State,West Virginia,31,NA,Tre Mitchell,Seth Wilson,Kedrian Johnson,James Okonkwo,Kobe Johnson,Caleb Grill,Jaren Holmes,Tamin Lipsey,Robert Jones,Aljaz Kunc
2022-23,2023-02-08,2499103,70,0,1,West Virginia,Iowa State,Mountaineers,Cyclones,4,4,17,11,6,1450,Iowa State,1823,623,21,Substitution: Tre King in for Aljaz Kunc.,NA,FALSE,FALSE,NA,NA,NA,NA,NA,NA,1,NA,NA,NA,NA,Tre Mitchell,Seth Wilson,Kedrian Johnson,James Okonkwo,Kobe Johnson,Caleb Grill,Jaren Holmes,Tamin Lipsey,Robert Jones,Tre King
2022-23,2023-02-08,2499103,71,0,1,West Virginia,Iowa State,Mountaineers,Cyclones,4,4,17,11,6,1450,Iowa State,1823,623,0,Shooting foul committed by Robert Jones.,NA,FALSE,FALSE,NA,NA,NA,NA,NA,NA,0,West Virginia,West Virginia,32,NA,Tre Mitchell,Seth Wilson,Kedrian Johnson,James Okonkwo,Kobe Johnson,Caleb Grill,Jaren Holmes,Tamin Lipsey,Robert Jones,Tre King
2022-23,2023-02-08,2499103,72,0,1,West Virginia,Iowa State,Mountaineers,Cyclones,4,4,18,11,7,1689,West Virginia,1823,623,0,James Okonkwo makes free throw 1st of 1-and-1.,made,TRUE,FALSE,NA,NA,NA,NA,NA,NA,0,West Virginia,West Virginia,32,NA,Tre Mitchell,Seth Wilson,Kedrian Johnson,James Okonkwo,Kobe Johnson,Caleb Grill,Jaren Holmes,Tamin Lipsey,Robert Jones,Tre King
2022-23,2023-02-08,2499103,73,0,1,West Virginia,Iowa State,Mountaineers,Cyclones,4,4,18,11,7,1450,Iowa State,1823,623,0,Substitution: Hason Ward in for Robert Jones.,NA,FALSE,FALSE,NA,NA,NA,NA,NA,NA,1,NA,NA,NA,NA,Tre Mitchell,Seth Wilson,Kedrian Johnson,James Okonkwo,Kobe Johnson,Caleb Grill,Jaren Holmes,Tamin Lipsey,Hason Ward,Tre King
2022-23,2023-02-08,2499103,74,0,1,West Virginia,Iowa State,Mountaineers,Cyclones,4,4,19,11,8,1689,West Virginia,1823,623,0,James Okonkwo makes free throw 2nd of 1-and-1.,made,TRUE,FALSE,NA,NA,NA,NA,NA,NA,0,West Virginia,Iowa State,32,NA,Tre Mitchell,Seth Wilson,Kedrian Johnson,James Okonkwo,Kobe Johnson,Caleb Grill,Jaren Holmes,Tamin Lipsey,Hason Ward,Tre King
2022-23,2023-02-08,2499103,75,0,1,West Virginia,Iowa State,Mountaineers,Cyclones,4,4,19,11,8,1450,Iowa State,1799,599,24,Tamin Lipsey misses a 3-point jump shot from 24 feet out.,missed,FALSE,TRUE,Jump Shot,4.800000000000001,18.95,1402846,Tamin Lipsey,NA,0,Iowa State,Iowa State,33,NA,Tre Mitchell,Seth Wilson,Kedrian Johnson,James Okonkwo,Kobe Johnson,Caleb Grill,Jaren Holmes,Tamin Lipsey,Hason Ward,Tre King
2022-23,2023-02-08,2499103,76,0,1,West Virginia,Iowa State,Mountaineers,Cyclones,4,4,19,11,8,1450,Iowa State,1799,599,0,Hason Ward with an offensive rebound.,NA,FALSE,FALSE,NA,NA,NA,NA,NA,NA,0,Iowa State,Iowa State,33,NA,Tre Mitchell,Seth Wilson,Kedrian Johnson,James Okonkwo,Kobe Johnson,Caleb Grill,Jaren Holmes,Tamin Lipsey,Hason Ward,Tre King
2022-23,2023-02-08,2499103,77,0,1,West Virginia,Iowa State,Mountaineers,Cyclones,4,4,19,11,8,1450,Iowa State,1790,590,9,Hason Ward misses a layup.,missed,FALSE,FALSE,Layup Shot,26,6.25,1178187,Hason Ward,NA,0,Iowa State,Iowa State,33,NA,Tre Mitchell,Seth Wilson,Kedrian Johnson,James Okonkwo,Kobe Johnson,Caleb Grill,Jaren Holmes,Tamin Lipsey,Hason Ward,Tre King
2022-23,2023-02-08,2499103,78,0,1,West Virginia,Iowa State,Mountaineers,Cyclones,4,4,19,11,8,1689,West Virginia,1790,590,0,James Okonkwo with a defensive rebound.,NA,FALSE,FALSE,NA,NA,NA,NA,NA,NA,0,Iowa State,West Virginia,33,NA,Tre Mitchell,Seth Wilson,Kedrian Johnson,James Okonkwo,Kobe Johnson,Caleb Grill,Jaren Holmes,Tamin Lipsey,Hason Ward,Tre King
2022-23,2023-02-08,2499103,79,0,1,West Virginia,Iowa State,Mountaineers,Cyclones,4,4,19,11,8,1689,West Virginia,1780,580,10,Offensive foul committed by Kedrian Johnson.,NA,FALSE,FALSE,NA,NA,NA,NA,NA,NA,0,West Virginia,West Virginia,34,NA,Tre Mitchell,Seth Wilson,Kedrian Johnson,James Okonkwo,Kobe Johnson,Caleb Grill,Jaren Holmes,Tamin Lipsey,Hason Ward,Tre King
2022-23,2023-02-08,2499103,80,0,1,West Virginia,Iowa State,Mountaineers,Cyclones,4,4,19,11,8,1689,West Virginia,1780,580,0,Kedrian Johnson with a turnover,NA,FALSE,FALSE,NA,NA,NA,NA,NA,NA,0,West Virginia,Iowa State,34,NA,Tre Mitchell,Seth Wilson,Kedrian Johnson,James Okonkwo,Kobe Johnson,Caleb Grill,Jaren Holmes,Tamin Lipsey,Hason Ward,Tre King
2022-23,2023-02-08,2499103,81,0,1,West Virginia,Iowa State,Mountaineers,Cyclones,4,4,19,11,8,1689,West Virginia,1771,571,9,Personal foul committed by Seth Wilson.,NA,FALSE,FALSE,NA,NA,NA,NA,NA,NA,0,Iowa State,Iowa State,35,NA,Tre Mitchell,Seth Wilson,Kedrian Johnson,James Okonkwo,Kobe Johnson,Caleb Grill,Jaren Holmes,Tamin Lipsey,Hason Ward,Tre King
2022-23,2023-02-08,2499103,82,0,1,West Virginia,Iowa State,Mountaineers,Cyclones,4,4,19,11,8,1689,West Virginia,1771,571,0,Substitution: Erik Stevenson in for Seth Wilson.,NA,FALSE,FALSE,NA,NA,NA,NA,NA,NA,1,NA,NA,NA,NA,Tre Mitchell,Erik Stevenson,Kedrian Johnson,James Okonkwo,Kobe Johnson,Caleb Grill,Jaren Holmes,Tamin Lipsey,Hason Ward,Tre King
2022-23,2023-02-08,2499103,83,0,1,West Virginia,Iowa State,Mountaineers,Cyclones,4,4,19,11,8,1689,West Virginia,1771,571,0,Substitution: Joe Toussaint in for Kobe Johnson.,NA,FALSE,FALSE,NA,NA,NA,NA,NA,NA,1,NA,NA,NA,NA,Tre Mitchell,Erik Stevenson,Kedrian Johnson,James Okonkwo,Joe Toussaint,Caleb Grill,Jaren Holmes,Tamin Lipsey,Hason Ward,Tre King
2022-23,2023-02-08,2499103,84,0,1,West Virginia,Iowa State,Mountaineers,Cyclones,4,4,19,11,8,1450,Iowa State,1771,571,0,Substitution: Gabe Kalscheur in for Tamin Lipsey.,NA,FALSE,FALSE,NA,NA,NA,NA,NA,NA,1,NA,NA,NA,NA,Tre Mitchell,Erik Stevenson,Kedrian Johnson,James Okonkwo,Joe Toussaint,Caleb Grill,Jaren Holmes,Gabe Kalscheur,Hason Ward,Tre King
2022-23,2023-02-08,2499103,85,0,1,West Virginia,Iowa State,Mountaineers,Cyclones,4,4,19,11,8,1450,Iowa State,1760,560,11,Hason Ward misses a layup.,missed,FALSE,FALSE,Layup Shot,26,6.25,1178187,Hason Ward,NA,0,Iowa State,Iowa State,35,NA,Tre Mitchell,Erik Stevenson,Kedrian Johnson,James Okonkwo,Joe Toussaint,Caleb Grill,Jaren Holmes,Gabe Kalscheur,Hason Ward,Tre King
2022-23,2023-02-08,2499103,86,0,1,West Virginia,Iowa State,Mountaineers,Cyclones,4,4,19,11,8,1689,West Virginia,1760,560,0,James Okonkwo with a defensive rebound.,NA,FALSE,FALSE,NA,NA,NA,NA,NA,NA,0,Iowa State,West Virginia,35,NA,Tre Mitchell,Erik Stevenson,Kedrian Johnson,James Okonkwo,Joe Toussaint,Caleb Grill,Jaren Holmes,Gabe Kalscheur,Hason Ward,Tre King
2022-23,2023-02-08,2499103,87,0,1,West Virginia,Iowa State,Mountaineers,Cyclones,4,4,19,11,8,1689,West Virginia,1735,535,25,Erik Stevenson misses a 3-point jump shot from 25 feet out.,missed,FALSE,TRUE,Jump Shot,12,26.049999999999997,1132913,Erik Stevenson,NA,0,West Virginia,West Virginia,36,NA,Tre Mitchell,Erik Stevenson,Kedrian Johnson,James Okonkwo,Joe Toussaint,Caleb Grill,Jaren Holmes,Gabe Kalscheur,Hason Ward,Tre King
2022-23,2023-02-08,2499103,88,0,1,West Virginia,Iowa State,Mountaineers,Cyclones,4,4,19,11,8,1450,Iowa State,1735,535,0,Hason Ward with a defensive rebound.,NA,FALSE,FALSE,NA,NA,NA,NA,NA,NA,0,West Virginia,Iowa State,36,NA,Tre Mitchell,Erik Stevenson,Kedrian Johnson,James Okonkwo,Joe Toussaint,Caleb Grill,Jaren Holmes,Gabe Kalscheur,Hason Ward,Tre King
2022-23,2023-02-08,2499103,89,0,1,West Virginia,Iowa State,Mountaineers,Cyclones,4,4,19,11,8,1450,Iowa State,1708,508,27,James Okonkwo blocks a Jaren Holmes layup.,missed,FALSE,FALSE,Layup Shot,26,6.25,1178146,Jaren Holmes,NA,0,Iowa State,Iowa State,37,NA,Tre Mitchell,Erik Stevenson,Kedrian Johnson,James Okonkwo,Joe Toussaint,Caleb Grill,Jaren Holmes,Gabe Kalscheur,Hason Ward,Tre King
2022-23,2023-02-08,2499103,90,0,1,West Virginia,Iowa State,Mountaineers,Cyclones,4,4,19,11,8,1450,Iowa State,1708,508,0,Jaren Holmes with an offensive rebound.,NA,FALSE,FALSE,NA,NA,NA,NA,NA,NA,0,Iowa State,Iowa State,37,NA,Tre Mitchell,Erik Stevenson,Kedrian Johnson,James Okonkwo,Joe Toussaint,Caleb Grill,Jaren Holmes,Gabe Kalscheur,Hason Ward,Tre King
2022-23,2023-02-08,2499103,91,0,1,West Virginia,Iowa State,Mountaineers,Cyclones,4,4,19,13,6,1450,Iowa State,1701,501,7,Hason Ward dunks. Jaren Holmes with the assist.,made,FALSE,FALSE,Dunk Shot,25,5.25,1178187,Hason Ward,Jaren Holmes,0,Iowa State,West Virginia,37,NA,Tre Mitchell,Erik Stevenson,Kedrian Johnson,James Okonkwo,Joe Toussaint,Caleb Grill,Jaren Holmes,Gabe Kalscheur,Hason Ward,Tre King
2022-23,2023-02-08,2499103,92,0,1,West Virginia,Iowa State,Mountaineers,Cyclones,4,4,19,13,6,1450,Iowa State,1675,475,26,Personal foul committed by Caleb Grill.,NA,FALSE,FALSE,NA,NA,NA,NA,NA,NA,0,West Virginia,West Virginia,38,NA,Tre Mitchell,Erik Stevenson,Kedrian Johnson,James Okonkwo,Joe Toussaint,Caleb Grill,Jaren Holmes,Gabe Kalscheur,Hason Ward,Tre King
2022-23,2023-02-08,2499103,93,0,1,West Virginia,Iowa State,Mountaineers,Cyclones,4,4,19,13,6,NA,NA,1675,475,0,Official TV timeout.,NA,FALSE,FALSE,NA,NA,NA,NA,NA,NA,0,NA,NA,NA,NA,Tre Mitchell,Erik Stevenson,Kedrian Johnson,James Okonkwo,Joe Toussaint,Caleb Grill,Jaren Holmes,Gabe Kalscheur,Hason Ward,Tre King
2022-23,2023-02-08,2499103,94,0,1,West Virginia,Iowa State,Mountaineers,Cyclones,4,4,19,13,6,1450,Iowa State,1675,475,0,Substitution: Aljaz Kunc in for Hason Ward.,NA,FALSE,FALSE,NA,NA,NA,NA,NA,NA,1,NA,NA,NA,NA,Tre Mitchell,Erik Stevenson,Kedrian Johnson,James Okonkwo,Joe Toussaint,Caleb Grill,Jaren Holmes,Gabe Kalscheur,Aljaz Kunc,Tre King
2022-23,2023-02-08,2499103,95,0,1,West Virginia,Iowa State,Mountaineers,Cyclones,4,4,19,13,6,1689,West Virginia,1675,475,0,Substitution: Mohamed Wague in for James Okonkwo.,NA,FALSE,FALSE,NA,NA,NA,NA,NA,NA,1,NA,NA,NA,NA,Tre Mitchell,Erik Stevenson,Kedrian Johnson,Mohamed Wague,Joe Toussaint,Caleb Grill,Jaren Holmes,Gabe Kalscheur,Aljaz Kunc,Tre King
2022-23,2023-02-08,2499103,96,0,1,West Virginia,Iowa State,Mountaineers,Cyclones,4,4,19,13,6,1689,West Virginia,1675,475,0,Tre Mitchell misses free throw 1st of 1-and-1.,missed,TRUE,FALSE,NA,NA,NA,NA,NA,NA,0,West Virginia,West Virginia,38,NA,Tre Mitchell,Erik Stevenson,Kedrian Johnson,Mohamed Wague,Joe Toussaint,Caleb Grill,Jaren Holmes,Gabe Kalscheur,Aljaz Kunc,Tre King
2022-23,2023-02-08,2499103,97,0,1,West Virginia,Iowa State,Mountaineers,Cyclones,4,4,19,13,6,1450,Iowa State,1675,475,0,Caleb Grill with a defensive rebound.,NA,FALSE,FALSE,NA,NA,NA,NA,NA,NA,0,West Virginia,Iowa State,38,NA,Tre Mitchell,Erik Stevenson,Kedrian Johnson,Mohamed Wague,Joe Toussaint,Caleb Grill,Jaren Holmes,Gabe Kalscheur,Aljaz Kunc,Tre King
2022-23,2023-02-08,2499103,98,0,1,West Virginia,Iowa State,Mountaineers,Cyclones,4,4,19,13,6,1689,West Virginia,1660,460,15,Personal foul committed by Erik Stevenson.,NA,FALSE,FALSE,NA,NA,NA,NA,NA,NA,0,Iowa State,Iowa State,39,NA,Tre Mitchell,Erik Stevenson,Kedrian Johnson,Mohamed Wague,Joe Toussaint,Caleb Grill,Jaren Holmes,Gabe Kalscheur,Aljaz Kunc,Tre King
2022-23,2023-02-08,2499103,99,0,1,West Virginia,Iowa State,Mountaineers,Cyclones,4,4,19,13,6,1450,Iowa State,1644,444,16,Tre King with a turnover - Traveling,NA,FALSE,FALSE,NA,NA,NA,NA,NA,NA,0,Iowa State,West Virginia,39,NA,Tre Mitchell,Erik Stevenson,Kedrian Johnson,Mohamed Wague,Joe Toussaint,Caleb Grill,Jaren Holmes,Gabe Kalscheur,Aljaz Kunc,Tre King
2022-23,2023-02-08,2499103,100,0,1,West Virginia,Iowa State,Mountaineers,Cyclones,4,4,22,13,9,1689,West Virginia,1632,432,12,Kedrian Johnson makes a 3-point jump shot from 24 feet out. Joe Toussaint with the assist.,made,FALSE,TRUE,Jump Shot,6.899999999999999,20.650000000000006,1082490,Kedrian Johnson,Joe Toussaint,0,West Virginia,Iowa State,40,NA,Tre Mitchell,Erik Stevenson,Kedrian Johnson,Mohamed Wague,Joe Toussaint,Caleb Grill,Jaren Holmes,Gabe Kalscheur,Aljaz Kunc,Tre King
2022-23,2023-02-08,2499103,101,0,1,West Virginia,Iowa State,Mountaineers,Cyclones,4,4,22,13,9,1450,Iowa State,1617,417,15,Jaren Holmes misses a 3-point jump shot from 25 feet out.,missed,FALSE,TRUE,Jump Shot,9.4,25.35,1178146,Jaren Holmes,NA,0,Iowa State,Iowa State,41,NA,Tre Mitchell,Erik Stevenson,Kedrian Johnson,Mohamed Wague,Joe Toussaint,Caleb Grill,Jaren Holmes,Gabe Kalscheur,Aljaz Kunc,Tre King
2022-23,2023-02-08,2499103,102,0,1,West Virginia,Iowa State,Mountaineers,Cyclones,4,4,22,13,9,1689,West Virginia,1617,417,0,Mohamed Wague with a defensive rebound.,NA,FALSE,FALSE,NA,NA,NA,NA,NA,NA,0,Iowa State,West Virginia,41,NA,Tre Mitchell,Erik Stevenson,Kedrian Johnson,Mohamed Wague,Joe Toussaint,Caleb Grill,Jaren Holmes,Gabe Kalscheur,Aljaz Kunc,Tre King
2022-23,2023-02-08,2499103,103,0,1,West Virginia,Iowa State,Mountaineers,Cyclones,4,4,25,13,12,1689,West Virginia,1595,395,22,Tre Mitchell makes a 3-point jump shot from 24 feet out. Erik Stevenson with the assist.,made,FALSE,TRUE,Jump Shot,1.6000000000000014,9.450000000000003,1175021,Tre Mitchell,Erik Stevenson,0,West Virginia,Iowa State,42,NA,Tre Mitchell,Erik Stevenson,Kedrian Johnson,Mohamed Wague,Joe Toussaint,Caleb Grill,Jaren Holmes,Gabe Kalscheur,Aljaz Kunc,Tre King
2022-23,2023-02-08,2499103,104,0,1,West Virginia,Iowa State,Mountaineers,Cyclones,4,4,25,13,12,1450,Iowa State,1566,366,29,Gabe Kalscheur with a turnover - Bad Pass,NA,FALSE,FALSE,NA,NA,NA,NA,NA,NA,0,Iowa State,West Virginia,43,NA,Tre Mitchell,Erik Stevenson,Kedrian Johnson,Mohamed Wague,Joe Toussaint,Caleb Grill,Jaren Holmes,Gabe Kalscheur,Aljaz Kunc,Tre King
2022-23,2023-02-08,2499103,105,0,1,West Virginia,Iowa State,Mountaineers,Cyclones,4,3,25,13,12,1450,Iowa State,1566,366,0,Cyclones take a 30-second timeout.,NA,FALSE,FALSE,NA,NA,NA,NA,NA,NA,0,NA,NA,NA,NA,Tre Mitchell,Erik Stevenson,Kedrian Johnson,Mohamed Wague,Joe Toussaint,Caleb Grill,Jaren Holmes,Gabe Kalscheur,Aljaz Kunc,Tre King
2022-23,2023-02-08,2499103,106,0,1,West Virginia,Iowa State,Mountaineers,Cyclones,4,3,25,13,12,1450,Iowa State,1563,363,3,Substitution: Osun Osunniyi in for Tre King.,NA,FALSE,FALSE,NA,NA,NA,NA,NA,NA,1,NA,NA,NA,NA,Tre Mitchell,Erik Stevenson,Kedrian Johnson,Mohamed Wague,Joe Toussaint,Caleb Grill,Jaren Holmes,Gabe Kalscheur,Aljaz Kunc,Osun Osunniyi
2022-23,2023-02-08,2499103,107,0,1,West Virginia,Iowa State,Mountaineers,Cyclones,4,3,25,13,12,1689,West Virginia,1559,359,4,Tre Mitchell misses a 3-point jump shot from 25 feet out.,missed,FALSE,TRUE,Jump Shot,13,27.450000000000003,1175021,Tre Mitchell,NA,0,West Virginia,West Virginia,44,NA,Tre Mitchell,Erik Stevenson,Kedrian Johnson,Mohamed Wague,Joe Toussaint,Caleb Grill,Jaren Holmes,Gabe Kalscheur,Aljaz Kunc,Osun Osunniyi
2022-23,2023-02-08,2499103,108,0,1,West Virginia,Iowa State,Mountaineers,Cyclones,4,3,25,13,12,1450,Iowa State,1559,359,0,Aljaz Kunc with a defensive rebound.,NA,FALSE,FALSE,NA,NA,NA,NA,NA,NA,0,West Virginia,Iowa State,44,NA,Tre Mitchell,Erik Stevenson,Kedrian Johnson,Mohamed Wague,Joe Toussaint,Caleb Grill,Jaren Holmes,Gabe Kalscheur,Aljaz Kunc,Osun Osunniyi
2022-23,2023-02-08,2499103,109,0,1,West Virginia,Iowa State,Mountaineers,Cyclones,4,3,25,13,12,1450,Iowa State,1529,329,30,Offensive foul committed by Caleb Grill.,NA,FALSE,FALSE,NA,NA,NA,NA,NA,NA,0,Iowa State,Iowa State,45,NA,Tre Mitchell,Erik Stevenson,Kedrian Johnson,Mohamed Wague,Joe Toussaint,Caleb Grill,Jaren Holmes,Gabe Kalscheur,Aljaz Kunc,Osun Osunniyi
2022-23,2023-02-08,2499103,110,0,1,West Virginia,Iowa State,Mountaineers,Cyclones,4,3,25,13,12,1450,Iowa State,1529,329,0,Caleb Grill with a turnover,NA,FALSE,FALSE,NA,NA,NA,NA,NA,NA,0,Iowa State,West Virginia,45,NA,Tre Mitchell,Erik Stevenson,Kedrian Johnson,Mohamed Wague,Joe Toussaint,Caleb Grill,Jaren Holmes,Gabe Kalscheur,Aljaz Kunc,Osun Osunniyi
2022-23,2023-02-08,2499103,111,0,1,West Virginia,Iowa State,Mountaineers,Cyclones,4,3,25,13,12,1689,West Virginia,1529,329,0,Substitution: Jimmy Bell Jr. in for Mohamed Wague.,NA,FALSE,FALSE,NA,NA,NA,NA,NA,NA,1,NA,NA,NA,NA,Tre Mitchell,Erik Stevenson,Kedrian Johnson,Jimmy Bell Jr.,Joe Toussaint,Caleb Grill,Jaren Holmes,Gabe Kalscheur,Aljaz Kunc,Osun Osunniyi
2022-23,2023-02-08,2499103,112,0,1,West Virginia,Iowa State,Mountaineers,Cyclones,4,3,25,13,12,1450,Iowa State,1529,329,0,Substitution: Tamin Lipsey in for Caleb Grill.,NA,FALSE,FALSE,NA,NA,NA,NA,NA,NA,1,NA,NA,NA,NA,Tre Mitchell,Erik Stevenson,Kedrian Johnson,Jimmy Bell Jr.,Joe Toussaint,Tamin Lipsey,Jaren Holmes,Gabe Kalscheur,Aljaz Kunc,Osun Osunniyi
2022-23,2023-02-08,2499103,113,0,1,West Virginia,Iowa State,Mountaineers,Cyclones,4,3,25,13,12,1689,West Virginia,1517,317,12,Joe Toussaint misses a 3-point jump shot from 23 feet out.,missed,FALSE,TRUE,Jump Shot,3.5,13.849999999999994,1193954,Joe Toussaint,NA,0,West Virginia,West Virginia,46,NA,Tre Mitchell,Erik Stevenson,Kedrian Johnson,Jimmy Bell Jr.,Joe Toussaint,Tamin Lipsey,Jaren Holmes,Gabe Kalscheur,Aljaz Kunc,Osun Osunniyi
2022-23,2023-02-08,2499103,114,0,1,West Virginia,Iowa State,Mountaineers,Cyclones,4,3,25,13,12,1450,Iowa State,1517,317,0,Aljaz Kunc with a defensive rebound.,NA,FALSE,FALSE,NA,NA,NA,NA,NA,NA,0,West Virginia,Iowa State,46,NA,Tre Mitchell,Erik Stevenson,Kedrian Johnson,Jimmy Bell Jr.,Joe Toussaint,Tamin Lipsey,Jaren Holmes,Gabe Kalscheur,Aljaz Kunc,Osun Osunniyi
2022-23,2023-02-08,2499103,115,0,1,West Virginia,Iowa State,Mountaineers,Cyclones,4,3,25,13,12,1450,Iowa State,1490,290,27,Jaren Holmes misses a jump shot from 9 feet out.,missed,FALSE,FALSE,Jump Shot,25.3,14.55,1178146,Jaren Holmes,NA,0,Iowa State,Iowa State,47,NA,Tre Mitchell,Erik Stevenson,Kedrian Johnson,Jimmy Bell Jr.,Joe Toussaint,Tamin Lipsey,Jaren Holmes,Gabe Kalscheur,Aljaz Kunc,Osun Osunniyi
2022-23,2023-02-08,2499103,116,0,1,West Virginia,Iowa State,Mountaineers,Cyclones,4,3,25,13,12,1689,West Virginia,1490,290,0,Jimmy Bell Jr. with a defensive rebound.,NA,FALSE,FALSE,NA,NA,NA,NA,NA,NA,0,Iowa State,West Virginia,47,NA,Tre Mitchell,Erik Stevenson,Kedrian Johnson,Jimmy Bell Jr.,Joe Toussaint,Tamin Lipsey,Jaren Holmes,Gabe Kalscheur,Aljaz Kunc,Osun Osunniyi
2022-23,2023-02-08,2499103,117,0,1,West Virginia,Iowa State,Mountaineers,Cyclones,4,3,28,13,15,1689,West Virginia,1478,278,12,Tre Mitchell makes a 3-point jump shot from 24 feet out. Joe Toussaint with the assist.,made,FALSE,TRUE,Jump Shot,42.9,21.849999999999994,1175021,Tre Mitchell,Joe Toussaint,0,West Virginia,Iowa State,48,NA,Tre Mitchell,Erik Stevenson,Kedrian Johnson,Jimmy Bell Jr.,Joe Toussaint,Tamin Lipsey,Jaren Holmes,Gabe Kalscheur,Aljaz Kunc,Osun Osunniyi
2022-23,2023-02-08,2499103,118,0,1,West Virginia,Iowa State,Mountaineers,Cyclones,4,3,28,15,13,1450,Iowa State,1456,256,22,Tamin Lipsey makes a jump shot from 11 feet out.,made,FALSE,FALSE,Jump Shot,25.8,16.55,1402846,Tamin Lipsey,NA,0,Iowa State,West Virginia,49,NA,Tre Mitchell,Erik Stevenson,Kedrian Johnson,Jimmy Bell Jr.,Joe Toussaint,Tamin Lipsey,Jaren Holmes,Gabe Kalscheur,Aljaz Kunc,Osun Osunniyi
2022-23,2023-02-08,2499103,119,0,1,West Virginia,Iowa State,Mountaineers,Cyclones,4,3,28,15,13,1689,West Virginia,1449,249,7,Tamin Lipsey steals the ball from Kedrian Johnson.,NA,FALSE,FALSE,NA,NA,NA,NA,NA,NA,0,West Virginia,Iowa State,50,NA,Tre Mitchell,Erik Stevenson,Kedrian Johnson,Jimmy Bell Jr.,Joe Toussaint,Tamin Lipsey,Jaren Holmes,Gabe Kalscheur,Aljaz Kunc,Osun Osunniyi
2022-23,2023-02-08,2499103,120,0,1,West Virginia,Iowa State,Mountaineers,Cyclones,4,3,28,17,11,1450,Iowa State,1439,239,10,Tamin Lipsey makes a layup.,made,FALSE,FALSE,Layup Shot,25,5.25,1402846,Tamin Lipsey,NA,0,Iowa State,West Virginia,51,NA,Tre Mitchell,Erik Stevenson,Kedrian Johnson,Jimmy Bell Jr.,Joe Toussaint,Tamin Lipsey,Jaren Holmes,Gabe Kalscheur,Aljaz Kunc,Osun Osunniyi
2022-23,2023-02-08,2499103,121,0,1,West Virginia,Iowa State,Mountaineers,Cyclones,4,3,28,17,11,1450,Iowa State,1417,217,22,Personal foul committed by Tamin Lipsey.,NA,FALSE,FALSE,NA,NA,NA,NA,NA,NA,0,West Virginia,West Virginia,52,NA,Tre Mitchell,Erik Stevenson,Kedrian Johnson,Jimmy Bell Jr.,Joe Toussaint,Tamin Lipsey,Jaren Holmes,Gabe Kalscheur,Aljaz Kunc,Osun Osunniyi
2022-23,2023-02-08,2499103,122,0,1,West Virginia,Iowa State,Mountaineers,Cyclones,4,3,28,17,11,NA,NA,1417,217,0,Official TV timeout.,NA,FALSE,FALSE,NA,NA,NA,NA,NA,NA,0,NA,NA,NA,NA,Tre Mitchell,Erik Stevenson,Kedrian Johnson,Jimmy Bell Jr.,Joe Toussaint,Tamin Lipsey,Jaren Holmes,Gabe Kalscheur,Aljaz Kunc,Osun Osunniyi
2022-23,2023-02-08,2499103,123,0,1,West Virginia,Iowa State,Mountaineers,Cyclones,4,3,28,17,11,1450,Iowa State,1417,217,0,Substitution: Caleb Grill in for Aljaz Kunc.,NA,FALSE,FALSE,NA,NA,NA,NA,NA,NA,1,NA,NA,NA,NA,Tre Mitchell,Erik Stevenson,Kedrian Johnson,Jimmy Bell Jr.,Joe Toussaint,Tamin Lipsey,Jaren Holmes,Gabe Kalscheur,Caleb Grill,Osun Osunniyi
2022-23,2023-02-08,2499103,124,0,1,West Virginia,Iowa State,Mountaineers,Cyclones,4,3,29,17,12,1689,West Virginia,1417,217,0,Joe Toussaint makes free throw 1 of 2.,made,TRUE,FALSE,NA,NA,NA,NA,NA,NA,0,West Virginia,West Virginia,52,NA,Tre Mitchell,Erik Stevenson,Kedrian Johnson,Jimmy Bell Jr.,Joe Toussaint,Tamin Lipsey,Jaren Holmes,Gabe Kalscheur,Caleb Grill,Osun Osunniyi
2022-23,2023-02-08,2499103,125,0,1,West Virginia,Iowa State,Mountaineers,Cyclones,4,3,30,17,13,1689,West Virginia,1417,217,0,Joe Toussaint makes free throw 2 of 2.,made,TRUE,FALSE,NA,NA,NA,NA,NA,NA,0,West Virginia,Iowa State,52,NA,Tre Mitchell,Erik Stevenson,Kedrian Johnson,Jimmy Bell Jr.,Joe Toussaint,Tamin Lipsey,Jaren Holmes,Gabe Kalscheur,Caleb Grill,Osun Osunniyi
2022-23,2023-02-08,2499103,126,0,1,West Virginia,Iowa State,Mountaineers,Cyclones,4,3,30,17,13,1689,West Virginia,1400,200,17,Shooting foul committed by Joe Toussaint.,NA,FALSE,FALSE,NA,NA,NA,NA,NA,NA,0,Iowa State,Iowa State,53,NA,Tre Mitchell,Erik Stevenson,Kedrian Johnson,Jimmy Bell Jr.,Joe Toussaint,Tamin Lipsey,Jaren Holmes,Gabe Kalscheur,Caleb Grill,Osun Osunniyi
2022-23,2023-02-08,2499103,127,0,1,West Virginia,Iowa State,Mountaineers,Cyclones,4,3,30,18,12,1450,Iowa State,1400,200,0,Tamin Lipsey makes free throw 1 of 2.,made,TRUE,FALSE,NA,NA,NA,NA,NA,NA,0,Iowa State,Iowa State,53,NA,Tre Mitchell,Erik Stevenson,Kedrian Johnson,Jimmy Bell Jr.,Joe Toussaint,Tamin Lipsey,Jaren Holmes,Gabe Kalscheur,Caleb Grill,Osun Osunniyi
2022-23,2023-02-08,2499103,128,0,1,West Virginia,Iowa State,Mountaineers,Cyclones,4,3,30,19,11,1450,Iowa State,1400,200,0,Tamin Lipsey makes free throw 2 of 2.,made,TRUE,FALSE,NA,NA,NA,NA,NA,NA,0,Iowa State,West Virginia,53,NA,Tre Mitchell,Erik Stevenson,Kedrian Johnson,Jimmy Bell Jr.,Joe Toussaint,Tamin Lipsey,Jaren Holmes,Gabe Kalscheur,Caleb Grill,Osun Osunniyi
2022-23,2023-02-08,2499103,129,0,1,West Virginia,Iowa State,Mountaineers,Cyclones,4,3,32,19,13,1689,West Virginia,1390,190,10,Joe Toussaint makes a layup.,made,FALSE,FALSE,Layup Shot,26,6.25,1193954,Joe Toussaint,NA,0,West Virginia,Iowa State,54,NA,Tre Mitchell,Erik Stevenson,Kedrian Johnson,Jimmy Bell Jr.,Joe Toussaint,Tamin Lipsey,Jaren Holmes,Gabe Kalscheur,Caleb Grill,Osun Osunniyi
2022-23,2023-02-08,2499103,130,0,1,West Virginia,Iowa State,Mountaineers,Cyclones,4,3,32,19,13,1689,West Virginia,1386,186,4,Technical foul committed by Joe Toussaint.,NA,FALSE,FALSE,NA,NA,NA,NA,NA,NA,0,Iowa State,Iowa State,55,NA,Tre Mitchell,Erik Stevenson,Kedrian Johnson,Jimmy Bell Jr.,Joe Toussaint,Tamin Lipsey,Jaren Holmes,Gabe Kalscheur,Caleb Grill,Osun Osunniyi
2022-23,2023-02-08,2499103,131,0,1,West Virginia,Iowa State,Mountaineers,Cyclones,4,3,32,20,12,1450,Iowa State,1386,186,0,Gabe Kalscheur makes free throw 1 of 2.,made,TRUE,FALSE,NA,NA,NA,NA,NA,NA,0,Iowa State,Iowa State,55,NA,Tre Mitchell,Erik Stevenson,Kedrian Johnson,Jimmy Bell Jr.,Joe Toussaint,Tamin Lipsey,Jaren Holmes,Gabe Kalscheur,Caleb Grill,Osun Osunniyi
2022-23,2023-02-08,2499103,132,0,1,West Virginia,Iowa State,Mountaineers,Cyclones,4,3,32,21,11,1450,Iowa State,1386,186,0,Gabe Kalscheur makes free throw 2 of 2.,made,TRUE,FALSE,NA,NA,NA,NA,NA,NA,0,Iowa State,West Virginia,55,NA,Tre Mitchell,Erik Stevenson,Kedrian Johnson,Jimmy Bell Jr.,Joe Toussaint,Tamin Lipsey,Jaren Holmes,Gabe Kalscheur,Caleb Grill,Osun Osunniyi
2022-23,2023-02-08,2499103,133,0,1,West Virginia,Iowa State,Mountaineers,Cyclones,4,3,32,21,11,1689,West Virginia,1386,186,0,Substitution: Emmitt Matthews Jr. in for Joe Toussaint.,NA,FALSE,FALSE,NA,NA,NA,NA,NA,NA,1,NA,NA,NA,NA,Tre Mitchell,Erik Stevenson,Kedrian Johnson,Jimmy Bell Jr.,Emmitt Matthews Jr.,Tamin Lipsey,Jaren Holmes,Gabe Kalscheur,Caleb Grill,Osun Osunniyi
2022-23,2023-02-08,2499103,134,0,1,West Virginia,Iowa State,Mountaineers,Cyclones,4,3,32,24,8,1450,Iowa State,1371,171,15,Caleb Grill makes a 3-point jump shot from 23 feet out. Jaren Holmes with the assist.,made,FALSE,TRUE,Jump Shot,16.6,26.95,1174826,Caleb Grill,Jaren Holmes,0,Iowa State,West Virginia,56,NA,Tre Mitchell,Erik Stevenson,Kedrian Johnson,Jimmy Bell Jr.,Emmitt Matthews Jr.,Tamin Lipsey,Jaren Holmes,Gabe Kalscheur,Caleb Grill,Osun Osunniyi
2022-23,2023-02-08,2499103,135,0,1,West Virginia,Iowa State,Mountaineers,Cyclones,4,3,32,24,8,1689,West Virginia,1352,152,19,Erik Stevenson misses a jump shot from 8 feet out.,missed,FALSE,FALSE,Jump Shot,28.1,12.650000000000006,1132913,Erik Stevenson,NA,0,West Virginia,West Virginia,57,NA,Tre Mitchell,Erik Stevenson,Kedrian Johnson,Jimmy Bell Jr.,Emmitt Matthews Jr.,Tamin Lipsey,Jaren Holmes,Gabe Kalscheur,Caleb Grill,Osun Osunniyi
2022-23,2023-02-08,2499103,136,0,1,West Virginia,Iowa State,Mountaineers,Cyclones,4,3,32,24,8,1450,Iowa State,1352,152,0,Osun Osunniyi with a defensive rebound.,NA,FALSE,FALSE,NA,NA,NA,NA,NA,NA,0,West Virginia,Iowa State,57,NA,Tre Mitchell,Erik Stevenson,Kedrian Johnson,Jimmy Bell Jr.,Emmitt Matthews Jr.,Tamin Lipsey,Jaren Holmes,Gabe Kalscheur,Caleb Grill,Osun Osunniyi
2022-23,2023-02-08,2499103,137,0,1,West Virginia,Iowa State,Mountaineers,Cyclones,4,3,32,24,8,1689,West Virginia,1337,137,15,Shooting foul committed by Erik Stevenson.,NA,FALSE,FALSE,NA,NA,NA,NA,NA,NA,0,Iowa State,Iowa State,58,NA,Tre Mitchell,Erik Stevenson,Kedrian Johnson,Jimmy Bell Jr.,Emmitt Matthews Jr.,Tamin Lipsey,Jaren Holmes,Gabe Kalscheur,Caleb Grill,Osun Osunniyi
2022-23,2023-02-08,2499103,138,0,1,West Virginia,Iowa State,Mountaineers,Cyclones,4,3,32,24,8,1689,West Virginia,1337,137,0,Substitution: Seth Wilson in for Erik Stevenson.,NA,FALSE,FALSE,NA,NA,NA,NA,NA,NA,1,NA,NA,NA,NA,Tre Mitchell,Seth Wilson,Kedrian Johnson,Jimmy Bell Jr.,Emmitt Matthews Jr.,Tamin Lipsey,Jaren Holmes,Gabe Kalscheur,Caleb Grill,Osun Osunniyi
2022-23,2023-02-08,2499103,139,0,1,West Virginia,Iowa State,Mountaineers,Cyclones,4,3,32,25,7,1450,Iowa State,1337,137,0,Gabe Kalscheur makes free throw 1 of 2.,made,TRUE,FALSE,NA,NA,NA,NA,NA,NA,0,Iowa State,Iowa State,58,NA,Tre Mitchell,Seth Wilson,Kedrian Johnson,Jimmy Bell Jr.,Emmitt Matthews Jr.,Tamin Lipsey,Jaren Holmes,Gabe Kalscheur,Caleb Grill,Osun Osunniyi
2022-23,2023-02-08,2499103,140,0,1,West Virginia,Iowa State,Mountaineers,Cyclones,4,3,32,25,7,1450,Iowa State,1337,137,0,Substitution: Robert Jones in for Osun Osunniyi.,NA,FALSE,FALSE,NA,NA,NA,NA,NA,NA,1,NA,NA,NA,NA,Tre Mitchell,Seth Wilson,Kedrian Johnson,Jimmy Bell Jr.,Emmitt Matthews Jr.,Tamin Lipsey,Jaren Holmes,Gabe Kalscheur,Caleb Grill,Robert Jones
2022-23,2023-02-08,2499103,141,0,1,West Virginia,Iowa State,Mountaineers,Cyclones,4,3,32,26,6,1450,Iowa State,1337,137,0,Gabe Kalscheur makes free throw 2 of 2.,made,TRUE,FALSE,NA,NA,NA,NA,NA,NA,0,Iowa State,West Virginia,58,NA,Tre Mitchell,Seth Wilson,Kedrian Johnson,Jimmy Bell Jr.,Emmitt Matthews Jr.,Tamin Lipsey,Jaren Holmes,Gabe Kalscheur,Caleb Grill,Robert Jones
2022-23,2023-02-08,2499103,142,0,1,West Virginia,Iowa State,Mountaineers,Cyclones,4,3,34,26,8,1689,West Virginia,1315,115,22,Emmitt Matthews Jr. makes a layup. Kedrian Johnson with the assist.,made,FALSE,FALSE,Layup Shot,25,5.25,1134898,Emmitt Matthews Jr.,Kedrian Johnson,0,West Virginia,Iowa State,59,NA,Tre Mitchell,Seth Wilson,Kedrian Johnson,Jimmy Bell Jr.,Emmitt Matthews Jr.,Tamin Lipsey,Jaren Holmes,Gabe Kalscheur,Caleb Grill,Robert Jones
2022-23,2023-02-08,2499103,143,0,1,West Virginia,Iowa State,Mountaineers,Cyclones,4,3,34,26,8,1450,Iowa State,1298,98,17,Gabe Kalscheur misses a jump shot from 11 feet out.,missed,FALSE,FALSE,Jump Shot,22.9,16.25,1133826,Gabe Kalscheur,NA,0,Iowa State,Iowa State,60,NA,Tre Mitchell,Seth Wilson,Kedrian Johnson,Jimmy Bell Jr.,Emmitt Matthews Jr.,Tamin Lipsey,Jaren Holmes,Gabe Kalscheur,Caleb Grill,Robert Jones
2022-23,2023-02-08,2499103,144,0,1,West Virginia,Iowa State,Mountaineers,Cyclones,4,3,34,26,8,1689,West Virginia,1298,98,0,Jimmy Bell Jr. with a defensive rebound.,NA,FALSE,FALSE,NA,NA,NA,NA,NA,NA,0,Iowa State,West Virginia,60,NA,Tre Mitchell,Seth Wilson,Kedrian Johnson,Jimmy Bell Jr.,Emmitt Matthews Jr.,Tamin Lipsey,Jaren Holmes,Gabe Kalscheur,Caleb Grill,Robert Jones
2022-23,2023-02-08,2499103,145,0,1,West Virginia,Iowa State,Mountaineers,Cyclones,4,3,34,26,8,1689,West Virginia,1287,87,11,Emmitt Matthews Jr. misses a 3-point jump shot from 23 feet out.,missed,FALSE,TRUE,Jump Shot,47.2,10.75,1134898,Emmitt Matthews Jr.,NA,0,West Virginia,West Virginia,61,NA,Tre Mitchell,Seth Wilson,Kedrian Johnson,Jimmy Bell Jr.,Emmitt Matthews Jr.,Tamin Lipsey,Jaren Holmes,Gabe Kalscheur,Caleb Grill,Robert Jones
2022-23,2023-02-08,2499103,146,0,1,West Virginia,Iowa State,Mountaineers,Cyclones,4,3,34,26,8,1450,Iowa State,1287,87,0,Caleb Grill with a defensive rebound.,NA,FALSE,FALSE,NA,NA,NA,NA,NA,NA,0,West Virginia,Iowa State,61,NA,Tre Mitchell,Seth Wilson,Kedrian Johnson,Jimmy Bell Jr.,Emmitt Matthews Jr.,Tamin Lipsey,Jaren Holmes,Gabe Kalscheur,Caleb Grill,Robert Jones
2022-23,2023-02-08,2499103,147,0,1,West Virginia,Iowa State,Mountaineers,Cyclones,4,3,34,26,8,1450,Iowa State,1274,74,13,Gabe Kalscheur misses a jump shot from 14 feet out.,missed,FALSE,FALSE,Jump Shot,16.4,16.05,1133826,Gabe Kalscheur,NA,0,Iowa State,Iowa State,62,NA,Tre Mitchell,Seth Wilson,Kedrian Johnson,Jimmy Bell Jr.,Emmitt Matthews Jr.,Tamin Lipsey,Jaren Holmes,Gabe Kalscheur,Caleb Grill,Robert Jones
2022-23,2023-02-08,2499103,148,0,1,West Virginia,Iowa State,Mountaineers,Cyclones,4,3,34,26,8,1689,West Virginia,1274,74,0,Emmitt Matthews Jr. with a defensive rebound.,NA,FALSE,FALSE,NA,NA,NA,NA,NA,NA,0,Iowa State,West Virginia,62,NA,Tre Mitchell,Seth Wilson,Kedrian Johnson,Jimmy Bell Jr.,Emmitt Matthews Jr.,Tamin Lipsey,Jaren Holmes,Gabe Kalscheur,Caleb Grill,Robert Jones
2022-23,2023-02-08,2499103,149,0,1,West Virginia,Iowa State,Mountaineers,Cyclones,4,3,34,26,8,1689,West Virginia,1256,56,18,Kedrian Johnson misses a layup.,missed,FALSE,FALSE,Layup Shot,25,5.25,1082490,Kedrian Johnson,NA,0,West Virginia,West Virginia,63,NA,Tre Mitchell,Seth Wilson,Kedrian Johnson,Jimmy Bell Jr.,Emmitt Matthews Jr.,Tamin Lipsey,Jaren Holmes,Gabe Kalscheur,Caleb Grill,Robert Jones
2022-23,2023-02-08,2499103,150,0,1,West Virginia,Iowa State,Mountaineers,Cyclones,4,3,34,26,8,1450,Iowa State,1256,56,0,Caleb Grill with a defensive rebound.,NA,FALSE,FALSE,NA,NA,NA,NA,NA,NA,0,West Virginia,Iowa State,63,NA,Tre Mitchell,Seth Wilson,Kedrian Johnson,Jimmy Bell Jr.,Emmitt Matthews Jr.,Tamin Lipsey,Jaren Holmes,Gabe Kalscheur,Caleb Grill,Robert Jones
2022-23,2023-02-08,2499103,151,0,1,West Virginia,Iowa State,Mountaineers,Cyclones,4,3,34,29,5,1450,Iowa State,1247,47,9,Caleb Grill makes a 3-point jump shot from 23 feet out.,made,FALSE,TRUE,Jump Shot,9.1,21.95,1174826,Caleb Grill,NA,0,Iowa State,West Virginia,64,NA,Tre Mitchell,Seth Wilson,Kedrian Johnson,Jimmy Bell Jr.,Emmitt Matthews Jr.,Tamin Lipsey,Jaren Holmes,Gabe Kalscheur,Caleb Grill,Robert Jones
2022-23,2023-02-08,2499103,152,0,1,West Virginia,Iowa State,Mountaineers,Cyclones,4,3,36,29,7,1689,West Virginia,1216,16,31,Emmitt Matthews Jr. makes a jump shot from 19 feet out. Kedrian Johnson with the assist.,made,FALSE,FALSE,Jump Shot,28.7,24.349999999999994,1134898,Emmitt Matthews Jr.,Kedrian Johnson,0,West Virginia,Iowa State,65,NA,Tre Mitchell,Seth Wilson,Kedrian Johnson,Jimmy Bell Jr.,Emmitt Matthews Jr.,Tamin Lipsey,Jaren Holmes,Gabe Kalscheur,Caleb Grill,Robert Jones
2022-23,2023-02-08,2499103,153,0,1,West Virginia,Iowa State,Mountaineers,Cyclones,4,3,36,29,7,1689,West Virginia,1207,7,9,Personal foul committed by Jimmy Bell Jr..,NA,FALSE,FALSE,NA,NA,NA,NA,NA,NA,0,Iowa State,Iowa State,66,NA,Tre Mitchell,Seth Wilson,Kedrian Johnson,Jimmy Bell Jr.,Emmitt Matthews Jr.,Tamin Lipsey,Jaren Holmes,Gabe Kalscheur,Caleb Grill,Robert Jones
2022-23,2023-02-08,2499103,154,0,1,West Virginia,Iowa State,Mountaineers,Cyclones,4,3,36,30,6,1450,Iowa State,1207,7,0,Robert Jones makes free throw 1st of 1-and-1.,made,TRUE,FALSE,NA,NA,NA,NA,NA,NA,0,Iowa State,Iowa State,66,NA,Tre Mitchell,Seth Wilson,Kedrian Johnson,Jimmy Bell Jr.,Emmitt Matthews Jr.,Tamin Lipsey,Jaren Holmes,Gabe Kalscheur,Caleb Grill,Robert Jones
2022-23,2023-02-08,2499103,155,0,1,West Virginia,Iowa State,Mountaineers,Cyclones,4,3,36,30,6,1450,Iowa State,1207,7,0,Substitution: Aljaz Kunc in for Caleb Grill.,NA,FALSE,FALSE,NA,NA,NA,NA,NA,NA,1,NA,NA,NA,NA,Tre Mitchell,Seth Wilson,Kedrian Johnson,Jimmy Bell Jr.,Emmitt Matthews Jr.,Tamin Lipsey,Jaren Holmes,Gabe Kalscheur,Aljaz Kunc,Robert Jones
2022-23,2023-02-08,2499103,156,0,1,West Virginia,Iowa State,Mountaineers,Cyclones,4,3,36,30,6,1450,Iowa State,1207,7,0,Robert Jones misses free throw 2nd of 1-and-1.,missed,TRUE,FALSE,NA,NA,NA,NA,NA,NA,0,Iowa State,Iowa State,66,NA,Tre Mitchell,Seth Wilson,Kedrian Johnson,Jimmy Bell Jr.,Emmitt Matthews Jr.,Tamin Lipsey,Jaren Holmes,Gabe Kalscheur,Aljaz Kunc,Robert Jones
2022-23,2023-02-08,2499103,157,0,1,West Virginia,Iowa State,Mountaineers,Cyclones,4,3,36,30,6,1689,West Virginia,1207,7,0,Emmitt Matthews Jr. with a defensive rebound.,NA,FALSE,FALSE,NA,NA,NA,NA,NA,NA,0,Iowa State,West Virginia,66,NA,Tre Mitchell,Seth Wilson,Kedrian Johnson,Jimmy Bell Jr.,Emmitt Matthews Jr.,Tamin Lipsey,Jaren Holmes,Gabe Kalscheur,Aljaz Kunc,Robert Jones
2022-23,2023-02-08,2499103,158,0,1,West Virginia,Iowa State,Mountaineers,Cyclones,4,3,36,30,6,1689,West Virginia,1204,4,3,Kedrian Johnson misses a 3-point jump shot from 24 feet out.,missed,FALSE,TRUE,Jump Shot,40.4,23.650000000000006,1082490,Kedrian Johnson,NA,0,West Virginia,Iowa State,67,NA,Tre Mitchell,Seth Wilson,Kedrian Johnson,Jimmy Bell Jr.,Emmitt Matthews Jr.,Tamin Lipsey,Jaren Holmes,Gabe Kalscheur,Aljaz Kunc,Robert Jones
2022-23,2023-02-08,2499103,160,0,1,West Virginia,Iowa State,Mountaineers,Cyclones,4,3,36,30,6,NA,NA,1200,0,4,End of the 1st Half,NA,FALSE,FALSE,NA,NA,NA,NA,NA,NA,0,NA,NA,NA,NA,Tre Mitchell,Seth Wilson,Kedrian Johnson,Jimmy Bell Jr.,Emmitt Matthews Jr.,Tamin Lipsey,Jaren Holmes,Gabe Kalscheur,Aljaz Kunc,Robert Jones
2022-23,2023-02-08,2499103,161,0,2,West Virginia,Iowa State,Mountaineers,Cyclones,4,4,36,30,6,NA,NA,1200,1200,0,Start of the 2nd Half,NA,FALSE,FALSE,NA,NA,NA,NA,NA,NA,0,NA,Iowa State,68,NA,Tre Mitchell,Seth Wilson,Kedrian Johnson,Jimmy Bell Jr.,Emmitt Matthews Jr.,Tamin Lipsey,Jaren Holmes,Gabe Kalscheur,Aljaz Kunc,Robert Jones
2022-23,2023-02-08,2499103,162,0,2,West Virginia,Iowa State,Mountaineers,Cyclones,4,4,36,32,4,1450,Iowa State,1185,1185,15,Tamin Lipsey makes a layup.,made,FALSE,FALSE,Layup Shot,25,5.25,1402846,Tamin Lipsey,NA,0,Iowa State,Iowa State,69,NA,Tre Mitchell,Seth Wilson,Kedrian Johnson,Jimmy Bell Jr.,Emmitt Matthews Jr.,Tamin Lipsey,Jaren Holmes,Gabe Kalscheur,Aljaz Kunc,Robert Jones
2022-23,2023-02-08,2499103,163,0,2,West Virginia,Iowa State,Mountaineers,Cyclones,4,4,36,32,4,1689,West Virginia,1185,1185,0,Shooting foul committed by Kedrian Johnson.,NA,FALSE,FALSE,NA,NA,NA,NA,NA,NA,0,Iowa State,Iowa State,69,NA,Tre Mitchell,Seth Wilson,Kedrian Johnson,Jimmy Bell Jr.,Emmitt Matthews Jr.,Tamin Lipsey,Jaren Holmes,Gabe Kalscheur,Aljaz Kunc,Robert Jones
2022-23,2023-02-08,2499103,164,0,2,West Virginia,Iowa State,Mountaineers,Cyclones,4,4,36,33,3,1450,Iowa State,1185,1185,0,Tamin Lipsey makes free throw 1 of 1.,made,TRUE,FALSE,NA,NA,NA,NA,NA,NA,0,Iowa State,West Virginia,69,NA,Tre Mitchell,Seth Wilson,Kedrian Johnson,Jimmy Bell Jr.,Emmitt Matthews Jr.,Tamin Lipsey,Jaren Holmes,Gabe Kalscheur,Aljaz Kunc,Robert Jones
2022-23,2023-02-08,2499103,165,0,2,West Virginia,Iowa State,Mountaineers,Cyclones,4,4,38,33,5,1689,West Virginia,1178,1178,7,Emmitt Matthews Jr. makes a layup. Kedrian Johnson with the assist.,made,FALSE,FALSE,Layup Shot,25,5.25,1134898,Emmitt Matthews Jr.,Kedrian Johnson,0,West Virginia,West Virginia,70,NA,Tre Mitchell,Seth Wilson,Kedrian Johnson,Jimmy Bell Jr.,Emmitt Matthews Jr.,Tamin Lipsey,Jaren Holmes,Gabe Kalscheur,Aljaz Kunc,Robert Jones
2022-23,2023-02-08,2499103,166,0,2,West Virginia,Iowa State,Mountaineers,Cyclones,4,4,38,33,5,1450,Iowa State,1173,1173,5,Shooting foul committed by Osun Osunniyi.,NA,FALSE,FALSE,NA,NA,NA,NA,NA,NA,0,West Virginia,West Virginia,70,NA,Tre Mitchell,Seth Wilson,Kedrian Johnson,Jimmy Bell Jr.,Emmitt Matthews Jr.,Tamin Lipsey,Jaren Holmes,Gabe Kalscheur,Aljaz Kunc,Robert Jones
2022-23,2023-02-08,2499103,167,0,2,West Virginia,Iowa State,Mountaineers,Cyclones,4,4,38,33,5,1450,Iowa State,1173,1173,0,Substitution: Robert Jones in for Osun Osunniyi.,NA,FALSE,FALSE,NA,NA,NA,NA,NA,NA,1,NA,NA,NA,Sub already in game,Tre Mitchell,Seth Wilson,Kedrian Johnson,Jimmy Bell Jr.,Emmitt Matthews Jr.,Tamin Lipsey,Jaren Holmes,Gabe Kalscheur,Aljaz Kunc,Robert Jones
2022-23,2023-02-08,2499103,168,0,2,West Virginia,Iowa State,Mountaineers,Cyclones,4,4,39,33,6,1689,West Virginia,1173,1173,0,Emmitt Matthews Jr. makes free throw 1 of 1.,made,TRUE,FALSE,NA,NA,NA,NA,NA,NA,0,West Virginia,Iowa State,70,NA,Tre Mitchell,Seth Wilson,Kedrian Johnson,Jimmy Bell Jr.,Emmitt Matthews Jr.,Tamin Lipsey,Jaren Holmes,Gabe Kalscheur,Aljaz Kunc,Robert Jones
2022-23,2023-02-08,2499103,169,0,2,West Virginia,Iowa State,Mountaineers,Cyclones,4,4,39,35,4,1450,Iowa State,1146,1146,27,Tamin Lipsey makes a jump shot from 13 feet out.,made,FALSE,FALSE,Jump Shot,17.8,16.35,1402846,Tamin Lipsey,NA,0,Iowa State,West Virginia,71,NA,Tre Mitchell,Seth Wilson,Kedrian Johnson,Jimmy Bell Jr.,Emmitt Matthews Jr.,Tamin Lipsey,Jaren Holmes,Gabe Kalscheur,Aljaz Kunc,Robert Jones
2022-23,2023-02-08,2499103,170,0,2,West Virginia,Iowa State,Mountaineers,Cyclones,4,4,39,35,4,1689,West Virginia,1140,1140,6,Erik Stevenson misses a jump shot from 16 feet out.,missed,FALSE,FALSE,Jump Shot,26.3,20.849999999999994,1132913,Erik Stevenson,NA,0,West Virginia,West Virginia,72,NA,Tre Mitchell,Seth Wilson,Kedrian Johnson,Jimmy Bell Jr.,Emmitt Matthews Jr.,Tamin Lipsey,Jaren Holmes,Gabe Kalscheur,Aljaz Kunc,Robert Jones
2022-23,2023-02-08,2499103,171,0,2,West Virginia,Iowa State,Mountaineers,Cyclones,4,4,39,35,4,1689,West Virginia,1140,1140,0,Tre Mitchell with an offensive rebound.,NA,FALSE,FALSE,NA,NA,NA,NA,NA,NA,0,West Virginia,West Virginia,72,NA,Tre Mitchell,Seth Wilson,Kedrian Johnson,Jimmy Bell Jr.,Emmitt Matthews Jr.,Tamin Lipsey,Jaren Holmes,Gabe Kalscheur,Aljaz Kunc,Robert Jones
2022-23,2023-02-08,2499103,172,0,2,West Virginia,Iowa State,Mountaineers,Cyclones,4,4,39,35,4,1689,West Virginia,1137,1137,3,Tre Mitchell misses a layup.,missed,FALSE,FALSE,Layup Shot,26,6.25,1175021,Tre Mitchell,NA,0,West Virginia,West Virginia,72,NA,Tre Mitchell,Seth Wilson,Kedrian Johnson,Jimmy Bell Jr.,Emmitt Matthews Jr.,Tamin Lipsey,Jaren Holmes,Gabe Kalscheur,Aljaz Kunc,Robert Jones
2022-23,2023-02-08,2499103,173,0,2,West Virginia,Iowa State,Mountaineers,Cyclones,4,4,39,35,4,1450,Iowa State,1137,1137,0,Tamin Lipsey with a defensive rebound.,NA,FALSE,FALSE,NA,NA,NA,NA,NA,NA,0,West Virginia,Iowa State,72,NA,Tre Mitchell,Seth Wilson,Kedrian Johnson,Jimmy Bell Jr.,Emmitt Matthews Jr.,Tamin Lipsey,Jaren Holmes,Gabe Kalscheur,Aljaz Kunc,Robert Jones
2022-23,2023-02-08,2499103,174,0,2,West Virginia,Iowa State,Mountaineers,Cyclones,4,4,39,37,2,1450,Iowa State,1137,1137,0,Tamin Lipsey makes a jump shot from 6 feet out.,made,FALSE,FALSE,Jump Shot,28,9.95,1402846,Tamin Lipsey,NA,0,Iowa State,West Virginia,73,NA,Tre Mitchell,Seth Wilson,Kedrian Johnson,Jimmy Bell Jr.,Emmitt Matthews Jr.,Tamin Lipsey,Jaren Holmes,Gabe Kalscheur,Aljaz Kunc,Robert Jones
2022-23,2023-02-08,2499103,175,0,2,West Virginia,Iowa State,Mountaineers,Cyclones,4,4,39,37,2,1450,Iowa State,1128,1128,9,Personal foul committed by Robert Jones.,NA,FALSE,FALSE,NA,NA,NA,NA,NA,NA,0,West Virginia,West Virginia,74,NA,Tre Mitchell,Seth Wilson,Kedrian Johnson,Jimmy Bell Jr.,Emmitt Matthews Jr.,Tamin Lipsey,Jaren Holmes,Gabe Kalscheur,Aljaz Kunc,Robert Jones
2022-23,2023-02-08,2499103,176,0,2,West Virginia,Iowa State,Mountaineers,Cyclones,4,4,39,37,2,1689,West Virginia,1121,1121,7,Tre Mitchell misses a jump shot from 14 feet out.,missed,FALSE,FALSE,Jump Shot,13.200000000000003,13.349999999999994,1175021,Tre Mitchell,NA,0,West Virginia,West Virginia,74,NA,Tre Mitchell,Seth Wilson,Kedrian Johnson,Jimmy Bell Jr.,Emmitt Matthews Jr.,Tamin Lipsey,Jaren Holmes,Gabe Kalscheur,Aljaz Kunc,Robert Jones
2022-23,2023-02-08,2499103,177,0,2,West Virginia,Iowa State,Mountaineers,Cyclones,4,4,39,37,2,1450,Iowa State,1121,1121,0,Jaren Holmes with a defensive rebound.,NA,FALSE,FALSE,NA,NA,NA,NA,NA,NA,0,West Virginia,Iowa State,74,NA,Tre Mitchell,Seth Wilson,Kedrian Johnson,Jimmy Bell Jr.,Emmitt Matthews Jr.,Tamin Lipsey,Jaren Holmes,Gabe Kalscheur,Aljaz Kunc,Robert Jones
2022-23,2023-02-08,2499103,178,0,2,West Virginia,Iowa State,Mountaineers,Cyclones,4,4,39,37,2,1450,Iowa State,1109,1109,12,Jimmy Bell Jr. blocks a Jaren Holmes jump shot from 11 feet out.,missed,FALSE,FALSE,Jump Shot,26.3,15.65,1178146,Jaren Holmes,NA,0,Iowa State,Iowa State,75,NA,Tre Mitchell,Seth Wilson,Kedrian Johnson,Jimmy Bell Jr.,Emmitt Matthews Jr.,Tamin Lipsey,Jaren Holmes,Gabe Kalscheur,Aljaz Kunc,Robert Jones
2022-23,2023-02-08,2499103,179,0,2,West Virginia,Iowa State,Mountaineers,Cyclones,4,4,39,37,2,1689,West Virginia,1109,1109,0,Erik Stevenson with a defensive rebound.,NA,FALSE,FALSE,NA,NA,NA,NA,NA,NA,0,Iowa State,West Virginia,75,NA,Tre Mitchell,Seth Wilson,Kedrian Johnson,Jimmy Bell Jr.,Emmitt Matthews Jr.,Tamin Lipsey,Jaren Holmes,Gabe Kalscheur,Aljaz Kunc,Robert Jones
2022-23,2023-02-08,2499103,180,0,2,West Virginia,Iowa State,Mountaineers,Cyclones,4,4,39,37,2,1689,West Virginia,1102,1102,7,Jimmy Bell Jr. misses a dunk.,missed,FALSE,FALSE,Dunk Shot,25,5.25,1175055,Jimmy Bell Jr.,NA,0,West Virginia,West Virginia,76,NA,Tre Mitchell,Seth Wilson,Kedrian Johnson,Jimmy Bell Jr.,Emmitt Matthews Jr.,Tamin Lipsey,Jaren Holmes,Gabe Kalscheur,Aljaz Kunc,Robert Jones
2022-23,2023-02-08,2499103,181,0,2,West Virginia,Iowa State,Mountaineers,Cyclones,4,4,39,37,2,1450,Iowa State,1102,1102,0,Jaren Holmes with a defensive rebound.,NA,FALSE,FALSE,NA,NA,NA,NA,NA,NA,0,West Virginia,Iowa State,76,NA,Tre Mitchell,Seth Wilson,Kedrian Johnson,Jimmy Bell Jr.,Emmitt Matthews Jr.,Tamin Lipsey,Jaren Holmes,Gabe Kalscheur,Aljaz Kunc,Robert Jones
2022-23,2023-02-08,2499103,182,0,2,West Virginia,Iowa State,Mountaineers,Cyclones,4,4,39,37,2,1689,West Virginia,1102,1102,0,Shooting foul committed by Tre Mitchell.,NA,FALSE,FALSE,NA,NA,NA,NA,NA,NA,0,Iowa State,Iowa State,77,NA,Tre Mitchell,Seth Wilson,Kedrian Johnson,Jimmy Bell Jr.,Emmitt Matthews Jr.,Tamin Lipsey,Jaren Holmes,Gabe Kalscheur,Aljaz Kunc,Robert Jones
2022-23,2023-02-08,2499103,183,0,2,West Virginia,Iowa State,Mountaineers,Cyclones,4,4,39,38,1,1450,Iowa State,1102,1102,0,Gabe Kalscheur makes free throw 1 of 3.,made,TRUE,FALSE,NA,NA,NA,NA,NA,NA,0,Iowa State,Iowa State,77,NA,Tre Mitchell,Seth Wilson,Kedrian Johnson,Jimmy Bell Jr.,Emmitt Matthews Jr.,Tamin Lipsey,Jaren Holmes,Gabe Kalscheur,Aljaz Kunc,Robert Jones
2022-23,2023-02-08,2499103,184,0,2,West Virginia,Iowa State,Mountaineers,Cyclones,4,4,39,38,1,1450,Iowa State,1102,1102,0,Gabe Kalscheur misses free throw 2 of 3.,missed,TRUE,FALSE,NA,NA,NA,NA,NA,NA,0,Iowa State,Iowa State,77,NA,Tre Mitchell,Seth Wilson,Kedrian Johnson,Jimmy Bell Jr.,Emmitt Matthews Jr.,Tamin Lipsey,Jaren Holmes,Gabe Kalscheur,Aljaz Kunc,Robert Jones
2022-23,2023-02-08,2499103,186,0,2,West Virginia,Iowa State,Mountaineers,Cyclones,4,4,39,39,0,1450,Iowa State,1102,1102,0,Gabe Kalscheur makes free throw 3 of 3.,made,TRUE,FALSE,NA,NA,NA,NA,NA,NA,0,Iowa State,West Virginia,77,NA,Tre Mitchell,Seth Wilson,Kedrian Johnson,Jimmy Bell Jr.,Emmitt Matthews Jr.,Tamin Lipsey,Jaren Holmes,Gabe Kalscheur,Aljaz Kunc,Robert Jones
2022-23,2023-02-08,2499103,187,0,2,West Virginia,Iowa State,Mountaineers,Cyclones,4,4,42,39,3,1689,West Virginia,1072,1072,30,Emmitt Matthews Jr. makes a 3-point jump shot from 24 feet out. Kedrian Johnson with the assist.,made,FALSE,TRUE,Jump Shot,47.9,11.950000000000003,1134898,Emmitt Matthews Jr.,Kedrian Johnson,0,West Virginia,Iowa State,78,NA,Tre Mitchell,Seth Wilson,Kedrian Johnson,Jimmy Bell Jr.,Emmitt Matthews Jr.,Tamin Lipsey,Jaren Holmes,Gabe Kalscheur,Aljaz Kunc,Robert Jones
2022-23,2023-02-08,2499103,188,0,2,West Virginia,Iowa State,Mountaineers,Cyclones,4,4,42,39,3,1689,West Virginia,1033,1033,39,Personal foul committed by Erik Stevenson.,NA,FALSE,FALSE,NA,NA,NA,NA,NA,NA,0,Iowa State,Iowa State,79,NA,Tre Mitchell,Seth Wilson,Kedrian Johnson,Jimmy Bell Jr.,Emmitt Matthews Jr.,Tamin Lipsey,Jaren Holmes,Gabe Kalscheur,Aljaz Kunc,Robert Jones
2022-23,2023-02-08,2499103,189,0,2,West Virginia,Iowa State,Mountaineers,Cyclones,4,4,42,41,1,1450,Iowa State,1030,1030,3,Tre King makes a layup.,made,FALSE,FALSE,Layup Shot,25,5.25,1135234,Tre King,NA,0,Iowa State,Iowa State,79,NA,Tre Mitchell,Seth Wilson,Kedrian Johnson,Jimmy Bell Jr.,Emmitt Matthews Jr.,Tamin Lipsey,Jaren Holmes,Gabe Kalscheur,Aljaz Kunc,Robert Jones
2022-23,2023-02-08,2499103,190,0,2,West Virginia,Iowa State,Mountaineers,Cyclones,4,4,42,41,1,1689,West Virginia,1030,1030,0,Shooting foul committed by James Okonkwo.,NA,FALSE,FALSE,NA,NA,NA,NA,NA,NA,0,Iowa State,Iowa State,79,NA,Tre Mitchell,Seth Wilson,Kedrian Johnson,Jimmy Bell Jr.,Emmitt Matthews Jr.,Tamin Lipsey,Jaren Holmes,Gabe Kalscheur,Aljaz Kunc,Robert Jones
2022-23,2023-02-08,2499103,191,0,2,West Virginia,Iowa State,Mountaineers,Cyclones,4,4,42,42,0,1450,Iowa State,1030,1030,0,Tre King makes free throw 1 of 1.,made,TRUE,FALSE,NA,NA,NA,NA,NA,NA,0,Iowa State,West Virginia,79,NA,Tre Mitchell,Seth Wilson,Kedrian Johnson,Jimmy Bell Jr.,Emmitt Matthews Jr.,Tamin Lipsey,Jaren Holmes,Gabe Kalscheur,Aljaz Kunc,Robert Jones
2022-23,2023-02-08,2499103,192,0,2,West Virginia,Iowa State,Mountaineers,Cyclones,4,4,42,42,0,1450,Iowa State,1030,1030,0,Substitution: Caleb Grill in for Robert Jones.,NA,FALSE,FALSE,NA,NA,NA,NA,NA,NA,1,NA,NA,NA,NA,Tre Mitchell,Seth Wilson,Kedrian Johnson,Jimmy Bell Jr.,Emmitt Matthews Jr.,Tamin Lipsey,Jaren Holmes,Gabe Kalscheur,Aljaz Kunc,Caleb Grill
2022-23,2023-02-08,2499103,193,0,2,West Virginia,Iowa State,Mountaineers,Cyclones,4,4,42,42,0,1450,Iowa State,1030,1030,0,Substitution: Aljaz Kunc in for Tre King.,NA,FALSE,FALSE,NA,NA,NA,NA,NA,NA,1,NA,NA,NA,Sub already in game,Tre Mitchell,Seth Wilson,Kedrian Johnson,Jimmy Bell Jr.,Emmitt Matthews Jr.,Tamin Lipsey,Jaren Holmes,Gabe Kalscheur,Aljaz Kunc,Caleb Grill
2022-23,2023-02-08,2499103,194,0,2,West Virginia,Iowa State,Mountaineers,Cyclones,4,4,42,42,0,1689,West Virginia,1030,1030,0,Substitution: Jimmy Bell Jr. in for James Okonkwo.,NA,FALSE,FALSE,NA,NA,NA,NA,NA,NA,1,NA,NA,NA,Sub already in game,Tre Mitchell,Seth Wilson,Kedrian Johnson,Jimmy Bell Jr.,Emmitt Matthews Jr.,Tamin Lipsey,Jaren Holmes,Gabe Kalscheur,Aljaz Kunc,Caleb Grill
2022-23,2023-02-08,2499103,195,0,2,West Virginia,Iowa State,Mountaineers,Cyclones,4,4,44,42,2,1689,West Virginia,1030,1030,0,Emmitt Matthews Jr. makes a layup.,made,FALSE,FALSE,Layup Shot,26,6.25,1134898,Emmitt Matthews Jr.,NA,0,West Virginia,West Virginia,80,NA,Tre Mitchell,Seth Wilson,Kedrian Johnson,Jimmy Bell Jr.,Emmitt Matthews Jr.,Tamin Lipsey,Jaren Holmes,Gabe Kalscheur,Aljaz Kunc,Caleb Grill
2022-23,2023-02-08,2499103,196,0,2,West Virginia,Iowa State,Mountaineers,Cyclones,4,4,44,42,2,1450,Iowa State,1013,1013,17,Shooting foul committed by Caleb Grill.,NA,FALSE,FALSE,NA,NA,NA,NA,NA,NA,0,West Virginia,West Virginia,80,NA,Tre Mitchell,Seth Wilson,Kedrian Johnson,Jimmy Bell Jr.,Emmitt Matthews Jr.,Tamin Lipsey,Jaren Holmes,Gabe Kalscheur,Aljaz Kunc,Caleb Grill
2022-23,2023-02-08,2499103,197,0,2,West Virginia,Iowa State,Mountaineers,Cyclones,4,4,45,42,3,1689,West Virginia,1013,1013,0,Emmitt Matthews Jr. makes free throw 1 of 1.,made,TRUE,FALSE,NA,NA,NA,NA,NA,NA,0,West Virginia,Iowa State,80,NA,Tre Mitchell,Seth Wilson,Kedrian Johnson,Jimmy Bell Jr.,Emmitt Matthews Jr.,Tamin Lipsey,Jaren Holmes,Gabe Kalscheur,Aljaz Kunc,Caleb Grill
2022-23,2023-02-08,2499103,198,0,2,West Virginia,Iowa State,Mountaineers,Cyclones,4,4,45,42,3,1689,West Virginia,1004,1004,9,Substitution: Seth Wilson in for Erik Stevenson.,NA,FALSE,FALSE,NA,NA,NA,NA,NA,NA,1,NA,NA,NA,Sub already in game,Tre Mitchell,Seth Wilson,Kedrian Johnson,Jimmy Bell Jr.,Emmitt Matthews Jr.,Tamin Lipsey,Jaren Holmes,Gabe Kalscheur,Aljaz Kunc,Caleb Grill
2022-23,2023-02-08,2499103,199,0,2,West Virginia,Iowa State,Mountaineers,Cyclones,4,4,45,42,3,1450,Iowa State,1000,1000,4,Jaren Holmes misses a 3-point jump shot from 23 feet out.,missed,FALSE,TRUE,Jump Shot,47.2,11.45,1178146,Jaren Holmes,NA,0,Iowa State,West Virginia,81,NA,Tre Mitchell,Seth Wilson,Kedrian Johnson,Jimmy Bell Jr.,Emmitt Matthews Jr.,Tamin Lipsey,Jaren Holmes,Gabe Kalscheur,Aljaz Kunc,Caleb Grill
2022-23,2023-02-08,2499103,201,0,2,West Virginia,Iowa State,Mountaineers,Cyclones,4,4,45,42,3,1450,Iowa State,985,985,15,Personal foul committed by Aljaz Kunc.,NA,FALSE,FALSE,NA,NA,NA,NA,NA,NA,0,West Virginia,West Virginia,82,NA,Tre Mitchell,Seth Wilson,Kedrian Johnson,Jimmy Bell Jr.,Emmitt Matthews Jr.,Tamin Lipsey,Jaren Holmes,Gabe Kalscheur,Aljaz Kunc,Caleb Grill
2022-23,2023-02-08,2499103,202,0,2,West Virginia,Iowa State,Mountaineers,Cyclones,4,4,45,42,3,1450,Iowa State,980,980,5,Personal foul committed by Jaren Holmes.,NA,FALSE,FALSE,NA,NA,NA,NA,NA,NA,0,West Virginia,West Virginia,82,NA,Tre Mitchell,Seth Wilson,Kedrian Johnson,Jimmy Bell Jr.,Emmitt Matthews Jr.,Tamin Lipsey,Jaren Holmes,Gabe Kalscheur,Aljaz Kunc,Caleb Grill
2022-23,2023-02-08,2499103,203,0,2,West Virginia,Iowa State,Mountaineers,Cyclones,4,4,45,42,3,1450,Iowa State,980,980,0,Substitution: Robert Jones in for Tamin Lipsey.,NA,FALSE,FALSE,NA,NA,NA,NA,NA,NA,1,NA,NA,NA,NA,Tre Mitchell,Seth Wilson,Kedrian Johnson,Jimmy Bell Jr.,Emmitt Matthews Jr.,Robert Jones,Jaren Holmes,Gabe Kalscheur,Aljaz Kunc,Caleb Grill
2022-23,2023-02-08,2499103,204,0,2,West Virginia,Iowa State,Mountaineers,Cyclones,4,4,45,42,3,1450,Iowa State,978,978,2,Personal foul committed by Aljaz Kunc.,NA,FALSE,FALSE,NA,NA,NA,NA,NA,NA,0,West Virginia,West Virginia,82,NA,Tre Mitchell,Seth Wilson,Kedrian Johnson,Jimmy Bell Jr.,Emmitt Matthews Jr.,Robert Jones,Jaren Holmes,Gabe Kalscheur,Aljaz Kunc,Caleb Grill
2022-23,2023-02-08,2499103,205,0,2,West Virginia,Iowa State,Mountaineers,Cyclones,4,4,46,42,4,1689,West Virginia,978,978,0,Jimmy Bell Jr. makes free throw 1 of 2.,made,TRUE,FALSE,NA,NA,NA,NA,NA,NA,0,West Virginia,West Virginia,82,NA,Tre Mitchell,Seth Wilson,Kedrian Johnson,Jimmy Bell Jr.,Emmitt Matthews Jr.,Robert Jones,Jaren Holmes,Gabe Kalscheur,Aljaz Kunc,Caleb Grill
2022-23,2023-02-08,2499103,206,0,2,West Virginia,Iowa State,Mountaineers,Cyclones,4,4,47,42,5,1689,West Virginia,978,978,0,Jimmy Bell Jr. makes free throw 2 of 2.,made,TRUE,FALSE,NA,NA,NA,NA,NA,NA,0,West Virginia,Iowa State,82,NA,Tre Mitchell,Seth Wilson,Kedrian Johnson,Jimmy Bell Jr.,Emmitt Matthews Jr.,Robert Jones,Jaren Holmes,Gabe Kalscheur,Aljaz Kunc,Caleb Grill
2022-23,2023-02-08,2499103,207,0,2,West Virginia,Iowa State,Mountaineers,Cyclones,4,4,47,42,5,1689,West Virginia,969,969,9,Shooting foul committed by Jimmy Bell Jr..,NA,FALSE,FALSE,NA,NA,NA,NA,NA,NA,0,Iowa State,Iowa State,83,NA,Tre Mitchell,Seth Wilson,Kedrian Johnson,Jimmy Bell Jr.,Emmitt Matthews Jr.,Robert Jones,Jaren Holmes,Gabe Kalscheur,Aljaz Kunc,Caleb Grill
2022-23,2023-02-08,2499103,208,0,2,West Virginia,Iowa State,Mountaineers,Cyclones,4,4,47,42,5,1450,Iowa State,969,969,0,Personal foul committed by Tre King.,NA,FALSE,FALSE,NA,NA,NA,NA,NA,NA,0,West Virginia,West Virginia,83,NA,Tre Mitchell,Seth Wilson,Kedrian Johnson,Jimmy Bell Jr.,Emmitt Matthews Jr.,Robert Jones,Jaren Holmes,Gabe Kalscheur,Aljaz Kunc,Caleb Grill
2022-23,2023-02-08,2499103,209,0,2,West Virginia,Iowa State,Mountaineers,Cyclones,4,4,47,42,5,1450,Iowa State,969,969,0,Substitution: Gabe Kalscheur in for Tre King.,NA,FALSE,FALSE,NA,NA,NA,NA,NA,NA,1,NA,NA,NA,Sub already in game,Tre Mitchell,Seth Wilson,Kedrian Johnson,Jimmy Bell Jr.,Emmitt Matthews Jr.,Robert Jones,Jaren Holmes,Gabe Kalscheur,Aljaz Kunc,Caleb Grill
2022-23,2023-02-08,2499103,210,0,2,West Virginia,Iowa State,Mountaineers,Cyclones,4,4,47,43,4,1450,Iowa State,969,969,0,Jaren Holmes makes free throw 1 of 2.,made,TRUE,FALSE,NA,NA,NA,NA,NA,NA,0,Iowa State,Iowa State,83,NA,Tre Mitchell,Seth Wilson,Kedrian Johnson,Jimmy Bell Jr.,Emmitt Matthews Jr.,Robert Jones,Jaren Holmes,Gabe Kalscheur,Aljaz Kunc,Caleb Grill
2022-23,2023-02-08,2499103,211,0,2,West Virginia,Iowa State,Mountaineers,Cyclones,4,4,47,44,3,1450,Iowa State,969,969,0,Jaren Holmes makes free throw 2 of 2.,made,TRUE,FALSE,NA,NA,NA,NA,NA,NA,0,Iowa State,West Virginia,83,NA,Tre Mitchell,Seth Wilson,Kedrian Johnson,Jimmy Bell Jr.,Emmitt Matthews Jr.,Robert Jones,Jaren Holmes,Gabe Kalscheur,Aljaz Kunc,Caleb Grill
2022-23,2023-02-08,2499103,212,0,2,West Virginia,Iowa State,Mountaineers,Cyclones,4,4,47,44,3,1689,West Virginia,959,959,10,Kedrian Johnson misses a 3-point jump shot from 26 feet out.,missed,FALSE,TRUE,Jump Shot,45.8,21.150000000000006,1082490,Kedrian Johnson,NA,0,West Virginia,West Virginia,84,NA,Tre Mitchell,Seth Wilson,Kedrian Johnson,Jimmy Bell Jr.,Emmitt Matthews Jr.,Robert Jones,Jaren Holmes,Gabe Kalscheur,Aljaz Kunc,Caleb Grill
2022-23,2023-02-08,2499103,214,0,2,West Virginia,Iowa State,Mountaineers,Cyclones,4,4,47,44,3,NA,NA,951,951,8,Official TV timeout.,NA,FALSE,FALSE,NA,NA,NA,NA,NA,NA,0,NA,NA,NA,NA,Tre Mitchell,Seth Wilson,Kedrian Johnson,Jimmy Bell Jr.,Emmitt Matthews Jr.,Robert Jones,Jaren Holmes,Gabe Kalscheur,Aljaz Kunc,Caleb Grill
2022-23,2023-02-08,2499103,215,0,2,West Virginia,Iowa State,Mountaineers,Cyclones,4,4,47,44,3,1689,West Virginia,936,936,15,Seth Wilson misses a jump shot from 14 feet out.,missed,FALSE,FALSE,Jump Shot,11.799999999999997,10.450000000000003,1325141,Seth Wilson,NA,0,West Virginia,West Virginia,84,NA,Tre Mitchell,Seth Wilson,Kedrian Johnson,Jimmy Bell Jr.,Emmitt Matthews Jr.,Robert Jones,Jaren Holmes,Gabe Kalscheur,Aljaz Kunc,Caleb Grill
2022-23,2023-02-08,2499103,216,0,2,West Virginia,Iowa State,Mountaineers,Cyclones,4,4,47,44,3,1450,Iowa State,936,936,0,Caleb Grill with a defensive rebound.,NA,FALSE,FALSE,NA,NA,NA,NA,NA,NA,0,West Virginia,Iowa State,84,NA,Tre Mitchell,Seth Wilson,Kedrian Johnson,Jimmy Bell Jr.,Emmitt Matthews Jr.,Robert Jones,Jaren Holmes,Gabe Kalscheur,Aljaz Kunc,Caleb Grill
2022-23,2023-02-08,2499103,217,0,2,West Virginia,Iowa State,Mountaineers,Cyclones,4,4,47,44,3,1450,Iowa State,928,928,8,Emmitt Matthews Jr. steals the ball from Gabe Kalscheur.,NA,FALSE,FALSE,NA,NA,NA,NA,NA,NA,0,Iowa State,West Virginia,85,NA,Tre Mitchell,Seth Wilson,Kedrian Johnson,Jimmy Bell Jr.,Emmitt Matthews Jr.,Robert Jones,Jaren Holmes,Gabe Kalscheur,Aljaz Kunc,Caleb Grill
2022-23,2023-02-08,2499103,218,0,2,West Virginia,Iowa State,Mountaineers,Cyclones,4,4,49,44,5,1689,West Virginia,897,897,31,Kedrian Johnson makes a layup.,made,FALSE,FALSE,Layup Shot,26,6.25,1082490,Kedrian Johnson,NA,0,West Virginia,Iowa State,86,NA,Tre Mitchell,Seth Wilson,Kedrian Johnson,Jimmy Bell Jr.,Emmitt Matthews Jr.,Robert Jones,Jaren Holmes,Gabe Kalscheur,Aljaz Kunc,Caleb Grill
2022-23,2023-02-08,2499103,219,0,2,West Virginia,Iowa State,Mountaineers,Cyclones,4,4,49,44,5,1450,Iowa State,882,882,15,Caleb Grill misses a 3-point jump shot from 22 feet out.,missed,FALSE,TRUE,Jump Shot,46,13.15,1174826,Caleb Grill,NA,0,Iowa State,Iowa State,87,NA,Tre Mitchell,Seth Wilson,Kedrian Johnson,Jimmy Bell Jr.,Emmitt Matthews Jr.,Robert Jones,Jaren Holmes,Gabe Kalscheur,Aljaz Kunc,Caleb Grill
2022-23,2023-02-08,2499103,220,0,2,West Virginia,Iowa State,Mountaineers,Cyclones,4,4,49,44,5,1450,Iowa State,882,882,0,Robert Jones with an offensive rebound.,NA,FALSE,FALSE,NA,NA,NA,NA,NA,NA,0,Iowa State,Iowa State,87,NA,Tre Mitchell,Seth Wilson,Kedrian Johnson,Jimmy Bell Jr.,Emmitt Matthews Jr.,Robert Jones,Jaren Holmes,Gabe Kalscheur,Aljaz Kunc,Caleb Grill
2022-23,2023-02-08,2499103,221,0,2,West Virginia,Iowa State,Mountaineers,Cyclones,4,4,49,44,5,1689,West Virginia,876,876,6,Shooting foul committed by Emmitt Matthews Jr..,NA,FALSE,FALSE,NA,NA,NA,NA,NA,NA,0,Iowa State,Iowa State,87,NA,Tre Mitchell,Seth Wilson,Kedrian Johnson,Jimmy Bell Jr.,Emmitt Matthews Jr.,Robert Jones,Jaren Holmes,Gabe Kalscheur,Aljaz Kunc,Caleb Grill
2022-23,2023-02-08,2499103,222,0,2,West Virginia,Iowa State,Mountaineers,Cyclones,4,4,49,44,5,1450,Iowa State,876,876,0,Robert Jones misses free throw 1 of 2.,missed,TRUE,FALSE,NA,NA,NA,NA,NA,NA,0,Iowa State,Iowa State,87,NA,Tre Mitchell,Seth Wilson,Kedrian Johnson,Jimmy Bell Jr.,Emmitt Matthews Jr.,Robert Jones,Jaren Holmes,Gabe Kalscheur,Aljaz Kunc,Caleb Grill
2022-23,2023-02-08,2499103,224,0,2,West Virginia,Iowa State,Mountaineers,Cyclones,4,4,49,44,5,1450,Iowa State,876,876,0,Substitution: Tamin Lipsey in for Jaren Holmes.,NA,FALSE,FALSE,NA,NA,NA,NA,NA,NA,1,NA,NA,NA,NA,Tre Mitchell,Seth Wilson,Kedrian Johnson,Jimmy Bell Jr.,Emmitt Matthews Jr.,Robert Jones,Tamin Lipsey,Gabe Kalscheur,Aljaz Kunc,Caleb Grill
2022-23,2023-02-08,2499103,225,0,2,West Virginia,Iowa State,Mountaineers,Cyclones,4,4,49,44,5,1450,Iowa State,876,876,0,Substitution: Tre King in for Aljaz Kunc.,NA,FALSE,FALSE,NA,NA,NA,NA,NA,NA,1,NA,NA,NA,NA,Tre Mitchell,Seth Wilson,Kedrian Johnson,Jimmy Bell Jr.,Emmitt Matthews Jr.,Robert Jones,Tamin Lipsey,Gabe Kalscheur,Tre King,Caleb Grill
2022-23,2023-02-08,2499103,226,0,2,West Virginia,Iowa State,Mountaineers,Cyclones,4,4,49,45,4,1450,Iowa State,876,876,0,Robert Jones makes free throw 2 of 2.,made,TRUE,FALSE,NA,NA,NA,NA,NA,NA,0,Iowa State,West Virginia,87,NA,Tre Mitchell,Seth Wilson,Kedrian Johnson,Jimmy Bell Jr.,Emmitt Matthews Jr.,Robert Jones,Tamin Lipsey,Gabe Kalscheur,Tre King,Caleb Grill
2022-23,2023-02-08,2499103,227,0,2,West Virginia,Iowa State,Mountaineers,Cyclones,4,4,51,45,6,1689,West Virginia,854,854,22,Kedrian Johnson makes a jump shot from 15 feet out.,made,FALSE,FALSE,Jump Shot,38.9,10.75,1082490,Kedrian Johnson,NA,0,West Virginia,Iowa State,88,NA,Tre Mitchell,Seth Wilson,Kedrian Johnson,Jimmy Bell Jr.,Emmitt Matthews Jr.,Robert Jones,Tamin Lipsey,Gabe Kalscheur,Tre King,Caleb Grill
2022-23,2023-02-08,2499103,228,0,2,West Virginia,Iowa State,Mountaineers,Cyclones,4,4,51,47,4,1450,Iowa State,834,834,20,Caleb Grill makes a layup. Gabe Kalscheur with the assist.,made,FALSE,FALSE,Layup Shot,26,6.25,1174826,Caleb Grill,Gabe Kalscheur,0,Iowa State,West Virginia,89,NA,Tre Mitchell,Seth Wilson,Kedrian Johnson,Jimmy Bell Jr.,Emmitt Matthews Jr.,Robert Jones,Tamin Lipsey,Gabe Kalscheur,Tre King,Caleb Grill
2022-23,2023-02-08,2499103,229,0,2,West Virginia,Iowa State,Mountaineers,Cyclones,4,4,53,47,6,1689,West Virginia,813,813,21,Emmitt Matthews Jr. makes a layup. Kedrian Johnson with the assist.,made,FALSE,FALSE,Layup Shot,25,5.25,1134898,Emmitt Matthews Jr.,Kedrian Johnson,0,West Virginia,West Virginia,90,NA,Tre Mitchell,Seth Wilson,Kedrian Johnson,Jimmy Bell Jr.,Emmitt Matthews Jr.,Robert Jones,Tamin Lipsey,Gabe Kalscheur,Tre King,Caleb Grill
2022-23,2023-02-08,2499103,230,0,2,West Virginia,Iowa State,Mountaineers,Cyclones,4,4,53,47,6,1450,Iowa State,812,812,1,Shooting foul committed by Tamin Lipsey.,NA,FALSE,FALSE,NA,NA,NA,NA,NA,NA,0,West Virginia,West Virginia,90,NA,Tre Mitchell,Seth Wilson,Kedrian Johnson,Jimmy Bell Jr.,Emmitt Matthews Jr.,Robert Jones,Tamin Lipsey,Gabe Kalscheur,Tre King,Caleb Grill
2022-23,2023-02-08,2499103,231,0,2,West Virginia,Iowa State,Mountaineers,Cyclones,4,4,53,47,6,1689,West Virginia,812,812,0,Emmitt Matthews Jr. misses free throw 1 of 1.,missed,TRUE,FALSE,NA,NA,NA,NA,NA,NA,0,West Virginia,West Virginia,90,NA,Tre Mitchell,Seth Wilson,Kedrian Johnson,Jimmy Bell Jr.,Emmitt Matthews Jr.,Robert Jones,Tamin Lipsey,Gabe Kalscheur,Tre King,Caleb Grill
2022-23,2023-02-08,2499103,232,0,2,West Virginia,Iowa State,Mountaineers,Cyclones,4,4,53,47,6,1450,Iowa State,812,812,0,Caleb Grill with a defensive rebound.,NA,FALSE,FALSE,NA,NA,NA,NA,NA,NA,0,West Virginia,Iowa State,90,NA,Tre Mitchell,Seth Wilson,Kedrian Johnson,Jimmy Bell Jr.,Emmitt Matthews Jr.,Robert Jones,Tamin Lipsey,Gabe Kalscheur,Tre King,Caleb Grill
2022-23,2023-02-08,2499103,233,0,2,West Virginia,Iowa State,Mountaineers,Cyclones,4,4,53,47,6,1450,Iowa State,800,800,12,Tamin Lipsey misses a jump shot from 19 feet out.,missed,FALSE,FALSE,Jump Shot,7.899999999999999,13.85,1402846,Tamin Lipsey,NA,0,Iowa State,Iowa State,91,NA,Tre Mitchell,Seth Wilson,Kedrian Johnson,Jimmy Bell Jr.,Emmitt Matthews Jr.,Robert Jones,Tamin Lipsey,Gabe Kalscheur,Tre King,Caleb Grill
2022-23,2023-02-08,2499103,234,0,2,West Virginia,Iowa State,Mountaineers,Cyclones,4,4,53,47,6,1689,West Virginia,800,800,0,Jimmy Bell Jr. with a defensive rebound.,NA,FALSE,FALSE,NA,NA,NA,NA,NA,NA,0,Iowa State,West Virginia,91,NA,Tre Mitchell,Seth Wilson,Kedrian Johnson,Jimmy Bell Jr.,Emmitt Matthews Jr.,Robert Jones,Tamin Lipsey,Gabe Kalscheur,Tre King,Caleb Grill
2022-23,2023-02-08,2499103,235,0,2,West Virginia,Iowa State,Mountaineers,Cyclones,4,4,53,47,6,1450,Iowa State,771,771,29,Shooting foul committed by Tre King.,NA,FALSE,FALSE,NA,NA,NA,NA,NA,NA,0,West Virginia,West Virginia,92,NA,Tre Mitchell,Seth Wilson,Kedrian Johnson,Jimmy Bell Jr.,Emmitt Matthews Jr.,Robert Jones,Tamin Lipsey,Gabe Kalscheur,Tre King,Caleb Grill
2022-23,2023-02-08,2499103,236,0,2,West Virginia,Iowa State,Mountaineers,Cyclones,4,4,54,47,7,1689,West Virginia,771,771,0,Kedrian Johnson makes free throw 1 of 2.,made,TRUE,FALSE,NA,NA,NA,NA,NA,NA,0,West Virginia,West Virginia,92,NA,Tre Mitchell,Seth Wilson,Kedrian Johnson,Jimmy Bell Jr.,Emmitt Matthews Jr.,Robert Jones,Tamin Lipsey,Gabe Kalscheur,Tre King,Caleb Grill
2022-23,2023-02-08,2499103,237,0,2,West Virginia,Iowa State,Mountaineers,Cyclones,4,4,54,47,7,1450,Iowa State,771,771,0,Substitution: Osun Osunniyi in for Robert Jones.,NA,FALSE,FALSE,NA,NA,NA,NA,NA,NA,1,NA,NA,NA,NA,Tre Mitchell,Seth Wilson,Kedrian Johnson,Jimmy Bell Jr.,Emmitt Matthews Jr.,Osun Osunniyi,Tamin Lipsey,Gabe Kalscheur,Tre King,Caleb Grill
2022-23,2023-02-08,2499103,238,0,2,West Virginia,Iowa State,Mountaineers,Cyclones,4,4,54,47,7,1450,Iowa State,771,771,0,Substitution: Jaren Holmes in for Tre King.,NA,FALSE,FALSE,NA,NA,NA,NA,NA,NA,1,NA,NA,NA,NA,Tre Mitchell,Seth Wilson,Kedrian Johnson,Jimmy Bell Jr.,Emmitt Matthews Jr.,Osun Osunniyi,Tamin Lipsey,Gabe Kalscheur,Jaren Holmes,Caleb Grill
2022-23,2023-02-08,2499103,239,0,2,West Virginia,Iowa State,Mountaineers,Cyclones,4,4,54,47,7,1689,West Virginia,771,771,0,Kedrian Johnson misses free throw 2 of 2.,missed,TRUE,FALSE,NA,NA,NA,NA,NA,NA,0,West Virginia,West Virginia,92,NA,Tre Mitchell,Seth Wilson,Kedrian Johnson,Jimmy Bell Jr.,Emmitt Matthews Jr.,Osun Osunniyi,Tamin Lipsey,Gabe Kalscheur,Jaren Holmes,Caleb Grill
2022-23,2023-02-08,2499103,240,0,2,West Virginia,Iowa State,Mountaineers,Cyclones,4,4,54,47,7,1450,Iowa State,771,771,0,Caleb Grill with a defensive rebound.,NA,FALSE,FALSE,NA,NA,NA,NA,NA,NA,0,West Virginia,Iowa State,92,NA,Tre Mitchell,Seth Wilson,Kedrian Johnson,Jimmy Bell Jr.,Emmitt Matthews Jr.,Osun Osunniyi,Tamin Lipsey,Gabe Kalscheur,Jaren Holmes,Caleb Grill
2022-23,2023-02-08,2499103,241,0,2,West Virginia,Iowa State,Mountaineers,Cyclones,4,4,54,50,4,1450,Iowa State,752,752,19,Tamin Lipsey makes a 3-point jump shot from 26 feet out. Jaren Holmes with the assist.,made,FALSE,TRUE,Jump Shot,4,21.25,1402846,Tamin Lipsey,Jaren Holmes,0,Iowa State,West Virginia,93,NA,Tre Mitchell,Seth Wilson,Kedrian Johnson,Jimmy Bell Jr.,Emmitt Matthews Jr.,Osun Osunniyi,Tamin Lipsey,Gabe Kalscheur,Jaren Holmes,Caleb Grill
2022-23,2023-02-08,2499103,242,0,2,West Virginia,Iowa State,Mountaineers,Cyclones,4,4,54,50,4,1689,West Virginia,743,743,9,Tre Mitchell misses a jump shot from 12 feet out.,missed,FALSE,FALSE,Jump Shot,25.8,17.450000000000003,1175021,Tre Mitchell,NA,0,West Virginia,West Virginia,94,NA,Tre Mitchell,Seth Wilson,Kedrian Johnson,Jimmy Bell Jr.,Emmitt Matthews Jr.,Osun Osunniyi,Tamin Lipsey,Gabe Kalscheur,Jaren Holmes,Caleb Grill
2022-23,2023-02-08,2499103,243,0,2,West Virginia,Iowa State,Mountaineers,Cyclones,4,4,54,50,4,1450,Iowa State,743,743,0,Jaren Holmes with a defensive rebound.,NA,FALSE,FALSE,NA,NA,NA,NA,NA,NA,0,West Virginia,Iowa State,94,NA,Tre Mitchell,Seth Wilson,Kedrian Johnson,Jimmy Bell Jr.,Emmitt Matthews Jr.,Osun Osunniyi,Tamin Lipsey,Gabe Kalscheur,Jaren Holmes,Caleb Grill
2022-23,2023-02-08,2499103,244,0,2,West Virginia,Iowa State,Mountaineers,Cyclones,4,4,54,53,1,1450,Iowa State,715,715,28,Jaren Holmes makes a 3-point jump shot from 24 feet out. Osun Osunniyi with the assist.,made,FALSE,TRUE,Jump Shot,2.3000000000000007,12.85,1178146,Jaren Holmes,Osun Osunniyi,0,Iowa State,West Virginia,95,NA,Tre Mitchell,Seth Wilson,Kedrian Johnson,Jimmy Bell Jr.,Emmitt Matthews Jr.,Osun Osunniyi,Tamin Lipsey,Gabe Kalscheur,Jaren Holmes,Caleb Grill
2022-23,2023-02-08,2499103,245,0,2,West Virginia,Iowa State,Mountaineers,Cyclones,3,4,54,53,1,1689,West Virginia,694,694,21,Mountaineers take a full timeout.,NA,FALSE,FALSE,NA,NA,NA,NA,NA,NA,0,NA,NA,NA,NA,Tre Mitchell,Seth Wilson,Kedrian Johnson,Jimmy Bell Jr.,Emmitt Matthews Jr.,Osun Osunniyi,Tamin Lipsey,Gabe Kalscheur,Jaren Holmes,Caleb Grill
2022-23,2023-02-08,2499103,246,0,2,West Virginia,Iowa State,Mountaineers,Cyclones,3,4,54,53,1,1689,West Virginia,688,688,6,Jaren Holmes steals the ball from Tre Mitchell.,NA,FALSE,FALSE,NA,NA,NA,NA,NA,NA,0,West Virginia,Iowa State,96,NA,Tre Mitchell,Seth Wilson,Kedrian Johnson,Jimmy Bell Jr.,Emmitt Matthews Jr.,Osun Osunniyi,Tamin Lipsey,Gabe Kalscheur,Jaren Holmes,Caleb Grill
2022-23,2023-02-08,2499103,247,0,2,West Virginia,Iowa State,Mountaineers,Cyclones,3,4,54,55,-1,1450,Iowa State,682,682,6,Jaren Holmes makes a layup.,made,FALSE,FALSE,Layup Shot,25,5.25,1178146,Jaren Holmes,NA,0,Iowa State,West Virginia,97,NA,Tre Mitchell,Seth Wilson,Kedrian Johnson,Jimmy Bell Jr.,Emmitt Matthews Jr.,Osun Osunniyi,Tamin Lipsey,Gabe Kalscheur,Jaren Holmes,Caleb Grill
2022-23,2023-02-08,2499103,248,0,2,West Virginia,Iowa State,Mountaineers,Cyclones,3,4,57,55,2,1689,West Virginia,653,653,29,Kedrian Johnson makes a 3-point jump shot from 24 feet out. Emmitt Matthews Jr. with the assist.,made,FALSE,TRUE,Jump Shot,4,18.25,1082490,Kedrian Johnson,Emmitt Matthews Jr.,0,West Virginia,Iowa State,98,NA,Tre Mitchell,Seth Wilson,Kedrian Johnson,Jimmy Bell Jr.,Emmitt Matthews Jr.,Osun Osunniyi,Tamin Lipsey,Gabe Kalscheur,Jaren Holmes,Caleb Grill
2022-23,2023-02-08,2499103,249,0,2,West Virginia,Iowa State,Mountaineers,Cyclones,3,4,57,58,-1,1450,Iowa State,636,636,17,Caleb Grill makes a 3-point jump shot from 24 feet out. Gabe Kalscheur with the assist.,made,FALSE,TRUE,Jump Shot,4,16.75,1174826,Caleb Grill,Gabe Kalscheur,0,Iowa State,West Virginia,99,NA,Tre Mitchell,Seth Wilson,Kedrian Johnson,Jimmy Bell Jr.,Emmitt Matthews Jr.,Osun Osunniyi,Tamin Lipsey,Gabe Kalscheur,Jaren Holmes,Caleb Grill
2022-23,2023-02-08,2499103,250,0,2,West Virginia,Iowa State,Mountaineers,Cyclones,3,4,57,58,-1,1689,West Virginia,611,611,25,Seth Wilson misses a 3-point jump shot from 24 feet out.,missed,FALSE,TRUE,Jump Shot,47.9,11.150000000000006,1325141,Seth Wilson,NA,0,West Virginia,West Virginia,100,NA,Tre Mitchell,Seth Wilson,Kedrian Johnson,Jimmy Bell Jr.,Emmitt Matthews Jr.,Osun Osunniyi,Tamin Lipsey,Gabe Kalscheur,Jaren Holmes,Caleb Grill
2022-23,2023-02-08,2499103,251,0,2,West Virginia,Iowa State,Mountaineers,Cyclones,3,4,57,58,-1,1450,Iowa State,611,611,0,Osun Osunniyi with a defensive rebound.,NA,FALSE,FALSE,NA,NA,NA,NA,NA,NA,0,West Virginia,Iowa State,100,NA,Tre Mitchell,Seth Wilson,Kedrian Johnson,Jimmy Bell Jr.,Emmitt Matthews Jr.,Osun Osunniyi,Tamin Lipsey,Gabe Kalscheur,Jaren Holmes,Caleb Grill
2022-23,2023-02-08,2499103,252,0,2,West Virginia,Iowa State,Mountaineers,Cyclones,3,4,57,60,-3,1450,Iowa State,589,589,22,Jaren Holmes makes a layup.,made,FALSE,FALSE,Layup Shot,25,5.25,1178146,Jaren Holmes,NA,0,Iowa State,West Virginia,101,NA,Tre Mitchell,Seth Wilson,Kedrian Johnson,Jimmy Bell Jr.,Emmitt Matthews Jr.,Osun Osunniyi,Tamin Lipsey,Gabe Kalscheur,Jaren Holmes,Caleb Grill
2022-23,2023-02-08,2499103,253,0,2,West Virginia,Iowa State,Mountaineers,Cyclones,3,4,57,60,-3,1689,West Virginia,580,580,9,Tre Mitchell misses a jump shot from 11 feet out.,missed,FALSE,FALSE,Jump Shot,29.3,15.049999999999997,1175021,Tre Mitchell,NA,0,West Virginia,West Virginia,102,NA,Tre Mitchell,Seth Wilson,Kedrian Johnson,Jimmy Bell Jr.,Emmitt Matthews Jr.,Osun Osunniyi,Tamin Lipsey,Gabe Kalscheur,Jaren Holmes,Caleb Grill
2022-23,2023-02-08,2499103,255,0,2,West Virginia,Iowa State,Mountaineers,Cyclones,3,4,57,60,-3,NA,NA,562,562,18,Official TV timeout.,NA,FALSE,FALSE,NA,NA,NA,NA,NA,NA,0,NA,NA,NA,NA,Tre Mitchell,Seth Wilson,Kedrian Johnson,Jimmy Bell Jr.,Emmitt Matthews Jr.,Osun Osunniyi,Tamin Lipsey,Gabe Kalscheur,Jaren Holmes,Caleb Grill
2022-23,2023-02-08,2499103,256,0,2,West Virginia,Iowa State,Mountaineers,Cyclones,3,4,57,60,-3,1689,West Virginia,562,562,0,Substitution: Erik Stevenson in for Tre Mitchell.,NA,FALSE,FALSE,NA,NA,NA,NA,NA,NA,1,NA,NA,NA,NA,Erik Stevenson,Seth Wilson,Kedrian Johnson,Jimmy Bell Jr.,Emmitt Matthews Jr.,Osun Osunniyi,Tamin Lipsey,Gabe Kalscheur,Jaren Holmes,Caleb Grill
2022-23,2023-02-08,2499103,257,0,2,West Virginia,Iowa State,Mountaineers,Cyclones,3,4,57,60,-3,1689,West Virginia,562,562,0,Substitution: Joe Toussaint in for Seth Wilson.,NA,FALSE,FALSE,NA,NA,NA,NA,NA,NA,1,NA,NA,NA,NA,Erik Stevenson,Joe Toussaint,Kedrian Johnson,Jimmy Bell Jr.,Emmitt Matthews Jr.,Osun Osunniyi,Tamin Lipsey,Gabe Kalscheur,Jaren Holmes,Caleb Grill
2022-23,2023-02-08,2499103,258,0,2,West Virginia,Iowa State,Mountaineers,Cyclones,3,4,57,60,-3,1450,Iowa State,555,555,7,Personal foul committed by Tamin Lipsey.,NA,FALSE,FALSE,NA,NA,NA,NA,NA,NA,0,West Virginia,West Virginia,102,NA,Erik Stevenson,Joe Toussaint,Kedrian Johnson,Jimmy Bell Jr.,Emmitt Matthews Jr.,Osun Osunniyi,Tamin Lipsey,Gabe Kalscheur,Jaren Holmes,Caleb Grill
2022-23,2023-02-08,2499103,259,0,2,West Virginia,Iowa State,Mountaineers,Cyclones,3,4,58,60,-2,1689,West Virginia,555,555,0,Kedrian Johnson makes free throw 1 of 2.,made,TRUE,FALSE,NA,NA,NA,NA,NA,NA,0,West Virginia,West Virginia,102,NA,Erik Stevenson,Joe Toussaint,Kedrian Johnson,Jimmy Bell Jr.,Emmitt Matthews Jr.,Osun Osunniyi,Tamin Lipsey,Gabe Kalscheur,Jaren Holmes,Caleb Grill
2022-23,2023-02-08,2499103,260,0,2,West Virginia,Iowa State,Mountaineers,Cyclones,3,4,58,60,-2,1450,Iowa State,555,555,0,Substitution: Aljaz Kunc in for Tamin Lipsey.,NA,FALSE,FALSE,NA,NA,NA,NA,NA,NA,1,NA,NA,NA,NA,Erik Stevenson,Joe Toussaint,Kedrian Johnson,Jimmy Bell Jr.,Emmitt Matthews Jr.,Osun Osunniyi,Aljaz Kunc,Gabe Kalscheur,Jaren Holmes,Caleb Grill
2022-23,2023-02-08,2499103,261,0,2,West Virginia,Iowa State,Mountaineers,Cyclones,3,4,59,60,-1,1689,West Virginia,555,555,0,Kedrian Johnson makes free throw 2 of 2.,made,TRUE,FALSE,NA,NA,NA,NA,NA,NA,0,West Virginia,Iowa State,102,NA,Erik Stevenson,Joe Toussaint,Kedrian Johnson,Jimmy Bell Jr.,Emmitt Matthews Jr.,Osun Osunniyi,Aljaz Kunc,Gabe Kalscheur,Jaren Holmes,Caleb Grill
2022-23,2023-02-08,2499103,262,0,2,West Virginia,Iowa State,Mountaineers,Cyclones,3,4,59,60,-1,1450,Iowa State,548,548,7,Erik Stevenson steals the ball from Gabe Kalscheur.,NA,FALSE,FALSE,NA,NA,NA,NA,NA,NA,0,Iowa State,West Virginia,103,NA,Erik Stevenson,Joe Toussaint,Kedrian Johnson,Jimmy Bell Jr.,Emmitt Matthews Jr.,Osun Osunniyi,Aljaz Kunc,Gabe Kalscheur,Jaren Holmes,Caleb Grill
2022-23,2023-02-08,2499103,263,0,2,West Virginia,Iowa State,Mountaineers,Cyclones,3,4,59,60,-1,1450,Iowa State,530,530,18,Shooting foul committed by Osun Osunniyi.,NA,FALSE,FALSE,NA,NA,NA,NA,NA,NA,0,West Virginia,West Virginia,104,NA,Erik Stevenson,Joe Toussaint,Kedrian Johnson,Jimmy Bell Jr.,Emmitt Matthews Jr.,Osun Osunniyi,Aljaz Kunc,Gabe Kalscheur,Jaren Holmes,Caleb Grill
2022-23,2023-02-08,2499103,264,0,2,West Virginia,Iowa State,Mountaineers,Cyclones,3,4,60,60,0,1689,West Virginia,530,530,0,Erik Stevenson makes free throw 1 of 2.,made,TRUE,FALSE,NA,NA,NA,NA,NA,NA,0,West Virginia,West Virginia,104,NA,Erik Stevenson,Joe Toussaint,Kedrian Johnson,Jimmy Bell Jr.,Emmitt Matthews Jr.,Osun Osunniyi,Aljaz Kunc,Gabe Kalscheur,Jaren Holmes,Caleb Grill
2022-23,2023-02-08,2499103,265,0,2,West Virginia,Iowa State,Mountaineers,Cyclones,3,4,60,60,0,1450,Iowa State,530,530,0,Substitution: Robert Jones in for Osun Osunniyi.,NA,FALSE,FALSE,NA,NA,NA,NA,NA,NA,1,NA,NA,NA,NA,Erik Stevenson,Joe Toussaint,Kedrian Johnson,Jimmy Bell Jr.,Emmitt Matthews Jr.,Robert Jones,Aljaz Kunc,Gabe Kalscheur,Jaren Holmes,Caleb Grill
2022-23,2023-02-08,2499103,266,0,2,West Virginia,Iowa State,Mountaineers,Cyclones,3,4,61,60,1,1689,West Virginia,530,530,0,Erik Stevenson makes free throw 2 of 2.,made,TRUE,FALSE,NA,NA,NA,NA,NA,NA,0,West Virginia,Iowa State,104,NA,Erik Stevenson,Joe Toussaint,Kedrian Johnson,Jimmy Bell Jr.,Emmitt Matthews Jr.,Robert Jones,Aljaz Kunc,Gabe Kalscheur,Jaren Holmes,Caleb Grill
2022-23,2023-02-08,2499103,267,0,2,West Virginia,Iowa State,Mountaineers,Cyclones,3,4,61,60,1,1450,Iowa State,519,519,11,Gabe Kalscheur misses a 3-point jump shot from 24 feet out.,missed,FALSE,TRUE,Jump Shot,36.8,26.05,1133826,Gabe Kalscheur,NA,0,Iowa State,Iowa State,105,NA,Erik Stevenson,Joe Toussaint,Kedrian Johnson,Jimmy Bell Jr.,Emmitt Matthews Jr.,Robert Jones,Aljaz Kunc,Gabe Kalscheur,Jaren Holmes,Caleb Grill
2022-23,2023-02-08,2499103,268,0,2,West Virginia,Iowa State,Mountaineers,Cyclones,3,4,61,60,1,1450,Iowa State,519,519,0,Caleb Grill with an offensive rebound.,NA,FALSE,FALSE,NA,NA,NA,NA,NA,NA,0,Iowa State,Iowa State,105,NA,Erik Stevenson,Joe Toussaint,Kedrian Johnson,Jimmy Bell Jr.,Emmitt Matthews Jr.,Robert Jones,Aljaz Kunc,Gabe Kalscheur,Jaren Holmes,Caleb Grill
2022-23,2023-02-08,2499103,269,0,2,West Virginia,Iowa State,Mountaineers,Cyclones,3,4,61,60,1,1450,Iowa State,514,514,5,Caleb Grill misses a 3-point jump shot from 23 feet out.,missed,FALSE,TRUE,Jump Shot,3.3000000000000007,12.95,1174826,Caleb Grill,NA,0,Iowa State,Iowa State,105,NA,Erik Stevenson,Joe Toussaint,Kedrian Johnson,Jimmy Bell Jr.,Emmitt Matthews Jr.,Robert Jones,Aljaz Kunc,Gabe Kalscheur,Jaren Holmes,Caleb Grill
2022-23,2023-02-08,2499103,270,0,2,West Virginia,Iowa State,Mountaineers,Cyclones,3,4,61,60,1,1689,West Virginia,514,514,0,Kedrian Johnson with a defensive rebound.,NA,FALSE,FALSE,NA,NA,NA,NA,NA,NA,0,Iowa State,West Virginia,105,NA,Erik Stevenson,Joe Toussaint,Kedrian Johnson,Jimmy Bell Jr.,Emmitt Matthews Jr.,Robert Jones,Aljaz Kunc,Gabe Kalscheur,Jaren Holmes,Caleb Grill
2022-23,2023-02-08,2499103,271,0,2,West Virginia,Iowa State,Mountaineers,Cyclones,3,4,61,60,1,NA,NA,509,509,5,Official TV timeout.,NA,FALSE,FALSE,NA,NA,NA,NA,NA,NA,0,NA,NA,NA,NA,Erik Stevenson,Joe Toussaint,Kedrian Johnson,Jimmy Bell Jr.,Emmitt Matthews Jr.,Robert Jones,Aljaz Kunc,Gabe Kalscheur,Jaren Holmes,Caleb Grill
2022-23,2023-02-08,2499103,272,0,2,West Virginia,Iowa State,Mountaineers,Cyclones,3,4,61,60,1,1450,Iowa State,509,509,0,Technical foul committed by Robert Jones.,NA,FALSE,FALSE,NA,NA,NA,NA,NA,NA,0,West Virginia,West Virginia,106,NA,Erik Stevenson,Joe Toussaint,Kedrian Johnson,Jimmy Bell Jr.,Emmitt Matthews Jr.,Robert Jones,Aljaz Kunc,Gabe Kalscheur,Jaren Holmes,Caleb Grill
2022-23,2023-02-08,2499103,273,0,2,West Virginia,Iowa State,Mountaineers,Cyclones,3,4,61,60,1,1689,West Virginia,509,509,0,Substitution: Tre Mitchell in for Emmitt Matthews Jr..,NA,FALSE,FALSE,NA,NA,NA,NA,NA,NA,1,NA,NA,NA,NA,Erik Stevenson,Joe Toussaint,Kedrian Johnson,Jimmy Bell Jr.,Tre Mitchell,Robert Jones,Aljaz Kunc,Gabe Kalscheur,Jaren Holmes,Caleb Grill
2022-23,2023-02-08,2499103,274,0,2,West Virginia,Iowa State,Mountaineers,Cyclones,3,4,62,60,2,1689,West Virginia,509,509,0,Erik Stevenson makes free throw 1 of 2.,made,TRUE,FALSE,NA,NA,NA,NA,NA,NA,0,West Virginia,West Virginia,106,NA,Erik Stevenson,Joe Toussaint,Kedrian Johnson,Jimmy Bell Jr.,Tre Mitchell,Robert Jones,Aljaz Kunc,Gabe Kalscheur,Jaren Holmes,Caleb Grill
2022-23,2023-02-08,2499103,275,0,2,West Virginia,Iowa State,Mountaineers,Cyclones,3,4,63,60,3,1689,West Virginia,509,509,0,Erik Stevenson makes free throw 2 of 2.,made,TRUE,FALSE,NA,NA,NA,NA,NA,NA,0,West Virginia,Iowa State,106,NA,Erik Stevenson,Joe Toussaint,Kedrian Johnson,Jimmy Bell Jr.,Tre Mitchell,Robert Jones,Aljaz Kunc,Gabe Kalscheur,Jaren Holmes,Caleb Grill
2022-23,2023-02-08,2499103,276,0,2,West Virginia,Iowa State,Mountaineers,Cyclones,3,4,63,60,3,1689,West Virginia,494,494,15,Erik Stevenson misses a 3-point jump shot from 24 feet out.,missed,FALSE,TRUE,Jump Shot,7.399999999999999,21.150000000000006,1132913,Erik Stevenson,NA,0,West Virginia,West Virginia,107,NA,Erik Stevenson,Joe Toussaint,Kedrian Johnson,Jimmy Bell Jr.,Tre Mitchell,Robert Jones,Aljaz Kunc,Gabe Kalscheur,Jaren Holmes,Caleb Grill
2022-23,2023-02-08,2499103,277,0,2,West Virginia,Iowa State,Mountaineers,Cyclones,3,4,63,60,3,1450,Iowa State,494,494,0,Aljaz Kunc with a defensive rebound.,NA,FALSE,FALSE,NA,NA,NA,NA,NA,NA,0,West Virginia,Iowa State,107,NA,Erik Stevenson,Joe Toussaint,Kedrian Johnson,Jimmy Bell Jr.,Tre Mitchell,Robert Jones,Aljaz Kunc,Gabe Kalscheur,Jaren Holmes,Caleb Grill
2022-23,2023-02-08,2499103,278,0,2,West Virginia,Iowa State,Mountaineers,Cyclones,3,4,63,62,1,1450,Iowa State,472,472,22,Robert Jones makes a layup.,made,FALSE,FALSE,Layup Shot,25,5.25,1176686,Robert Jones,NA,0,Iowa State,West Virginia,108,NA,Erik Stevenson,Joe Toussaint,Kedrian Johnson,Jimmy Bell Jr.,Tre Mitchell,Robert Jones,Aljaz Kunc,Gabe Kalscheur,Jaren Holmes,Caleb Grill
2022-23,2023-02-08,2499103,279,0,2,West Virginia,Iowa State,Mountaineers,Cyclones,3,4,63,62,1,1689,West Virginia,450,450,22,Tre Mitchell misses a layup.,missed,FALSE,FALSE,Layup Shot,26,6.25,1175021,Tre Mitchell,NA,0,West Virginia,West Virginia,109,NA,Erik Stevenson,Joe Toussaint,Kedrian Johnson,Jimmy Bell Jr.,Tre Mitchell,Robert Jones,Aljaz Kunc,Gabe Kalscheur,Jaren Holmes,Caleb Grill
2022-23,2023-02-08,2499103,280,0,2,West Virginia,Iowa State,Mountaineers,Cyclones,3,4,63,62,1,1450,Iowa State,450,450,0,Robert Jones with a defensive rebound.,NA,FALSE,FALSE,NA,NA,NA,NA,NA,NA,0,West Virginia,Iowa State,109,NA,Erik Stevenson,Joe Toussaint,Kedrian Johnson,Jimmy Bell Jr.,Tre Mitchell,Robert Jones,Aljaz Kunc,Gabe Kalscheur,Jaren Holmes,Caleb Grill
2022-23,2023-02-08,2499103,281,0,2,West Virginia,Iowa State,Mountaineers,Cyclones,3,4,63,62,1,1450,Iowa State,436,436,14,Offensive foul committed by Robert Jones.,NA,FALSE,FALSE,NA,NA,NA,NA,NA,NA,0,Iowa State,Iowa State,110,NA,Erik Stevenson,Joe Toussaint,Kedrian Johnson,Jimmy Bell Jr.,Tre Mitchell,Robert Jones,Aljaz Kunc,Gabe Kalscheur,Jaren Holmes,Caleb Grill
2022-23,2023-02-08,2499103,282,0,2,West Virginia,Iowa State,Mountaineers,Cyclones,3,4,63,62,1,1450,Iowa State,436,436,0,Robert Jones with a turnover,NA,FALSE,FALSE,NA,NA,NA,NA,NA,NA,0,Iowa State,West Virginia,110,NA,Erik Stevenson,Joe Toussaint,Kedrian Johnson,Jimmy Bell Jr.,Tre Mitchell,Robert Jones,Aljaz Kunc,Gabe Kalscheur,Jaren Holmes,Caleb Grill
2022-23,2023-02-08,2499103,283,0,2,West Virginia,Iowa State,Mountaineers,Cyclones,3,4,63,62,1,1689,West Virginia,436,436,0,Substitution: James Okonkwo in for Jimmy Bell Jr..,NA,FALSE,FALSE,NA,NA,NA,NA,NA,NA,1,NA,NA,NA,NA,Erik Stevenson,Joe Toussaint,Kedrian Johnson,James Okonkwo,Tre Mitchell,Robert Jones,Aljaz Kunc,Gabe Kalscheur,Jaren Holmes,Caleb Grill
2022-23,2023-02-08,2499103,284,0,2,West Virginia,Iowa State,Mountaineers,Cyclones,3,4,63,62,1,1450,Iowa State,436,436,0,Substitution: Osun Osunniyi in for Robert Jones.,NA,FALSE,FALSE,NA,NA,NA,NA,NA,NA,1,NA,NA,NA,NA,Erik Stevenson,Joe Toussaint,Kedrian Johnson,James Okonkwo,Tre Mitchell,Osun Osunniyi,Aljaz Kunc,Gabe Kalscheur,Jaren Holmes,Caleb Grill
2022-23,2023-02-08,2499103,285,0,2,West Virginia,Iowa State,Mountaineers,Cyclones,3,4,63,62,1,1689,West Virginia,432,432,4,Aljaz Kunc steals the ball from Tre Mitchell.,NA,FALSE,FALSE,NA,NA,NA,NA,NA,NA,0,West Virginia,Iowa State,111,NA,Erik Stevenson,Joe Toussaint,Kedrian Johnson,James Okonkwo,Tre Mitchell,Osun Osunniyi,Aljaz Kunc,Gabe Kalscheur,Jaren Holmes,Caleb Grill
2022-23,2023-02-08,2499103,286,0,2,West Virginia,Iowa State,Mountaineers,Cyclones,3,4,63,62,1,1450,Iowa State,415,415,17,Caleb Grill misses a 3-point jump shot from 28 feet out.,missed,FALSE,TRUE,Jump Shot,37.7,30.15,1174826,Caleb Grill,NA,0,Iowa State,Iowa State,112,NA,Erik Stevenson,Joe Toussaint,Kedrian Johnson,James Okonkwo,Tre Mitchell,Osun Osunniyi,Aljaz Kunc,Gabe Kalscheur,Jaren Holmes,Caleb Grill
2022-23,2023-02-08,2499103,287,0,2,West Virginia,Iowa State,Mountaineers,Cyclones,3,4,63,62,1,1689,West Virginia,415,415,0,Tre Mitchell with a defensive rebound.,NA,FALSE,FALSE,NA,NA,NA,NA,NA,NA,0,Iowa State,West Virginia,112,NA,Erik Stevenson,Joe Toussaint,Kedrian Johnson,James Okonkwo,Tre Mitchell,Osun Osunniyi,Aljaz Kunc,Gabe Kalscheur,Jaren Holmes,Caleb Grill
2022-23,2023-02-08,2499103,288,0,2,West Virginia,Iowa State,Mountaineers,Cyclones,3,4,65,62,3,1689,West Virginia,394,394,21,Kedrian Johnson makes a jump shot from 20 feet out.,made,FALSE,FALSE,Jump Shot,40.4,17.75,1082490,Kedrian Johnson,NA,0,West Virginia,Iowa State,113,NA,Erik Stevenson,Joe Toussaint,Kedrian Johnson,James Okonkwo,Tre Mitchell,Osun Osunniyi,Aljaz Kunc,Gabe Kalscheur,Jaren Holmes,Caleb Grill
2022-23,2023-02-08,2499103,289,0,2,West Virginia,Iowa State,Mountaineers,Cyclones,3,4,65,62,3,1450,Iowa State,365,365,29,Caleb Grill with a turnover - Bad Pass,NA,FALSE,FALSE,NA,NA,NA,NA,NA,NA,0,Iowa State,West Virginia,114,NA,Erik Stevenson,Joe Toussaint,Kedrian Johnson,James Okonkwo,Tre Mitchell,Osun Osunniyi,Aljaz Kunc,Gabe Kalscheur,Jaren Holmes,Caleb Grill
2022-23,2023-02-08,2499103,290,0,2,West Virginia,Iowa State,Mountaineers,Cyclones,3,4,65,62,3,1689,West Virginia,365,365,0,Substitution: Emmitt Matthews Jr. in for Tre Mitchell.,NA,FALSE,FALSE,NA,NA,NA,NA,NA,NA,1,NA,NA,NA,NA,Erik Stevenson,Joe Toussaint,Kedrian Johnson,James Okonkwo,Emmitt Matthews Jr.,Osun Osunniyi,Aljaz Kunc,Gabe Kalscheur,Jaren Holmes,Caleb Grill
2022-23,2023-02-08,2499103,291,0,2,West Virginia,Iowa State,Mountaineers,Cyclones,3,3,65,62,3,1450,Iowa State,365,365,0,Cyclones take a 30-second timeout.,NA,FALSE,FALSE,NA,NA,NA,NA,NA,NA,0,NA,NA,NA,NA,Erik Stevenson,Joe Toussaint,Kedrian Johnson,James Okonkwo,Emmitt Matthews Jr.,Osun Osunniyi,Aljaz Kunc,Gabe Kalscheur,Jaren Holmes,Caleb Grill
2022-23,2023-02-08,2499103,292,0,2,West Virginia,Iowa State,Mountaineers,Cyclones,3,3,68,62,6,1689,West Virginia,355,355,10,Kedrian Johnson makes a 3-point jump shot from 24 feet out. Erik Stevenson with the assist.,made,FALSE,TRUE,Jump Shot,8.799999999999997,22.650000000000006,1082490,Kedrian Johnson,Erik Stevenson,0,West Virginia,Iowa State,115,NA,Erik Stevenson,Joe Toussaint,Kedrian Johnson,James Okonkwo,Emmitt Matthews Jr.,Osun Osunniyi,Aljaz Kunc,Gabe Kalscheur,Jaren Holmes,Caleb Grill
2022-23,2023-02-08,2499103,293,0,2,West Virginia,Iowa State,Mountaineers,Cyclones,3,3,68,62,6,1689,West Virginia,329,329,26,Shooting foul committed by Erik Stevenson.,NA,FALSE,FALSE,NA,NA,NA,NA,NA,NA,0,Iowa State,Iowa State,116,NA,Erik Stevenson,Joe Toussaint,Kedrian Johnson,James Okonkwo,Emmitt Matthews Jr.,Osun Osunniyi,Aljaz Kunc,Gabe Kalscheur,Jaren Holmes,Caleb Grill
2022-23,2023-02-08,2499103,294,0,2,West Virginia,Iowa State,Mountaineers,Cyclones,3,3,68,63,5,1450,Iowa State,329,329,0,Jaren Holmes makes free throw 1 of 2.,made,TRUE,FALSE,NA,NA,NA,NA,NA,NA,0,Iowa State,Iowa State,116,NA,Erik Stevenson,Joe Toussaint,Kedrian Johnson,James Okonkwo,Emmitt Matthews Jr.,Osun Osunniyi,Aljaz Kunc,Gabe Kalscheur,Jaren Holmes,Caleb Grill
2022-23,2023-02-08,2499103,295,0,2,West Virginia,Iowa State,Mountaineers,Cyclones,3,3,68,63,5,1689,West Virginia,329,329,0,Substitution: Seth Wilson in for Erik Stevenson.,NA,FALSE,FALSE,NA,NA,NA,NA,NA,NA,1,NA,NA,NA,NA,Seth Wilson,Joe Toussaint,Kedrian Johnson,James Okonkwo,Emmitt Matthews Jr.,Osun Osunniyi,Aljaz Kunc,Gabe Kalscheur,Jaren Holmes,Caleb Grill
2022-23,2023-02-08,2499103,296,0,2,West Virginia,Iowa State,Mountaineers,Cyclones,3,3,68,64,4,1450,Iowa State,329,329,0,Jaren Holmes makes free throw 2 of 2.,made,TRUE,FALSE,NA,NA,NA,NA,NA,NA,0,Iowa State,West Virginia,116,NA,Seth Wilson,Joe Toussaint,Kedrian Johnson,James Okonkwo,Emmitt Matthews Jr.,Osun Osunniyi,Aljaz Kunc,Gabe Kalscheur,Jaren Holmes,Caleb Grill
2022-23,2023-02-08,2499103,297,0,2,West Virginia,Iowa State,Mountaineers,Cyclones,3,3,68,64,4,1450,Iowa State,329,329,0,Substitution: Tamin Lipsey in for Jaren Holmes.,NA,FALSE,FALSE,NA,NA,NA,NA,NA,NA,1,NA,NA,NA,NA,Seth Wilson,Joe Toussaint,Kedrian Johnson,James Okonkwo,Emmitt Matthews Jr.,Osun Osunniyi,Aljaz Kunc,Gabe Kalscheur,Tamin Lipsey,Caleb Grill
2022-23,2023-02-08,2499103,298,0,2,West Virginia,Iowa State,Mountaineers,Cyclones,3,3,68,64,4,1689,West Virginia,325,325,4,Osun Osunniyi blocks a Emmitt Matthews Jr. dunk.,missed,FALSE,FALSE,Dunk Shot,26,6.25,1134898,Emmitt Matthews Jr.,NA,0,West Virginia,West Virginia,117,NA,Seth Wilson,Joe Toussaint,Kedrian Johnson,James Okonkwo,Emmitt Matthews Jr.,Osun Osunniyi,Aljaz Kunc,Gabe Kalscheur,Tamin Lipsey,Caleb Grill
2022-23,2023-02-08,2499103,299,0,2,West Virginia,Iowa State,Mountaineers,Cyclones,3,3,68,64,4,1450,Iowa State,325,325,0,Tamin Lipsey with a defensive rebound.,NA,FALSE,FALSE,NA,NA,NA,NA,NA,NA,0,West Virginia,Iowa State,117,NA,Seth Wilson,Joe Toussaint,Kedrian Johnson,James Okonkwo,Emmitt Matthews Jr.,Osun Osunniyi,Aljaz Kunc,Gabe Kalscheur,Tamin Lipsey,Caleb Grill
2022-23,2023-02-08,2499103,300,0,2,West Virginia,Iowa State,Mountaineers,Cyclones,3,3,68,66,2,1450,Iowa State,319,319,6,Gabe Kalscheur makes a layup.,made,FALSE,FALSE,Layup Shot,25,5.25,1133826,Gabe Kalscheur,NA,0,Iowa State,West Virginia,118,NA,Seth Wilson,Joe Toussaint,Kedrian Johnson,James Okonkwo,Emmitt Matthews Jr.,Osun Osunniyi,Aljaz Kunc,Gabe Kalscheur,Tamin Lipsey,Caleb Grill
2022-23,2023-02-08,2499103,301,0,2,West Virginia,Iowa State,Mountaineers,Cyclones,3,3,68,66,2,1689,West Virginia,300,300,19,Joe Toussaint misses a 3-point jump shot from 23 feet out.,missed,FALSE,TRUE,Jump Shot,9.399999999999999,22.849999999999994,1193954,Joe Toussaint,NA,0,West Virginia,West Virginia,119,NA,Seth Wilson,Joe Toussaint,Kedrian Johnson,James Okonkwo,Emmitt Matthews Jr.,Osun Osunniyi,Aljaz Kunc,Gabe Kalscheur,Tamin Lipsey,Caleb Grill
2022-23,2023-02-08,2499103,302,0,2,West Virginia,Iowa State,Mountaineers,Cyclones,3,3,68,66,2,1450,Iowa State,300,300,0,Gabe Kalscheur with a defensive rebound.,NA,FALSE,FALSE,NA,NA,NA,NA,NA,NA,0,West Virginia,Iowa State,119,NA,Seth Wilson,Joe Toussaint,Kedrian Johnson,James Okonkwo,Emmitt Matthews Jr.,Osun Osunniyi,Aljaz Kunc,Gabe Kalscheur,Tamin Lipsey,Caleb Grill
2022-23,2023-02-08,2499103,303,0,2,West Virginia,Iowa State,Mountaineers,Cyclones,3,3,68,66,2,1689,West Virginia,277,277,23,Personal foul committed by Kedrian Johnson.,NA,FALSE,FALSE,NA,NA,NA,NA,NA,NA,0,Iowa State,Iowa State,120,NA,Seth Wilson,Joe Toussaint,Kedrian Johnson,James Okonkwo,Emmitt Matthews Jr.,Osun Osunniyi,Aljaz Kunc,Gabe Kalscheur,Tamin Lipsey,Caleb Grill
2022-23,2023-02-08,2499103,304,0,2,West Virginia,Iowa State,Mountaineers,Cyclones,3,3,68,66,2,1450,Iowa State,277,277,0,Tamin Lipsey misses free throw 1st of 1-and-1.,missed,TRUE,FALSE,NA,NA,NA,NA,NA,NA,0,Iowa State,Iowa State,120,NA,Seth Wilson,Joe Toussaint,Kedrian Johnson,James Okonkwo,Emmitt Matthews Jr.,Osun Osunniyi,Aljaz Kunc,Gabe Kalscheur,Tamin Lipsey,Caleb Grill
2022-23,2023-02-08,2499103,305,0,2,West Virginia,Iowa State,Mountaineers,Cyclones,3,3,68,66,2,1689,West Virginia,277,277,0,James Okonkwo with a defensive rebound.,NA,FALSE,FALSE,NA,NA,NA,NA,NA,NA,0,Iowa State,West Virginia,120,NA,Seth Wilson,Joe Toussaint,Kedrian Johnson,James Okonkwo,Emmitt Matthews Jr.,Osun Osunniyi,Aljaz Kunc,Gabe Kalscheur,Tamin Lipsey,Caleb Grill
2022-23,2023-02-08,2499103,306,0,2,West Virginia,Iowa State,Mountaineers,Cyclones,3,3,68,66,2,1450,Iowa State,276,276,1,Personal foul committed by Osun Osunniyi.,NA,FALSE,FALSE,NA,NA,NA,NA,NA,NA,0,West Virginia,West Virginia,121,NA,Seth Wilson,Joe Toussaint,Kedrian Johnson,James Okonkwo,Emmitt Matthews Jr.,Osun Osunniyi,Aljaz Kunc,Gabe Kalscheur,Tamin Lipsey,Caleb Grill
2022-23,2023-02-08,2499103,307,0,2,West Virginia,Iowa State,Mountaineers,Cyclones,3,3,68,66,2,1450,Iowa State,276,276,0,Substitution: Tre King in for Osun Osunniyi.,NA,FALSE,FALSE,NA,NA,NA,NA,NA,NA,1,NA,NA,NA,NA,Seth Wilson,Joe Toussaint,Kedrian Johnson,James Okonkwo,Emmitt Matthews Jr.,Tre King,Aljaz Kunc,Gabe Kalscheur,Tamin Lipsey,Caleb Grill
2022-23,2023-02-08,2499103,308,0,2,West Virginia,Iowa State,Mountaineers,Cyclones,3,3,69,66,3,1689,West Virginia,276,276,0,James Okonkwo makes free throw 1 of 2.,made,TRUE,FALSE,NA,NA,NA,NA,NA,NA,0,West Virginia,West Virginia,121,NA,Seth Wilson,Joe Toussaint,Kedrian Johnson,James Okonkwo,Emmitt Matthews Jr.,Tre King,Aljaz Kunc,Gabe Kalscheur,Tamin Lipsey,Caleb Grill
2022-23,2023-02-08,2499103,309,0,2,West Virginia,Iowa State,Mountaineers,Cyclones,3,3,69,66,3,1689,West Virginia,276,276,0,James Okonkwo misses free throw 2 of 2.,missed,TRUE,FALSE,NA,NA,NA,NA,NA,NA,0,West Virginia,West Virginia,121,NA,Seth Wilson,Joe Toussaint,Kedrian Johnson,James Okonkwo,Emmitt Matthews Jr.,Tre King,Aljaz Kunc,Gabe Kalscheur,Tamin Lipsey,Caleb Grill
2022-23,2023-02-08,2499103,310,0,2,West Virginia,Iowa State,Mountaineers,Cyclones,3,3,69,66,3,1450,Iowa State,276,276,0,Caleb Grill with a defensive rebound.,NA,FALSE,FALSE,NA,NA,NA,NA,NA,NA,0,West Virginia,Iowa State,121,NA,Seth Wilson,Joe Toussaint,Kedrian Johnson,James Okonkwo,Emmitt Matthews Jr.,Tre King,Aljaz Kunc,Gabe Kalscheur,Tamin Lipsey,Caleb Grill
2022-23,2023-02-08,2499103,311,0,2,West Virginia,Iowa State,Mountaineers,Cyclones,3,3,69,66,3,1450,Iowa State,248,248,28,Tre King misses a jump shot from 11 feet out.,missed,FALSE,FALSE,Jump Shot,15.1,9.75,1135234,Tre King,NA,0,Iowa State,Iowa State,122,NA,Seth Wilson,Joe Toussaint,Kedrian Johnson,James Okonkwo,Emmitt Matthews Jr.,Tre King,Aljaz Kunc,Gabe Kalscheur,Tamin Lipsey,Caleb Grill
2022-23,2023-02-08,2499103,312,0,2,West Virginia,Iowa State,Mountaineers,Cyclones,3,3,69,66,3,1689,West Virginia,248,248,0,Emmitt Matthews Jr. with a defensive rebound.,NA,FALSE,FALSE,NA,NA,NA,NA,NA,NA,0,Iowa State,West Virginia,122,NA,Seth Wilson,Joe Toussaint,Kedrian Johnson,James Okonkwo,Emmitt Matthews Jr.,Tre King,Aljaz Kunc,Gabe Kalscheur,Tamin Lipsey,Caleb Grill
2022-23,2023-02-08,2499103,313,0,2,West Virginia,Iowa State,Mountaineers,Cyclones,3,3,69,66,3,1689,West Virginia,216,216,32,Tre King steals the ball from Kedrian Johnson.,NA,FALSE,FALSE,NA,NA,NA,NA,NA,NA,0,West Virginia,Iowa State,123,NA,Seth Wilson,Joe Toussaint,Kedrian Johnson,James Okonkwo,Emmitt Matthews Jr.,Tre King,Aljaz Kunc,Gabe Kalscheur,Tamin Lipsey,Caleb Grill
2022-23,2023-02-08,2499103,314,0,2,West Virginia,Iowa State,Mountaineers,Cyclones,3,3,69,66,3,1689,West Virginia,208,208,8,Personal foul committed by Seth Wilson.,NA,FALSE,FALSE,NA,NA,NA,NA,NA,NA,0,Iowa State,Iowa State,124,NA,Seth Wilson,Joe Toussaint,Kedrian Johnson,James Okonkwo,Emmitt Matthews Jr.,Tre King,Aljaz Kunc,Gabe Kalscheur,Tamin Lipsey,Caleb Grill
2022-23,2023-02-08,2499103,315,0,2,West Virginia,Iowa State,Mountaineers,Cyclones,3,3,69,66,3,NA,NA,208,208,0,Official TV timeout.,NA,FALSE,FALSE,NA,NA,NA,NA,NA,NA,0,NA,NA,NA,NA,Seth Wilson,Joe Toussaint,Kedrian Johnson,James Okonkwo,Emmitt Matthews Jr.,Tre King,Aljaz Kunc,Gabe Kalscheur,Tamin Lipsey,Caleb Grill
2022-23,2023-02-08,2499103,316,0,2,West Virginia,Iowa State,Mountaineers,Cyclones,3,3,69,66,3,1689,West Virginia,208,208,0,Substitution: Erik Stevenson in for Seth Wilson.,NA,FALSE,FALSE,NA,NA,NA,NA,NA,NA,1,NA,NA,NA,NA,Erik Stevenson,Joe Toussaint,Kedrian Johnson,James Okonkwo,Emmitt Matthews Jr.,Tre King,Aljaz Kunc,Gabe Kalscheur,Tamin Lipsey,Caleb Grill
2022-23,2023-02-08,2499103,317,0,2,West Virginia,Iowa State,Mountaineers,Cyclones,3,3,69,67,2,1450,Iowa State,208,208,0,Aljaz Kunc makes free throw 1 of 2.,made,TRUE,FALSE,NA,NA,NA,NA,NA,NA,0,Iowa State,Iowa State,124,NA,Erik Stevenson,Joe Toussaint,Kedrian Johnson,James Okonkwo,Emmitt Matthews Jr.,Tre King,Aljaz Kunc,Gabe Kalscheur,Tamin Lipsey,Caleb Grill
2022-23,2023-02-08,2499103,318,0,2,West Virginia,Iowa State,Mountaineers,Cyclones,3,3,69,67,2,1450,Iowa State,208,208,0,Aljaz Kunc misses free throw 2 of 2.,missed,TRUE,FALSE,NA,NA,NA,NA,NA,NA,0,Iowa State,Iowa State,124,NA,Erik Stevenson,Joe Toussaint,Kedrian Johnson,James Okonkwo,Emmitt Matthews Jr.,Tre King,Aljaz Kunc,Gabe Kalscheur,Tamin Lipsey,Caleb Grill
2022-23,2023-02-08,2499103,319,0,2,West Virginia,Iowa State,Mountaineers,Cyclones,3,3,69,67,2,1689,West Virginia,208,208,0,James Okonkwo with a defensive rebound.,NA,FALSE,FALSE,NA,NA,NA,NA,NA,NA,0,Iowa State,West Virginia,124,NA,Erik Stevenson,Joe Toussaint,Kedrian Johnson,James Okonkwo,Emmitt Matthews Jr.,Tre King,Aljaz Kunc,Gabe Kalscheur,Tamin Lipsey,Caleb Grill
2022-23,2023-02-08,2499103,320,0,2,West Virginia,Iowa State,Mountaineers,Cyclones,3,3,69,67,2,1689,West Virginia,192,192,16,James Okonkwo misses a layup.,missed,FALSE,FALSE,Layup Shot,25,5.25,1343027,James Okonkwo,NA,0,West Virginia,West Virginia,125,NA,Erik Stevenson,Joe Toussaint,Kedrian Johnson,James Okonkwo,Emmitt Matthews Jr.,Tre King,Aljaz Kunc,Gabe Kalscheur,Tamin Lipsey,Caleb Grill
2022-23,2023-02-08,2499103,321,0,2,West Virginia,Iowa State,Mountaineers,Cyclones,3,3,69,67,2,1689,West Virginia,192,192,0,James Okonkwo with an offensive rebound.,NA,FALSE,FALSE,NA,NA,NA,NA,NA,NA,0,West Virginia,West Virginia,125,NA,Erik Stevenson,Joe Toussaint,Kedrian Johnson,James Okonkwo,Emmitt Matthews Jr.,Tre King,Aljaz Kunc,Gabe Kalscheur,Tamin Lipsey,Caleb Grill
2022-23,2023-02-08,2499103,322,0,2,West Virginia,Iowa State,Mountaineers,Cyclones,3,3,69,67,2,1450,Iowa State,187,187,5,Personal foul committed by Caleb Grill.,NA,FALSE,FALSE,NA,NA,NA,NA,NA,NA,0,West Virginia,West Virginia,125,NA,Erik Stevenson,Joe Toussaint,Kedrian Johnson,James Okonkwo,Emmitt Matthews Jr.,Tre King,Aljaz Kunc,Gabe Kalscheur,Tamin Lipsey,Caleb Grill
2022-23,2023-02-08,2499103,323,0,2,West Virginia,Iowa State,Mountaineers,Cyclones,3,3,69,67,2,1689,West Virginia,187,187,0,James Okonkwo misses free throw 1 of 2.,missed,TRUE,FALSE,NA,NA,NA,NA,NA,NA,0,West Virginia,West Virginia,125,NA,Erik Stevenson,Joe Toussaint,Kedrian Johnson,James Okonkwo,Emmitt Matthews Jr.,Tre King,Aljaz Kunc,Gabe Kalscheur,Tamin Lipsey,Caleb Grill
2022-23,2023-02-08,2499103,325,0,2,West Virginia,Iowa State,Mountaineers,Cyclones,3,3,69,67,2,1450,Iowa State,187,187,0,Substitution: Jaren Holmes in for Aljaz Kunc.,NA,FALSE,FALSE,NA,NA,NA,NA,NA,NA,1,NA,NA,NA,NA,Erik Stevenson,Joe Toussaint,Kedrian Johnson,James Okonkwo,Emmitt Matthews Jr.,Tre King,Jaren Holmes,Gabe Kalscheur,Tamin Lipsey,Caleb Grill
2022-23,2023-02-08,2499103,326,0,2,West Virginia,Iowa State,Mountaineers,Cyclones,3,3,70,67,3,1689,West Virginia,187,187,0,James Okonkwo makes free throw 2 of 2.,made,TRUE,FALSE,NA,NA,NA,NA,NA,NA,0,West Virginia,Iowa State,125,NA,Erik Stevenson,Joe Toussaint,Kedrian Johnson,James Okonkwo,Emmitt Matthews Jr.,Tre King,Jaren Holmes,Gabe Kalscheur,Tamin Lipsey,Caleb Grill
2022-23,2023-02-08,2499103,327,0,2,West Virginia,Iowa State,Mountaineers,Cyclones,3,3,70,67,3,1450,Iowa State,158,158,29,James Okonkwo blocks a Caleb Grill jump shot from 10 feet out.,missed,FALSE,FALSE,Jump Shot,24.4,15.15,1174826,Caleb Grill,NA,0,Iowa State,Iowa State,126,NA,Erik Stevenson,Joe Toussaint,Kedrian Johnson,James Okonkwo,Emmitt Matthews Jr.,Tre King,Jaren Holmes,Gabe Kalscheur,Tamin Lipsey,Caleb Grill
2022-23,2023-02-08,2499103,329,0,2,West Virginia,Iowa State,Mountaineers,Cyclones,3,3,70,67,3,1689,West Virginia,156,156,2,Personal foul committed by Joe Toussaint.,NA,FALSE,FALSE,NA,NA,NA,NA,NA,NA,0,Iowa State,Iowa State,126,NA,Erik Stevenson,Joe Toussaint,Kedrian Johnson,James Okonkwo,Emmitt Matthews Jr.,Tre King,Jaren Holmes,Gabe Kalscheur,Tamin Lipsey,Caleb Grill
2022-23,2023-02-08,2499103,330,0,2,West Virginia,Iowa State,Mountaineers,Cyclones,3,3,70,68,2,1450,Iowa State,156,156,0,Caleb Grill makes free throw 1 of 2.,made,TRUE,FALSE,NA,NA,NA,NA,NA,NA,0,Iowa State,Iowa State,126,NA,Erik Stevenson,Joe Toussaint,Kedrian Johnson,James Okonkwo,Emmitt Matthews Jr.,Tre King,Jaren Holmes,Gabe Kalscheur,Tamin Lipsey,Caleb Grill
2022-23,2023-02-08,2499103,331,0,2,West Virginia,Iowa State,Mountaineers,Cyclones,3,3,70,69,1,1450,Iowa State,156,156,0,Caleb Grill makes free throw 2 of 2.,made,TRUE,FALSE,NA,NA,NA,NA,NA,NA,0,Iowa State,West Virginia,126,NA,Erik Stevenson,Joe Toussaint,Kedrian Johnson,James Okonkwo,Emmitt Matthews Jr.,Tre King,Jaren Holmes,Gabe Kalscheur,Tamin Lipsey,Caleb Grill
2022-23,2023-02-08,2499103,332,0,2,West Virginia,Iowa State,Mountaineers,Cyclones,3,3,70,69,1,1689,West Virginia,140,140,16,Offensive foul committed by Erik Stevenson.,NA,FALSE,FALSE,NA,NA,NA,NA,NA,NA,0,West Virginia,West Virginia,127,NA,Erik Stevenson,Joe Toussaint,Kedrian Johnson,James Okonkwo,Emmitt Matthews Jr.,Tre King,Jaren Holmes,Gabe Kalscheur,Tamin Lipsey,Caleb Grill
2022-23,2023-02-08,2499103,333,0,2,West Virginia,Iowa State,Mountaineers,Cyclones,3,3,70,69,1,1689,West Virginia,140,140,0,Erik Stevenson with a turnover,NA,FALSE,FALSE,NA,NA,NA,NA,NA,NA,0,West Virginia,Iowa State,127,NA,Erik Stevenson,Joe Toussaint,Kedrian Johnson,James Okonkwo,Emmitt Matthews Jr.,Tre King,Jaren Holmes,Gabe Kalscheur,Tamin Lipsey,Caleb Grill
2022-23,2023-02-08,2499103,334,0,2,West Virginia,Iowa State,Mountaineers,Cyclones,3,3,70,69,1,1689,West Virginia,140,140,0,Substitution: Seth Wilson in for Erik Stevenson.,NA,FALSE,FALSE,NA,NA,NA,NA,NA,NA,1,NA,NA,NA,NA,Seth Wilson,Joe Toussaint,Kedrian Johnson,James Okonkwo,Emmitt Matthews Jr.,Tre King,Jaren Holmes,Gabe Kalscheur,Tamin Lipsey,Caleb Grill
2022-23,2023-02-08,2499103,335,0,2,West Virginia,Iowa State,Mountaineers,Cyclones,3,3,70,69,1,1450,Iowa State,117,117,23,Offensive foul committed by Tamin Lipsey.,NA,FALSE,FALSE,NA,NA,NA,NA,NA,NA,0,Iowa State,Iowa State,128,NA,Seth Wilson,Joe Toussaint,Kedrian Johnson,James Okonkwo,Emmitt Matthews Jr.,Tre King,Jaren Holmes,Gabe Kalscheur,Tamin Lipsey,Caleb Grill
2022-23,2023-02-08,2499103,336,0,2,West Virginia,Iowa State,Mountaineers,Cyclones,3,3,70,69,1,1450,Iowa State,117,117,0,Tamin Lipsey with a turnover,NA,FALSE,FALSE,NA,NA,NA,NA,NA,NA,0,Iowa State,West Virginia,128,NA,Seth Wilson,Joe Toussaint,Kedrian Johnson,James Okonkwo,Emmitt Matthews Jr.,Tre King,Jaren Holmes,Gabe Kalscheur,Tamin Lipsey,Caleb Grill
2022-23,2023-02-08,2499103,337,0,2,West Virginia,Iowa State,Mountaineers,Cyclones,3,3,70,69,1,1450,Iowa State,117,117,0,Substitution: Aljaz Kunc in for Tamin Lipsey.,NA,FALSE,FALSE,NA,NA,NA,NA,NA,NA,1,NA,NA,NA,NA,Seth Wilson,Joe Toussaint,Kedrian Johnson,James Okonkwo,Emmitt Matthews Jr.,Tre King,Jaren Holmes,Gabe Kalscheur,Aljaz Kunc,Caleb Grill
2022-23,2023-02-08,2499103,338,0,2,West Virginia,Iowa State,Mountaineers,Cyclones,2,3,70,69,1,1689,West Virginia,111,111,6,Mountaineers take a 30-second timeout.,NA,FALSE,FALSE,NA,NA,NA,NA,NA,NA,0,NA,NA,NA,NA,Seth Wilson,Joe Toussaint,Kedrian Johnson,James Okonkwo,Emmitt Matthews Jr.,Tre King,Jaren Holmes,Gabe Kalscheur,Aljaz Kunc,Caleb Grill
2022-23,2023-02-08,2499103,339,0,2,West Virginia,Iowa State,Mountaineers,Cyclones,2,3,70,69,1,1689,West Virginia,103,103,8,Emmitt Matthews Jr. misses a jump shot from 14 feet out.,missed,FALSE,FALSE,Jump Shot,12.200000000000003,9.75,1134898,Emmitt Matthews Jr.,NA,0,West Virginia,West Virginia,129,NA,Seth Wilson,Joe Toussaint,Kedrian Johnson,James Okonkwo,Emmitt Matthews Jr.,Tre King,Jaren Holmes,Gabe Kalscheur,Aljaz Kunc,Caleb Grill
2022-23,2023-02-08,2499103,340,0,2,West Virginia,Iowa State,Mountaineers,Cyclones,2,3,70,69,1,1450,Iowa State,103,103,0,Caleb Grill with a defensive rebound.,NA,FALSE,FALSE,NA,NA,NA,NA,NA,NA,0,West Virginia,Iowa State,129,NA,Seth Wilson,Joe Toussaint,Kedrian Johnson,James Okonkwo,Emmitt Matthews Jr.,Tre King,Jaren Holmes,Gabe Kalscheur,Aljaz Kunc,Caleb Grill
2022-23,2023-02-08,2499103,341,0,2,West Virginia,Iowa State,Mountaineers,Cyclones,2,3,70,71,-1,1450,Iowa State,89,89,14,Jaren Holmes makes a layup.,made,FALSE,FALSE,Layup Shot,25,5.25,1178146,Jaren Holmes,NA,0,Iowa State,West Virginia,130,NA,Seth Wilson,Joe Toussaint,Kedrian Johnson,James Okonkwo,Emmitt Matthews Jr.,Tre King,Jaren Holmes,Gabe Kalscheur,Aljaz Kunc,Caleb Grill
2022-23,2023-02-08,2499103,342,0,2,West Virginia,Iowa State,Mountaineers,Cyclones,2,3,70,71,-1,1450,Iowa State,67,67,22,Personal foul committed by Gabe Kalscheur.,NA,FALSE,FALSE,NA,NA,NA,NA,NA,NA,0,West Virginia,West Virginia,131,NA,Seth Wilson,Joe Toussaint,Kedrian Johnson,James Okonkwo,Emmitt Matthews Jr.,Tre King,Jaren Holmes,Gabe Kalscheur,Aljaz Kunc,Caleb Grill
2022-23,2023-02-08,2499103,343,0,2,West Virginia,Iowa State,Mountaineers,Cyclones,2,3,71,71,0,1689,West Virginia,67,67,0,Joe Toussaint makes free throw 1 of 2.,made,TRUE,FALSE,NA,NA,NA,NA,NA,NA,0,West Virginia,West Virginia,131,NA,Seth Wilson,Joe Toussaint,Kedrian Johnson,James Okonkwo,Emmitt Matthews Jr.,Tre King,Jaren Holmes,Gabe Kalscheur,Aljaz Kunc,Caleb Grill
2022-23,2023-02-08,2499103,344,0,2,West Virginia,Iowa State,Mountaineers,Cyclones,2,3,72,71,1,1689,West Virginia,67,67,0,Joe Toussaint makes free throw 2 of 2.,made,TRUE,FALSE,NA,NA,NA,NA,NA,NA,0,West Virginia,Iowa State,131,NA,Seth Wilson,Joe Toussaint,Kedrian Johnson,James Okonkwo,Emmitt Matthews Jr.,Tre King,Jaren Holmes,Gabe Kalscheur,Aljaz Kunc,Caleb Grill
2022-23,2023-02-08,2499103,345,0,2,West Virginia,Iowa State,Mountaineers,Cyclones,2,2,72,71,1,1450,Iowa State,63,63,4,Cyclones take a 30-second timeout.,NA,FALSE,FALSE,NA,NA,NA,NA,NA,NA,0,NA,NA,NA,NA,Seth Wilson,Joe Toussaint,Kedrian Johnson,James Okonkwo,Emmitt Matthews Jr.,Tre King,Jaren Holmes,Gabe Kalscheur,Aljaz Kunc,Caleb Grill
2022-23,2023-02-08,2499103,346,0,2,West Virginia,Iowa State,Mountaineers,Cyclones,2,2,72,71,1,1450,Iowa State,59,59,4,Jaren Holmes misses a layup.,missed,FALSE,FALSE,Layup Shot,26,6.25,1178146,Jaren Holmes,NA,0,Iowa State,Iowa State,132,NA,Seth Wilson,Joe Toussaint,Kedrian Johnson,James Okonkwo,Emmitt Matthews Jr.,Tre King,Jaren Holmes,Gabe Kalscheur,Aljaz Kunc,Caleb Grill
2022-23,2023-02-08,2499103,347,0,2,West Virginia,Iowa State,Mountaineers,Cyclones,2,2,72,71,1,1450,Iowa State,59,59,0,Tre King with an offensive rebound.,NA,FALSE,FALSE,NA,NA,NA,NA,NA,NA,0,Iowa State,Iowa State,132,NA,Seth Wilson,Joe Toussaint,Kedrian Johnson,James Okonkwo,Emmitt Matthews Jr.,Tre King,Jaren Holmes,Gabe Kalscheur,Aljaz Kunc,Caleb Grill
2022-23,2023-02-08,2499103,348,0,2,West Virginia,Iowa State,Mountaineers,Cyclones,2,2,72,71,1,1450,Iowa State,56,56,3,Tre King misses a layup.,missed,FALSE,FALSE,Layup Shot,26,6.25,1135234,Tre King,NA,0,Iowa State,West Virginia,132,NA,Seth Wilson,Joe Toussaint,Kedrian Johnson,James Okonkwo,Emmitt Matthews Jr.,Tre King,Jaren Holmes,Gabe Kalscheur,Aljaz Kunc,Caleb Grill
2022-23,2023-02-08,2499103,350,0,2,West Virginia,Iowa State,Mountaineers,Cyclones,2,2,72,71,1,1689,West Virginia,36,36,20,Kedrian Johnson misses a 3-point jump shot from 27 feet out.,missed,FALSE,TRUE,Jump Shot,39.9,27.75,1082490,Kedrian Johnson,NA,0,West Virginia,West Virginia,133,NA,Seth Wilson,Joe Toussaint,Kedrian Johnson,James Okonkwo,Emmitt Matthews Jr.,Tre King,Jaren Holmes,Gabe Kalscheur,Aljaz Kunc,Caleb Grill
2022-23,2023-02-08,2499103,352,0,2,West Virginia,Iowa State,Mountaineers,Cyclones,2,2,72,71,1,1689,West Virginia,15,15,21,Tre King steals the ball from Kedrian Johnson.,NA,FALSE,FALSE,NA,NA,NA,NA,NA,NA,0,West Virginia,Iowa State,133,NA,Seth Wilson,Joe Toussaint,Kedrian Johnson,James Okonkwo,Emmitt Matthews Jr.,Tre King,Jaren Holmes,Gabe Kalscheur,Aljaz Kunc,Caleb Grill
2022-23,2023-02-08,2499103,353,0,2,West Virginia,Iowa State,Mountaineers,Cyclones,2,2,72,71,1,1450,Iowa State,15,15,0,Caleb Grill misses a layup.,missed,FALSE,FALSE,Layup Shot,25,5.25,1174826,Caleb Grill,NA,0,Iowa State,Iowa State,134,NA,Seth Wilson,Joe Toussaint,Kedrian Johnson,James Okonkwo,Emmitt Matthews Jr.,Tre King,Jaren Holmes,Gabe Kalscheur,Aljaz Kunc,Caleb Grill
2022-23,2023-02-08,2499103,354,0,2,West Virginia,Iowa State,Mountaineers,Cyclones,2,2,72,71,1,1689,West Virginia,15,15,0,James Okonkwo with a defensive rebound.,NA,FALSE,FALSE,NA,NA,NA,NA,NA,NA,0,Iowa State,West Virginia,134,NA,Seth Wilson,Joe Toussaint,Kedrian Johnson,James Okonkwo,Emmitt Matthews Jr.,Tre King,Jaren Holmes,Gabe Kalscheur,Aljaz Kunc,Caleb Grill
2022-23,2023-02-08,2499103,355,0,2,West Virginia,Iowa State,Mountaineers,Cyclones,2,2,72,71,1,1450,Iowa State,15,15,0,Personal foul committed by Gabe Kalscheur.,NA,FALSE,FALSE,NA,NA,NA,NA,NA,NA,0,West Virginia,West Virginia,135,NA,Seth Wilson,Joe Toussaint,Kedrian Johnson,James Okonkwo,Emmitt Matthews Jr.,Tre King,Jaren Holmes,Gabe Kalscheur,Aljaz Kunc,Caleb Grill
2022-23,2023-02-08,2499103,356,0,2,West Virginia,Iowa State,Mountaineers,Cyclones,2,2,73,71,2,1689,West Virginia,9,9,6,Joe Toussaint makes free throw 1 of 2.,made,TRUE,FALSE,NA,NA,NA,NA,NA,NA,0,West Virginia,West Virginia,135,NA,Seth Wilson,Joe Toussaint,Kedrian Johnson,James Okonkwo,Emmitt Matthews Jr.,Tre King,Jaren Holmes,Gabe Kalscheur,Aljaz Kunc,Caleb Grill
2022-23,2023-02-08,2499103,357,0,2,West Virginia,Iowa State,Mountaineers,Cyclones,2,2,74,71,3,1689,West Virginia,9,9,0,Joe Toussaint makes free throw 2 of 2.,made,TRUE,FALSE,NA,NA,NA,NA,NA,NA,0,West Virginia,Iowa State,135,NA,Seth Wilson,Joe Toussaint,Kedrian Johnson,James Okonkwo,Emmitt Matthews Jr.,Tre King,Jaren Holmes,Gabe Kalscheur,Aljaz Kunc,Caleb Grill
2022-23,2023-02-08,2499103,358,0,2,West Virginia,Iowa State,Mountaineers,Cyclones,2,2,74,71,3,1450,Iowa State,4,4,5,Offensive foul committed by Jaren Holmes.,NA,FALSE,FALSE,NA,NA,NA,NA,NA,NA,0,Iowa State,Iowa State,136,NA,Seth Wilson,Joe Toussaint,Kedrian Johnson,James Okonkwo,Emmitt Matthews Jr.,Tre King,Jaren Holmes,Gabe Kalscheur,Aljaz Kunc,Caleb Grill
2022-23,2023-02-08,2499103,359,0,2,West Virginia,Iowa State,Mountaineers,Cyclones,2,2,74,71,3,1450,Iowa State,4,4,0,Jaren Holmes with a turnover,NA,FALSE,FALSE,NA,NA,NA,NA,NA,NA,0,Iowa State,West Virginia,136,NA,Seth Wilson,Joe Toussaint,Kedrian Johnson,James Okonkwo,Emmitt Matthews Jr.,Tre King,Jaren Holmes,Gabe Kalscheur,Aljaz Kunc,Caleb Grill
2022-23,2023-02-08,2499103,360,0,2,West Virginia,Iowa State,Mountaineers,Cyclones,1,2,74,71,3,1689,West Virginia,4,4,0,Mountaineers take a full timeout.,NA,FALSE,FALSE,NA,NA,NA,NA,NA,NA,0,NA,NA,NA,NA,Seth Wilson,Joe Toussaint,Kedrian Johnson,James Okonkwo,Emmitt Matthews Jr.,Tre King,Jaren Holmes,Gabe Kalscheur,Aljaz Kunc,Caleb Grill
2022-23,2023-02-08,2499103,361,0,2,West Virginia,Iowa State,Mountaineers,Cyclones,1,2,74,71,3,1450,Iowa State,4,4,0,Substitution: Hason Ward in for Aljaz Kunc.,NA,FALSE,FALSE,NA,NA,NA,NA,NA,NA,1,NA,NA,NA,NA,Seth Wilson,Joe Toussaint,Kedrian Johnson,James Okonkwo,Emmitt Matthews Jr.,Tre King,Jaren Holmes,Gabe Kalscheur,Hason Ward,Caleb Grill
2022-23,2023-02-08,2499103,362,0,2,West Virginia,Iowa State,Mountaineers,Cyclones,1,2,74,71,3,1689,West Virginia,4,4,0,Substitution: Mohamed Wague in for James Okonkwo.,NA,FALSE,FALSE,NA,NA,NA,NA,NA,NA,1,NA,NA,NA,NA,Seth Wilson,Joe Toussaint,Kedrian Johnson,Mohamed Wague,Emmitt Matthews Jr.,Tre King,Jaren Holmes,Gabe Kalscheur,Hason Ward,Caleb Grill
2022-23,2023-02-08,2499103,363,0,2,West Virginia,Iowa State,Mountaineers,Cyclones,1,2,74,71,3,1450,Iowa State,2,2,2,Personal foul committed by Jaren Holmes.,NA,FALSE,FALSE,NA,NA,NA,NA,NA,NA,0,West Virginia,West Virginia,137,NA,Seth Wilson,Joe Toussaint,Kedrian Johnson,Mohamed Wague,Emmitt Matthews Jr.,Tre King,Jaren Holmes,Gabe Kalscheur,Hason Ward,Caleb Grill
2022-23,2023-02-08,2499103,364,0,2,West Virginia,Iowa State,Mountaineers,Cyclones,1,2,75,71,4,1689,West Virginia,2,2,0,Emmitt Matthews Jr. makes free throw 1 of 2.,made,TRUE,FALSE,NA,NA,NA,NA,NA,NA,0,West Virginia,West Virginia,137,NA,Seth Wilson,Joe Toussaint,Kedrian Johnson,Mohamed Wague,Emmitt Matthews Jr.,Tre King,Jaren Holmes,Gabe Kalscheur,Hason Ward,Caleb Grill
2022-23,2023-02-08,2499103,365,0,2,West Virginia,Iowa State,Mountaineers,Cyclones,1,2,75,71,4,1450,Iowa State,2,2,0,Substitution: Aljaz Kunc in for Hason Ward.,NA,FALSE,FALSE,NA,NA,NA,NA,NA,NA,1,NA,NA,NA,NA,Seth Wilson,Joe Toussaint,Kedrian Johnson,Mohamed Wague,Emmitt Matthews Jr.,Tre King,Jaren Holmes,Gabe Kalscheur,Aljaz Kunc,Caleb Grill
2022-23,2023-02-08,2499103,366,0,2,West Virginia,Iowa State,Mountaineers,Cyclones,1,2,76,71,5,1689,West Virginia,2,2,0,Emmitt Matthews Jr. makes free throw 2 of 2.,made,TRUE,FALSE,NA,NA,NA,NA,NA,NA,0,West Virginia,Iowa State,137,NA,Seth Wilson,Joe Toussaint,Kedrian Johnson,Mohamed Wague,Emmitt Matthews Jr.,Tre King,Jaren Holmes,Gabe Kalscheur,Aljaz Kunc,Caleb Grill
2022-23,2023-02-08,2499103,367,0,2,West Virginia,Iowa State,Mountaineers,Cyclones,1,2,76,71,5,1450,Iowa State,1,1,1,Jaren Holmes misses a 3-point jump shot from 35 feet out.,missed,FALSE,TRUE,Jump Shot,18.8,40.15,1178146,Jaren Holmes,NA,0,Iowa State,NA,138,NA,Seth Wilson,Joe Toussaint,Kedrian Johnson,Mohamed Wague,Emmitt Matthews Jr.,Tre King,Jaren Holmes,Gabe Kalscheur,Aljaz Kunc,Caleb Grill
2022-23,2023-02-08,2499103,369,0,2,West Virginia,Iowa State,Mountaineers,Cyclones,1,2,76,71,5,NA,NA,0,0,1,End of the 2nd Half,NA,FALSE,FALSE,NA,NA,NA,NA,NA,NA,0,NA,NA,NA,NA,Seth Wilson,Joe Toussaint,Kedrian Johnson,Mohamed Wague,Emmitt Matthews Jr.,Tre King,Jaren Holmes,Gabe Kalscheur,Aljaz Kunc,Caleb Grill
2022-23,2023-02-08,2499103,370,0,2,West Virginia,Iowa State,Mountaineers,Cyclones,1,2,76,71,5,NA,NA,0,0,0,End of the Game,NA,FALSE,FALSE,NA,NA,NA,NA,NA,NA,0,Iowa State,Iowa State,NA,NA,Seth Wilson,Joe Toussaint,Kedrian Johnson,Mohamed Wague,Emmitt Matthews Jr.,Tre King,Jaren Holmes,Gabe Kalscheur,Aljaz Kunc,Caleb Grill
