season,date,game_id,play_id,neutral,half,home,away,home_name,away_name,home_timeouts,away_timeouts,home_score,away_score,score_diff,team_id,event_team,game_secs_remaining,half_secs_remaining,play_length,desc,shot_outcome,free_throw,three_pt,shot_desc,loc_x,loc_y,shooter_id,shooter,assist,substitution,poss_before,poss_after,poss_number,sub_error,home_1,home_2,home_3,home_4,home_5,away_1,away_2,away_3,away_4,away_5
2020-21,2021-01-20,2289363,1,0,1,Washington,Colorado,Huskies,Buffaloes,4,4,0,0,0,1685,Washington,NA,NA,NA,Starting Lineup - Nate Roberts,NA,FALSE,FALSE,NA,NA,NA,NA,NA,NA,1,NA,NA,NA,NA,Nate Roberts,Quade Green,Erik Stevenson,Jamal Bey,Hameir Wright,Eli Parquet,Evan Battey,McKinley Wright IV,D'Shawn Schwartz,Jeriah Horne
2020-21,2021-01-20,2289363,1,0,1,Washington,Colorado,Huskies,Buffaloes,4,4,0,0,0,1685,Washington,NA,NA,NA,Starting Lineup - Quade Green,NA,FALSE,FALSE,NA,NA,NA,NA,NA,NA,1,NA,NA,NA,NA,Nate Roberts,Quade Green,Erik Stevenson,Jamal Bey,Hameir Wright,Eli Parquet,Evan Battey,McKinley Wright IV,D'Shawn Schwartz,Jeriah Horne
2020-21,2021-01-20,2289363,1,0,1,Washington,Colorado,Huskies,Buffaloes,4,4,0,0,0,1685,Washington,NA,NA,NA,Starting Lineup - Erik Stevenson,NA,FALSE,FALSE,NA,NA,NA,NA,NA,NA,1,NA,NA,NA,NA,Nate Roberts,Quade Green,Erik Stevenson,Jamal Bey,Hameir Wright,Eli Parquet,Evan Battey,McKinley Wright IV,D'Shawn Schwartz,Jeriah Horne
2020-21,2021-01-20,2289363,1,0,1,Washington,Colorado,Huskies,Buffaloes,4,4,0,0,0,1360,Colorado,NA,NA,NA,Starting Lineup - Eli Parquet,NA,FALSE,FALSE,NA,NA,NA,NA,NA,NA,1,NA,NA,NA,NA,Nate Roberts,Quade Green,Erik Stevenson,Jamal Bey,Hameir Wright,Eli Parquet,Evan Battey,McKinley Wright IV,D'Shawn Schwartz,Jeriah Horne
2020-21,2021-01-20,2289363,1,0,1,Washington,Colorado,Huskies,Buffaloes,4,4,0,0,0,1360,Colorado,NA,NA,NA,Starting Lineup - Evan Battey,NA,FALSE,FALSE,NA,NA,NA,NA,NA,NA,1,NA,NA,NA,NA,Nate Roberts,Quade Green,Erik Stevenson,Jamal Bey,Hameir Wright,Eli Parquet,Evan Battey,McKinley Wright IV,D'Shawn Schwartz,Jeriah Horne
2020-21,2021-01-20,2289363,1,0,1,Washington,Colorado,Huskies,Buffaloes,4,4,0,0,0,1360,Colorado,NA,NA,NA,Starting Lineup - McKinley Wright IV,NA,FALSE,FALSE,NA,NA,NA,NA,NA,NA,1,NA,NA,NA,NA,Nate Roberts,Quade Green,Erik Stevenson,Jamal Bey,Hameir Wright,Eli Parquet,Evan Battey,McKinley Wright IV,D'Shawn Schwartz,Jeriah Horne
2020-21,2021-01-20,2289363,1,0,1,Washington,Colorado,Huskies,Buffaloes,4,4,0,0,0,1360,Colorado,NA,NA,NA,Starting Lineup - D'Shawn Schwartz,NA,FALSE,FALSE,NA,NA,NA,NA,NA,NA,1,NA,NA,NA,NA,Nate Roberts,Quade Green,Erik Stevenson,Jamal Bey,Hameir Wright,Eli Parquet,Evan Battey,McKinley Wright IV,D'Shawn Schwartz,Jeriah Horne
2020-21,2021-01-20,2289363,1,0,1,Washington,Colorado,Huskies,Buffaloes,4,4,0,0,0,1685,Washington,NA,NA,NA,Starting Lineup - Jamal Bey,NA,FALSE,FALSE,NA,NA,NA,NA,NA,NA,1,NA,NA,NA,NA,Nate Roberts,Quade Green,Erik Stevenson,Jamal Bey,Hameir Wright,Eli Parquet,Evan Battey,McKinley Wright IV,D'Shawn Schwartz,Jeriah Horne
2020-21,2021-01-20,2289363,1,0,1,Washington,Colorado,Huskies,Buffaloes,4,4,0,0,0,1685,Washington,NA,NA,NA,Starting Lineup - Hameir Wright,NA,FALSE,FALSE,NA,NA,NA,NA,NA,NA,1,NA,NA,NA,NA,Nate Roberts,Quade Green,Erik Stevenson,Jamal Bey,Hameir Wright,Eli Parquet,Evan Battey,McKinley Wright IV,D'Shawn Schwartz,Jeriah Horne
2020-21,2021-01-20,2289363,1,0,1,Washington,Colorado,Huskies,Buffaloes,4,4,0,0,0,1360,Colorado,NA,NA,NA,Starting Lineup - Jeriah Horne,NA,FALSE,FALSE,NA,NA,NA,NA,NA,NA,1,NA,NA,NA,NA,Nate Roberts,Quade Green,Erik Stevenson,Jamal Bey,Hameir Wright,Eli Parquet,Evan Battey,McKinley Wright IV,D'Shawn Schwartz,Jeriah Horne
2020-21,2021-01-20,2289363,2,0,1,Washington,Colorado,Huskies,Buffaloes,4,4,0,0,0,NA,NA,2400,1200,NA,Start of the 1st Half,NA,FALSE,FALSE,NA,NA,NA,NA,NA,NA,0,NA,Colorado,1,NA,Nate Roberts,Quade Green,Erik Stevenson,Jamal Bey,Hameir Wright,Eli Parquet,Evan Battey,McKinley Wright IV,D'Shawn Schwartz,Jeriah Horne
2020-21,2021-01-20,2289363,3,0,1,Washington,Colorado,Huskies,Buffaloes,4,4,0,0,0,1360,Colorado,2381,1181,19,Evan Battey misses a 3-point jump shot from 25 feet out.,missed,FALSE,TRUE,Jump Shot,42.7,22.75,1061523,Evan Battey,NA,0,Colorado,Colorado,1,NA,Nate Roberts,Quade Green,Erik Stevenson,Jamal Bey,Hameir Wright,Eli Parquet,Evan Battey,McKinley Wright IV,D'Shawn Schwartz,Jeriah Horne
2020-21,2021-01-20,2289363,4,0,1,Washington,Colorado,Huskies,Buffaloes,4,4,0,0,0,1360,Colorado,2381,1181,0,Eli Parquet with an offensive rebound.,NA,FALSE,FALSE,NA,NA,NA,NA,NA,NA,0,Colorado,Colorado,1,NA,Nate Roberts,Quade Green,Erik Stevenson,Jamal Bey,Hameir Wright,Eli Parquet,Evan Battey,McKinley Wright IV,D'Shawn Schwartz,Jeriah Horne
2020-21,2021-01-20,2289363,5,0,1,Washington,Colorado,Huskies,Buffaloes,4,4,0,0,0,1360,Colorado,2348,1148,33,Jamal Bey blocks a D'Shawn Schwartz 3-point jump shot from 25 feet out.,missed,FALSE,TRUE,Jump Shot,41.9,23.15,1061513,D'Shawn Schwartz,NA,0,Colorado,Colorado,1,NA,Nate Roberts,Quade Green,Erik Stevenson,Jamal Bey,Hameir Wright,Eli Parquet,Evan Battey,McKinley Wright IV,D'Shawn Schwartz,Jeriah Horne
2020-21,2021-01-20,2289363,6,0,1,Washington,Colorado,Huskies,Buffaloes,4,4,0,0,0,1685,Washington,2348,1148,0,Nate Roberts with a defensive rebound.,NA,FALSE,FALSE,NA,NA,NA,NA,NA,NA,0,Colorado,Washington,1,NA,Nate Roberts,Quade Green,Erik Stevenson,Jamal Bey,Hameir Wright,Eli Parquet,Evan Battey,McKinley Wright IV,D'Shawn Schwartz,Jeriah Horne
2020-21,2021-01-20,2289363,7,0,1,Washington,Colorado,Huskies,Buffaloes,4,4,0,0,0,1685,Washington,2332,1132,16,Erik Stevenson misses a jump shot from 21 feet out.,missed,FALSE,FALSE,Jump Shot,36,23.25,1132913,Erik Stevenson,NA,0,Washington,Washington,2,NA,Nate Roberts,Quade Green,Erik Stevenson,Jamal Bey,Hameir Wright,Eli Parquet,Evan Battey,McKinley Wright IV,D'Shawn Schwartz,Jeriah Horne
2020-21,2021-01-20,2289363,8,0,1,Washington,Colorado,Huskies,Buffaloes,4,4,0,0,0,1360,Colorado,2332,1132,0,Jeriah Horne with a defensive rebound.,NA,FALSE,FALSE,NA,NA,NA,NA,NA,NA,0,Washington,Colorado,2,NA,Nate Roberts,Quade Green,Erik Stevenson,Jamal Bey,Hameir Wright,Eli Parquet,Evan Battey,McKinley Wright IV,D'Shawn Schwartz,Jeriah Horne
2020-21,2021-01-20,2289363,9,0,1,Washington,Colorado,Huskies,Buffaloes,4,4,0,2,-2,1360,Colorado,2322,1122,10,Jeriah Horne makes a layup. D'Shawn Schwartz with the assist.,made,FALSE,FALSE,Layup Shot,25,5.25,944967,Jeriah Horne,D'Shawn Schwartz,0,Colorado,Washington,3,NA,Nate Roberts,Quade Green,Erik Stevenson,Jamal Bey,Hameir Wright,Eli Parquet,Evan Battey,McKinley Wright IV,D'Shawn Schwartz,Jeriah Horne
2020-21,2021-01-20,2289363,10,0,1,Washington,Colorado,Huskies,Buffaloes,4,4,0,2,-2,1685,Washington,2303,1103,19,Hameir Wright misses a 3-point jump shot from 23 feet out.,missed,FALSE,TRUE,Jump Shot,48,7.25,1089563,Hameir Wright,NA,0,Washington,Washington,4,NA,Nate Roberts,Quade Green,Erik Stevenson,Jamal Bey,Hameir Wright,Eli Parquet,Evan Battey,McKinley Wright IV,D'Shawn Schwartz,Jeriah Horne
2020-21,2021-01-20,2289363,11,0,1,Washington,Colorado,Huskies,Buffaloes,4,4,0,2,-2,1360,Colorado,2303,1103,0,Evan Battey with a defensive rebound.,NA,FALSE,FALSE,NA,NA,NA,NA,NA,NA,0,Washington,Colorado,4,NA,Nate Roberts,Quade Green,Erik Stevenson,Jamal Bey,Hameir Wright,Eli Parquet,Evan Battey,McKinley Wright IV,D'Shawn Schwartz,Jeriah Horne
2020-21,2021-01-20,2289363,12,0,1,Washington,Colorado,Huskies,Buffaloes,4,4,0,4,-4,1360,Colorado,2292,1092,11,Eli Parquet makes a jump shot from 16 feet out.,made,FALSE,FALSE,Jump Shot,40,11.25,1134715,Eli Parquet,NA,0,Colorado,Washington,5,NA,Nate Roberts,Quade Green,Erik Stevenson,Jamal Bey,Hameir Wright,Eli Parquet,Evan Battey,McKinley Wright IV,D'Shawn Schwartz,Jeriah Horne
2020-21,2021-01-20,2289363,13,0,1,Washington,Colorado,Huskies,Buffaloes,4,4,0,4,-4,1685,Washington,2267,1067,25,Quade Green misses a 3-point jump shot from 25 feet out.,missed,FALSE,TRUE,Jump Shot,37,27.25,1067851,Quade Green,NA,0,Washington,Washington,6,NA,Nate Roberts,Quade Green,Erik Stevenson,Jamal Bey,Hameir Wright,Eli Parquet,Evan Battey,McKinley Wright IV,D'Shawn Schwartz,Jeriah Horne
2020-21,2021-01-20,2289363,14,0,1,Washington,Colorado,Huskies,Buffaloes,4,4,0,4,-4,1685,Washington,2267,1067,0,Nate Roberts with an offensive rebound.,NA,FALSE,FALSE,NA,NA,NA,NA,NA,NA,0,Washington,Washington,6,NA,Nate Roberts,Quade Green,Erik Stevenson,Jamal Bey,Hameir Wright,Eli Parquet,Evan Battey,McKinley Wright IV,D'Shawn Schwartz,Jeriah Horne
2020-21,2021-01-20,2289363,15,0,1,Washington,Colorado,Huskies,Buffaloes,4,4,0,4,-4,1685,Washington,2261,1061,6,Erik Stevenson misses a 3-point jump shot from 25 feet out.,missed,FALSE,TRUE,Jump Shot,30,30.25,1132913,Erik Stevenson,NA,0,Washington,Washington,6,NA,Nate Roberts,Quade Green,Erik Stevenson,Jamal Bey,Hameir Wright,Eli Parquet,Evan Battey,McKinley Wright IV,D'Shawn Schwartz,Jeriah Horne
2020-21,2021-01-20,2289363,16,0,1,Washington,Colorado,Huskies,Buffaloes,4,4,0,4,-4,1685,Washington,2261,1061,0,Hameir Wright with an offensive rebound.,NA,FALSE,FALSE,NA,NA,NA,NA,NA,NA,0,Washington,Washington,6,NA,Nate Roberts,Quade Green,Erik Stevenson,Jamal Bey,Hameir Wright,Eli Parquet,Evan Battey,McKinley Wright IV,D'Shawn Schwartz,Jeriah Horne
2020-21,2021-01-20,2289363,17,0,1,Washington,Colorado,Huskies,Buffaloes,4,4,0,4,-4,1685,Washington,2253,1053,8,Erik Stevenson misses a 3-point jump shot from 27 feet out.,missed,FALSE,TRUE,Jump Shot,43,26.25,1132913,Erik Stevenson,NA,0,Washington,Washington,6,NA,Nate Roberts,Quade Green,Erik Stevenson,Jamal Bey,Hameir Wright,Eli Parquet,Evan Battey,McKinley Wright IV,D'Shawn Schwartz,Jeriah Horne
2020-21,2021-01-20,2289363,18,0,1,Washington,Colorado,Huskies,Buffaloes,4,4,0,4,-4,1360,Colorado,2253,1053,0,Evan Battey with a defensive rebound.,NA,FALSE,FALSE,NA,NA,NA,NA,NA,NA,0,Washington,Colorado,6,NA,Nate Roberts,Quade Green,Erik Stevenson,Jamal Bey,Hameir Wright,Eli Parquet,Evan Battey,McKinley Wright IV,D'Shawn Schwartz,Jeriah Horne
2020-21,2021-01-20,2289363,19,0,1,Washington,Colorado,Huskies,Buffaloes,4,4,0,4,-4,1685,Washington,2251,1051,2,Personal foul committed by Nate Roberts.,NA,FALSE,FALSE,NA,NA,NA,NA,NA,NA,0,Colorado,Colorado,7,NA,Nate Roberts,Quade Green,Erik Stevenson,Jamal Bey,Hameir Wright,Eli Parquet,Evan Battey,McKinley Wright IV,D'Shawn Schwartz,Jeriah Horne
2020-21,2021-01-20,2289363,20,0,1,Washington,Colorado,Huskies,Buffaloes,4,4,0,4,-4,1360,Colorado,2233,1033,18,Evan Battey misses a layup.,missed,FALSE,FALSE,Layup Shot,25,5.25,1061523,Evan Battey,NA,0,Colorado,Colorado,7,NA,Nate Roberts,Quade Green,Erik Stevenson,Jamal Bey,Hameir Wright,Eli Parquet,Evan Battey,McKinley Wright IV,D'Shawn Schwartz,Jeriah Horne
2020-21,2021-01-20,2289363,21,0,1,Washington,Colorado,Huskies,Buffaloes,4,4,0,4,-4,1685,Washington,2233,1033,0,Nate Roberts with a defensive rebound.,NA,FALSE,FALSE,NA,NA,NA,NA,NA,NA,0,Colorado,Washington,7,NA,Nate Roberts,Quade Green,Erik Stevenson,Jamal Bey,Hameir Wright,Eli Parquet,Evan Battey,McKinley Wright IV,D'Shawn Schwartz,Jeriah Horne
2020-21,2021-01-20,2289363,22,0,1,Washington,Colorado,Huskies,Buffaloes,4,4,0,4,-4,1685,Washington,2207,1007,26,Jamal Bey misses a 3-point jump shot from 25 feet out.,missed,FALSE,TRUE,Jump Shot,8,23.25,1135169,Jamal Bey,NA,0,Washington,Washington,8,NA,Nate Roberts,Quade Green,Erik Stevenson,Jamal Bey,Hameir Wright,Eli Parquet,Evan Battey,McKinley Wright IV,D'Shawn Schwartz,Jeriah Horne
2020-21,2021-01-20,2289363,23,0,1,Washington,Colorado,Huskies,Buffaloes,4,4,0,4,-4,1360,Colorado,2207,1007,0,Evan Battey with a defensive rebound.,NA,FALSE,FALSE,NA,NA,NA,NA,NA,NA,0,Washington,Colorado,8,NA,Nate Roberts,Quade Green,Erik Stevenson,Jamal Bey,Hameir Wright,Eli Parquet,Evan Battey,McKinley Wright IV,D'Shawn Schwartz,Jeriah Horne
2020-21,2021-01-20,2289363,24,0,1,Washington,Colorado,Huskies,Buffaloes,4,4,0,6,-6,1360,Colorado,2183,983,24,Jeriah Horne makes a jump shot from 16 feet out. D'Shawn Schwartz with the assist.,made,FALSE,FALSE,Jump Shot,21,21.25,944967,Jeriah Horne,D'Shawn Schwartz,0,Colorado,Washington,9,NA,Nate Roberts,Quade Green,Erik Stevenson,Jamal Bey,Hameir Wright,Eli Parquet,Evan Battey,McKinley Wright IV,D'Shawn Schwartz,Jeriah Horne
2020-21,2021-01-20,2289363,25,0,1,Washington,Colorado,Huskies,Buffaloes,4,4,0,6,-6,1685,Washington,2158,958,25,Eli Parquet blocks a Quade Green jump shot from 10 feet out.,missed,FALSE,FALSE,Jump Shot,30,14.25,1067851,Quade Green,NA,0,Washington,Washington,10,NA,Nate Roberts,Quade Green,Erik Stevenson,Jamal Bey,Hameir Wright,Eli Parquet,Evan Battey,McKinley Wright IV,D'Shawn Schwartz,Jeriah Horne
2020-21,2021-01-20,2289363,27,0,1,Washington,Colorado,Huskies,Buffaloes,4,4,0,6,-6,NA,NA,2151,951,7,Official TV timeout.,NA,FALSE,FALSE,NA,NA,NA,NA,NA,NA,0,NA,NA,NA,NA,Nate Roberts,Quade Green,Erik Stevenson,Jamal Bey,Hameir Wright,Eli Parquet,Evan Battey,McKinley Wright IV,D'Shawn Schwartz,Jeriah Horne
2020-21,2021-01-20,2289363,28,0,1,Washington,Colorado,Huskies,Buffaloes,4,4,0,6,-6,1685,Washington,2151,951,0,Substitution: Marcus Tsohonis in for Erik Stevenson.,NA,FALSE,FALSE,NA,NA,NA,NA,NA,NA,1,NA,NA,NA,NA,Nate Roberts,Quade Green,Marcus Tsohonis,Jamal Bey,Hameir Wright,Eli Parquet,Evan Battey,McKinley Wright IV,D'Shawn Schwartz,Jeriah Horne
2020-21,2021-01-20,2289363,29,0,1,Washington,Colorado,Huskies,Buffaloes,4,4,3,6,-3,1685,Washington,2146,946,5,Hameir Wright makes a 3-point jump shot from 25 feet out. Quade Green with the assist.,made,FALSE,TRUE,Jump Shot,41,24.25,1089563,Hameir Wright,Quade Green,0,Washington,Colorado,10,NA,Nate Roberts,Quade Green,Marcus Tsohonis,Jamal Bey,Hameir Wright,Eli Parquet,Evan Battey,McKinley Wright IV,D'Shawn Schwartz,Jeriah Horne
2020-21,2021-01-20,2289363,30,0,1,Washington,Colorado,Huskies,Buffaloes,4,4,3,6,-3,1360,Colorado,2146,946,0,Substitution: Maddox Daniels in for Eli Parquet.,NA,FALSE,FALSE,NA,NA,NA,NA,NA,NA,1,NA,NA,NA,NA,Nate Roberts,Quade Green,Marcus Tsohonis,Jamal Bey,Hameir Wright,Maddox Daniels,Evan Battey,McKinley Wright IV,D'Shawn Schwartz,Jeriah Horne
2020-21,2021-01-20,2289363,31,0,1,Washington,Colorado,Huskies,Buffaloes,4,4,3,6,-3,1360,Colorado,2146,946,0,Substitution: Jabari Walker in for Jeriah Horne.,NA,FALSE,FALSE,NA,NA,NA,NA,NA,NA,1,NA,NA,NA,NA,Nate Roberts,Quade Green,Marcus Tsohonis,Jamal Bey,Hameir Wright,Maddox Daniels,Evan Battey,McKinley Wright IV,D'Shawn Schwartz,Jabari Walker
2020-21,2021-01-20,2289363,32,0,1,Washington,Colorado,Huskies,Buffaloes,4,4,3,6,-3,1360,Colorado,2121,921,25,McKinley Wright IV misses a 3-point jump shot from 27 feet out.,missed,FALSE,TRUE,Jump Shot,14,30.25,1061526,McKinley Wright IV,NA,0,Colorado,Colorado,11,NA,Nate Roberts,Quade Green,Marcus Tsohonis,Jamal Bey,Hameir Wright,Maddox Daniels,Evan Battey,McKinley Wright IV,D'Shawn Schwartz,Jabari Walker
2020-21,2021-01-20,2289363,33,0,1,Washington,Colorado,Huskies,Buffaloes,4,4,3,6,-3,1685,Washington,2121,921,0,Nate Roberts with a defensive rebound.,NA,FALSE,FALSE,NA,NA,NA,NA,NA,NA,0,Colorado,Washington,11,NA,Nate Roberts,Quade Green,Marcus Tsohonis,Jamal Bey,Hameir Wright,Maddox Daniels,Evan Battey,McKinley Wright IV,D'Shawn Schwartz,Jabari Walker
2020-21,2021-01-20,2289363,34,0,1,Washington,Colorado,Huskies,Buffaloes,4,4,5,6,-1,1685,Washington,2101,901,20,Marcus Tsohonis makes a jump shot from 11 feet out.,made,FALSE,FALSE,Jump Shot,28.2,15.950000000000003,1177043,Marcus Tsohonis,NA,0,Washington,Colorado,12,NA,Nate Roberts,Quade Green,Marcus Tsohonis,Jamal Bey,Hameir Wright,Maddox Daniels,Evan Battey,McKinley Wright IV,D'Shawn Schwartz,Jabari Walker
2020-21,2021-01-20,2289363,35,0,1,Washington,Colorado,Huskies,Buffaloes,4,4,5,6,-1,1360,Colorado,2090,890,11,D'Shawn Schwartz misses a 3-point jump shot from 23 feet out.,missed,FALSE,TRUE,Jump Shot,3,11.25,1061513,D'Shawn Schwartz,NA,0,Colorado,Colorado,13,NA,Nate Roberts,Quade Green,Marcus Tsohonis,Jamal Bey,Hameir Wright,Maddox Daniels,Evan Battey,McKinley Wright IV,D'Shawn Schwartz,Jabari Walker
2020-21,2021-01-20,2289363,36,0,1,Washington,Colorado,Huskies,Buffaloes,4,4,5,6,-1,1360,Colorado,2090,890,0,Evan Battey with an offensive rebound.,NA,FALSE,FALSE,NA,NA,NA,NA,NA,NA,0,Colorado,Colorado,13,NA,Nate Roberts,Quade Green,Marcus Tsohonis,Jamal Bey,Hameir Wright,Maddox Daniels,Evan Battey,McKinley Wright IV,D'Shawn Schwartz,Jabari Walker
2020-21,2021-01-20,2289363,37,0,1,Washington,Colorado,Huskies,Buffaloes,4,4,5,6,-1,1685,Washington,2088,888,2,Shooting foul committed by Hameir Wright.,NA,FALSE,FALSE,NA,NA,NA,NA,NA,NA,0,Colorado,Colorado,13,NA,Nate Roberts,Quade Green,Marcus Tsohonis,Jamal Bey,Hameir Wright,Maddox Daniels,Evan Battey,McKinley Wright IV,D'Shawn Schwartz,Jabari Walker
2020-21,2021-01-20,2289363,38,0,1,Washington,Colorado,Huskies,Buffaloes,4,4,5,6,-1,1360,Colorado,2088,888,0,Substitution: Dallas Walton in for D'Shawn Schwartz.,NA,FALSE,FALSE,NA,NA,NA,NA,NA,NA,1,NA,NA,NA,NA,Nate Roberts,Quade Green,Marcus Tsohonis,Jamal Bey,Hameir Wright,Maddox Daniels,Evan Battey,McKinley Wright IV,Dallas Walton,Jabari Walker
2020-21,2021-01-20,2289363,39,0,1,Washington,Colorado,Huskies,Buffaloes,4,4,5,6,-1,1360,Colorado,2088,888,0,Substitution: Eli Parquet in for Evan Battey.,NA,FALSE,FALSE,NA,NA,NA,NA,NA,NA,1,NA,NA,NA,NA,Nate Roberts,Quade Green,Marcus Tsohonis,Jamal Bey,Hameir Wright,Maddox Daniels,Eli Parquet,McKinley Wright IV,Dallas Walton,Jabari Walker
2020-21,2021-01-20,2289363,40,0,1,Washington,Colorado,Huskies,Buffaloes,4,4,5,6,-1,1360,Colorado,2088,888,0,Evan Battey misses free throw 1 of 2.,missed,TRUE,FALSE,NA,NA,NA,NA,NA,NA,0,Colorado,Colorado,13,NA,Nate Roberts,Quade Green,Marcus Tsohonis,Jamal Bey,Hameir Wright,Maddox Daniels,Eli Parquet,McKinley Wright IV,Dallas Walton,Jabari Walker
2020-21,2021-01-20,2289363,42,0,1,Washington,Colorado,Huskies,Buffaloes,4,4,5,7,-2,1360,Colorado,2088,888,0,Evan Battey makes free throw 2 of 2.,made,TRUE,FALSE,NA,NA,NA,NA,NA,NA,0,Colorado,Washington,13,NA,Nate Roberts,Quade Green,Marcus Tsohonis,Jamal Bey,Hameir Wright,Maddox Daniels,Eli Parquet,McKinley Wright IV,Dallas Walton,Jabari Walker
2020-21,2021-01-20,2289363,43,0,1,Washington,Colorado,Huskies,Buffaloes,4,4,8,7,1,1685,Washington,2076,876,12,Quade Green makes a 3-point jump shot from 26 feet out.,made,FALSE,TRUE,Jump Shot,16,30.25,1067851,Quade Green,NA,0,Washington,Colorado,14,NA,Nate Roberts,Quade Green,Marcus Tsohonis,Jamal Bey,Hameir Wright,Maddox Daniels,Eli Parquet,McKinley Wright IV,Dallas Walton,Jabari Walker
2020-21,2021-01-20,2289363,44,0,1,Washington,Colorado,Huskies,Buffaloes,4,4,8,9,-1,1360,Colorado,2056,856,20,Jabari Walker makes a jump shot from 9 feet out.,made,FALSE,FALSE,Jump Shot,21,13.25,1232517,Jabari Walker,NA,0,Colorado,Washington,15,NA,Nate Roberts,Quade Green,Marcus Tsohonis,Jamal Bey,Hameir Wright,Maddox Daniels,Eli Parquet,McKinley Wright IV,Dallas Walton,Jabari Walker
2020-21,2021-01-20,2289363,45,0,1,Washington,Colorado,Huskies,Buffaloes,4,4,8,9,-1,1360,Colorado,2041,841,15,Personal foul committed by Jabari Walker.,NA,FALSE,FALSE,NA,NA,NA,NA,NA,NA,0,Washington,Washington,16,NA,Nate Roberts,Quade Green,Marcus Tsohonis,Jamal Bey,Hameir Wright,Maddox Daniels,Eli Parquet,McKinley Wright IV,Dallas Walton,Jabari Walker
2020-21,2021-01-20,2289363,46,0,1,Washington,Colorado,Huskies,Buffaloes,4,4,8,9,-1,1685,Washington,2041,841,0,Substitution: Erik Stevenson in for Nate Roberts.,NA,FALSE,FALSE,NA,NA,NA,NA,NA,NA,1,NA,NA,NA,NA,Erik Stevenson,Quade Green,Marcus Tsohonis,Jamal Bey,Hameir Wright,Maddox Daniels,Eli Parquet,McKinley Wright IV,Dallas Walton,Jabari Walker
2020-21,2021-01-20,2289363,47,0,1,Washington,Colorado,Huskies,Buffaloes,4,4,8,9,-1,1685,Washington,2041,841,0,Substitution: Riley Sorn in for Hameir Wright.,NA,FALSE,FALSE,NA,NA,NA,NA,NA,NA,1,NA,NA,NA,NA,Erik Stevenson,Quade Green,Marcus Tsohonis,Jamal Bey,Riley Sorn,Maddox Daniels,Eli Parquet,McKinley Wright IV,Dallas Walton,Jabari Walker
2020-21,2021-01-20,2289363,48,0,1,Washington,Colorado,Huskies,Buffaloes,4,4,8,9,-1,1360,Colorado,2027,827,14,Personal foul committed by Jabari Walker.,NA,FALSE,FALSE,NA,NA,NA,NA,NA,NA,0,Washington,Washington,16,NA,Erik Stevenson,Quade Green,Marcus Tsohonis,Jamal Bey,Riley Sorn,Maddox Daniels,Eli Parquet,McKinley Wright IV,Dallas Walton,Jabari Walker
2020-21,2021-01-20,2289363,49,0,1,Washington,Colorado,Huskies,Buffaloes,4,4,8,9,-1,1360,Colorado,2027,827,0,Substitution: Jeriah Horne in for Jabari Walker.,NA,FALSE,FALSE,NA,NA,NA,NA,NA,NA,1,NA,NA,NA,NA,Erik Stevenson,Quade Green,Marcus Tsohonis,Jamal Bey,Riley Sorn,Maddox Daniels,Eli Parquet,McKinley Wright IV,Dallas Walton,Jeriah Horne
2020-21,2021-01-20,2289363,50,0,1,Washington,Colorado,Huskies,Buffaloes,4,4,10,9,1,1685,Washington,2021,821,6,Quade Green makes a jump shot from 18 feet out.,made,FALSE,FALSE,Jump Shot,20,22.25,1067851,Quade Green,NA,0,Washington,Colorado,16,NA,Erik Stevenson,Quade Green,Marcus Tsohonis,Jamal Bey,Riley Sorn,Maddox Daniels,Eli Parquet,McKinley Wright IV,Dallas Walton,Jeriah Horne
2020-21,2021-01-20,2289363,51,0,1,Washington,Colorado,Huskies,Buffaloes,4,4,10,9,1,1360,Colorado,2006,806,15,McKinley Wright IV misses a jump shot from 20 feet out.,missed,FALSE,FALSE,Jump Shot,31,24.25,1061526,McKinley Wright IV,NA,0,Colorado,Colorado,17,NA,Erik Stevenson,Quade Green,Marcus Tsohonis,Jamal Bey,Riley Sorn,Maddox Daniels,Eli Parquet,McKinley Wright IV,Dallas Walton,Jeriah Horne
2020-21,2021-01-20,2289363,52,0,1,Washington,Colorado,Huskies,Buffaloes,4,4,10,9,1,1685,Washington,2006,806,0,Erik Stevenson with a defensive rebound.,NA,FALSE,FALSE,NA,NA,NA,NA,NA,NA,0,Colorado,Washington,17,NA,Erik Stevenson,Quade Green,Marcus Tsohonis,Jamal Bey,Riley Sorn,Maddox Daniels,Eli Parquet,McKinley Wright IV,Dallas Walton,Jeriah Horne
2020-21,2021-01-20,2289363,53,0,1,Washington,Colorado,Huskies,Buffaloes,4,4,10,9,1,1685,Washington,1986,786,20,Eli Parquet steals the ball from Riley Sorn.,NA,FALSE,FALSE,NA,NA,NA,NA,NA,NA,0,Washington,Colorado,18,NA,Erik Stevenson,Quade Green,Marcus Tsohonis,Jamal Bey,Riley Sorn,Maddox Daniels,Eli Parquet,McKinley Wright IV,Dallas Walton,Jeriah Horne
2020-21,2021-01-20,2289363,54,0,1,Washington,Colorado,Huskies,Buffaloes,4,4,10,9,1,1360,Colorado,1969,769,17,Dallas Walton misses a jump shot from 11 feet out.,missed,FALSE,FALSE,Jump Shot,23.6,15.95,945600,Dallas Walton,NA,0,Colorado,Colorado,19,NA,Erik Stevenson,Quade Green,Marcus Tsohonis,Jamal Bey,Riley Sorn,Maddox Daniels,Eli Parquet,McKinley Wright IV,Dallas Walton,Jeriah Horne
2020-21,2021-01-20,2289363,55,0,1,Washington,Colorado,Huskies,Buffaloes,4,4,10,9,1,1685,Washington,1969,769,0,Jamal Bey with a defensive rebound.,NA,FALSE,FALSE,NA,NA,NA,NA,NA,NA,0,Colorado,Washington,19,NA,Erik Stevenson,Quade Green,Marcus Tsohonis,Jamal Bey,Riley Sorn,Maddox Daniels,Eli Parquet,McKinley Wright IV,Dallas Walton,Jeriah Horne
2020-21,2021-01-20,2289363,56,0,1,Washington,Colorado,Huskies,Buffaloes,4,4,10,9,1,1685,Washington,1962,762,7,Quade Green misses a 3-point jump shot from 25 feet out.,missed,FALSE,TRUE,Jump Shot,41,25.25,1067851,Quade Green,NA,0,Washington,Washington,20,NA,Erik Stevenson,Quade Green,Marcus Tsohonis,Jamal Bey,Riley Sorn,Maddox Daniels,Eli Parquet,McKinley Wright IV,Dallas Walton,Jeriah Horne
2020-21,2021-01-20,2289363,57,0,1,Washington,Colorado,Huskies,Buffaloes,4,4,10,9,1,1360,Colorado,1962,762,0,Maddox Daniels with a defensive rebound.,NA,FALSE,FALSE,NA,NA,NA,NA,NA,NA,0,Washington,Colorado,20,NA,Erik Stevenson,Quade Green,Marcus Tsohonis,Jamal Bey,Riley Sorn,Maddox Daniels,Eli Parquet,McKinley Wright IV,Dallas Walton,Jeriah Horne
2020-21,2021-01-20,2289363,58,0,1,Washington,Colorado,Huskies,Buffaloes,4,4,10,9,1,1360,Colorado,1951,751,11,Maddox Daniels misses a 3-point jump shot from 25 feet out.,missed,FALSE,TRUE,Jump Shot,17,29.25,1176545,Maddox Daniels,NA,0,Colorado,Colorado,21,NA,Erik Stevenson,Quade Green,Marcus Tsohonis,Jamal Bey,Riley Sorn,Maddox Daniels,Eli Parquet,McKinley Wright IV,Dallas Walton,Jeriah Horne
2020-21,2021-01-20,2289363,59,0,1,Washington,Colorado,Huskies,Buffaloes,4,4,10,9,1,1360,Colorado,1951,751,0,Eli Parquet with an offensive rebound.,NA,FALSE,FALSE,NA,NA,NA,NA,NA,NA,0,Colorado,Colorado,21,NA,Erik Stevenson,Quade Green,Marcus Tsohonis,Jamal Bey,Riley Sorn,Maddox Daniels,Eli Parquet,McKinley Wright IV,Dallas Walton,Jeriah Horne
2020-21,2021-01-20,2289363,60,0,1,Washington,Colorado,Huskies,Buffaloes,4,4,10,11,-1,1360,Colorado,1943,743,8,Jeriah Horne makes a jump shot from 13 feet out. McKinley Wright IV with the assist.,made,FALSE,FALSE,Jump Shot,30,17.25,944967,Jeriah Horne,McKinley Wright IV,0,Colorado,Washington,21,NA,Erik Stevenson,Quade Green,Marcus Tsohonis,Jamal Bey,Riley Sorn,Maddox Daniels,Eli Parquet,McKinley Wright IV,Dallas Walton,Jeriah Horne
2020-21,2021-01-20,2289363,61,0,1,Washington,Colorado,Huskies,Buffaloes,4,4,10,11,-1,1360,Colorado,1925,725,18,Personal foul committed by McKinley Wright IV.,NA,FALSE,FALSE,NA,NA,NA,NA,NA,NA,0,Washington,Washington,22,NA,Erik Stevenson,Quade Green,Marcus Tsohonis,Jamal Bey,Riley Sorn,Maddox Daniels,Eli Parquet,McKinley Wright IV,Dallas Walton,Jeriah Horne
2020-21,2021-01-20,2289363,62,0,1,Washington,Colorado,Huskies,Buffaloes,4,4,10,11,-1,1360,Colorado,1925,725,0,Substitution: Keeshawn Barthelemy in for McKinley Wright IV.,NA,FALSE,FALSE,NA,NA,NA,NA,NA,NA,1,NA,NA,NA,NA,Erik Stevenson,Quade Green,Marcus Tsohonis,Jamal Bey,Riley Sorn,Maddox Daniels,Eli Parquet,Keeshawn Barthelemy,Dallas Walton,Jeriah Horne
2020-21,2021-01-20,2289363,63,0,1,Washington,Colorado,Huskies,Buffaloes,4,4,10,11,-1,1685,Washington,1925,725,0,Substitution: Cole Bajema in for Quade Green.,NA,FALSE,FALSE,NA,NA,NA,NA,NA,NA,1,NA,NA,NA,NA,Erik Stevenson,Cole Bajema,Marcus Tsohonis,Jamal Bey,Riley Sorn,Maddox Daniels,Eli Parquet,Keeshawn Barthelemy,Dallas Walton,Jeriah Horne
2020-21,2021-01-20,2289363,64,0,1,Washington,Colorado,Huskies,Buffaloes,4,4,13,11,2,1685,Washington,1922,722,3,Jamal Bey makes a 3-point jump shot from 25 feet out. Erik Stevenson with the assist.,made,FALSE,TRUE,Jump Shot,8,24.25,1135169,Jamal Bey,Erik Stevenson,0,Washington,Colorado,22,NA,Erik Stevenson,Cole Bajema,Marcus Tsohonis,Jamal Bey,Riley Sorn,Maddox Daniels,Eli Parquet,Keeshawn Barthelemy,Dallas Walton,Jeriah Horne
2020-21,2021-01-20,2289363,65,0,1,Washington,Colorado,Huskies,Buffaloes,4,4,13,11,2,1360,Colorado,1909,709,13,Jeriah Horne misses a jump shot from 10 feet out.,missed,FALSE,FALSE,Jump Shot,19,13.25,944967,Jeriah Horne,NA,0,Colorado,Colorado,23,NA,Erik Stevenson,Cole Bajema,Marcus Tsohonis,Jamal Bey,Riley Sorn,Maddox Daniels,Eli Parquet,Keeshawn Barthelemy,Dallas Walton,Jeriah Horne
2020-21,2021-01-20,2289363,66,0,1,Washington,Colorado,Huskies,Buffaloes,4,4,13,11,2,1685,Washington,1909,709,0,Riley Sorn with a defensive rebound.,NA,FALSE,FALSE,NA,NA,NA,NA,NA,NA,0,Colorado,Washington,23,NA,Erik Stevenson,Cole Bajema,Marcus Tsohonis,Jamal Bey,Riley Sorn,Maddox Daniels,Eli Parquet,Keeshawn Barthelemy,Dallas Walton,Jeriah Horne
2020-21,2021-01-20,2289363,67,0,1,Washington,Colorado,Huskies,Buffaloes,4,4,13,11,2,1685,Washington,1906,706,3,Jeriah Horne steals the ball from Riley Sorn.,NA,FALSE,FALSE,NA,NA,NA,NA,NA,NA,0,Washington,Colorado,24,NA,Erik Stevenson,Cole Bajema,Marcus Tsohonis,Jamal Bey,Riley Sorn,Maddox Daniels,Eli Parquet,Keeshawn Barthelemy,Dallas Walton,Jeriah Horne
2020-21,2021-01-20,2289363,68,0,1,Washington,Colorado,Huskies,Buffaloes,4,4,13,11,2,1685,Washington,1906,706,0,Shooting foul committed by Riley Sorn.,NA,FALSE,FALSE,NA,NA,NA,NA,NA,NA,0,Colorado,Colorado,25,NA,Erik Stevenson,Cole Bajema,Marcus Tsohonis,Jamal Bey,Riley Sorn,Maddox Daniels,Eli Parquet,Keeshawn Barthelemy,Dallas Walton,Jeriah Horne
2020-21,2021-01-20,2289363,69,0,1,Washington,Colorado,Huskies,Buffaloes,4,4,13,11,2,NA,NA,1906,706,0,Official TV timeout.,NA,FALSE,FALSE,NA,NA,NA,NA,NA,NA,0,NA,NA,NA,NA,Erik Stevenson,Cole Bajema,Marcus Tsohonis,Jamal Bey,Riley Sorn,Maddox Daniels,Eli Parquet,Keeshawn Barthelemy,Dallas Walton,Jeriah Horne
2020-21,2021-01-20,2289363,70,0,1,Washington,Colorado,Huskies,Buffaloes,4,4,13,12,1,1360,Colorado,1906,706,0,Jeriah Horne makes free throw 1 of 2.,made,TRUE,FALSE,NA,NA,NA,NA,NA,NA,0,Colorado,Colorado,25,NA,Erik Stevenson,Cole Bajema,Marcus Tsohonis,Jamal Bey,Riley Sorn,Maddox Daniels,Eli Parquet,Keeshawn Barthelemy,Dallas Walton,Jeriah Horne
2020-21,2021-01-20,2289363,71,0,1,Washington,Colorado,Huskies,Buffaloes,4,4,13,13,0,1360,Colorado,1906,706,0,Jeriah Horne makes free throw 2 of 2.,made,TRUE,FALSE,NA,NA,NA,NA,NA,NA,0,Colorado,Washington,25,NA,Erik Stevenson,Cole Bajema,Marcus Tsohonis,Jamal Bey,Riley Sorn,Maddox Daniels,Eli Parquet,Keeshawn Barthelemy,Dallas Walton,Jeriah Horne
2020-21,2021-01-20,2289363,72,0,1,Washington,Colorado,Huskies,Buffaloes,4,4,13,13,0,1685,Washington,1892,692,14,Marcus Tsohonis misses a jump shot from 10 feet out.,missed,FALSE,FALSE,Jump Shot,30,14.25,1177043,Marcus Tsohonis,NA,0,Washington,Washington,26,NA,Erik Stevenson,Cole Bajema,Marcus Tsohonis,Jamal Bey,Riley Sorn,Maddox Daniels,Eli Parquet,Keeshawn Barthelemy,Dallas Walton,Jeriah Horne
2020-21,2021-01-20,2289363,73,0,1,Washington,Colorado,Huskies,Buffaloes,4,4,13,13,0,1685,Washington,1892,692,0,Jamal Bey with an offensive rebound.,NA,FALSE,FALSE,NA,NA,NA,NA,NA,NA,0,Washington,Washington,26,NA,Erik Stevenson,Cole Bajema,Marcus Tsohonis,Jamal Bey,Riley Sorn,Maddox Daniels,Eli Parquet,Keeshawn Barthelemy,Dallas Walton,Jeriah Horne
2020-21,2021-01-20,2289363,74,0,1,Washington,Colorado,Huskies,Buffaloes,4,4,13,13,0,1685,Washington,1887,687,5,Jamal Bey misses a jump shot from 11 feet out.,missed,FALSE,FALSE,Jump Shot,27.3,15.549999999999997,1135169,Jamal Bey,NA,0,Washington,Washington,26,NA,Erik Stevenson,Cole Bajema,Marcus Tsohonis,Jamal Bey,Riley Sorn,Maddox Daniels,Eli Parquet,Keeshawn Barthelemy,Dallas Walton,Jeriah Horne
2020-21,2021-01-20,2289363,75,0,1,Washington,Colorado,Huskies,Buffaloes,4,4,13,13,0,1360,Colorado,1887,687,0,Dallas Walton with a defensive rebound.,NA,FALSE,FALSE,NA,NA,NA,NA,NA,NA,0,Washington,Colorado,26,NA,Erik Stevenson,Cole Bajema,Marcus Tsohonis,Jamal Bey,Riley Sorn,Maddox Daniels,Eli Parquet,Keeshawn Barthelemy,Dallas Walton,Jeriah Horne
2020-21,2021-01-20,2289363,76,0,1,Washington,Colorado,Huskies,Buffaloes,4,4,13,15,-2,1360,Colorado,1878,678,9,Dallas Walton makes a jump shot from 10 feet out. Keeshawn Barthelemy with the assist.,made,FALSE,FALSE,Jump Shot,21.4,14.05,945600,Dallas Walton,Keeshawn Barthelemy,0,Colorado,Washington,27,NA,Erik Stevenson,Cole Bajema,Marcus Tsohonis,Jamal Bey,Riley Sorn,Maddox Daniels,Eli Parquet,Keeshawn Barthelemy,Dallas Walton,Jeriah Horne
2020-21,2021-01-20,2289363,77,0,1,Washington,Colorado,Huskies,Buffaloes,4,4,13,15,-2,1685,Washington,1850,650,28,Cole Bajema misses a jump shot from 17 feet out.,missed,FALSE,FALSE,Jump Shot,41,9.25,1178136,Cole Bajema,NA,0,Washington,Washington,28,NA,Erik Stevenson,Cole Bajema,Marcus Tsohonis,Jamal Bey,Riley Sorn,Maddox Daniels,Eli Parquet,Keeshawn Barthelemy,Dallas Walton,Jeriah Horne
2020-21,2021-01-20,2289363,79,0,1,Washington,Colorado,Huskies,Buffaloes,4,4,13,15,-2,1360,Colorado,1846,646,4,Personal foul committed by Keeshawn Barthelemy.,NA,FALSE,FALSE,NA,NA,NA,NA,NA,NA,0,Washington,Washington,28,NA,Erik Stevenson,Cole Bajema,Marcus Tsohonis,Jamal Bey,Riley Sorn,Maddox Daniels,Eli Parquet,Keeshawn Barthelemy,Dallas Walton,Jeriah Horne
2020-21,2021-01-20,2289363,80,0,1,Washington,Colorado,Huskies,Buffaloes,4,4,13,15,-2,1685,Washington,1846,646,0,Substitution: Nate Roberts in for Jamal Bey.,NA,FALSE,FALSE,NA,NA,NA,NA,NA,NA,1,NA,NA,NA,NA,Erik Stevenson,Cole Bajema,Marcus Tsohonis,Nate Roberts,Riley Sorn,Maddox Daniels,Eli Parquet,Keeshawn Barthelemy,Dallas Walton,Jeriah Horne
2020-21,2021-01-20,2289363,81,0,1,Washington,Colorado,Huskies,Buffaloes,4,4,13,15,-2,1685,Washington,1846,646,0,Substitution: Quade Green in for Riley Sorn.,NA,FALSE,FALSE,NA,NA,NA,NA,NA,NA,1,NA,NA,NA,NA,Erik Stevenson,Cole Bajema,Marcus Tsohonis,Nate Roberts,Quade Green,Maddox Daniels,Eli Parquet,Keeshawn Barthelemy,Dallas Walton,Jeriah Horne
2020-21,2021-01-20,2289363,82,0,1,Washington,Colorado,Huskies,Buffaloes,4,4,13,15,-2,1360,Colorado,1846,646,0,Substitution: D'Shawn Schwartz in for Maddox Daniels.,NA,FALSE,FALSE,NA,NA,NA,NA,NA,NA,1,NA,NA,NA,NA,Erik Stevenson,Cole Bajema,Marcus Tsohonis,Nate Roberts,Quade Green,D'Shawn Schwartz,Eli Parquet,Keeshawn Barthelemy,Dallas Walton,Jeriah Horne
2020-21,2021-01-20,2289363,83,0,1,Washington,Colorado,Huskies,Buffaloes,4,4,13,15,-2,1685,Washington,1844,644,2,Erik Stevenson with a turnover - Lost Ball Out of Bounds,NA,FALSE,FALSE,NA,NA,NA,NA,NA,NA,0,Washington,Colorado,28,NA,Erik Stevenson,Cole Bajema,Marcus Tsohonis,Nate Roberts,Quade Green,D'Shawn Schwartz,Eli Parquet,Keeshawn Barthelemy,Dallas Walton,Jeriah Horne
2020-21,2021-01-20,2289363,84,0,1,Washington,Colorado,Huskies,Buffaloes,4,4,13,15,-2,1360,Colorado,1822,622,22,Keeshawn Barthelemy misses a 3-point jump shot from 25 feet out.,missed,FALSE,TRUE,Jump Shot,28,30.25,1194073,Keeshawn Barthelemy,NA,0,Colorado,Colorado,29,NA,Erik Stevenson,Cole Bajema,Marcus Tsohonis,Nate Roberts,Quade Green,D'Shawn Schwartz,Eli Parquet,Keeshawn Barthelemy,Dallas Walton,Jeriah Horne
2020-21,2021-01-20,2289363,85,0,1,Washington,Colorado,Huskies,Buffaloes,4,4,13,15,-2,1360,Colorado,1822,622,0,Jeriah Horne with an offensive rebound.,NA,FALSE,FALSE,NA,NA,NA,NA,NA,NA,0,Colorado,Colorado,29,NA,Erik Stevenson,Cole Bajema,Marcus Tsohonis,Nate Roberts,Quade Green,D'Shawn Schwartz,Eli Parquet,Keeshawn Barthelemy,Dallas Walton,Jeriah Horne
2020-21,2021-01-20,2289363,86,0,1,Washington,Colorado,Huskies,Buffaloes,4,4,13,15,-2,1685,Washington,1816,616,6,Personal foul committed by Erik Stevenson.,NA,FALSE,FALSE,NA,NA,NA,NA,NA,NA,0,Colorado,Colorado,29,NA,Erik Stevenson,Cole Bajema,Marcus Tsohonis,Nate Roberts,Quade Green,D'Shawn Schwartz,Eli Parquet,Keeshawn Barthelemy,Dallas Walton,Jeriah Horne
2020-21,2021-01-20,2289363,87,0,1,Washington,Colorado,Huskies,Buffaloes,4,4,13,15,-2,1360,Colorado,1816,616,0,Substitution: McKinley Wright IV in for Keeshawn Barthelemy.,NA,FALSE,FALSE,NA,NA,NA,NA,NA,NA,1,NA,NA,NA,NA,Erik Stevenson,Cole Bajema,Marcus Tsohonis,Nate Roberts,Quade Green,D'Shawn Schwartz,Eli Parquet,McKinley Wright IV,Dallas Walton,Jeriah Horne
2020-21,2021-01-20,2289363,88,0,1,Washington,Colorado,Huskies,Buffaloes,4,4,13,17,-4,1360,Colorado,1811,611,5,McKinley Wright IV makes a jump shot from 14 feet out.,made,FALSE,FALSE,Jump Shot,38,9.25,1061526,McKinley Wright IV,NA,0,Colorado,Washington,29,NA,Erik Stevenson,Cole Bajema,Marcus Tsohonis,Nate Roberts,Quade Green,D'Shawn Schwartz,Eli Parquet,McKinley Wright IV,Dallas Walton,Jeriah Horne
2020-21,2021-01-20,2289363,89,0,1,Washington,Colorado,Huskies,Buffaloes,4,4,13,17,-4,1360,Colorado,1790,590,21,Personal foul committed by D'Shawn Schwartz.,NA,FALSE,FALSE,NA,NA,NA,NA,NA,NA,0,Washington,Washington,30,NA,Erik Stevenson,Cole Bajema,Marcus Tsohonis,Nate Roberts,Quade Green,D'Shawn Schwartz,Eli Parquet,McKinley Wright IV,Dallas Walton,Jeriah Horne
2020-21,2021-01-20,2289363,90,0,1,Washington,Colorado,Huskies,Buffaloes,4,4,13,17,-4,1360,Colorado,1790,590,0,Substitution: Evan Battey in for Dallas Walton.,NA,FALSE,FALSE,NA,NA,NA,NA,NA,NA,1,NA,NA,NA,NA,Erik Stevenson,Cole Bajema,Marcus Tsohonis,Nate Roberts,Quade Green,D'Shawn Schwartz,Eli Parquet,McKinley Wright IV,Evan Battey,Jeriah Horne
2020-21,2021-01-20,2289363,91,0,1,Washington,Colorado,Huskies,Buffaloes,4,4,13,17,-4,1685,Washington,1785,585,5,Marcus Tsohonis misses a 3-point jump shot from 22 feet out.,missed,FALSE,TRUE,Jump Shot,3,7.25,1177043,Marcus Tsohonis,NA,0,Washington,Washington,30,NA,Erik Stevenson,Cole Bajema,Marcus Tsohonis,Nate Roberts,Quade Green,D'Shawn Schwartz,Eli Parquet,McKinley Wright IV,Evan Battey,Jeriah Horne
2020-21,2021-01-20,2289363,92,0,1,Washington,Colorado,Huskies,Buffaloes,4,4,13,17,-4,1685,Washington,1785,585,0,Nate Roberts with an offensive rebound.,NA,FALSE,FALSE,NA,NA,NA,NA,NA,NA,0,Washington,Washington,30,NA,Erik Stevenson,Cole Bajema,Marcus Tsohonis,Nate Roberts,Quade Green,D'Shawn Schwartz,Eli Parquet,McKinley Wright IV,Evan Battey,Jeriah Horne
2020-21,2021-01-20,2289363,93,0,1,Washington,Colorado,Huskies,Buffaloes,4,4,13,17,-4,1685,Washington,1780,580,5,Erik Stevenson misses a 3-point jump shot from 23 feet out.,missed,FALSE,TRUE,Jump Shot,48,7.25,1132913,Erik Stevenson,NA,0,Washington,Washington,30,NA,Erik Stevenson,Cole Bajema,Marcus Tsohonis,Nate Roberts,Quade Green,D'Shawn Schwartz,Eli Parquet,McKinley Wright IV,Evan Battey,Jeriah Horne
2020-21,2021-01-20,2289363,94,0,1,Washington,Colorado,Huskies,Buffaloes,4,4,13,17,-4,1360,Colorado,1780,580,0,D'Shawn Schwartz with a defensive rebound.,NA,FALSE,FALSE,NA,NA,NA,NA,NA,NA,0,Washington,Colorado,30,NA,Erik Stevenson,Cole Bajema,Marcus Tsohonis,Nate Roberts,Quade Green,D'Shawn Schwartz,Eli Parquet,McKinley Wright IV,Evan Battey,Jeriah Horne
2020-21,2021-01-20,2289363,95,0,1,Washington,Colorado,Huskies,Buffaloes,4,4,13,17,-4,1360,Colorado,1770,570,10,Jeriah Horne misses a jump shot from 17 feet out.,missed,FALSE,FALSE,Jump Shot,17,21.25,944967,Jeriah Horne,NA,0,Colorado,Colorado,31,NA,Erik Stevenson,Cole Bajema,Marcus Tsohonis,Nate Roberts,Quade Green,D'Shawn Schwartz,Eli Parquet,McKinley Wright IV,Evan Battey,Jeriah Horne
2020-21,2021-01-20,2289363,96,0,1,Washington,Colorado,Huskies,Buffaloes,4,4,13,17,-4,1685,Washington,1770,570,0,Quade Green with a defensive rebound.,NA,FALSE,FALSE,NA,NA,NA,NA,NA,NA,0,Colorado,Washington,31,NA,Erik Stevenson,Cole Bajema,Marcus Tsohonis,Nate Roberts,Quade Green,D'Shawn Schwartz,Eli Parquet,McKinley Wright IV,Evan Battey,Jeriah Horne
2020-21,2021-01-20,2289363,97,0,1,Washington,Colorado,Huskies,Buffaloes,4,4,13,17,-4,1360,Colorado,1760,560,10,Personal foul committed by McKinley Wright IV.,NA,FALSE,FALSE,NA,NA,NA,NA,NA,NA,0,Washington,Washington,32,NA,Erik Stevenson,Cole Bajema,Marcus Tsohonis,Nate Roberts,Quade Green,D'Shawn Schwartz,Eli Parquet,McKinley Wright IV,Evan Battey,Jeriah Horne
2020-21,2021-01-20,2289363,98,0,1,Washington,Colorado,Huskies,Buffaloes,4,4,13,17,-4,1685,Washington,1760,560,0,Substitution: Hameir Wright in for Cole Bajema.,NA,FALSE,FALSE,NA,NA,NA,NA,NA,NA,1,NA,NA,NA,NA,Erik Stevenson,Hameir Wright,Marcus Tsohonis,Nate Roberts,Quade Green,D'Shawn Schwartz,Eli Parquet,McKinley Wright IV,Evan Battey,Jeriah Horne
2020-21,2021-01-20,2289363,99,0,1,Washington,Colorado,Huskies,Buffaloes,4,4,13,17,-4,1360,Colorado,1760,560,0,Substitution: Keeshawn Barthelemy in for McKinley Wright IV.,NA,FALSE,FALSE,NA,NA,NA,NA,NA,NA,1,NA,NA,NA,NA,Erik Stevenson,Hameir Wright,Marcus Tsohonis,Nate Roberts,Quade Green,D'Shawn Schwartz,Eli Parquet,Keeshawn Barthelemy,Evan Battey,Jeriah Horne
2020-21,2021-01-20,2289363,100,0,1,Washington,Colorado,Huskies,Buffaloes,4,4,13,17,-4,1685,Washington,1754,554,6,Quade Green misses a layup.,missed,FALSE,FALSE,Layup Shot,25,5.25,1067851,Quade Green,NA,0,Washington,Washington,32,NA,Erik Stevenson,Hameir Wright,Marcus Tsohonis,Nate Roberts,Quade Green,D'Shawn Schwartz,Eli Parquet,Keeshawn Barthelemy,Evan Battey,Jeriah Horne
2020-21,2021-01-20,2289363,101,0,1,Washington,Colorado,Huskies,Buffaloes,4,4,13,17,-4,1360,Colorado,1754,554,0,Evan Battey with a defensive rebound.,NA,FALSE,FALSE,NA,NA,NA,NA,NA,NA,0,Washington,Colorado,32,NA,Erik Stevenson,Hameir Wright,Marcus Tsohonis,Nate Roberts,Quade Green,D'Shawn Schwartz,Eli Parquet,Keeshawn Barthelemy,Evan Battey,Jeriah Horne
2020-21,2021-01-20,2289363,102,0,1,Washington,Colorado,Huskies,Buffaloes,4,4,13,17,-4,1685,Washington,1751,551,3,Technical foul committed by Mike Hopkins.,NA,FALSE,FALSE,NA,NA,NA,NA,NA,NA,0,Colorado,Colorado,33,NA,Erik Stevenson,Hameir Wright,Marcus Tsohonis,Nate Roberts,Quade Green,D'Shawn Schwartz,Eli Parquet,Keeshawn Barthelemy,Evan Battey,Jeriah Horne
2020-21,2021-01-20,2289363,103,0,1,Washington,Colorado,Huskies,Buffaloes,4,4,13,17,-4,1685,Washington,1751,551,0,Substitution: Jamal Bey in for Marcus Tsohonis.,NA,FALSE,FALSE,NA,NA,NA,NA,NA,NA,1,NA,NA,NA,NA,Erik Stevenson,Hameir Wright,Jamal Bey,Nate Roberts,Quade Green,D'Shawn Schwartz,Eli Parquet,Keeshawn Barthelemy,Evan Battey,Jeriah Horne
2020-21,2021-01-20,2289363,104,0,1,Washington,Colorado,Huskies,Buffaloes,4,4,13,18,-5,1360,Colorado,1751,551,0,Jeriah Horne makes free throw technical.,made,TRUE,FALSE,NA,NA,NA,NA,NA,NA,0,Colorado,Colorado,33,NA,Erik Stevenson,Hameir Wright,Jamal Bey,Nate Roberts,Quade Green,D'Shawn Schwartz,Eli Parquet,Keeshawn Barthelemy,Evan Battey,Jeriah Horne
2020-21,2021-01-20,2289363,105,0,1,Washington,Colorado,Huskies,Buffaloes,4,4,13,19,-6,1360,Colorado,1751,551,0,Jeriah Horne makes free throw technical.,made,TRUE,FALSE,NA,NA,NA,NA,NA,NA,0,Colorado,Colorado,33,NA,Erik Stevenson,Hameir Wright,Jamal Bey,Nate Roberts,Quade Green,D'Shawn Schwartz,Eli Parquet,Keeshawn Barthelemy,Evan Battey,Jeriah Horne
2020-21,2021-01-20,2289363,106,0,1,Washington,Colorado,Huskies,Buffaloes,4,4,13,21,-8,1360,Colorado,1732,532,19,Evan Battey makes a layup. Eli Parquet with the assist.,made,FALSE,FALSE,Layup Shot,25,5.25,1061523,Evan Battey,Eli Parquet,0,Colorado,Washington,33,NA,Erik Stevenson,Hameir Wright,Jamal Bey,Nate Roberts,Quade Green,D'Shawn Schwartz,Eli Parquet,Keeshawn Barthelemy,Evan Battey,Jeriah Horne
2020-21,2021-01-20,2289363,107,0,1,Washington,Colorado,Huskies,Buffaloes,4,4,16,21,-5,1685,Washington,1720,520,12,Erik Stevenson makes a 3-point jump shot from 24 feet out. Quade Green with the assist.,made,FALSE,TRUE,Jump Shot,11,24.25,1132913,Erik Stevenson,Quade Green,0,Washington,Colorado,34,NA,Erik Stevenson,Hameir Wright,Jamal Bey,Nate Roberts,Quade Green,D'Shawn Schwartz,Eli Parquet,Keeshawn Barthelemy,Evan Battey,Jeriah Horne
2020-21,2021-01-20,2289363,108,0,1,Washington,Colorado,Huskies,Buffaloes,4,4,16,23,-7,1360,Colorado,1695,495,25,Evan Battey makes a hook shot from 7 feet out.,made,FALSE,FALSE,Hook Shot,24.2,12.65,1061523,Evan Battey,NA,0,Colorado,Washington,35,NA,Erik Stevenson,Hameir Wright,Jamal Bey,Nate Roberts,Quade Green,D'Shawn Schwartz,Eli Parquet,Keeshawn Barthelemy,Evan Battey,Jeriah Horne
2020-21,2021-01-20,2289363,109,0,1,Washington,Colorado,Huskies,Buffaloes,4,4,16,23,-7,1360,Colorado,1681,481,14,Personal foul committed by Evan Battey.,NA,FALSE,FALSE,NA,NA,NA,NA,NA,NA,0,Washington,Washington,36,NA,Erik Stevenson,Hameir Wright,Jamal Bey,Nate Roberts,Quade Green,D'Shawn Schwartz,Eli Parquet,Keeshawn Barthelemy,Evan Battey,Jeriah Horne
2020-21,2021-01-20,2289363,110,0,1,Washington,Colorado,Huskies,Buffaloes,4,4,16,23,-7,1360,Colorado,1681,481,0,Substitution: Dallas Walton in for Jeriah Horne.,NA,FALSE,FALSE,NA,NA,NA,NA,NA,NA,1,NA,NA,NA,NA,Erik Stevenson,Hameir Wright,Jamal Bey,Nate Roberts,Quade Green,D'Shawn Schwartz,Eli Parquet,Keeshawn Barthelemy,Evan Battey,Dallas Walton
2020-21,2021-01-20,2289363,111,0,1,Washington,Colorado,Huskies,Buffaloes,4,4,17,23,-6,1685,Washington,1681,481,0,Quade Green makes free throw 1st of 1-and-1.,made,TRUE,FALSE,NA,NA,NA,NA,NA,NA,0,Washington,Washington,36,NA,Erik Stevenson,Hameir Wright,Jamal Bey,Nate Roberts,Quade Green,D'Shawn Schwartz,Eli Parquet,Keeshawn Barthelemy,Evan Battey,Dallas Walton
2020-21,2021-01-20,2289363,112,0,1,Washington,Colorado,Huskies,Buffaloes,4,4,18,23,-5,1685,Washington,1681,481,0,Quade Green makes free throw 2nd of 1-and-1.,made,TRUE,FALSE,NA,NA,NA,NA,NA,NA,0,Washington,Colorado,36,NA,Erik Stevenson,Hameir Wright,Jamal Bey,Nate Roberts,Quade Green,D'Shawn Schwartz,Eli Parquet,Keeshawn Barthelemy,Evan Battey,Dallas Walton
2020-21,2021-01-20,2289363,113,0,1,Washington,Colorado,Huskies,Buffaloes,4,4,18,23,-5,NA,NA,1665,465,16,Official TV timeout.,NA,FALSE,FALSE,NA,NA,NA,NA,NA,NA,0,NA,NA,NA,NA,Erik Stevenson,Hameir Wright,Jamal Bey,Nate Roberts,Quade Green,D'Shawn Schwartz,Eli Parquet,Keeshawn Barthelemy,Evan Battey,Dallas Walton
2020-21,2021-01-20,2289363,114,0,1,Washington,Colorado,Huskies,Buffaloes,4,4,18,25,-7,1360,Colorado,1652,452,13,Evan Battey makes a jump shot from 10 feet out.,made,FALSE,FALSE,Jump Shot,24.2,14.85,1061523,Evan Battey,NA,0,Colorado,Washington,37,NA,Erik Stevenson,Hameir Wright,Jamal Bey,Nate Roberts,Quade Green,D'Shawn Schwartz,Eli Parquet,Keeshawn Barthelemy,Evan Battey,Dallas Walton
2020-21,2021-01-20,2289363,115,0,1,Washington,Colorado,Huskies,Buffaloes,4,4,18,25,-7,1685,Washington,1635,435,17,Erik Stevenson misses a 3-point jump shot from 26 feet out.,missed,FALSE,TRUE,Jump Shot,40.8,25.549999999999997,1132913,Erik Stevenson,NA,0,Washington,Washington,38,NA,Erik Stevenson,Hameir Wright,Jamal Bey,Nate Roberts,Quade Green,D'Shawn Schwartz,Eli Parquet,Keeshawn Barthelemy,Evan Battey,Dallas Walton
2020-21,2021-01-20,2289363,116,0,1,Washington,Colorado,Huskies,Buffaloes,4,4,18,25,-7,1360,Colorado,1635,435,0,D'Shawn Schwartz with a defensive rebound.,NA,FALSE,FALSE,NA,NA,NA,NA,NA,NA,0,Washington,Colorado,38,NA,Erik Stevenson,Hameir Wright,Jamal Bey,Nate Roberts,Quade Green,D'Shawn Schwartz,Eli Parquet,Keeshawn Barthelemy,Evan Battey,Dallas Walton
2020-21,2021-01-20,2289363,117,0,1,Washington,Colorado,Huskies,Buffaloes,4,4,18,27,-9,1360,Colorado,1626,426,9,Evan Battey makes a layup. D'Shawn Schwartz with the assist.,made,FALSE,FALSE,Layup Shot,26,6.25,1061523,Evan Battey,D'Shawn Schwartz,0,Colorado,Colorado,39,NA,Erik Stevenson,Hameir Wright,Jamal Bey,Nate Roberts,Quade Green,D'Shawn Schwartz,Eli Parquet,Keeshawn Barthelemy,Evan Battey,Dallas Walton
2020-21,2021-01-20,2289363,118,0,1,Washington,Colorado,Huskies,Buffaloes,4,4,18,27,-9,1685,Washington,1626,426,0,Shooting foul committed by Nate Roberts.,NA,FALSE,FALSE,NA,NA,NA,NA,NA,NA,0,Colorado,Colorado,39,NA,Erik Stevenson,Hameir Wright,Jamal Bey,Nate Roberts,Quade Green,D'Shawn Schwartz,Eli Parquet,Keeshawn Barthelemy,Evan Battey,Dallas Walton
2020-21,2021-01-20,2289363,119,0,1,Washington,Colorado,Huskies,Buffaloes,4,4,18,28,-10,1360,Colorado,1626,426,0,Evan Battey makes free throw 1 of 1.,made,TRUE,FALSE,NA,NA,NA,NA,NA,NA,0,Colorado,Washington,39,NA,Erik Stevenson,Hameir Wright,Jamal Bey,Nate Roberts,Quade Green,D'Shawn Schwartz,Eli Parquet,Keeshawn Barthelemy,Evan Battey,Dallas Walton
2020-21,2021-01-20,2289363,120,0,1,Washington,Colorado,Huskies,Buffaloes,4,4,18,28,-10,1360,Colorado,1610,410,16,Personal foul committed by D'Shawn Schwartz.,NA,FALSE,FALSE,NA,NA,NA,NA,NA,NA,0,Washington,Washington,40,NA,Erik Stevenson,Hameir Wright,Jamal Bey,Nate Roberts,Quade Green,D'Shawn Schwartz,Eli Parquet,Keeshawn Barthelemy,Evan Battey,Dallas Walton
2020-21,2021-01-20,2289363,121,0,1,Washington,Colorado,Huskies,Buffaloes,4,4,18,28,-10,1685,Washington,1610,410,0,Substitution: Riley Sorn in for Nate Roberts.,NA,FALSE,FALSE,NA,NA,NA,NA,NA,NA,1,NA,NA,NA,NA,Erik Stevenson,Hameir Wright,Jamal Bey,Riley Sorn,Quade Green,D'Shawn Schwartz,Eli Parquet,Keeshawn Barthelemy,Evan Battey,Dallas Walton
2020-21,2021-01-20,2289363,122,0,1,Washington,Colorado,Huskies,Buffaloes,4,4,18,28,-10,1360,Colorado,1610,410,0,Substitution: Maddox Daniels in for D'Shawn Schwartz.,NA,FALSE,FALSE,NA,NA,NA,NA,NA,NA,1,NA,NA,NA,NA,Erik Stevenson,Hameir Wright,Jamal Bey,Riley Sorn,Quade Green,Maddox Daniels,Eli Parquet,Keeshawn Barthelemy,Evan Battey,Dallas Walton
2020-21,2021-01-20,2289363,123,0,1,Washington,Colorado,Huskies,Buffaloes,4,4,19,28,-9,1685,Washington,1610,410,0,Jamal Bey makes free throw 1st of 1-and-1.,made,TRUE,FALSE,NA,NA,NA,NA,NA,NA,0,Washington,Washington,40,NA,Erik Stevenson,Hameir Wright,Jamal Bey,Riley Sorn,Quade Green,Maddox Daniels,Eli Parquet,Keeshawn Barthelemy,Evan Battey,Dallas Walton
2020-21,2021-01-20,2289363,124,0,1,Washington,Colorado,Huskies,Buffaloes,4,4,20,28,-8,1685,Washington,1610,410,0,Jamal Bey makes free throw 2nd of 1-and-1.,made,TRUE,FALSE,NA,NA,NA,NA,NA,NA,0,Washington,Colorado,40,NA,Erik Stevenson,Hameir Wright,Jamal Bey,Riley Sorn,Quade Green,Maddox Daniels,Eli Parquet,Keeshawn Barthelemy,Evan Battey,Dallas Walton
2020-21,2021-01-20,2289363,125,0,1,Washington,Colorado,Huskies,Buffaloes,4,4,20,30,-10,1360,Colorado,1591,391,19,Keeshawn Barthelemy makes a jump shot from 7 feet out.,made,FALSE,FALSE,Jump Shot,25.8,12.25,1194073,Keeshawn Barthelemy,NA,0,Colorado,Washington,41,NA,Erik Stevenson,Hameir Wright,Jamal Bey,Riley Sorn,Quade Green,Maddox Daniels,Eli Parquet,Keeshawn Barthelemy,Evan Battey,Dallas Walton
2020-21,2021-01-20,2289363,126,0,1,Washington,Colorado,Huskies,Buffaloes,4,4,22,30,-8,1685,Washington,1575,375,16,Riley Sorn makes a jump shot from 8 feet out. Hameir Wright with the assist.,made,FALSE,FALSE,Jump Shot,26.9,12.950000000000003,1135173,Riley Sorn,Hameir Wright,0,Washington,Colorado,42,NA,Erik Stevenson,Hameir Wright,Jamal Bey,Riley Sorn,Quade Green,Maddox Daniels,Eli Parquet,Keeshawn Barthelemy,Evan Battey,Dallas Walton
2020-21,2021-01-20,2289363,127,0,1,Washington,Colorado,Huskies,Buffaloes,4,4,22,30,-8,1360,Colorado,1559,359,16,Dallas Walton misses a hook shot from 9 feet out.,missed,FALSE,FALSE,Hook Shot,26.9,13.95,945600,Dallas Walton,NA,0,Colorado,Colorado,43,NA,Erik Stevenson,Hameir Wright,Jamal Bey,Riley Sorn,Quade Green,Maddox Daniels,Eli Parquet,Keeshawn Barthelemy,Evan Battey,Dallas Walton
2020-21,2021-01-20,2289363,128,0,1,Washington,Colorado,Huskies,Buffaloes,4,4,22,30,-8,1685,Washington,1559,359,0,Hameir Wright with a defensive rebound.,NA,FALSE,FALSE,NA,NA,NA,NA,NA,NA,0,Colorado,Washington,43,NA,Erik Stevenson,Hameir Wright,Jamal Bey,Riley Sorn,Quade Green,Maddox Daniels,Eli Parquet,Keeshawn Barthelemy,Evan Battey,Dallas Walton
2020-21,2021-01-20,2289363,129,0,1,Washington,Colorado,Huskies,Buffaloes,4,4,22,30,-8,1360,Colorado,1559,359,0,Substitution: Jabari Walker in for Dallas Walton.,NA,FALSE,FALSE,NA,NA,NA,NA,NA,NA,1,NA,NA,NA,NA,Erik Stevenson,Hameir Wright,Jamal Bey,Riley Sorn,Quade Green,Maddox Daniels,Eli Parquet,Keeshawn Barthelemy,Evan Battey,Jabari Walker
2020-21,2021-01-20,2289363,130,0,1,Washington,Colorado,Huskies,Buffaloes,4,4,22,30,-8,1685,Washington,1542,342,17,Keeshawn Barthelemy blocks a Erik Stevenson jump shot from 8 feet out.,missed,FALSE,FALSE,Jump Shot,28.2,12.75,1132913,Erik Stevenson,NA,0,Washington,Washington,44,NA,Erik Stevenson,Hameir Wright,Jamal Bey,Riley Sorn,Quade Green,Maddox Daniels,Eli Parquet,Keeshawn Barthelemy,Evan Battey,Jabari Walker
2020-21,2021-01-20,2289363,132,0,1,Washington,Colorado,Huskies,Buffaloes,4,4,22,30,-8,1360,Colorado,1542,342,0,Substitution: McKinley Wright IV in for Keeshawn Barthelemy.,NA,FALSE,FALSE,NA,NA,NA,NA,NA,NA,1,NA,NA,NA,NA,Erik Stevenson,Hameir Wright,Jamal Bey,Riley Sorn,Quade Green,Maddox Daniels,Eli Parquet,McKinley Wright IV,Evan Battey,Jabari Walker
2020-21,2021-01-20,2289363,133,0,1,Washington,Colorado,Huskies,Buffaloes,4,4,22,30,-8,1685,Washington,1537,337,5,Hameir Wright with a turnover - Lost Ball Out of Bounds,NA,FALSE,FALSE,NA,NA,NA,NA,NA,NA,0,Washington,Colorado,44,NA,Erik Stevenson,Hameir Wright,Jamal Bey,Riley Sorn,Quade Green,Maddox Daniels,Eli Parquet,McKinley Wright IV,Evan Battey,Jabari Walker
2020-21,2021-01-20,2289363,134,0,1,Washington,Colorado,Huskies,Buffaloes,4,4,22,30,-8,1360,Colorado,1521,321,16,Maddox Daniels misses a 3-point jump shot from 23 feet out.,missed,FALSE,TRUE,Jump Shot,17.5,27.05,1176545,Maddox Daniels,NA,0,Colorado,Colorado,45,NA,Erik Stevenson,Hameir Wright,Jamal Bey,Riley Sorn,Quade Green,Maddox Daniels,Eli Parquet,McKinley Wright IV,Evan Battey,Jabari Walker
2020-21,2021-01-20,2289363,135,0,1,Washington,Colorado,Huskies,Buffaloes,4,4,22,30,-8,1685,Washington,1521,321,0,Erik Stevenson with a defensive rebound.,NA,FALSE,FALSE,NA,NA,NA,NA,NA,NA,0,Colorado,Washington,45,NA,Erik Stevenson,Hameir Wright,Jamal Bey,Riley Sorn,Quade Green,Maddox Daniels,Eli Parquet,McKinley Wright IV,Evan Battey,Jabari Walker
2020-21,2021-01-20,2289363,136,0,1,Washington,Colorado,Huskies,Buffaloes,4,4,22,30,-8,1685,Washington,1499,299,22,Hameir Wright misses a 3-point jump shot from 24 feet out.,missed,FALSE,TRUE,Jump Shot,48.1,11.349999999999994,1089563,Hameir Wright,NA,0,Washington,Washington,46,NA,Erik Stevenson,Hameir Wright,Jamal Bey,Riley Sorn,Quade Green,Maddox Daniels,Eli Parquet,McKinley Wright IV,Evan Battey,Jabari Walker
2020-21,2021-01-20,2289363,137,0,1,Washington,Colorado,Huskies,Buffaloes,4,4,22,30,-8,1685,Washington,1499,299,0,Riley Sorn with an offensive rebound.,NA,FALSE,FALSE,NA,NA,NA,NA,NA,NA,0,Washington,Washington,46,NA,Erik Stevenson,Hameir Wright,Jamal Bey,Riley Sorn,Quade Green,Maddox Daniels,Eli Parquet,McKinley Wright IV,Evan Battey,Jabari Walker
2020-21,2021-01-20,2289363,138,0,1,Washington,Colorado,Huskies,Buffaloes,4,4,24,30,-6,1685,Washington,1493,293,6,Riley Sorn makes a layup.,made,FALSE,FALSE,Layup Shot,25,5.25,1135173,Riley Sorn,NA,0,Washington,Colorado,46,NA,Erik Stevenson,Hameir Wright,Jamal Bey,Riley Sorn,Quade Green,Maddox Daniels,Eli Parquet,McKinley Wright IV,Evan Battey,Jabari Walker
2020-21,2021-01-20,2289363,139,0,1,Washington,Colorado,Huskies,Buffaloes,4,4,24,30,-6,1360,Colorado,1477,277,16,Jabari Walker misses a jump shot from 11 feet out.,missed,FALSE,FALSE,Jump Shot,30.1,14.65,1232517,Jabari Walker,NA,0,Colorado,Colorado,47,NA,Erik Stevenson,Hameir Wright,Jamal Bey,Riley Sorn,Quade Green,Maddox Daniels,Eli Parquet,McKinley Wright IV,Evan Battey,Jabari Walker
2020-21,2021-01-20,2289363,140,0,1,Washington,Colorado,Huskies,Buffaloes,4,4,24,30,-6,1685,Washington,1477,277,0,Erik Stevenson with a defensive rebound.,NA,FALSE,FALSE,NA,NA,NA,NA,NA,NA,0,Colorado,Washington,47,NA,Erik Stevenson,Hameir Wright,Jamal Bey,Riley Sorn,Quade Green,Maddox Daniels,Eli Parquet,McKinley Wright IV,Evan Battey,Jabari Walker
2020-21,2021-01-20,2289363,141,0,1,Washington,Colorado,Huskies,Buffaloes,4,4,24,30,-6,1685,Washington,1466,266,11,Erik Stevenson misses a layup.,missed,FALSE,FALSE,Layup Shot,26,6.25,1132913,Erik Stevenson,NA,0,Washington,Washington,48,NA,Erik Stevenson,Hameir Wright,Jamal Bey,Riley Sorn,Quade Green,Maddox Daniels,Eli Parquet,McKinley Wright IV,Evan Battey,Jabari Walker
2020-21,2021-01-20,2289363,142,0,1,Washington,Colorado,Huskies,Buffaloes,4,4,24,30,-6,1360,Colorado,1466,266,0,Jabari Walker with a defensive rebound.,NA,FALSE,FALSE,NA,NA,NA,NA,NA,NA,0,Washington,Colorado,48,NA,Erik Stevenson,Hameir Wright,Jamal Bey,Riley Sorn,Quade Green,Maddox Daniels,Eli Parquet,McKinley Wright IV,Evan Battey,Jabari Walker
2020-21,2021-01-20,2289363,143,0,1,Washington,Colorado,Huskies,Buffaloes,4,4,24,32,-8,1360,Colorado,1459,259,7,Evan Battey makes a layup. McKinley Wright IV with the assist.,made,FALSE,FALSE,Layup Shot,26,6.25,1061523,Evan Battey,McKinley Wright IV,0,Colorado,Washington,49,NA,Erik Stevenson,Hameir Wright,Jamal Bey,Riley Sorn,Quade Green,Maddox Daniels,Eli Parquet,McKinley Wright IV,Evan Battey,Jabari Walker
2020-21,2021-01-20,2289363,144,0,1,Washington,Colorado,Huskies,Buffaloes,4,4,24,32,-8,1685,Washington,1459,259,0,Substitution: Marcus Tsohonis in for Hameir Wright.,NA,FALSE,FALSE,NA,NA,NA,NA,NA,NA,1,NA,NA,NA,NA,Erik Stevenson,Marcus Tsohonis,Jamal Bey,Riley Sorn,Quade Green,Maddox Daniels,Eli Parquet,McKinley Wright IV,Evan Battey,Jabari Walker
2020-21,2021-01-20,2289363,145,0,1,Washington,Colorado,Huskies,Buffaloes,4,4,24,32,-8,1685,Washington,1440,240,19,Eli Parquet blocks a Quade Green jump shot from 17 feet out.,missed,FALSE,FALSE,Jump Shot,9.899999999999999,12.450000000000003,1067851,Quade Green,NA,0,Washington,Washington,50,NA,Erik Stevenson,Marcus Tsohonis,Jamal Bey,Riley Sorn,Quade Green,Maddox Daniels,Eli Parquet,McKinley Wright IV,Evan Battey,Jabari Walker
2020-21,2021-01-20,2289363,146,0,1,Washington,Colorado,Huskies,Buffaloes,4,4,24,32,-8,1360,Colorado,1440,240,0,Maddox Daniels with a defensive rebound.,NA,FALSE,FALSE,NA,NA,NA,NA,NA,NA,0,Washington,Colorado,50,NA,Erik Stevenson,Marcus Tsohonis,Jamal Bey,Riley Sorn,Quade Green,Maddox Daniels,Eli Parquet,McKinley Wright IV,Evan Battey,Jabari Walker
2020-21,2021-01-20,2289363,147,0,1,Washington,Colorado,Huskies,Buffaloes,4,4,24,34,-10,1360,Colorado,1434,234,6,Maddox Daniels makes a layup.,made,FALSE,FALSE,Layup Shot,25,5.25,1176545,Maddox Daniels,NA,0,Colorado,Washington,51,NA,Erik Stevenson,Marcus Tsohonis,Jamal Bey,Riley Sorn,Quade Green,Maddox Daniels,Eli Parquet,McKinley Wright IV,Evan Battey,Jabari Walker
2020-21,2021-01-20,2289363,148,0,1,Washington,Colorado,Huskies,Buffaloes,4,4,24,34,-10,1685,Washington,1419,219,15,Riley Sorn misses a hook shot from 9 feet out.,missed,FALSE,FALSE,Hook Shot,28.8,13.349999999999994,1135173,Riley Sorn,NA,0,Washington,Washington,52,NA,Erik Stevenson,Marcus Tsohonis,Jamal Bey,Riley Sorn,Quade Green,Maddox Daniels,Eli Parquet,McKinley Wright IV,Evan Battey,Jabari Walker
2020-21,2021-01-20,2289363,149,0,1,Washington,Colorado,Huskies,Buffaloes,4,4,24,34,-10,1360,Colorado,1419,219,0,Jabari Walker with a defensive rebound.,NA,FALSE,FALSE,NA,NA,NA,NA,NA,NA,0,Washington,Colorado,52,NA,Erik Stevenson,Marcus Tsohonis,Jamal Bey,Riley Sorn,Quade Green,Maddox Daniels,Eli Parquet,McKinley Wright IV,Evan Battey,Jabari Walker
2020-21,2021-01-20,2289363,150,0,1,Washington,Colorado,Huskies,Buffaloes,4,4,24,34,-10,1360,Colorado,1406,206,13,McKinley Wright IV misses a 3-point jump shot from 25 feet out.,missed,FALSE,TRUE,Jump Shot,22.3,29.85,1061526,McKinley Wright IV,NA,0,Colorado,Washington,53,NA,Erik Stevenson,Marcus Tsohonis,Jamal Bey,Riley Sorn,Quade Green,Maddox Daniels,Eli Parquet,McKinley Wright IV,Evan Battey,Jabari Walker
2020-21,2021-01-20,2289363,152,0,1,Washington,Colorado,Huskies,Buffaloes,4,4,24,34,-10,NA,NA,1402,202,4,Official TV timeout.,NA,FALSE,FALSE,NA,NA,NA,NA,NA,NA,0,NA,NA,NA,NA,Erik Stevenson,Marcus Tsohonis,Jamal Bey,Riley Sorn,Quade Green,Maddox Daniels,Eli Parquet,McKinley Wright IV,Evan Battey,Jabari Walker
2020-21,2021-01-20,2289363,153,0,1,Washington,Colorado,Huskies,Buffaloes,4,4,24,34,-10,1360,Colorado,1402,202,0,Substitution: Keeshawn Barthelemy in for Evan Battey.,NA,FALSE,FALSE,NA,NA,NA,NA,NA,NA,1,NA,NA,NA,NA,Erik Stevenson,Marcus Tsohonis,Jamal Bey,Riley Sorn,Quade Green,Maddox Daniels,Eli Parquet,McKinley Wright IV,Keeshawn Barthelemy,Jabari Walker
2020-21,2021-01-20,2289363,154,0,1,Washington,Colorado,Huskies,Buffaloes,4,4,24,34,-10,1360,Colorado,1402,202,0,Substitution: Jeriah Horne in for McKinley Wright IV.,NA,FALSE,FALSE,NA,NA,NA,NA,NA,NA,1,NA,NA,NA,NA,Erik Stevenson,Marcus Tsohonis,Jamal Bey,Riley Sorn,Quade Green,Maddox Daniels,Eli Parquet,Jeriah Horne,Keeshawn Barthelemy,Jabari Walker
2020-21,2021-01-20,2289363,155,0,1,Washington,Colorado,Huskies,Buffaloes,4,4,27,34,-7,1685,Washington,1379,179,23,Marcus Tsohonis makes a 3-point jump shot from 24 feet out. Quade Green with the assist.,made,FALSE,TRUE,Jump Shot,5.5,19.049999999999997,1177043,Marcus Tsohonis,Quade Green,0,Washington,Colorado,54,NA,Erik Stevenson,Marcus Tsohonis,Jamal Bey,Riley Sorn,Quade Green,Maddox Daniels,Eli Parquet,Jeriah Horne,Keeshawn Barthelemy,Jabari Walker
2020-21,2021-01-20,2289363,156,0,1,Washington,Colorado,Huskies,Buffaloes,4,4,27,34,-7,1360,Colorado,1358,158,21,Jeriah Horne misses a 3-point jump shot from 24 feet out.,missed,FALSE,TRUE,Jump Shot,2.5,13.75,944967,Jeriah Horne,NA,0,Colorado,Colorado,55,NA,Erik Stevenson,Marcus Tsohonis,Jamal Bey,Riley Sorn,Quade Green,Maddox Daniels,Eli Parquet,Jeriah Horne,Keeshawn Barthelemy,Jabari Walker
2020-21,2021-01-20,2289363,158,0,1,Washington,Colorado,Huskies,Buffaloes,4,4,27,34,-7,1360,Colorado,1355,155,3,Substitution: Dallas Walton in for Jabari Walker.,NA,FALSE,FALSE,NA,NA,NA,NA,NA,NA,1,NA,NA,NA,NA,Erik Stevenson,Marcus Tsohonis,Jamal Bey,Riley Sorn,Quade Green,Maddox Daniels,Eli Parquet,Jeriah Horne,Keeshawn Barthelemy,Dallas Walton
2020-21,2021-01-20,2289363,159,0,1,Washington,Colorado,Huskies,Buffaloes,4,4,27,36,-9,1360,Colorado,1350,150,5,Dallas Walton makes a hook shot from 12 feet out.,made,FALSE,FALSE,Hook Shot,36.6,9.05,945600,Dallas Walton,NA,0,Colorado,Washington,55,NA,Erik Stevenson,Marcus Tsohonis,Jamal Bey,Riley Sorn,Quade Green,Maddox Daniels,Eli Parquet,Jeriah Horne,Keeshawn Barthelemy,Dallas Walton
2020-21,2021-01-20,2289363,160,0,1,Washington,Colorado,Huskies,Buffaloes,4,4,29,36,-7,1685,Washington,1329,129,21,Marcus Tsohonis makes a jump shot from 19 feet out.,made,FALSE,FALSE,Jump Shot,18.4,23.150000000000006,1177043,Marcus Tsohonis,NA,0,Washington,Colorado,56,NA,Erik Stevenson,Marcus Tsohonis,Jamal Bey,Riley Sorn,Quade Green,Maddox Daniels,Eli Parquet,Jeriah Horne,Keeshawn Barthelemy,Dallas Walton
2020-21,2021-01-20,2289363,161,0,1,Washington,Colorado,Huskies,Buffaloes,4,4,29,38,-9,1360,Colorado,1313,113,16,Jeriah Horne makes a layup.,made,FALSE,FALSE,Layup Shot,25,5.25,944967,Jeriah Horne,NA,0,Colorado,Washington,57,NA,Erik Stevenson,Marcus Tsohonis,Jamal Bey,Riley Sorn,Quade Green,Maddox Daniels,Eli Parquet,Jeriah Horne,Keeshawn Barthelemy,Dallas Walton
2020-21,2021-01-20,2289363,162,0,1,Washington,Colorado,Huskies,Buffaloes,4,4,31,38,-7,1685,Washington,1287,87,26,Erik Stevenson makes a jump shot from 9 feet out.,made,FALSE,FALSE,Jump Shot,27.7,13.75,1132913,Erik Stevenson,NA,0,Washington,Colorado,58,NA,Erik Stevenson,Marcus Tsohonis,Jamal Bey,Riley Sorn,Quade Green,Maddox Daniels,Eli Parquet,Jeriah Horne,Keeshawn Barthelemy,Dallas Walton
2020-21,2021-01-20,2289363,163,0,1,Washington,Colorado,Huskies,Buffaloes,4,4,31,38,-7,1360,Colorado,1270,70,17,Jeriah Horne misses a jump shot from 11 feet out.,missed,FALSE,FALSE,Jump Shot,27.5,15.95,944967,Jeriah Horne,NA,0,Colorado,Colorado,59,NA,Erik Stevenson,Marcus Tsohonis,Jamal Bey,Riley Sorn,Quade Green,Maddox Daniels,Eli Parquet,Jeriah Horne,Keeshawn Barthelemy,Dallas Walton
2020-21,2021-01-20,2289363,164,0,1,Washington,Colorado,Huskies,Buffaloes,4,4,31,38,-7,1685,Washington,1270,70,0,Marcus Tsohonis with a defensive rebound.,NA,FALSE,FALSE,NA,NA,NA,NA,NA,NA,0,Colorado,Washington,59,NA,Erik Stevenson,Marcus Tsohonis,Jamal Bey,Riley Sorn,Quade Green,Maddox Daniels,Eli Parquet,Jeriah Horne,Keeshawn Barthelemy,Dallas Walton
2020-21,2021-01-20,2289363,165,0,1,Washington,Colorado,Huskies,Buffaloes,4,4,31,38,-7,1360,Colorado,1265,65,5,Personal foul committed by Maddox Daniels.,NA,FALSE,FALSE,NA,NA,NA,NA,NA,NA,0,Washington,Washington,60,NA,Erik Stevenson,Marcus Tsohonis,Jamal Bey,Riley Sorn,Quade Green,Maddox Daniels,Eli Parquet,Jeriah Horne,Keeshawn Barthelemy,Dallas Walton
2020-21,2021-01-20,2289363,166,0,1,Washington,Colorado,Huskies,Buffaloes,4,4,31,38,-7,1685,Washington,1265,65,0,Substitution: Hameir Wright in for Marcus Tsohonis.,NA,FALSE,FALSE,NA,NA,NA,NA,NA,NA,1,NA,NA,NA,NA,Erik Stevenson,Hameir Wright,Jamal Bey,Riley Sorn,Quade Green,Maddox Daniels,Eli Parquet,Jeriah Horne,Keeshawn Barthelemy,Dallas Walton
2020-21,2021-01-20,2289363,167,0,1,Washington,Colorado,Huskies,Buffaloes,4,4,32,38,-6,1685,Washington,1265,65,0,Marcus Tsohonis makes free throw 1st of 1-and-1.,made,TRUE,FALSE,NA,NA,NA,NA,NA,NA,0,Washington,Washington,60,NA,Erik Stevenson,Hameir Wright,Jamal Bey,Riley Sorn,Quade Green,Maddox Daniels,Eli Parquet,Jeriah Horne,Keeshawn Barthelemy,Dallas Walton
2020-21,2021-01-20,2289363,168,0,1,Washington,Colorado,Huskies,Buffaloes,4,4,33,38,-5,1685,Washington,1265,65,0,Marcus Tsohonis makes free throw 2nd of 1-and-1.,made,TRUE,FALSE,NA,NA,NA,NA,NA,NA,0,Washington,Colorado,60,NA,Erik Stevenson,Hameir Wright,Jamal Bey,Riley Sorn,Quade Green,Maddox Daniels,Eli Parquet,Jeriah Horne,Keeshawn Barthelemy,Dallas Walton
2020-21,2021-01-20,2289363,169,0,1,Washington,Colorado,Huskies,Buffaloes,4,3,33,38,-5,1360,Colorado,1265,65,0,Buffaloes take a 30-second timeout.,NA,FALSE,FALSE,NA,NA,NA,NA,NA,NA,0,NA,NA,NA,NA,Erik Stevenson,Hameir Wright,Jamal Bey,Riley Sorn,Quade Green,Maddox Daniels,Eli Parquet,Jeriah Horne,Keeshawn Barthelemy,Dallas Walton
2020-21,2021-01-20,2289363,170,0,1,Washington,Colorado,Huskies,Buffaloes,4,3,33,38,-5,1360,Colorado,1246,46,19,Riley Sorn blocks a Dallas Walton layup.,missed,FALSE,FALSE,Layup Shot,26,6.25,945600,Dallas Walton,NA,0,Colorado,Colorado,61,NA,Erik Stevenson,Hameir Wright,Jamal Bey,Riley Sorn,Quade Green,Maddox Daniels,Eli Parquet,Jeriah Horne,Keeshawn Barthelemy,Dallas Walton
2020-21,2021-01-20,2289363,171,0,1,Washington,Colorado,Huskies,Buffaloes,4,3,33,38,-5,1685,Washington,1246,46,0,Hameir Wright with a defensive rebound.,NA,FALSE,FALSE,NA,NA,NA,NA,NA,NA,0,Colorado,Washington,61,NA,Erik Stevenson,Hameir Wright,Jamal Bey,Riley Sorn,Quade Green,Maddox Daniels,Eli Parquet,Jeriah Horne,Keeshawn Barthelemy,Dallas Walton
2020-21,2021-01-20,2289363,172,0,1,Washington,Colorado,Huskies,Buffaloes,4,3,36,38,-2,1685,Washington,1233,33,13,Erik Stevenson makes a 3-point jump shot from 27 feet out. Jamal Bey with the assist.,made,FALSE,TRUE,Jump Shot,44.9,23.349999999999994,1132913,Erik Stevenson,Jamal Bey,0,Washington,Colorado,62,NA,Erik Stevenson,Hameir Wright,Jamal Bey,Riley Sorn,Quade Green,Maddox Daniels,Eli Parquet,Jeriah Horne,Keeshawn Barthelemy,Dallas Walton
2020-21,2021-01-20,2289363,173,0,1,Washington,Colorado,Huskies,Buffaloes,4,3,36,40,-4,1360,Colorado,1205,5,28,Keeshawn Barthelemy makes a jump shot from 15 feet out.,made,FALSE,FALSE,Jump Shot,21.8,19.65,1194073,Keeshawn Barthelemy,NA,0,Colorado,Washington,63,NA,Erik Stevenson,Hameir Wright,Jamal Bey,Riley Sorn,Quade Green,Maddox Daniels,Eli Parquet,Jeriah Horne,Keeshawn Barthelemy,Dallas Walton
2020-21,2021-01-20,2289363,174,0,1,Washington,Colorado,Huskies,Buffaloes,4,3,36,40,-4,NA,NA,1200,0,5,End of the 1st Half,NA,FALSE,FALSE,NA,NA,NA,NA,NA,NA,0,NA,NA,NA,NA,Erik Stevenson,Hameir Wright,Jamal Bey,Riley Sorn,Quade Green,Maddox Daniels,Eli Parquet,Jeriah Horne,Keeshawn Barthelemy,Dallas Walton
2020-21,2021-01-20,2289363,175,0,2,Washington,Colorado,Huskies,Buffaloes,4,4,36,40,-4,NA,NA,1200,1200,0,Start of the 2nd Half,NA,FALSE,FALSE,NA,NA,NA,NA,NA,NA,0,NA,Washington,64,NA,Erik Stevenson,Hameir Wright,Jamal Bey,Riley Sorn,Quade Green,Maddox Daniels,Eli Parquet,Jeriah Horne,Keeshawn Barthelemy,Dallas Walton
2020-21,2021-01-20,2289363,176,0,2,Washington,Colorado,Huskies,Buffaloes,4,4,38,40,-2,1685,Washington,1185,1185,15,Jamal Bey makes a jump shot from 11 feet out.,made,FALSE,FALSE,Jump Shot,22.1,15.549999999999997,1135169,Jamal Bey,NA,0,Washington,Colorado,65,NA,Erik Stevenson,Hameir Wright,Jamal Bey,Riley Sorn,Quade Green,Maddox Daniels,Eli Parquet,Jeriah Horne,Keeshawn Barthelemy,Dallas Walton
2020-21,2021-01-20,2289363,177,0,2,Washington,Colorado,Huskies,Buffaloes,4,4,38,43,-5,1360,Colorado,1163,1163,22,Jeriah Horne makes a 3-point jump shot from 25 feet out. McKinley Wright IV with the assist.,made,FALSE,TRUE,Jump Shot,11.4,26.15,944967,Jeriah Horne,McKinley Wright IV,0,Colorado,Washington,66,NA,Erik Stevenson,Hameir Wright,Jamal Bey,Riley Sorn,Quade Green,Maddox Daniels,Eli Parquet,Jeriah Horne,Keeshawn Barthelemy,Dallas Walton
2020-21,2021-01-20,2289363,178,0,2,Washington,Colorado,Huskies,Buffaloes,4,4,38,43,-5,1685,Washington,1145,1145,18,Hameir Wright misses a 3-point jump shot from 23 feet out.,missed,FALSE,TRUE,Jump Shot,46.9,12.25,1089563,Hameir Wright,NA,0,Washington,Washington,67,NA,Erik Stevenson,Hameir Wright,Jamal Bey,Riley Sorn,Quade Green,Maddox Daniels,Eli Parquet,Jeriah Horne,Keeshawn Barthelemy,Dallas Walton
2020-21,2021-01-20,2289363,179,0,2,Washington,Colorado,Huskies,Buffaloes,4,4,38,43,-5,1685,Washington,1145,1145,0,Erik Stevenson with an offensive rebound.,NA,FALSE,FALSE,NA,NA,NA,NA,NA,NA,0,Washington,Washington,67,NA,Erik Stevenson,Hameir Wright,Jamal Bey,Riley Sorn,Quade Green,Maddox Daniels,Eli Parquet,Jeriah Horne,Keeshawn Barthelemy,Dallas Walton
2020-21,2021-01-20,2289363,180,0,2,Washington,Colorado,Huskies,Buffaloes,4,4,41,43,-2,1685,Washington,1132,1132,13,Hameir Wright makes a 3-point jump shot from 24 feet out. Quade Green with the assist.,made,FALSE,TRUE,Jump Shot,13.399999999999999,25.75,1089563,Hameir Wright,Quade Green,0,Washington,Colorado,67,NA,Erik Stevenson,Hameir Wright,Jamal Bey,Riley Sorn,Quade Green,Maddox Daniels,Eli Parquet,Jeriah Horne,Keeshawn Barthelemy,Dallas Walton
2020-21,2021-01-20,2289363,181,0,2,Washington,Colorado,Huskies,Buffaloes,4,4,41,45,-4,1360,Colorado,1106,1106,26,McKinley Wright IV makes a jump shot from 11 feet out.,made,FALSE,FALSE,Jump Shot,29.2,15.75,1061526,McKinley Wright IV,NA,0,Colorado,Colorado,68,NA,Erik Stevenson,Hameir Wright,Jamal Bey,Riley Sorn,Quade Green,Maddox Daniels,Eli Parquet,Jeriah Horne,Keeshawn Barthelemy,Dallas Walton
2020-21,2021-01-20,2289363,182,0,2,Washington,Colorado,Huskies,Buffaloes,4,4,41,45,-4,1685,Washington,1106,1106,0,Shooting foul committed by Hameir Wright.,NA,FALSE,FALSE,NA,NA,NA,NA,NA,NA,0,Colorado,Colorado,68,NA,Erik Stevenson,Hameir Wright,Jamal Bey,Riley Sorn,Quade Green,Maddox Daniels,Eli Parquet,Jeriah Horne,Keeshawn Barthelemy,Dallas Walton
2020-21,2021-01-20,2289363,183,0,2,Washington,Colorado,Huskies,Buffaloes,4,4,41,46,-5,1360,Colorado,1106,1106,0,McKinley Wright IV makes free throw 1 of 1.,made,TRUE,FALSE,NA,NA,NA,NA,NA,NA,0,Colorado,Washington,68,NA,Erik Stevenson,Hameir Wright,Jamal Bey,Riley Sorn,Quade Green,Maddox Daniels,Eli Parquet,Jeriah Horne,Keeshawn Barthelemy,Dallas Walton
2020-21,2021-01-20,2289363,184,0,2,Washington,Colorado,Huskies,Buffaloes,4,4,41,46,-5,1685,Washington,1097,1097,9,Erik Stevenson misses a jump shot from 10 feet out.,missed,FALSE,FALSE,Jump Shot,28.4,14.25,1132913,Erik Stevenson,NA,0,Washington,Washington,69,NA,Erik Stevenson,Hameir Wright,Jamal Bey,Riley Sorn,Quade Green,Maddox Daniels,Eli Parquet,Jeriah Horne,Keeshawn Barthelemy,Dallas Walton
2020-21,2021-01-20,2289363,185,0,2,Washington,Colorado,Huskies,Buffaloes,4,4,41,46,-5,1685,Washington,1097,1097,0,Nate Roberts with an offensive rebound.,NA,FALSE,FALSE,NA,NA,NA,NA,NA,NA,0,Washington,Washington,69,NA,Erik Stevenson,Hameir Wright,Jamal Bey,Riley Sorn,Quade Green,Maddox Daniels,Eli Parquet,Jeriah Horne,Keeshawn Barthelemy,Dallas Walton
2020-21,2021-01-20,2289363,186,0,2,Washington,Colorado,Huskies,Buffaloes,4,4,41,46,-5,1360,Colorado,1094,1094,3,Shooting foul committed by Jeriah Horne.,NA,FALSE,FALSE,NA,NA,NA,NA,NA,NA,0,Washington,Washington,69,NA,Erik Stevenson,Hameir Wright,Jamal Bey,Riley Sorn,Quade Green,Maddox Daniels,Eli Parquet,Jeriah Horne,Keeshawn Barthelemy,Dallas Walton
2020-21,2021-01-20,2289363,187,0,2,Washington,Colorado,Huskies,Buffaloes,4,4,42,46,-4,1685,Washington,1094,1094,0,Nate Roberts makes free throw 1 of 2.,made,TRUE,FALSE,NA,NA,NA,NA,NA,NA,0,Washington,Washington,69,NA,Erik Stevenson,Hameir Wright,Jamal Bey,Riley Sorn,Quade Green,Maddox Daniels,Eli Parquet,Jeriah Horne,Keeshawn Barthelemy,Dallas Walton
2020-21,2021-01-20,2289363,188,0,2,Washington,Colorado,Huskies,Buffaloes,4,4,43,46,-3,1685,Washington,1094,1094,0,Nate Roberts makes free throw 2 of 2.,made,TRUE,FALSE,NA,NA,NA,NA,NA,NA,0,Washington,Colorado,69,NA,Erik Stevenson,Hameir Wright,Jamal Bey,Riley Sorn,Quade Green,Maddox Daniels,Eli Parquet,Jeriah Horne,Keeshawn Barthelemy,Dallas Walton
2020-21,2021-01-20,2289363,189,0,2,Washington,Colorado,Huskies,Buffaloes,4,4,43,48,-5,1360,Colorado,1078,1078,16,Eli Parquet dunks. Jeriah Horne with the assist.,made,FALSE,FALSE,Dunk Shot,26,6.25,1134715,Eli Parquet,Jeriah Horne,0,Colorado,Washington,70,NA,Erik Stevenson,Hameir Wright,Jamal Bey,Riley Sorn,Quade Green,Maddox Daniels,Eli Parquet,Jeriah Horne,Keeshawn Barthelemy,Dallas Walton
2020-21,2021-01-20,2289363,190,0,2,Washington,Colorado,Huskies,Buffaloes,4,4,45,48,-3,1685,Washington,1056,1056,22,Quade Green makes a jump shot from 16 feet out.,made,FALSE,FALSE,Jump Shot,24,21.150000000000006,1067851,Quade Green,NA,0,Washington,Colorado,71,NA,Erik Stevenson,Hameir Wright,Jamal Bey,Riley Sorn,Quade Green,Maddox Daniels,Eli Parquet,Jeriah Horne,Keeshawn Barthelemy,Dallas Walton
2020-21,2021-01-20,2289363,191,0,2,Washington,Colorado,Huskies,Buffaloes,4,4,45,48,-3,1685,Washington,1039,1039,17,Shooting foul committed by Hameir Wright.,NA,FALSE,FALSE,NA,NA,NA,NA,NA,NA,0,Colorado,Colorado,72,NA,Erik Stevenson,Hameir Wright,Jamal Bey,Riley Sorn,Quade Green,Maddox Daniels,Eli Parquet,Jeriah Horne,Keeshawn Barthelemy,Dallas Walton
2020-21,2021-01-20,2289363,192,0,2,Washington,Colorado,Huskies,Buffaloes,4,4,45,48,-3,1360,Colorado,1039,1039,0,Jeriah Horne misses free throw 1 of 2.,missed,TRUE,FALSE,NA,NA,NA,NA,NA,NA,0,Colorado,Colorado,72,NA,Erik Stevenson,Hameir Wright,Jamal Bey,Riley Sorn,Quade Green,Maddox Daniels,Eli Parquet,Jeriah Horne,Keeshawn Barthelemy,Dallas Walton
2020-21,2021-01-20,2289363,194,0,2,Washington,Colorado,Huskies,Buffaloes,4,4,45,48,-3,1685,Washington,1039,1039,0,Substitution: Marcus Tsohonis in for Hameir Wright.,NA,FALSE,FALSE,NA,NA,NA,NA,NA,NA,1,NA,NA,NA,NA,Erik Stevenson,Marcus Tsohonis,Jamal Bey,Riley Sorn,Quade Green,Maddox Daniels,Eli Parquet,Jeriah Horne,Keeshawn Barthelemy,Dallas Walton
2020-21,2021-01-20,2289363,195,0,2,Washington,Colorado,Huskies,Buffaloes,4,4,45,49,-4,1360,Colorado,1039,1039,0,Jeriah Horne makes free throw 2 of 2.,made,TRUE,FALSE,NA,NA,NA,NA,NA,NA,0,Colorado,Washington,72,NA,Erik Stevenson,Marcus Tsohonis,Jamal Bey,Riley Sorn,Quade Green,Maddox Daniels,Eli Parquet,Jeriah Horne,Keeshawn Barthelemy,Dallas Walton
2020-21,2021-01-20,2289363,196,0,2,Washington,Colorado,Huskies,Buffaloes,4,4,47,49,-2,1685,Washington,1023,1023,16,Erik Stevenson makes a layup.,made,FALSE,FALSE,Layup Shot,25,5.25,1132913,Erik Stevenson,NA,0,Washington,Colorado,73,NA,Erik Stevenson,Marcus Tsohonis,Jamal Bey,Riley Sorn,Quade Green,Maddox Daniels,Eli Parquet,Jeriah Horne,Keeshawn Barthelemy,Dallas Walton
2020-21,2021-01-20,2289363,197,0,2,Washington,Colorado,Huskies,Buffaloes,4,4,47,51,-4,1360,Colorado,997,997,26,Jeriah Horne makes a layup.,made,FALSE,FALSE,Layup Shot,25,5.25,944967,Jeriah Horne,NA,0,Colorado,Washington,74,NA,Erik Stevenson,Marcus Tsohonis,Jamal Bey,Riley Sorn,Quade Green,Maddox Daniels,Eli Parquet,Jeriah Horne,Keeshawn Barthelemy,Dallas Walton
2020-21,2021-01-20,2289363,198,0,2,Washington,Colorado,Huskies,Buffaloes,4,4,50,51,-1,1685,Washington,981,981,16,Marcus Tsohonis makes a 3-point jump shot from 25 feet out.,made,FALSE,TRUE,Jump Shot,14.399999999999999,28.150000000000006,1177043,Marcus Tsohonis,NA,0,Washington,Colorado,75,NA,Erik Stevenson,Marcus Tsohonis,Jamal Bey,Riley Sorn,Quade Green,Maddox Daniels,Eli Parquet,Jeriah Horne,Keeshawn Barthelemy,Dallas Walton
2020-21,2021-01-20,2289363,199,0,2,Washington,Colorado,Huskies,Buffaloes,4,4,50,51,-1,1360,Colorado,966,966,15,D'Shawn Schwartz misses a 3-point jump shot from 23 feet out.,missed,FALSE,TRUE,Jump Shot,2.6999999999999993,10.35,1061513,D'Shawn Schwartz,NA,0,Colorado,Colorado,76,NA,Erik Stevenson,Marcus Tsohonis,Jamal Bey,Riley Sorn,Quade Green,Maddox Daniels,Eli Parquet,Jeriah Horne,Keeshawn Barthelemy,Dallas Walton
2020-21,2021-01-20,2289363,200,0,2,Washington,Colorado,Huskies,Buffaloes,4,4,50,51,-1,1360,Colorado,966,966,0,Evan Battey with an offensive rebound.,NA,FALSE,FALSE,NA,NA,NA,NA,NA,NA,0,Colorado,Colorado,76,NA,Erik Stevenson,Marcus Tsohonis,Jamal Bey,Riley Sorn,Quade Green,Maddox Daniels,Eli Parquet,Jeriah Horne,Keeshawn Barthelemy,Dallas Walton
2020-21,2021-01-20,2289363,201,0,2,Washington,Colorado,Huskies,Buffaloes,4,4,50,53,-3,1360,Colorado,959,959,7,Evan Battey makes a layup.,made,FALSE,FALSE,Layup Shot,26,6.25,1061523,Evan Battey,NA,0,Colorado,Washington,76,NA,Erik Stevenson,Marcus Tsohonis,Jamal Bey,Riley Sorn,Quade Green,Maddox Daniels,Eli Parquet,Jeriah Horne,Keeshawn Barthelemy,Dallas Walton
2020-21,2021-01-20,2289363,202,0,2,Washington,Colorado,Huskies,Buffaloes,4,4,50,53,-3,1685,Washington,934,934,25,Marcus Tsohonis misses a jump shot from 10 feet out.,missed,FALSE,FALSE,Jump Shot,20.5,13.950000000000003,1177043,Marcus Tsohonis,NA,0,Washington,Washington,77,NA,Erik Stevenson,Marcus Tsohonis,Jamal Bey,Riley Sorn,Quade Green,Maddox Daniels,Eli Parquet,Jeriah Horne,Keeshawn Barthelemy,Dallas Walton
2020-21,2021-01-20,2289363,203,0,2,Washington,Colorado,Huskies,Buffaloes,4,4,50,53,-3,1360,Colorado,934,934,0,Jeriah Horne with a defensive rebound.,NA,FALSE,FALSE,NA,NA,NA,NA,NA,NA,0,Washington,Colorado,77,NA,Erik Stevenson,Marcus Tsohonis,Jamal Bey,Riley Sorn,Quade Green,Maddox Daniels,Eli Parquet,Jeriah Horne,Keeshawn Barthelemy,Dallas Walton
2020-21,2021-01-20,2289363,204,0,2,Washington,Colorado,Huskies,Buffaloes,4,4,50,55,-5,1360,Colorado,928,928,6,Jeriah Horne dunks. McKinley Wright IV with the assist.,made,FALSE,FALSE,Dunk Shot,25,5.25,944967,Jeriah Horne,McKinley Wright IV,0,Colorado,Washington,78,NA,Erik Stevenson,Marcus Tsohonis,Jamal Bey,Riley Sorn,Quade Green,Maddox Daniels,Eli Parquet,Jeriah Horne,Keeshawn Barthelemy,Dallas Walton
2020-21,2021-01-20,2289363,205,0,2,Washington,Colorado,Huskies,Buffaloes,4,4,50,55,-5,1685,Washington,902,902,26,Offensive foul committed by Erik Stevenson.,NA,FALSE,FALSE,NA,NA,NA,NA,NA,NA,0,Washington,Washington,79,NA,Erik Stevenson,Marcus Tsohonis,Jamal Bey,Riley Sorn,Quade Green,Maddox Daniels,Eli Parquet,Jeriah Horne,Keeshawn Barthelemy,Dallas Walton
2020-21,2021-01-20,2289363,206,0,2,Washington,Colorado,Huskies,Buffaloes,4,4,50,55,-5,1685,Washington,902,902,0,Erik Stevenson with a turnover,NA,FALSE,FALSE,NA,NA,NA,NA,NA,NA,0,Washington,Colorado,79,NA,Erik Stevenson,Marcus Tsohonis,Jamal Bey,Riley Sorn,Quade Green,Maddox Daniels,Eli Parquet,Jeriah Horne,Keeshawn Barthelemy,Dallas Walton
2020-21,2021-01-20,2289363,207,0,2,Washington,Colorado,Huskies,Buffaloes,4,4,50,55,-5,1685,Washington,902,902,0,Substitution: Riley Sorn in for Nate Roberts.,NA,FALSE,FALSE,NA,NA,NA,NA,NA,NA,1,NA,NA,NA,Sub already in game,Erik Stevenson,Marcus Tsohonis,Jamal Bey,Riley Sorn,Quade Green,Maddox Daniels,Eli Parquet,Jeriah Horne,Keeshawn Barthelemy,Dallas Walton
2020-21,2021-01-20,2289363,208,0,2,Washington,Colorado,Huskies,Buffaloes,4,4,50,55,-5,1360,Colorado,902,902,0,Substitution: Maddox Daniels in for Eli Parquet.,NA,FALSE,FALSE,NA,NA,NA,NA,NA,NA,1,NA,NA,NA,Sub already in game,Erik Stevenson,Marcus Tsohonis,Jamal Bey,Riley Sorn,Quade Green,Maddox Daniels,Eli Parquet,Jeriah Horne,Keeshawn Barthelemy,Dallas Walton
2020-21,2021-01-20,2289363,209,0,2,Washington,Colorado,Huskies,Buffaloes,4,4,50,55,-5,1360,Colorado,886,886,16,McKinley Wright IV misses a 3-point jump shot from 25 feet out.,missed,FALSE,TRUE,Jump Shot,31.4,29.45,1061526,McKinley Wright IV,NA,0,Colorado,Colorado,80,NA,Erik Stevenson,Marcus Tsohonis,Jamal Bey,Riley Sorn,Quade Green,Maddox Daniels,Eli Parquet,Jeriah Horne,Keeshawn Barthelemy,Dallas Walton
2020-21,2021-01-20,2289363,210,0,2,Washington,Colorado,Huskies,Buffaloes,4,4,50,55,-5,1360,Colorado,886,886,0,D'Shawn Schwartz with an offensive rebound.,NA,FALSE,FALSE,NA,NA,NA,NA,NA,NA,0,Colorado,Colorado,80,NA,Erik Stevenson,Marcus Tsohonis,Jamal Bey,Riley Sorn,Quade Green,Maddox Daniels,Eli Parquet,Jeriah Horne,Keeshawn Barthelemy,Dallas Walton
2020-21,2021-01-20,2289363,211,0,2,Washington,Colorado,Huskies,Buffaloes,4,4,50,55,-5,1360,Colorado,881,881,5,Quade Green steals the ball from D'Shawn Schwartz.,NA,FALSE,FALSE,NA,NA,NA,NA,NA,NA,0,Colorado,Washington,80,NA,Erik Stevenson,Marcus Tsohonis,Jamal Bey,Riley Sorn,Quade Green,Maddox Daniels,Eli Parquet,Jeriah Horne,Keeshawn Barthelemy,Dallas Walton
2020-21,2021-01-20,2289363,212,0,2,Washington,Colorado,Huskies,Buffaloes,4,4,52,55,-3,1685,Washington,865,865,16,Erik Stevenson makes a jump shot from 17 feet out.,made,FALSE,FALSE,Jump Shot,11.600000000000001,15.049999999999997,1132913,Erik Stevenson,NA,0,Washington,Colorado,81,NA,Erik Stevenson,Marcus Tsohonis,Jamal Bey,Riley Sorn,Quade Green,Maddox Daniels,Eli Parquet,Jeriah Horne,Keeshawn Barthelemy,Dallas Walton
2020-21,2021-01-20,2289363,213,0,2,Washington,Colorado,Huskies,Buffaloes,4,4,52,57,-5,1360,Colorado,845,845,20,McKinley Wright IV makes a jump shot from 10 feet out.,made,FALSE,FALSE,Jump Shot,26,15.35,1061526,McKinley Wright IV,NA,0,Colorado,Washington,82,NA,Erik Stevenson,Marcus Tsohonis,Jamal Bey,Riley Sorn,Quade Green,Maddox Daniels,Eli Parquet,Jeriah Horne,Keeshawn Barthelemy,Dallas Walton
2020-21,2021-01-20,2289363,214,0,2,Washington,Colorado,Huskies,Buffaloes,4,4,55,57,-2,1685,Washington,821,821,24,Marcus Tsohonis makes a 3-point jump shot from 24 feet out.,made,FALSE,TRUE,Jump Shot,9.700000000000003,23.75,1177043,Marcus Tsohonis,NA,0,Washington,Colorado,83,NA,Erik Stevenson,Marcus Tsohonis,Jamal Bey,Riley Sorn,Quade Green,Maddox Daniels,Eli Parquet,Jeriah Horne,Keeshawn Barthelemy,Dallas Walton
2020-21,2021-01-20,2289363,215,0,2,Washington,Colorado,Huskies,Buffaloes,4,4,55,57,-2,1360,Colorado,805,805,16,Riley Sorn blocks a Jeriah Horne layup.,missed,FALSE,FALSE,Layup Shot,25,5.25,944967,Jeriah Horne,NA,0,Colorado,Washington,84,NA,Erik Stevenson,Marcus Tsohonis,Jamal Bey,Riley Sorn,Quade Green,Maddox Daniels,Eli Parquet,Jeriah Horne,Keeshawn Barthelemy,Dallas Walton
2020-21,2021-01-20,2289363,217,0,2,Washington,Colorado,Huskies,Buffaloes,4,4,55,57,-2,1685,Washington,802,802,3,Substitution: Cole Bajema in for Quade Green.,NA,FALSE,FALSE,NA,NA,NA,NA,NA,NA,1,NA,NA,NA,NA,Erik Stevenson,Marcus Tsohonis,Jamal Bey,Riley Sorn,Cole Bajema,Maddox Daniels,Eli Parquet,Jeriah Horne,Keeshawn Barthelemy,Dallas Walton
2020-21,2021-01-20,2289363,218,0,2,Washington,Colorado,Huskies,Buffaloes,4,4,55,57,-2,1360,Colorado,802,802,0,Substitution: Jabari Walker in for Jeriah Horne.,NA,FALSE,FALSE,NA,NA,NA,NA,NA,NA,1,NA,NA,NA,NA,Erik Stevenson,Marcus Tsohonis,Jamal Bey,Riley Sorn,Cole Bajema,Maddox Daniels,Eli Parquet,Jabari Walker,Keeshawn Barthelemy,Dallas Walton
2020-21,2021-01-20,2289363,219,0,2,Washington,Colorado,Huskies,Buffaloes,4,4,55,57,-2,1360,Colorado,802,802,0,Substitution: Eli Parquet in for D'Shawn Schwartz.,NA,FALSE,FALSE,NA,NA,NA,NA,NA,NA,1,NA,NA,NA,Sub already in game,Erik Stevenson,Marcus Tsohonis,Jamal Bey,Riley Sorn,Cole Bajema,Maddox Daniels,Eli Parquet,Jabari Walker,Keeshawn Barthelemy,Dallas Walton
2020-21,2021-01-20,2289363,220,0,2,Washington,Colorado,Huskies,Buffaloes,4,4,58,57,1,1685,Washington,786,786,16,Jamal Bey makes a 3-point jump shot from 23 feet out.,made,FALSE,TRUE,Jump Shot,34,26.450000000000003,1135169,Jamal Bey,NA,0,Washington,Colorado,85,NA,Erik Stevenson,Marcus Tsohonis,Jamal Bey,Riley Sorn,Cole Bajema,Maddox Daniels,Eli Parquet,Jabari Walker,Keeshawn Barthelemy,Dallas Walton
2020-21,2021-01-20,2289363,221,0,2,Washington,Colorado,Huskies,Buffaloes,4,4,58,57,1,1360,Colorado,771,771,15,Maddox Daniels misses a 3-point jump shot from 25 feet out.,missed,FALSE,TRUE,Jump Shot,42.7,23.15,1176545,Maddox Daniels,NA,0,Colorado,Colorado,86,NA,Erik Stevenson,Marcus Tsohonis,Jamal Bey,Riley Sorn,Cole Bajema,Maddox Daniels,Eli Parquet,Jabari Walker,Keeshawn Barthelemy,Dallas Walton
2020-21,2021-01-20,2289363,222,0,2,Washington,Colorado,Huskies,Buffaloes,4,4,58,57,1,1685,Washington,771,771,0,Erik Stevenson with a defensive rebound.,NA,FALSE,FALSE,NA,NA,NA,NA,NA,NA,0,Colorado,Washington,86,NA,Erik Stevenson,Marcus Tsohonis,Jamal Bey,Riley Sorn,Cole Bajema,Maddox Daniels,Eli Parquet,Jabari Walker,Keeshawn Barthelemy,Dallas Walton
2020-21,2021-01-20,2289363,223,0,2,Washington,Colorado,Huskies,Buffaloes,4,4,58,57,1,1685,Washington,765,765,6,Eli Parquet blocks a Cole Bajema jump shot from 8 feet out.,missed,FALSE,FALSE,Jump Shot,26,13.25,1178136,Cole Bajema,NA,0,Washington,Washington,87,NA,Erik Stevenson,Marcus Tsohonis,Jamal Bey,Riley Sorn,Cole Bajema,Maddox Daniels,Eli Parquet,Jabari Walker,Keeshawn Barthelemy,Dallas Walton
2020-21,2021-01-20,2289363,224,0,2,Washington,Colorado,Huskies,Buffaloes,4,4,58,57,1,1360,Colorado,765,765,0,McKinley Wright IV with a defensive rebound.,NA,FALSE,FALSE,NA,NA,NA,NA,NA,NA,0,Washington,Colorado,87,NA,Erik Stevenson,Marcus Tsohonis,Jamal Bey,Riley Sorn,Cole Bajema,Maddox Daniels,Eli Parquet,Jabari Walker,Keeshawn Barthelemy,Dallas Walton
2020-21,2021-01-20,2289363,225,0,2,Washington,Colorado,Huskies,Buffaloes,4,4,58,57,1,1685,Washington,759,759,6,Personal foul committed by Cole Bajema.,NA,FALSE,FALSE,NA,NA,NA,NA,NA,NA,0,Colorado,Colorado,88,NA,Erik Stevenson,Marcus Tsohonis,Jamal Bey,Riley Sorn,Cole Bajema,Maddox Daniels,Eli Parquet,Jabari Walker,Keeshawn Barthelemy,Dallas Walton
2020-21,2021-01-20,2289363,226,0,2,Washington,Colorado,Huskies,Buffaloes,4,4,58,57,1,1360,Colorado,756,756,3,Maddox Daniels misses a 3-point jump shot from 22 feet out.,missed,FALSE,TRUE,Jump Shot,4.199999999999999,12.65,1176545,Maddox Daniels,NA,0,Colorado,Colorado,88,NA,Erik Stevenson,Marcus Tsohonis,Jamal Bey,Riley Sorn,Cole Bajema,Maddox Daniels,Eli Parquet,Jabari Walker,Keeshawn Barthelemy,Dallas Walton
2020-21,2021-01-20,2289363,227,0,2,Washington,Colorado,Huskies,Buffaloes,4,4,58,57,1,1360,Colorado,756,756,0,Jabari Walker with an offensive rebound.,NA,FALSE,FALSE,NA,NA,NA,NA,NA,NA,0,Colorado,Colorado,88,NA,Erik Stevenson,Marcus Tsohonis,Jamal Bey,Riley Sorn,Cole Bajema,Maddox Daniels,Eli Parquet,Jabari Walker,Keeshawn Barthelemy,Dallas Walton
2020-21,2021-01-20,2289363,228,0,2,Washington,Colorado,Huskies,Buffaloes,4,4,58,59,-1,1360,Colorado,752,752,4,Jabari Walker makes a layup.,made,FALSE,FALSE,Layup Shot,26,6.25,1232517,Jabari Walker,NA,0,Colorado,Washington,88,NA,Erik Stevenson,Marcus Tsohonis,Jamal Bey,Riley Sorn,Cole Bajema,Maddox Daniels,Eli Parquet,Jabari Walker,Keeshawn Barthelemy,Dallas Walton
2020-21,2021-01-20,2289363,229,0,2,Washington,Colorado,Huskies,Buffaloes,4,4,60,59,1,1685,Washington,729,729,23,Marcus Tsohonis makes a jump shot from 9 feet out.,made,FALSE,FALSE,Jump Shot,29.9,13.150000000000006,1177043,Marcus Tsohonis,NA,0,Washington,Colorado,89,NA,Erik Stevenson,Marcus Tsohonis,Jamal Bey,Riley Sorn,Cole Bajema,Maddox Daniels,Eli Parquet,Jabari Walker,Keeshawn Barthelemy,Dallas Walton
2020-21,2021-01-20,2289363,230,0,2,Washington,Colorado,Huskies,Buffaloes,4,4,60,59,1,NA,NA,709,709,20,Official TV timeout.,NA,FALSE,FALSE,NA,NA,NA,NA,NA,NA,0,NA,NA,NA,NA,Erik Stevenson,Marcus Tsohonis,Jamal Bey,Riley Sorn,Cole Bajema,Maddox Daniels,Eli Parquet,Jabari Walker,Keeshawn Barthelemy,Dallas Walton
2020-21,2021-01-20,2289363,231,0,2,Washington,Colorado,Huskies,Buffaloes,4,4,60,59,1,1360,Colorado,709,709,0,Substitution: Dallas Walton in for Evan Battey.,NA,FALSE,FALSE,NA,NA,NA,NA,NA,NA,1,NA,NA,NA,Sub already in game,Erik Stevenson,Marcus Tsohonis,Jamal Bey,Riley Sorn,Cole Bajema,Maddox Daniels,Eli Parquet,Jabari Walker,Keeshawn Barthelemy,Dallas Walton
2020-21,2021-01-20,2289363,232,0,2,Washington,Colorado,Huskies,Buffaloes,4,4,60,59,1,1685,Washington,709,709,0,Substitution: Nate Roberts in for Riley Sorn.,NA,FALSE,FALSE,NA,NA,NA,NA,NA,NA,1,NA,NA,NA,NA,Erik Stevenson,Marcus Tsohonis,Jamal Bey,Nate Roberts,Cole Bajema,Maddox Daniels,Eli Parquet,Jabari Walker,Keeshawn Barthelemy,Dallas Walton
2020-21,2021-01-20,2289363,233,0,2,Washington,Colorado,Huskies,Buffaloes,4,4,60,59,1,1360,Colorado,700,700,9,Jabari Walker misses a jump shot from 16 feet out.,missed,FALSE,FALSE,Jump Shot,36.2,16.15,1232517,Jabari Walker,NA,0,Colorado,Colorado,90,NA,Erik Stevenson,Marcus Tsohonis,Jamal Bey,Nate Roberts,Cole Bajema,Maddox Daniels,Eli Parquet,Jabari Walker,Keeshawn Barthelemy,Dallas Walton
2020-21,2021-01-20,2289363,234,0,2,Washington,Colorado,Huskies,Buffaloes,4,4,60,59,1,1685,Washington,700,700,0,Erik Stevenson with a defensive rebound.,NA,FALSE,FALSE,NA,NA,NA,NA,NA,NA,0,Colorado,Washington,90,NA,Erik Stevenson,Marcus Tsohonis,Jamal Bey,Nate Roberts,Cole Bajema,Maddox Daniels,Eli Parquet,Jabari Walker,Keeshawn Barthelemy,Dallas Walton
2020-21,2021-01-20,2289363,235,0,2,Washington,Colorado,Huskies,Buffaloes,4,4,60,59,1,1685,Washington,694,694,6,Eli Parquet steals the ball from Cole Bajema.,NA,FALSE,FALSE,NA,NA,NA,NA,NA,NA,0,Washington,Colorado,91,NA,Erik Stevenson,Marcus Tsohonis,Jamal Bey,Nate Roberts,Cole Bajema,Maddox Daniels,Eli Parquet,Jabari Walker,Keeshawn Barthelemy,Dallas Walton
2020-21,2021-01-20,2289363,236,0,2,Washington,Colorado,Huskies,Buffaloes,4,4,60,59,1,1360,Colorado,684,684,10,Cole Bajema blocks a McKinley Wright IV jump shot from 10 feet out.,missed,FALSE,FALSE,Jump Shot,29.2,14.45,1061526,McKinley Wright IV,NA,0,Colorado,Colorado,92,NA,Erik Stevenson,Marcus Tsohonis,Jamal Bey,Nate Roberts,Cole Bajema,Maddox Daniels,Eli Parquet,Jabari Walker,Keeshawn Barthelemy,Dallas Walton
2020-21,2021-01-20,2289363,237,0,2,Washington,Colorado,Huskies,Buffaloes,4,4,60,59,1,1360,Colorado,684,684,0,McKinley Wright IV with an offensive rebound.,NA,FALSE,FALSE,NA,NA,NA,NA,NA,NA,0,Colorado,Colorado,92,NA,Erik Stevenson,Marcus Tsohonis,Jamal Bey,Nate Roberts,Cole Bajema,Maddox Daniels,Eli Parquet,Jabari Walker,Keeshawn Barthelemy,Dallas Walton
2020-21,2021-01-20,2289363,238,0,2,Washington,Colorado,Huskies,Buffaloes,4,4,60,59,1,1360,Colorado,678,678,6,McKinley Wright IV misses a layup.,missed,FALSE,FALSE,Layup Shot,26,6.25,1061526,McKinley Wright IV,NA,0,Colorado,Colorado,92,NA,Erik Stevenson,Marcus Tsohonis,Jamal Bey,Nate Roberts,Cole Bajema,Maddox Daniels,Eli Parquet,Jabari Walker,Keeshawn Barthelemy,Dallas Walton
2020-21,2021-01-20,2289363,239,0,2,Washington,Colorado,Huskies,Buffaloes,4,4,60,59,1,1685,Washington,678,678,0,Cole Bajema with a defensive rebound.,NA,FALSE,FALSE,NA,NA,NA,NA,NA,NA,0,Colorado,Washington,92,NA,Erik Stevenson,Marcus Tsohonis,Jamal Bey,Nate Roberts,Cole Bajema,Maddox Daniels,Eli Parquet,Jabari Walker,Keeshawn Barthelemy,Dallas Walton
2020-21,2021-01-20,2289363,240,0,2,Washington,Colorado,Huskies,Buffaloes,4,4,60,59,1,1685,Washington,662,662,16,Eli Parquet steals the ball from Jamal Bey.,NA,FALSE,FALSE,NA,NA,NA,NA,NA,NA,0,Washington,Colorado,93,NA,Erik Stevenson,Marcus Tsohonis,Jamal Bey,Nate Roberts,Cole Bajema,Maddox Daniels,Eli Parquet,Jabari Walker,Keeshawn Barthelemy,Dallas Walton
2020-21,2021-01-20,2289363,241,0,2,Washington,Colorado,Huskies,Buffaloes,4,4,60,59,1,1360,Colorado,657,657,5,Maddox Daniels misses a jump shot from 9 feet out.,missed,FALSE,FALSE,Jump Shot,23.2,13.95,1176545,Maddox Daniels,NA,0,Colorado,Colorado,94,NA,Erik Stevenson,Marcus Tsohonis,Jamal Bey,Nate Roberts,Cole Bajema,Maddox Daniels,Eli Parquet,Jabari Walker,Keeshawn Barthelemy,Dallas Walton
2020-21,2021-01-20,2289363,242,0,2,Washington,Colorado,Huskies,Buffaloes,4,4,60,59,1,1360,Colorado,657,657,0,McKinley Wright IV with an offensive rebound.,NA,FALSE,FALSE,NA,NA,NA,NA,NA,NA,0,Colorado,Colorado,94,NA,Erik Stevenson,Marcus Tsohonis,Jamal Bey,Nate Roberts,Cole Bajema,Maddox Daniels,Eli Parquet,Jabari Walker,Keeshawn Barthelemy,Dallas Walton
2020-21,2021-01-20,2289363,243,0,2,Washington,Colorado,Huskies,Buffaloes,4,4,60,59,1,1685,Washington,652,652,5,Personal foul committed by Erik Stevenson.,NA,FALSE,FALSE,NA,NA,NA,NA,NA,NA,0,Colorado,Colorado,94,NA,Erik Stevenson,Marcus Tsohonis,Jamal Bey,Nate Roberts,Cole Bajema,Maddox Daniels,Eli Parquet,Jabari Walker,Keeshawn Barthelemy,Dallas Walton
2020-21,2021-01-20,2289363,244,0,2,Washington,Colorado,Huskies,Buffaloes,4,4,60,59,1,1685,Washington,652,652,0,Substitution: Quade Green in for Cole Bajema.,NA,FALSE,FALSE,NA,NA,NA,NA,NA,NA,1,NA,NA,NA,NA,Erik Stevenson,Marcus Tsohonis,Jamal Bey,Nate Roberts,Quade Green,Maddox Daniels,Eli Parquet,Jabari Walker,Keeshawn Barthelemy,Dallas Walton
2020-21,2021-01-20,2289363,245,0,2,Washington,Colorado,Huskies,Buffaloes,4,4,60,59,1,1360,Colorado,652,652,0,Substitution: D'Shawn Schwartz in for Eli Parquet.,NA,FALSE,FALSE,NA,NA,NA,NA,NA,NA,1,NA,NA,NA,NA,Erik Stevenson,Marcus Tsohonis,Jamal Bey,Nate Roberts,Quade Green,Maddox Daniels,D'Shawn Schwartz,Jabari Walker,Keeshawn Barthelemy,Dallas Walton
2020-21,2021-01-20,2289363,246,0,2,Washington,Colorado,Huskies,Buffaloes,4,4,60,59,1,1685,Washington,635,635,17,Shooting foul committed by Erik Stevenson.,NA,FALSE,FALSE,NA,NA,NA,NA,NA,NA,0,Colorado,Colorado,94,NA,Erik Stevenson,Marcus Tsohonis,Jamal Bey,Nate Roberts,Quade Green,Maddox Daniels,D'Shawn Schwartz,Jabari Walker,Keeshawn Barthelemy,Dallas Walton
2020-21,2021-01-20,2289363,247,0,2,Washington,Colorado,Huskies,Buffaloes,4,4,60,60,0,1360,Colorado,635,635,0,Dallas Walton makes free throw 1 of 2.,made,TRUE,FALSE,NA,NA,NA,NA,NA,NA,0,Colorado,Colorado,94,NA,Erik Stevenson,Marcus Tsohonis,Jamal Bey,Nate Roberts,Quade Green,Maddox Daniels,D'Shawn Schwartz,Jabari Walker,Keeshawn Barthelemy,Dallas Walton
2020-21,2021-01-20,2289363,248,0,2,Washington,Colorado,Huskies,Buffaloes,4,4,60,60,0,1685,Washington,635,635,0,Substitution: Hameir Wright in for Erik Stevenson.,NA,FALSE,FALSE,NA,NA,NA,NA,NA,NA,1,NA,NA,NA,NA,Hameir Wright,Marcus Tsohonis,Jamal Bey,Nate Roberts,Quade Green,Maddox Daniels,D'Shawn Schwartz,Jabari Walker,Keeshawn Barthelemy,Dallas Walton
2020-21,2021-01-20,2289363,249,0,2,Washington,Colorado,Huskies,Buffaloes,4,4,60,61,-1,1360,Colorado,635,635,0,Dallas Walton makes free throw 2 of 2.,made,TRUE,FALSE,NA,NA,NA,NA,NA,NA,0,Colorado,Washington,94,NA,Hameir Wright,Marcus Tsohonis,Jamal Bey,Nate Roberts,Quade Green,Maddox Daniels,D'Shawn Schwartz,Jabari Walker,Keeshawn Barthelemy,Dallas Walton
2020-21,2021-01-20,2289363,250,0,2,Washington,Colorado,Huskies,Buffaloes,4,4,60,61,-1,1685,Washington,616,616,19,Jamal Bey misses a jump shot from 10 feet out.,missed,FALSE,FALSE,Jump Shot,28.2,15.150000000000006,1135169,Jamal Bey,NA,0,Washington,Washington,95,NA,Hameir Wright,Marcus Tsohonis,Jamal Bey,Nate Roberts,Quade Green,Maddox Daniels,D'Shawn Schwartz,Jabari Walker,Keeshawn Barthelemy,Dallas Walton
2020-21,2021-01-20,2289363,251,0,2,Washington,Colorado,Huskies,Buffaloes,4,4,60,61,-1,1360,Colorado,616,616,0,Jabari Walker with a defensive rebound.,NA,FALSE,FALSE,NA,NA,NA,NA,NA,NA,0,Washington,Colorado,95,NA,Hameir Wright,Marcus Tsohonis,Jamal Bey,Nate Roberts,Quade Green,Maddox Daniels,D'Shawn Schwartz,Jabari Walker,Keeshawn Barthelemy,Dallas Walton
2020-21,2021-01-20,2289363,252,0,2,Washington,Colorado,Huskies,Buffaloes,4,4,60,61,-1,1360,Colorado,603,603,13,Jamal Bey blocks a Dallas Walton jump shot from 15 feet out.,missed,FALSE,FALSE,Jump Shot,13.6,14.25,945600,Dallas Walton,NA,0,Colorado,Colorado,96,NA,Hameir Wright,Marcus Tsohonis,Jamal Bey,Nate Roberts,Quade Green,Maddox Daniels,D'Shawn Schwartz,Jabari Walker,Keeshawn Barthelemy,Dallas Walton
2020-21,2021-01-20,2289363,253,0,2,Washington,Colorado,Huskies,Buffaloes,4,4,60,61,-1,1360,Colorado,603,603,0,D'Shawn Schwartz with an offensive rebound.,NA,FALSE,FALSE,NA,NA,NA,NA,NA,NA,0,Colorado,Colorado,96,NA,Hameir Wright,Marcus Tsohonis,Jamal Bey,Nate Roberts,Quade Green,Maddox Daniels,D'Shawn Schwartz,Jabari Walker,Keeshawn Barthelemy,Dallas Walton
2020-21,2021-01-20,2289363,254,0,2,Washington,Colorado,Huskies,Buffaloes,4,4,60,61,-1,1360,Colorado,599,599,4,D'Shawn Schwartz misses a jump shot from 9 feet out.,missed,FALSE,FALSE,Jump Shot,27.7,14.05,1061513,D'Shawn Schwartz,NA,0,Colorado,Colorado,96,NA,Hameir Wright,Marcus Tsohonis,Jamal Bey,Nate Roberts,Quade Green,Maddox Daniels,D'Shawn Schwartz,Jabari Walker,Keeshawn Barthelemy,Dallas Walton
2020-21,2021-01-20,2289363,256,0,2,Washington,Colorado,Huskies,Buffaloes,4,4,60,61,-1,1360,Colorado,599,599,0,Substitution: Evan Battey in for Dallas Walton.,NA,FALSE,FALSE,NA,NA,NA,NA,NA,NA,1,NA,NA,NA,NA,Hameir Wright,Marcus Tsohonis,Jamal Bey,Nate Roberts,Quade Green,Maddox Daniels,D'Shawn Schwartz,Jabari Walker,Keeshawn Barthelemy,Evan Battey
2020-21,2021-01-20,2289363,257,0,2,Washington,Colorado,Huskies,Buffaloes,4,4,60,63,-3,1360,Colorado,580,580,19,Maddox Daniels makes a jump shot from 15 feet out.,made,FALSE,FALSE,Jump Shot,19.2,18.75,1176545,Maddox Daniels,NA,0,Colorado,Washington,96,NA,Hameir Wright,Marcus Tsohonis,Jamal Bey,Nate Roberts,Quade Green,Maddox Daniels,D'Shawn Schwartz,Jabari Walker,Keeshawn Barthelemy,Evan Battey
2020-21,2021-01-20,2289363,258,0,2,Washington,Colorado,Huskies,Buffaloes,4,4,63,63,0,1685,Washington,558,558,22,Marcus Tsohonis makes a 3-point jump shot from 25 feet out. Quade Green with the assist.,made,FALSE,TRUE,Jump Shot,11.399999999999999,26.450000000000003,1177043,Marcus Tsohonis,Quade Green,0,Washington,Washington,97,NA,Hameir Wright,Marcus Tsohonis,Jamal Bey,Nate Roberts,Quade Green,Maddox Daniels,D'Shawn Schwartz,Jabari Walker,Keeshawn Barthelemy,Evan Battey
2020-21,2021-01-20,2289363,259,0,2,Washington,Colorado,Huskies,Buffaloes,4,4,63,63,0,1360,Colorado,558,558,0,Shooting foul committed by D'Shawn Schwartz.,NA,FALSE,FALSE,NA,NA,NA,NA,NA,NA,0,Washington,Washington,97,NA,Hameir Wright,Marcus Tsohonis,Jamal Bey,Nate Roberts,Quade Green,Maddox Daniels,D'Shawn Schwartz,Jabari Walker,Keeshawn Barthelemy,Evan Battey
2020-21,2021-01-20,2289363,260,0,2,Washington,Colorado,Huskies,Buffaloes,4,4,64,63,1,1685,Washington,558,558,0,Marcus Tsohonis makes free throw 1 of 1.,made,TRUE,FALSE,NA,NA,NA,NA,NA,NA,0,Washington,Colorado,97,NA,Hameir Wright,Marcus Tsohonis,Jamal Bey,Nate Roberts,Quade Green,Maddox Daniels,D'Shawn Schwartz,Jabari Walker,Keeshawn Barthelemy,Evan Battey
2020-21,2021-01-20,2289363,261,0,2,Washington,Colorado,Huskies,Buffaloes,4,4,64,63,1,1685,Washington,543,543,15,Shooting foul committed by Marcus Tsohonis.,NA,FALSE,FALSE,NA,NA,NA,NA,NA,NA,0,Colorado,Colorado,98,NA,Hameir Wright,Marcus Tsohonis,Jamal Bey,Nate Roberts,Quade Green,Maddox Daniels,D'Shawn Schwartz,Jabari Walker,Keeshawn Barthelemy,Evan Battey
2020-21,2021-01-20,2289363,262,0,2,Washington,Colorado,Huskies,Buffaloes,4,4,64,63,1,1360,Colorado,543,543,0,McKinley Wright IV misses free throw 1 of 2.,missed,TRUE,FALSE,NA,NA,NA,NA,NA,NA,0,Colorado,Colorado,98,NA,Hameir Wright,Marcus Tsohonis,Jamal Bey,Nate Roberts,Quade Green,Maddox Daniels,D'Shawn Schwartz,Jabari Walker,Keeshawn Barthelemy,Evan Battey
2020-21,2021-01-20,2289363,264,0,2,Washington,Colorado,Huskies,Buffaloes,4,4,64,63,1,1360,Colorado,543,543,0,McKinley Wright IV misses free throw 2 of 2.,missed,TRUE,FALSE,NA,NA,NA,NA,NA,NA,0,Colorado,Colorado,98,NA,Hameir Wright,Marcus Tsohonis,Jamal Bey,Nate Roberts,Quade Green,Maddox Daniels,D'Shawn Schwartz,Jabari Walker,Keeshawn Barthelemy,Evan Battey
2020-21,2021-01-20,2289363,265,0,2,Washington,Colorado,Huskies,Buffaloes,4,4,64,63,1,1360,Colorado,543,543,0,Jabari Walker with an offensive rebound.,NA,FALSE,FALSE,NA,NA,NA,NA,NA,NA,0,Colorado,Colorado,98,NA,Hameir Wright,Marcus Tsohonis,Jamal Bey,Nate Roberts,Quade Green,Maddox Daniels,D'Shawn Schwartz,Jabari Walker,Keeshawn Barthelemy,Evan Battey
2020-21,2021-01-20,2289363,266,0,2,Washington,Colorado,Huskies,Buffaloes,4,4,64,63,1,1360,Colorado,530,530,13,Jabari Walker misses a 3-point jump shot from 24 feet out.,missed,FALSE,TRUE,Jump Shot,41,22.95,1232517,Jabari Walker,NA,0,Colorado,Colorado,98,NA,Hameir Wright,Marcus Tsohonis,Jamal Bey,Nate Roberts,Quade Green,Maddox Daniels,D'Shawn Schwartz,Jabari Walker,Keeshawn Barthelemy,Evan Battey
2020-21,2021-01-20,2289363,267,0,2,Washington,Colorado,Huskies,Buffaloes,4,4,64,63,1,1685,Washington,530,530,0,Quade Green with a defensive rebound.,NA,FALSE,FALSE,NA,NA,NA,NA,NA,NA,0,Colorado,Washington,98,NA,Hameir Wright,Marcus Tsohonis,Jamal Bey,Nate Roberts,Quade Green,Maddox Daniels,D'Shawn Schwartz,Jabari Walker,Keeshawn Barthelemy,Evan Battey
2020-21,2021-01-20,2289363,268,0,2,Washington,Colorado,Huskies,Buffaloes,4,4,64,63,1,1685,Washington,520,520,10,Marcus Tsohonis misses a 3-point jump shot from 23 feet out.,missed,FALSE,TRUE,Jump Shot,45.1,16.150000000000006,1177043,Marcus Tsohonis,NA,0,Washington,Washington,99,NA,Hameir Wright,Marcus Tsohonis,Jamal Bey,Nate Roberts,Quade Green,Maddox Daniels,D'Shawn Schwartz,Jabari Walker,Keeshawn Barthelemy,Evan Battey
2020-21,2021-01-20,2289363,269,0,2,Washington,Colorado,Huskies,Buffaloes,4,4,64,63,1,1360,Colorado,520,520,0,McKinley Wright IV with a defensive rebound.,NA,FALSE,FALSE,NA,NA,NA,NA,NA,NA,0,Washington,Colorado,99,NA,Hameir Wright,Marcus Tsohonis,Jamal Bey,Nate Roberts,Quade Green,Maddox Daniels,D'Shawn Schwartz,Jabari Walker,Keeshawn Barthelemy,Evan Battey
2020-21,2021-01-20,2289363,270,0,2,Washington,Colorado,Huskies,Buffaloes,4,4,64,63,1,1360,Colorado,514,514,6,D'Shawn Schwartz misses a 3-point jump shot from 23 feet out.,missed,FALSE,TRUE,Jump Shot,11.8,24.05,1061513,D'Shawn Schwartz,NA,0,Colorado,Colorado,100,NA,Hameir Wright,Marcus Tsohonis,Jamal Bey,Nate Roberts,Quade Green,Maddox Daniels,D'Shawn Schwartz,Jabari Walker,Keeshawn Barthelemy,Evan Battey
2020-21,2021-01-20,2289363,271,0,2,Washington,Colorado,Huskies,Buffaloes,4,4,64,63,1,1360,Colorado,514,514,0,Maddox Daniels with an offensive rebound.,NA,FALSE,FALSE,NA,NA,NA,NA,NA,NA,0,Colorado,Colorado,100,NA,Hameir Wright,Marcus Tsohonis,Jamal Bey,Nate Roberts,Quade Green,Maddox Daniels,D'Shawn Schwartz,Jabari Walker,Keeshawn Barthelemy,Evan Battey
2020-21,2021-01-20,2289363,272,0,2,Washington,Colorado,Huskies,Buffaloes,4,4,64,65,-1,1360,Colorado,506,506,8,Jabari Walker makes a layup. McKinley Wright IV with the assist.,made,FALSE,FALSE,Layup Shot,26,6.25,1232517,Jabari Walker,McKinley Wright IV,0,Colorado,Washington,100,NA,Hameir Wright,Marcus Tsohonis,Jamal Bey,Nate Roberts,Quade Green,Maddox Daniels,D'Shawn Schwartz,Jabari Walker,Keeshawn Barthelemy,Evan Battey
2020-21,2021-01-20,2289363,273,0,2,Washington,Colorado,Huskies,Buffaloes,4,4,64,65,-1,1685,Washington,486,486,20,Offensive foul committed by Hameir Wright.,NA,FALSE,FALSE,NA,NA,NA,NA,NA,NA,0,Washington,Washington,101,NA,Hameir Wright,Marcus Tsohonis,Jamal Bey,Nate Roberts,Quade Green,Maddox Daniels,D'Shawn Schwartz,Jabari Walker,Keeshawn Barthelemy,Evan Battey
2020-21,2021-01-20,2289363,274,0,2,Washington,Colorado,Huskies,Buffaloes,4,4,64,65,-1,1685,Washington,486,486,0,Hameir Wright with a turnover,NA,FALSE,FALSE,NA,NA,NA,NA,NA,NA,0,Washington,Colorado,101,NA,Hameir Wright,Marcus Tsohonis,Jamal Bey,Nate Roberts,Quade Green,Maddox Daniels,D'Shawn Schwartz,Jabari Walker,Keeshawn Barthelemy,Evan Battey
2020-21,2021-01-20,2289363,275,0,2,Washington,Colorado,Huskies,Buffaloes,4,4,64,65,-1,1685,Washington,486,486,0,Substitution: Erik Stevenson in for Hameir Wright.,NA,FALSE,FALSE,NA,NA,NA,NA,NA,NA,1,NA,NA,NA,NA,Erik Stevenson,Marcus Tsohonis,Jamal Bey,Nate Roberts,Quade Green,Maddox Daniels,D'Shawn Schwartz,Jabari Walker,Keeshawn Barthelemy,Evan Battey
2020-21,2021-01-20,2289363,276,0,2,Washington,Colorado,Huskies,Buffaloes,4,4,64,65,-1,1360,Colorado,486,486,0,Substitution: Keeshawn Barthelemy in for Maddox Daniels.,NA,FALSE,FALSE,NA,NA,NA,NA,NA,NA,1,NA,NA,NA,Sub already in game,Erik Stevenson,Marcus Tsohonis,Jamal Bey,Nate Roberts,Quade Green,Maddox Daniels,D'Shawn Schwartz,Jabari Walker,Keeshawn Barthelemy,Evan Battey
2020-21,2021-01-20,2289363,277,0,2,Washington,Colorado,Huskies,Buffaloes,4,4,64,67,-3,1360,Colorado,469,469,17,Evan Battey makes a hook shot from 13 feet out.,made,FALSE,FALSE,Hook Shot,35.5,12.65,1061523,Evan Battey,NA,0,Colorado,Washington,102,NA,Erik Stevenson,Marcus Tsohonis,Jamal Bey,Nate Roberts,Quade Green,Maddox Daniels,D'Shawn Schwartz,Jabari Walker,Keeshawn Barthelemy,Evan Battey
2020-21,2021-01-20,2289363,278,0,2,Washington,Colorado,Huskies,Buffaloes,4,4,64,67,-3,1360,Colorado,450,450,19,Personal foul committed by Jabari Walker.,NA,FALSE,FALSE,NA,NA,NA,NA,NA,NA,0,Washington,Washington,103,NA,Erik Stevenson,Marcus Tsohonis,Jamal Bey,Nate Roberts,Quade Green,Maddox Daniels,D'Shawn Schwartz,Jabari Walker,Keeshawn Barthelemy,Evan Battey
2020-21,2021-01-20,2289363,279,0,2,Washington,Colorado,Huskies,Buffaloes,4,4,64,67,-3,NA,NA,450,450,0,Official TV timeout.,NA,FALSE,FALSE,NA,NA,NA,NA,NA,NA,0,NA,NA,NA,NA,Erik Stevenson,Marcus Tsohonis,Jamal Bey,Nate Roberts,Quade Green,Maddox Daniels,D'Shawn Schwartz,Jabari Walker,Keeshawn Barthelemy,Evan Battey
2020-21,2021-01-20,2289363,280,0,2,Washington,Colorado,Huskies,Buffaloes,4,4,64,67,-3,1685,Washington,447,447,3,Evan Battey blocks a Erik Stevenson jump shot from 10 feet out.,missed,FALSE,FALSE,Jump Shot,29,13.950000000000003,1132913,Erik Stevenson,NA,0,Washington,Washington,103,NA,Erik Stevenson,Marcus Tsohonis,Jamal Bey,Nate Roberts,Quade Green,Maddox Daniels,D'Shawn Schwartz,Jabari Walker,Keeshawn Barthelemy,Evan Battey
2020-21,2021-01-20,2289363,281,0,2,Washington,Colorado,Huskies,Buffaloes,4,4,64,67,-3,1685,Washington,447,447,0,Erik Stevenson with an offensive rebound.,NA,FALSE,FALSE,NA,NA,NA,NA,NA,NA,0,Washington,Washington,103,NA,Erik Stevenson,Marcus Tsohonis,Jamal Bey,Nate Roberts,Quade Green,Maddox Daniels,D'Shawn Schwartz,Jabari Walker,Keeshawn Barthelemy,Evan Battey
2020-21,2021-01-20,2289363,282,0,2,Washington,Colorado,Huskies,Buffaloes,4,4,64,67,-3,1360,Colorado,444,444,3,Shooting foul committed by Evan Battey.,NA,FALSE,FALSE,NA,NA,NA,NA,NA,NA,0,Washington,Washington,103,NA,Erik Stevenson,Marcus Tsohonis,Jamal Bey,Nate Roberts,Quade Green,Maddox Daniels,D'Shawn Schwartz,Jabari Walker,Keeshawn Barthelemy,Evan Battey
2020-21,2021-01-20,2289363,283,0,2,Washington,Colorado,Huskies,Buffaloes,4,4,65,67,-2,1685,Washington,444,444,0,Erik Stevenson makes free throw 1 of 2.,made,TRUE,FALSE,NA,NA,NA,NA,NA,NA,0,Washington,Washington,103,NA,Erik Stevenson,Marcus Tsohonis,Jamal Bey,Nate Roberts,Quade Green,Maddox Daniels,D'Shawn Schwartz,Jabari Walker,Keeshawn Barthelemy,Evan Battey
2020-21,2021-01-20,2289363,284,0,2,Washington,Colorado,Huskies,Buffaloes,4,4,65,67,-2,1360,Colorado,444,444,0,Substitution: Jeriah Horne in for Jabari Walker.,NA,FALSE,FALSE,NA,NA,NA,NA,NA,NA,1,NA,NA,NA,NA,Erik Stevenson,Marcus Tsohonis,Jamal Bey,Nate Roberts,Quade Green,Maddox Daniels,D'Shawn Schwartz,Jeriah Horne,Keeshawn Barthelemy,Evan Battey
2020-21,2021-01-20,2289363,285,0,2,Washington,Colorado,Huskies,Buffaloes,4,4,66,67,-1,1685,Washington,444,444,0,Erik Stevenson makes free throw 2 of 2.,made,TRUE,FALSE,NA,NA,NA,NA,NA,NA,0,Washington,Colorado,103,NA,Erik Stevenson,Marcus Tsohonis,Jamal Bey,Nate Roberts,Quade Green,Maddox Daniels,D'Shawn Schwartz,Jeriah Horne,Keeshawn Barthelemy,Evan Battey
2020-21,2021-01-20,2289363,286,0,2,Washington,Colorado,Huskies,Buffaloes,4,4,66,69,-3,1360,Colorado,424,424,20,D'Shawn Schwartz makes a jump shot from 14 feet out.,made,FALSE,FALSE,Jump Shot,38.4,8.15,1061513,D'Shawn Schwartz,NA,0,Colorado,Washington,104,NA,Erik Stevenson,Marcus Tsohonis,Jamal Bey,Nate Roberts,Quade Green,Maddox Daniels,D'Shawn Schwartz,Jeriah Horne,Keeshawn Barthelemy,Evan Battey
2020-21,2021-01-20,2289363,287,0,2,Washington,Colorado,Huskies,Buffaloes,4,4,69,69,0,1685,Washington,406,406,18,Erik Stevenson makes a 3-point jump shot from 24 feet out.,made,FALSE,TRUE,Jump Shot,37.3,25.349999999999994,1132913,Erik Stevenson,NA,0,Washington,Colorado,105,NA,Erik Stevenson,Marcus Tsohonis,Jamal Bey,Nate Roberts,Quade Green,Maddox Daniels,D'Shawn Schwartz,Jeriah Horne,Keeshawn Barthelemy,Evan Battey
2020-21,2021-01-20,2289363,288,0,2,Washington,Colorado,Huskies,Buffaloes,4,4,69,69,0,1360,Colorado,383,383,23,Keeshawn Barthelemy misses a 3-point jump shot from 25 feet out.,missed,FALSE,TRUE,Jump Shot,4.699999999999999,19.65,1194073,Keeshawn Barthelemy,NA,0,Colorado,Colorado,106,NA,Erik Stevenson,Marcus Tsohonis,Jamal Bey,Nate Roberts,Quade Green,Maddox Daniels,D'Shawn Schwartz,Jeriah Horne,Keeshawn Barthelemy,Evan Battey
2020-21,2021-01-20,2289363,289,0,2,Washington,Colorado,Huskies,Buffaloes,4,4,69,69,0,1360,Colorado,383,383,0,Jeriah Horne with an offensive rebound.,NA,FALSE,FALSE,NA,NA,NA,NA,NA,NA,0,Colorado,Colorado,106,NA,Erik Stevenson,Marcus Tsohonis,Jamal Bey,Nate Roberts,Quade Green,Maddox Daniels,D'Shawn Schwartz,Jeriah Horne,Keeshawn Barthelemy,Evan Battey
2020-21,2021-01-20,2289363,290,0,2,Washington,Colorado,Huskies,Buffaloes,4,4,69,69,0,1685,Washington,381,381,2,Shooting foul committed by Quade Green.,NA,FALSE,FALSE,NA,NA,NA,NA,NA,NA,0,Colorado,Colorado,106,NA,Erik Stevenson,Marcus Tsohonis,Jamal Bey,Nate Roberts,Quade Green,Maddox Daniels,D'Shawn Schwartz,Jeriah Horne,Keeshawn Barthelemy,Evan Battey
2020-21,2021-01-20,2289363,291,0,2,Washington,Colorado,Huskies,Buffaloes,4,4,69,70,-1,1360,Colorado,381,381,0,Jeriah Horne makes free throw 1 of 2.,made,TRUE,FALSE,NA,NA,NA,NA,NA,NA,0,Colorado,Colorado,106,NA,Erik Stevenson,Marcus Tsohonis,Jamal Bey,Nate Roberts,Quade Green,Maddox Daniels,D'Shawn Schwartz,Jeriah Horne,Keeshawn Barthelemy,Evan Battey
2020-21,2021-01-20,2289363,292,0,2,Washington,Colorado,Huskies,Buffaloes,4,4,69,71,-2,1360,Colorado,381,381,0,Jeriah Horne makes free throw 2 of 2.,made,TRUE,FALSE,NA,NA,NA,NA,NA,NA,0,Colorado,Washington,106,NA,Erik Stevenson,Marcus Tsohonis,Jamal Bey,Nate Roberts,Quade Green,Maddox Daniels,D'Shawn Schwartz,Jeriah Horne,Keeshawn Barthelemy,Evan Battey
2020-21,2021-01-20,2289363,293,0,2,Washington,Colorado,Huskies,Buffaloes,4,4,69,71,-2,1685,Washington,364,364,17,Keeshawn Barthelemy blocks a Erik Stevenson 3-point jump shot from 25 feet out.,missed,FALSE,TRUE,Jump Shot,45.3,19.650000000000006,1132913,Erik Stevenson,NA,0,Washington,Washington,107,NA,Erik Stevenson,Marcus Tsohonis,Jamal Bey,Nate Roberts,Quade Green,Maddox Daniels,D'Shawn Schwartz,Jeriah Horne,Keeshawn Barthelemy,Evan Battey
2020-21,2021-01-20,2289363,294,0,2,Washington,Colorado,Huskies,Buffaloes,4,4,69,71,-2,1360,Colorado,364,364,0,McKinley Wright IV with a defensive rebound.,NA,FALSE,FALSE,NA,NA,NA,NA,NA,NA,0,Washington,Colorado,107,NA,Erik Stevenson,Marcus Tsohonis,Jamal Bey,Nate Roberts,Quade Green,Maddox Daniels,D'Shawn Schwartz,Jeriah Horne,Keeshawn Barthelemy,Evan Battey
2020-21,2021-01-20,2289363,295,0,2,Washington,Colorado,Huskies,Buffaloes,4,4,69,71,-2,1360,Colorado,352,352,12,D'Shawn Schwartz with a turnover - Bad Pass,NA,FALSE,FALSE,NA,NA,NA,NA,NA,NA,0,Colorado,Washington,108,NA,Erik Stevenson,Marcus Tsohonis,Jamal Bey,Nate Roberts,Quade Green,Maddox Daniels,D'Shawn Schwartz,Jeriah Horne,Keeshawn Barthelemy,Evan Battey
2020-21,2021-01-20,2289363,296,0,2,Washington,Colorado,Huskies,Buffaloes,4,4,69,71,-2,1685,Washington,345,345,7,Marcus Tsohonis with a turnover - Bad Pass,NA,FALSE,FALSE,NA,NA,NA,NA,NA,NA,0,Washington,Colorado,109,NA,Erik Stevenson,Marcus Tsohonis,Jamal Bey,Nate Roberts,Quade Green,Maddox Daniels,D'Shawn Schwartz,Jeriah Horne,Keeshawn Barthelemy,Evan Battey
2020-21,2021-01-20,2289363,297,0,2,Washington,Colorado,Huskies,Buffaloes,4,4,69,71,-2,1360,Colorado,345,345,0,D'Shawn Schwartz with a turnover - Traveling,NA,FALSE,FALSE,NA,NA,NA,NA,NA,NA,0,Colorado,Washington,110,NA,Erik Stevenson,Marcus Tsohonis,Jamal Bey,Nate Roberts,Quade Green,Maddox Daniels,D'Shawn Schwartz,Jeriah Horne,Keeshawn Barthelemy,Evan Battey
2020-21,2021-01-20,2289363,298,0,2,Washington,Colorado,Huskies,Buffaloes,4,4,71,71,0,1685,Washington,330,330,15,Jamal Bey makes a jump shot from 8 feet out.,made,FALSE,FALSE,Jump Shot,28.4,12.450000000000003,1135169,Jamal Bey,NA,0,Washington,Colorado,111,NA,Erik Stevenson,Marcus Tsohonis,Jamal Bey,Nate Roberts,Quade Green,Maddox Daniels,D'Shawn Schwartz,Jeriah Horne,Keeshawn Barthelemy,Evan Battey
2020-21,2021-01-20,2289363,299,0,2,Washington,Colorado,Huskies,Buffaloes,4,4,71,71,0,1360,Colorado,309,309,21,Evan Battey misses a hook shot from 8 feet out.,missed,FALSE,FALSE,Hook Shot,23.2,13.55,1061523,Evan Battey,NA,0,Colorado,Washington,112,NA,Erik Stevenson,Marcus Tsohonis,Jamal Bey,Nate Roberts,Quade Green,Maddox Daniels,D'Shawn Schwartz,Jeriah Horne,Keeshawn Barthelemy,Evan Battey
2020-21,2021-01-20,2289363,301,0,2,Washington,Colorado,Huskies,Buffaloes,4,4,71,71,0,1360,Colorado,307,307,2,Personal foul committed by Evan Battey.,NA,FALSE,FALSE,NA,NA,NA,NA,NA,NA,0,Washington,Washington,113,NA,Erik Stevenson,Marcus Tsohonis,Jamal Bey,Nate Roberts,Quade Green,Maddox Daniels,D'Shawn Schwartz,Jeriah Horne,Keeshawn Barthelemy,Evan Battey
2020-21,2021-01-20,2289363,302,0,2,Washington,Colorado,Huskies,Buffaloes,4,4,71,71,0,1685,Washington,307,307,0,Substitution: Hameir Wright in for Marcus Tsohonis.,NA,FALSE,FALSE,NA,NA,NA,NA,NA,NA,1,NA,NA,NA,NA,Erik Stevenson,Hameir Wright,Jamal Bey,Nate Roberts,Quade Green,Maddox Daniels,D'Shawn Schwartz,Jeriah Horne,Keeshawn Barthelemy,Evan Battey
2020-21,2021-01-20,2289363,303,0,2,Washington,Colorado,Huskies,Buffaloes,4,4,73,71,2,1685,Washington,292,292,15,Nate Roberts dunks. Erik Stevenson with the assist.,made,FALSE,FALSE,Dunk Shot,25,5.25,1135172,Nate Roberts,Erik Stevenson,0,Washington,Colorado,113,NA,Erik Stevenson,Hameir Wright,Jamal Bey,Nate Roberts,Quade Green,Maddox Daniels,D'Shawn Schwartz,Jeriah Horne,Keeshawn Barthelemy,Evan Battey
2020-21,2021-01-20,2289363,304,0,2,Washington,Colorado,Huskies,Buffaloes,4,4,73,71,2,1685,Washington,263,263,29,Shooting foul committed by Erik Stevenson.,NA,FALSE,FALSE,NA,NA,NA,NA,NA,NA,0,Colorado,Colorado,114,NA,Erik Stevenson,Hameir Wright,Jamal Bey,Nate Roberts,Quade Green,Maddox Daniels,D'Shawn Schwartz,Jeriah Horne,Keeshawn Barthelemy,Evan Battey
2020-21,2021-01-20,2289363,305,0,2,Washington,Colorado,Huskies,Buffaloes,4,4,73,71,2,1685,Washington,263,263,0,Substitution: Marcus Tsohonis in for Erik Stevenson.,NA,FALSE,FALSE,NA,NA,NA,NA,NA,NA,1,NA,NA,NA,NA,Marcus Tsohonis,Hameir Wright,Jamal Bey,Nate Roberts,Quade Green,Maddox Daniels,D'Shawn Schwartz,Jeriah Horne,Keeshawn Barthelemy,Evan Battey
2020-21,2021-01-20,2289363,306,0,2,Washington,Colorado,Huskies,Buffaloes,4,4,73,71,2,1360,Colorado,263,263,0,Substitution: Maddox Daniels in for Keeshawn Barthelemy.,NA,FALSE,FALSE,NA,NA,NA,NA,NA,NA,1,NA,NA,NA,Sub already in game,Marcus Tsohonis,Hameir Wright,Jamal Bey,Nate Roberts,Quade Green,Maddox Daniels,D'Shawn Schwartz,Jeriah Horne,Keeshawn Barthelemy,Evan Battey
2020-21,2021-01-20,2289363,307,0,2,Washington,Colorado,Huskies,Buffaloes,4,4,73,72,1,1360,Colorado,263,263,0,McKinley Wright IV makes free throw 1 of 2.,made,TRUE,FALSE,NA,NA,NA,NA,NA,NA,0,Colorado,Colorado,114,NA,Marcus Tsohonis,Hameir Wright,Jamal Bey,Nate Roberts,Quade Green,Maddox Daniels,D'Shawn Schwartz,Jeriah Horne,Keeshawn Barthelemy,Evan Battey
2020-21,2021-01-20,2289363,308,0,2,Washington,Colorado,Huskies,Buffaloes,4,4,73,73,0,1360,Colorado,263,263,0,McKinley Wright IV makes free throw 2 of 2.,made,TRUE,FALSE,NA,NA,NA,NA,NA,NA,0,Colorado,Washington,114,NA,Marcus Tsohonis,Hameir Wright,Jamal Bey,Nate Roberts,Quade Green,Maddox Daniels,D'Shawn Schwartz,Jeriah Horne,Keeshawn Barthelemy,Evan Battey
2020-21,2021-01-20,2289363,309,0,2,Washington,Colorado,Huskies,Buffaloes,4,4,73,73,0,1360,Colorado,243,243,20,Personal foul committed by D'Shawn Schwartz.,NA,FALSE,FALSE,NA,NA,NA,NA,NA,NA,0,Washington,Washington,115,NA,Marcus Tsohonis,Hameir Wright,Jamal Bey,Nate Roberts,Quade Green,Maddox Daniels,D'Shawn Schwartz,Jeriah Horne,Keeshawn Barthelemy,Evan Battey
2020-21,2021-01-20,2289363,310,0,2,Washington,Colorado,Huskies,Buffaloes,4,4,73,73,0,1360,Colorado,227,227,16,Personal foul committed by McKinley Wright IV.,NA,FALSE,FALSE,NA,NA,NA,NA,NA,NA,0,Washington,Washington,115,NA,Marcus Tsohonis,Hameir Wright,Jamal Bey,Nate Roberts,Quade Green,Maddox Daniels,D'Shawn Schwartz,Jeriah Horne,Keeshawn Barthelemy,Evan Battey
2020-21,2021-01-20,2289363,311,0,2,Washington,Colorado,Huskies,Buffaloes,4,4,73,73,0,NA,NA,227,227,0,Official TV timeout.,NA,FALSE,FALSE,NA,NA,NA,NA,NA,NA,0,NA,NA,NA,NA,Marcus Tsohonis,Hameir Wright,Jamal Bey,Nate Roberts,Quade Green,Maddox Daniels,D'Shawn Schwartz,Jeriah Horne,Keeshawn Barthelemy,Evan Battey
2020-21,2021-01-20,2289363,312,0,2,Washington,Colorado,Huskies,Buffaloes,4,4,74,73,1,1685,Washington,227,227,0,Quade Green makes free throw 1st of 1-and-1.,made,TRUE,FALSE,NA,NA,NA,NA,NA,NA,0,Washington,Washington,115,NA,Marcus Tsohonis,Hameir Wright,Jamal Bey,Nate Roberts,Quade Green,Maddox Daniels,D'Shawn Schwartz,Jeriah Horne,Keeshawn Barthelemy,Evan Battey
2020-21,2021-01-20,2289363,313,0,2,Washington,Colorado,Huskies,Buffaloes,4,4,75,73,2,1685,Washington,227,227,0,Quade Green makes free throw 2nd of 1-and-1.,made,TRUE,FALSE,NA,NA,NA,NA,NA,NA,0,Washington,Colorado,115,NA,Marcus Tsohonis,Hameir Wright,Jamal Bey,Nate Roberts,Quade Green,Maddox Daniels,D'Shawn Schwartz,Jeriah Horne,Keeshawn Barthelemy,Evan Battey
2020-21,2021-01-20,2289363,314,0,2,Washington,Colorado,Huskies,Buffaloes,4,4,75,73,2,1360,Colorado,207,207,20,Evan Battey misses a jump shot from 10 feet out.,missed,FALSE,FALSE,Jump Shot,32.5,11.65,1061523,Evan Battey,NA,0,Colorado,Colorado,116,NA,Marcus Tsohonis,Hameir Wright,Jamal Bey,Nate Roberts,Quade Green,Maddox Daniels,D'Shawn Schwartz,Jeriah Horne,Keeshawn Barthelemy,Evan Battey
2020-21,2021-01-20,2289363,315,0,2,Washington,Colorado,Huskies,Buffaloes,4,4,75,73,2,1685,Washington,207,207,0,Nate Roberts with a defensive rebound.,NA,FALSE,FALSE,NA,NA,NA,NA,NA,NA,0,Colorado,Washington,116,NA,Marcus Tsohonis,Hameir Wright,Jamal Bey,Nate Roberts,Quade Green,Maddox Daniels,D'Shawn Schwartz,Jeriah Horne,Keeshawn Barthelemy,Evan Battey
2020-21,2021-01-20,2289363,316,0,2,Washington,Colorado,Huskies,Buffaloes,4,4,75,73,2,1685,Washington,185,185,22,Quade Green misses a jump shot from 7 feet out.,missed,FALSE,FALSE,Jump Shot,26,12.25,1067851,Quade Green,NA,0,Washington,Washington,117,NA,Marcus Tsohonis,Hameir Wright,Jamal Bey,Nate Roberts,Quade Green,Maddox Daniels,D'Shawn Schwartz,Jeriah Horne,Keeshawn Barthelemy,Evan Battey
2020-21,2021-01-20,2289363,317,0,2,Washington,Colorado,Huskies,Buffaloes,4,4,75,73,2,1360,Colorado,185,185,0,Jeriah Horne with a defensive rebound.,NA,FALSE,FALSE,NA,NA,NA,NA,NA,NA,0,Washington,Colorado,117,NA,Marcus Tsohonis,Hameir Wright,Jamal Bey,Nate Roberts,Quade Green,Maddox Daniels,D'Shawn Schwartz,Jeriah Horne,Keeshawn Barthelemy,Evan Battey
2020-21,2021-01-20,2289363,318,0,2,Washington,Colorado,Huskies,Buffaloes,4,4,75,75,0,1360,Colorado,165,165,20,Jeriah Horne makes a jump shot from 11 feet out.,made,FALSE,FALSE,Jump Shot,28.8,15.15,944967,Jeriah Horne,NA,0,Colorado,Washington,118,NA,Marcus Tsohonis,Hameir Wright,Jamal Bey,Nate Roberts,Quade Green,Maddox Daniels,D'Shawn Schwartz,Jeriah Horne,Keeshawn Barthelemy,Evan Battey
2020-21,2021-01-20,2289363,319,0,2,Washington,Colorado,Huskies,Buffaloes,4,4,77,75,2,1685,Washington,144,144,21,Jamal Bey makes a jump shot from 15 feet out.,made,FALSE,FALSE,Jump Shot,30.1,18.950000000000003,1135169,Jamal Bey,NA,0,Washington,Colorado,119,NA,Marcus Tsohonis,Hameir Wright,Jamal Bey,Nate Roberts,Quade Green,Maddox Daniels,D'Shawn Schwartz,Jeriah Horne,Keeshawn Barthelemy,Evan Battey
2020-21,2021-01-20,2289363,320,0,2,Washington,Colorado,Huskies,Buffaloes,4,3,77,75,2,1360,Colorado,136,136,8,Buffaloes take a 30-second timeout.,NA,FALSE,FALSE,NA,NA,NA,NA,NA,NA,0,NA,NA,NA,NA,Marcus Tsohonis,Hameir Wright,Jamal Bey,Nate Roberts,Quade Green,Maddox Daniels,D'Shawn Schwartz,Jeriah Horne,Keeshawn Barthelemy,Evan Battey
2020-21,2021-01-20,2289363,321,0,2,Washington,Colorado,Huskies,Buffaloes,4,3,77,75,2,1360,Colorado,136,136,0,Substitution: Eli Parquet in for Maddox Daniels.,NA,FALSE,FALSE,NA,NA,NA,NA,NA,NA,1,NA,NA,NA,NA,Marcus Tsohonis,Hameir Wright,Jamal Bey,Nate Roberts,Quade Green,Eli Parquet,D'Shawn Schwartz,Jeriah Horne,Keeshawn Barthelemy,Evan Battey
2020-21,2021-01-20,2289363,322,0,2,Washington,Colorado,Huskies,Buffaloes,4,3,77,75,2,1360,Colorado,123,123,13,McKinley Wright IV misses a jump shot from 11 feet out.,missed,FALSE,FALSE,Jump Shot,24.9,16.35,1061526,McKinley Wright IV,NA,0,Colorado,Colorado,120,NA,Marcus Tsohonis,Hameir Wright,Jamal Bey,Nate Roberts,Quade Green,Eli Parquet,D'Shawn Schwartz,Jeriah Horne,Keeshawn Barthelemy,Evan Battey
2020-21,2021-01-20,2289363,323,0,2,Washington,Colorado,Huskies,Buffaloes,4,3,77,75,2,1685,Washington,123,123,0,Jamal Bey with a defensive rebound.,NA,FALSE,FALSE,NA,NA,NA,NA,NA,NA,0,Colorado,Washington,120,NA,Marcus Tsohonis,Hameir Wright,Jamal Bey,Nate Roberts,Quade Green,Eli Parquet,D'Shawn Schwartz,Jeriah Horne,Keeshawn Barthelemy,Evan Battey
2020-21,2021-01-20,2289363,324,0,2,Washington,Colorado,Huskies,Buffaloes,4,3,79,75,4,1685,Washington,99,99,24,Marcus Tsohonis makes a jump shot from 14 feet out.,made,FALSE,FALSE,Jump Shot,30.8,17.75,1177043,Marcus Tsohonis,NA,0,Washington,Colorado,121,NA,Marcus Tsohonis,Hameir Wright,Jamal Bey,Nate Roberts,Quade Green,Eli Parquet,D'Shawn Schwartz,Jeriah Horne,Keeshawn Barthelemy,Evan Battey
2020-21,2021-01-20,2289363,325,0,2,Washington,Colorado,Huskies,Buffaloes,4,3,79,75,4,1360,Colorado,69,69,30,Jeriah Horne with a turnover - Lost Ball,NA,FALSE,FALSE,NA,NA,NA,NA,NA,NA,0,Colorado,Washington,122,NA,Marcus Tsohonis,Hameir Wright,Jamal Bey,Nate Roberts,Quade Green,Eli Parquet,D'Shawn Schwartz,Jeriah Horne,Keeshawn Barthelemy,Evan Battey
2020-21,2021-01-20,2289363,326,0,2,Washington,Colorado,Huskies,Buffaloes,4,3,81,75,6,1685,Washington,65,65,4,Marcus Tsohonis makes a layup.,made,FALSE,FALSE,Layup Shot,26,6.25,1177043,Marcus Tsohonis,NA,0,Washington,Colorado,123,NA,Marcus Tsohonis,Hameir Wright,Jamal Bey,Nate Roberts,Quade Green,Eli Parquet,D'Shawn Schwartz,Jeriah Horne,Keeshawn Barthelemy,Evan Battey
2020-21,2021-01-20,2289363,327,0,2,Washington,Colorado,Huskies,Buffaloes,3,3,81,75,6,1685,Washington,60,60,5,Huskies take a 30-second timeout.,NA,FALSE,FALSE,NA,NA,NA,NA,NA,NA,0,NA,NA,NA,NA,Marcus Tsohonis,Hameir Wright,Jamal Bey,Nate Roberts,Quade Green,Eli Parquet,D'Shawn Schwartz,Jeriah Horne,Keeshawn Barthelemy,Evan Battey
2020-21,2021-01-20,2289363,328,0,2,Washington,Colorado,Huskies,Buffaloes,3,3,81,75,6,1360,Colorado,48,48,12,McKinley Wright IV with a turnover - Bad Pass,NA,FALSE,FALSE,NA,NA,NA,NA,NA,NA,0,Colorado,Washington,124,NA,Marcus Tsohonis,Hameir Wright,Jamal Bey,Nate Roberts,Quade Green,Eli Parquet,D'Shawn Schwartz,Jeriah Horne,Keeshawn Barthelemy,Evan Battey
2020-21,2021-01-20,2289363,329,0,2,Washington,Colorado,Huskies,Buffaloes,3,3,81,75,6,1360,Colorado,46,46,2,Personal foul committed by Maddox Daniels.,NA,FALSE,FALSE,NA,NA,NA,NA,NA,NA,0,Washington,Washington,125,NA,Marcus Tsohonis,Hameir Wright,Jamal Bey,Nate Roberts,Quade Green,Eli Parquet,D'Shawn Schwartz,Jeriah Horne,Keeshawn Barthelemy,Evan Battey
2020-21,2021-01-20,2289363,330,0,2,Washington,Colorado,Huskies,Buffaloes,3,3,81,75,6,1685,Washington,46,46,0,Quade Green misses free throw 1st of 1-and-1.,missed,TRUE,FALSE,NA,NA,NA,NA,NA,NA,0,Washington,Washington,125,NA,Marcus Tsohonis,Hameir Wright,Jamal Bey,Nate Roberts,Quade Green,Eli Parquet,D'Shawn Schwartz,Jeriah Horne,Keeshawn Barthelemy,Evan Battey
2020-21,2021-01-20,2289363,331,0,2,Washington,Colorado,Huskies,Buffaloes,3,3,81,75,6,1360,Colorado,46,46,0,Jeriah Horne with a defensive rebound.,NA,FALSE,FALSE,NA,NA,NA,NA,NA,NA,0,Washington,Colorado,125,NA,Marcus Tsohonis,Hameir Wright,Jamal Bey,Nate Roberts,Quade Green,Eli Parquet,D'Shawn Schwartz,Jeriah Horne,Keeshawn Barthelemy,Evan Battey
2020-21,2021-01-20,2289363,332,0,2,Washington,Colorado,Huskies,Buffaloes,3,3,81,77,4,1360,Colorado,39,39,7,McKinley Wright IV makes a jump shot from 9 feet out.,made,FALSE,FALSE,Jump Shot,24,14.05,1061526,McKinley Wright IV,NA,0,Colorado,Washington,126,NA,Marcus Tsohonis,Hameir Wright,Jamal Bey,Nate Roberts,Quade Green,Eli Parquet,D'Shawn Schwartz,Jeriah Horne,Keeshawn Barthelemy,Evan Battey
2020-21,2021-01-20,2289363,333,0,2,Washington,Colorado,Huskies,Buffaloes,3,3,81,78,3,1360,Colorado,39,39,0,McKinley Wright IV makes free throw 1 of 1.,made,TRUE,FALSE,NA,NA,NA,NA,NA,NA,0,Colorado,Washington,127,NA,Marcus Tsohonis,Hameir Wright,Jamal Bey,Nate Roberts,Quade Green,Eli Parquet,D'Shawn Schwartz,Jeriah Horne,Keeshawn Barthelemy,Evan Battey
2020-21,2021-01-20,2289363,334,0,2,Washington,Colorado,Huskies,Buffaloes,3,2,81,78,3,1360,Colorado,39,39,0,Buffaloes take a full timeout.,NA,FALSE,FALSE,NA,NA,NA,NA,NA,NA,0,NA,NA,NA,NA,Marcus Tsohonis,Hameir Wright,Jamal Bey,Nate Roberts,Quade Green,Eli Parquet,D'Shawn Schwartz,Jeriah Horne,Keeshawn Barthelemy,Evan Battey
2020-21,2021-01-20,2289363,335,0,2,Washington,Colorado,Huskies,Buffaloes,3,2,81,78,3,1360,Colorado,35,35,4,Personal foul committed by Eli Parquet.,NA,FALSE,FALSE,NA,NA,NA,NA,NA,NA,0,Washington,Washington,128,NA,Marcus Tsohonis,Hameir Wright,Jamal Bey,Nate Roberts,Quade Green,Eli Parquet,D'Shawn Schwartz,Jeriah Horne,Keeshawn Barthelemy,Evan Battey
2020-21,2021-01-20,2289363,336,0,2,Washington,Colorado,Huskies,Buffaloes,3,2,82,78,4,1685,Washington,35,35,0,Marcus Tsohonis makes free throw 1st of 1-and-1.,made,TRUE,FALSE,NA,NA,NA,NA,NA,NA,0,Washington,Washington,128,NA,Marcus Tsohonis,Hameir Wright,Jamal Bey,Nate Roberts,Quade Green,Eli Parquet,D'Shawn Schwartz,Jeriah Horne,Keeshawn Barthelemy,Evan Battey
2020-21,2021-01-20,2289363,337,0,2,Washington,Colorado,Huskies,Buffaloes,3,2,83,78,5,1685,Washington,35,35,0,Marcus Tsohonis makes free throw 2nd of 1-and-1.,made,TRUE,FALSE,NA,NA,NA,NA,NA,NA,0,Washington,Colorado,128,NA,Marcus Tsohonis,Hameir Wright,Jamal Bey,Nate Roberts,Quade Green,Eli Parquet,D'Shawn Schwartz,Jeriah Horne,Keeshawn Barthelemy,Evan Battey
2020-21,2021-01-20,2289363,338,0,2,Washington,Colorado,Huskies,Buffaloes,3,2,83,80,3,1360,Colorado,22,22,13,Evan Battey makes a layup. McKinley Wright IV with the assist.,made,FALSE,FALSE,Layup Shot,26,6.25,1061523,Evan Battey,McKinley Wright IV,0,Colorado,Washington,129,NA,Marcus Tsohonis,Hameir Wright,Jamal Bey,Nate Roberts,Quade Green,Eli Parquet,D'Shawn Schwartz,Jeriah Horne,Keeshawn Barthelemy,Evan Battey
2020-21,2021-01-20,2289363,339,0,2,Washington,Colorado,Huskies,Buffaloes,3,1,83,80,3,1360,Colorado,22,22,0,Buffaloes take a 30-second timeout.,NA,FALSE,FALSE,NA,NA,NA,NA,NA,NA,0,NA,NA,NA,NA,Marcus Tsohonis,Hameir Wright,Jamal Bey,Nate Roberts,Quade Green,Eli Parquet,D'Shawn Schwartz,Jeriah Horne,Keeshawn Barthelemy,Evan Battey
2020-21,2021-01-20,2289363,340,0,2,Washington,Colorado,Huskies,Buffaloes,3,1,83,80,3,1685,Washington,20,20,2,Eli Parquet steals the ball from Quade Green.,NA,FALSE,FALSE,NA,NA,NA,NA,NA,NA,0,Washington,Colorado,130,NA,Marcus Tsohonis,Hameir Wright,Jamal Bey,Nate Roberts,Quade Green,Eli Parquet,D'Shawn Schwartz,Jeriah Horne,Keeshawn Barthelemy,Evan Battey
2020-21,2021-01-20,2289363,341,0,2,Washington,Colorado,Huskies,Buffaloes,2,1,83,80,3,1685,Washington,20,20,0,Huskies take a 30-second timeout.,NA,FALSE,FALSE,NA,NA,NA,NA,NA,NA,0,NA,NA,NA,NA,Marcus Tsohonis,Hameir Wright,Jamal Bey,Nate Roberts,Quade Green,Eli Parquet,D'Shawn Schwartz,Jeriah Horne,Keeshawn Barthelemy,Evan Battey
2020-21,2021-01-20,2289363,342,0,2,Washington,Colorado,Huskies,Buffaloes,2,1,83,80,3,1360,Colorado,8,8,12,Jeriah Horne misses a 3-point jump shot from 26 feet out.,missed,FALSE,TRUE,Jump Shot,8.8,25.05,944967,Jeriah Horne,NA,0,Colorado,Colorado,131,NA,Marcus Tsohonis,Hameir Wright,Jamal Bey,Nate Roberts,Quade Green,Eli Parquet,D'Shawn Schwartz,Jeriah Horne,Keeshawn Barthelemy,Evan Battey
2020-21,2021-01-20,2289363,343,0,2,Washington,Colorado,Huskies,Buffaloes,2,1,83,80,3,1685,Washington,8,8,0,Hameir Wright with a defensive rebound.,NA,FALSE,FALSE,NA,NA,NA,NA,NA,NA,0,Colorado,Washington,131,NA,Marcus Tsohonis,Hameir Wright,Jamal Bey,Nate Roberts,Quade Green,Eli Parquet,D'Shawn Schwartz,Jeriah Horne,Keeshawn Barthelemy,Evan Battey
2020-21,2021-01-20,2289363,344,0,2,Washington,Colorado,Huskies,Buffaloes,2,1,83,80,3,1360,Colorado,5,5,3,Personal foul committed by Maddox Daniels.,NA,FALSE,FALSE,NA,NA,NA,NA,NA,NA,0,Washington,Washington,132,NA,Marcus Tsohonis,Hameir Wright,Jamal Bey,Nate Roberts,Quade Green,Eli Parquet,D'Shawn Schwartz,Jeriah Horne,Keeshawn Barthelemy,Evan Battey
2020-21,2021-01-20,2289363,345,0,2,Washington,Colorado,Huskies,Buffaloes,2,1,83,80,3,1685,Washington,5,5,0,Hameir Wright misses free throw 1 of 2.,missed,TRUE,FALSE,NA,NA,NA,NA,NA,NA,0,Washington,Washington,132,NA,Marcus Tsohonis,Hameir Wright,Jamal Bey,Nate Roberts,Quade Green,Eli Parquet,D'Shawn Schwartz,Jeriah Horne,Keeshawn Barthelemy,Evan Battey
2020-21,2021-01-20,2289363,347,0,2,Washington,Colorado,Huskies,Buffaloes,2,1,84,80,4,1685,Washington,5,5,0,Hameir Wright makes free throw 2 of 2.,made,TRUE,FALSE,NA,NA,NA,NA,NA,NA,0,Washington,Colorado,132,NA,Marcus Tsohonis,Hameir Wright,Jamal Bey,Nate Roberts,Quade Green,Eli Parquet,D'Shawn Schwartz,Jeriah Horne,Keeshawn Barthelemy,Evan Battey
2020-21,2021-01-20,2289363,348,0,2,Washington,Colorado,Huskies,Buffaloes,2,1,84,80,4,1360,Colorado,2,2,3,McKinley Wright IV misses a 3-point jump shot from 24 feet out.,missed,FALSE,TRUE,Jump Shot,9.4,23.95,1061526,McKinley Wright IV,NA,0,Colorado,NA,133,NA,Marcus Tsohonis,Hameir Wright,Jamal Bey,Nate Roberts,Quade Green,Eli Parquet,D'Shawn Schwartz,Jeriah Horne,Keeshawn Barthelemy,Evan Battey
2020-21,2021-01-20,2289363,350,0,2,Washington,Colorado,Huskies,Buffaloes,2,1,84,80,4,NA,NA,0,0,2,End of the 2nd Half,NA,FALSE,FALSE,NA,NA,NA,NA,NA,NA,0,NA,NA,NA,NA,Marcus Tsohonis,Hameir Wright,Jamal Bey,Nate Roberts,Quade Green,Eli Parquet,D'Shawn Schwartz,Jeriah Horne,Keeshawn Barthelemy,Evan Battey
2020-21,2021-01-20,2289363,351,0,2,Washington,Colorado,Huskies,Buffaloes,2,1,84,80,4,NA,NA,0,0,0,End of the Game,NA,FALSE,FALSE,NA,NA,NA,NA,NA,NA,0,Colorado,Colorado,NA,NA,Marcus Tsohonis,Hameir Wright,Jamal Bey,Nate Roberts,Quade Green,Eli Parquet,D'Shawn Schwartz,Jeriah Horne,Keeshawn Barthelemy,Evan Battey
