season,date,game_id,play_id,neutral,half,home,away,home_name,away_name,home_timeouts,away_timeouts,home_score,away_score,score_diff,team_id,event_team,game_secs_remaining,half_secs_remaining,play_length,desc,shot_outcome,free_throw,three_pt,shot_desc,loc_x,loc_y,shooter_id,shooter,assist,substitution,poss_before,poss_after,poss_number
2010-11,2010-12-30,1002403,1,0,1,Memphis,Lipscomb,Tigers,Bisons,4,4,0,0,0,NA,NA,2400,1200,NA,Start of the 1st Half,NA,FALSE,FALSE,NA,NA,NA,NA,NA,NA,0,NA,Lipscomb,NA
2010-11,2010-12-30,1002403,3,0,1,Memphis,Lipscomb,Tigers,Bisons,4,4,0,2,-2,2051,Lipscomb,2376,1176,24, makes a jump shot from 11 feet out.  with the assist.,made,FALSE,FALSE,Jump Shot,21,16.25,409895,NA,NA,0,Lipscomb,Memphis,1
2010-11,2010-12-30,1002403,4,0,1,Memphis,Lipscomb,Tigers,Bisons,4,4,0,2,-2,1493,Memphis,2362,1162,14, misses a jump shot from 4 feet out.,missed,FALSE,FALSE,Jump Shot,27,8.349999999999994,464840,NA,NA,0,Memphis,Memphis,2
2010-11,2010-12-30,1002403,5,0,1,Memphis,Lipscomb,Tigers,Bisons,4,4,0,2,-2,2051,Lipscomb,2362,1162,0, with a defensive rebound.,NA,FALSE,FALSE,NA,NA,NA,NA,NA,NA,0,Memphis,Lipscomb,2
2010-11,2010-12-30,1002403,7,0,1,Memphis,Lipscomb,Tigers,Bisons,4,4,0,2,-2,1493,Memphis,2351,1151,11,Shooting foul committed by Tigers.,NA,FALSE,FALSE,NA,NA,NA,NA,NA,NA,0,Lipscomb,Lipscomb,3
2010-11,2010-12-30,1002403,9,0,1,Memphis,Lipscomb,Tigers,Bisons,4,4,0,3,-3,2051,Lipscomb,2351,1151,0, makes free throw 1 of 2.,made,TRUE,FALSE,NA,NA,NA,NA,NA,NA,0,Lipscomb,Lipscomb,3
2010-11,2010-12-30,1002403,10,0,1,Memphis,Lipscomb,Tigers,Bisons,4,4,0,4,-4,2051,Lipscomb,2351,1151,0, makes free throw 2 of 2.,made,TRUE,FALSE,NA,NA,NA,NA,NA,NA,0,Lipscomb,Memphis,3
2010-11,2010-12-30,1002403,26,0,1,Memphis,Lipscomb,Tigers,Bisons,4,4,3,4,-1,1493,Memphis,2334,1134,17, makes a 3-point jump shot from 22 feet out.  with the assist.,made,FALSE,TRUE,Jump Shot,43,18.25,464840,NA,NA,0,Memphis,Lipscomb,4
2010-11,2010-12-30,1002403,27,0,1,Memphis,Lipscomb,Tigers,Bisons,4,4,3,6,-3,2051,Lipscomb,2316,1116,18, makes a layup.  with the assist.,made,FALSE,FALSE,Layup Shot,25,5.25,409895,NA,NA,0,Lipscomb,Memphis,5
2010-11,2010-12-30,1002403,30,0,1,Memphis,Lipscomb,Tigers,Bisons,4,4,3,6,-3,2051,Lipscomb,2296,1096,20,Personal foul committed by Bisons.,NA,FALSE,FALSE,NA,NA,NA,NA,NA,NA,0,Memphis,Memphis,6
2010-11,2010-12-30,1002403,32,0,1,Memphis,Lipscomb,Tigers,Bisons,4,4,3,6,-3,1493,Memphis,2296,1096,0, misses free throw 1 of 2.,missed,TRUE,FALSE,NA,NA,NA,NA,NA,NA,0,Memphis,Memphis,6
2010-11,2010-12-30,1002403,34,0,1,Memphis,Lipscomb,Tigers,Bisons,4,4,4,6,-2,1493,Memphis,2296,1096,0, makes free throw 2 of 2.,made,TRUE,FALSE,NA,NA,NA,NA,NA,NA,0,Memphis,Lipscomb,6
2010-11,2010-12-30,1002403,37,0,1,Memphis,Lipscomb,Tigers,Bisons,4,4,4,6,-2,2051,Lipscomb,2291,1091,5,Offensive foul committed by Bisons.,NA,FALSE,FALSE,NA,NA,NA,NA,NA,NA,0,Lipscomb,Memphis,7
2010-11,2010-12-30,1002403,42,0,1,Memphis,Lipscomb,Tigers,Bisons,4,4,4,6,-2,2051,Lipscomb,2262,1062,29, misses a 3-point jump shot from 22 feet out.,missed,FALSE,TRUE,Jump Shot,3.5,7.35,409897,NA,NA,0,Lipscomb,Memphis,8
2010-11,2010-12-30,1002403,45,0,1,Memphis,Lipscomb,Tigers,Bisons,4,4,7,6,1,1493,Memphis,2257,1057,5, makes a 3-point jump shot from 23 feet out.  with the assist.,made,FALSE,TRUE,Jump Shot,41,21.25,551760,NA,NA,0,Memphis,Lipscomb,9
2010-11,2010-12-30,1002403,48,0,1,Memphis,Lipscomb,Tigers,Bisons,4,4,7,6,1,1493,Memphis,2248,1048,9, misses a layup.,missed,FALSE,FALSE,Layup Shot,26,6.25,551760,NA,NA,0,Memphis,Memphis,10
2010-11,2010-12-30,1002403,49,0,1,Memphis,Lipscomb,Tigers,Bisons,4,4,7,6,1,1493,Memphis,2248,1048,0, with an offensive rebound.,NA,FALSE,FALSE,NA,NA,NA,NA,NA,NA,0,Memphis,Memphis,10
2010-11,2010-12-30,1002403,50,0,1,Memphis,Lipscomb,Tigers,Bisons,4,4,9,6,3,1493,Memphis,2243,1043,5, makes a jump shot from 2 feet out.,made,FALSE,FALSE,Jump Shot,25.3,7.349999999999994,464840,NA,NA,0,Memphis,Lipscomb,10
2010-11,2010-12-30,1002403,67,0,1,Memphis,Lipscomb,Tigers,Bisons,4,4,9,6,3,2051,Lipscomb,2203,1003,40, misses a 3-point jump shot from 24 feet out.,missed,FALSE,TRUE,Jump Shot,10.3,23.65,558733,NA,NA,0,Lipscomb,Lipscomb,11
2010-11,2010-12-30,1002403,68,0,1,Memphis,Lipscomb,Tigers,Bisons,4,4,9,6,3,1493,Memphis,2203,1003,0, with a defensive rebound.,NA,FALSE,FALSE,NA,NA,NA,NA,NA,NA,0,Lipscomb,Memphis,11
2010-11,2010-12-30,1002403,82,0,1,Memphis,Lipscomb,Tigers,Bisons,4,4,9,6,3,1493,Memphis,2183,983,20, misses a 3-point jump shot from 25 feet out.,missed,FALSE,TRUE,Jump Shot,29.2,29.450000000000003,551760,NA,NA,0,Memphis,Memphis,12
2010-11,2010-12-30,1002403,83,0,1,Memphis,Lipscomb,Tigers,Bisons,4,4,9,6,3,1493,Memphis,2183,983,0, with an offensive rebound.,NA,FALSE,FALSE,NA,NA,NA,NA,NA,NA,0,Memphis,Memphis,12
2010-11,2010-12-30,1002403,84,0,1,Memphis,Lipscomb,Tigers,Bisons,4,4,9,6,3,1493,Memphis,2165,965,18, misses a layup.,missed,FALSE,FALSE,Layup Shot,26,6.25,464840,NA,NA,0,Memphis,Memphis,12
2010-11,2010-12-30,1002403,85,0,1,Memphis,Lipscomb,Tigers,Bisons,4,4,9,6,3,1493,Memphis,2165,965,0, with an offensive rebound.,NA,FALSE,FALSE,NA,NA,NA,NA,NA,NA,0,Memphis,Memphis,12
2010-11,2010-12-30,1002403,103,0,1,Memphis,Lipscomb,Tigers,Bisons,4,4,9,6,3,2051,Lipscomb,2145,945,20,Shooting foul committed by Bisons.,NA,FALSE,FALSE,NA,NA,NA,NA,NA,NA,0,Memphis,Memphis,12
2010-11,2010-12-30,1002403,106,0,1,Memphis,Lipscomb,Tigers,Bisons,4,4,9,6,3,NA,NA,2143,943,2,Official TV timeout.,NA,FALSE,FALSE,NA,NA,NA,NA,NA,NA,0,NA,NA,NA
2010-11,2010-12-30,1002403,107,0,1,Memphis,Lipscomb,Tigers,Bisons,4,4,10,6,4,1493,Memphis,2143,943,0, makes free throw 1 of 2.,made,TRUE,FALSE,NA,NA,NA,NA,NA,NA,0,Memphis,Memphis,12
2010-11,2010-12-30,1002403,108,0,1,Memphis,Lipscomb,Tigers,Bisons,4,4,11,6,5,1493,Memphis,2143,943,0, makes free throw 2 of 2.,made,TRUE,FALSE,NA,NA,NA,NA,NA,NA,0,Memphis,Lipscomb,12
2010-11,2010-12-30,1002403,110,0,1,Memphis,Lipscomb,Tigers,Bisons,4,4,11,6,5,2051,Lipscomb,2125,925,18, misses a layup.,missed,FALSE,FALSE,Layup Shot,26,6.25,409894,NA,NA,0,Lipscomb,Lipscomb,13
2010-11,2010-12-30,1002403,111,0,1,Memphis,Lipscomb,Tigers,Bisons,4,4,11,6,5,2051,Lipscomb,2125,925,0, with an offensive rebound.,NA,FALSE,FALSE,NA,NA,NA,NA,NA,NA,0,Lipscomb,Lipscomb,13
2010-11,2010-12-30,1002403,119.5,0,1,Memphis,Lipscomb,Tigers,Bisons,4,4,13,6,7,1493,Memphis,2101,901,24, makes a layup.  with the assist.,made,FALSE,FALSE,Layup Shot,25,5.25,464840,NA,NA,0,Memphis,Lipscomb,13
2010-11,2010-12-30,1002403,120,0,1,Memphis,Lipscomb,Tigers,Bisons,4,4,13,9,4,2051,Lipscomb,2091,891,10, makes a 3-point jump shot from 25 feet out.  with the assist.,made,FALSE,TRUE,Jump Shot,11,25.25,458907,NA,NA,0,Lipscomb,Memphis,14
2010-11,2010-12-30,1002403,121,0,1,Memphis,Lipscomb,Tigers,Bisons,4,4,15,9,6,1493,Memphis,2079,879,12, makes a layup.,made,FALSE,FALSE,Layup Shot,25,5.25,551760,NA,NA,0,Memphis,Lipscomb,15
2010-11,2010-12-30,1002403,122,0,1,Memphis,Lipscomb,Tigers,Bisons,4,4,17,9,8,1493,Memphis,2068,868,11, makes a layup.,made,FALSE,FALSE,Layup Shot,25,5.25,551760,NA,NA,0,Memphis,Lipscomb,16
2010-11,2010-12-30,1002403,134,0,1,Memphis,Lipscomb,Tigers,Bisons,4,4,17,9,8,1493,Memphis,2040,840,28,Personal foul committed by Tigers.,NA,FALSE,FALSE,NA,NA,NA,NA,NA,NA,0,Lipscomb,Lipscomb,17
2010-11,2010-12-30,1002403,136,0,1,Memphis,Lipscomb,Tigers,Bisons,4,4,17,11,6,2051,Lipscomb,2031,831,9, makes a jump shot from 14 feet out.,made,FALSE,FALSE,Jump Shot,38,8.95,458906,NA,NA,0,Lipscomb,Memphis,17
2010-11,2010-12-30,1002403,137,0,1,Memphis,Lipscomb,Tigers,Bisons,4,4,17,13,4,2051,Lipscomb,2019,819,12, makes a jump shot from 18 feet out.,made,FALSE,FALSE,Jump Shot,12.7,18.95,458907,NA,NA,0,Lipscomb,Memphis,18
2010-11,2010-12-30,1002403,138,0,1,Memphis,Lipscomb,Tigers,Bisons,4,4,20,13,7,1493,Memphis,2007,807,12, makes a 3-point jump shot from 24 feet out.  with the assist.,made,FALSE,TRUE,Jump Shot,32.2,28.25,551757,NA,NA,0,Memphis,Lipscomb,19
2010-11,2010-12-30,1002403,139,0,1,Memphis,Lipscomb,Tigers,Bisons,4,4,20,13,7,1493,Memphis,1979,779,28, misses a jump shot from 5 feet out.,missed,FALSE,FALSE,Jump Shot,24.8,9.849999999999994,551757,NA,NA,0,Memphis,Memphis,20
2010-11,2010-12-30,1002403,140,0,1,Memphis,Lipscomb,Tigers,Bisons,4,4,20,13,7,1493,Memphis,1979,779,0, with an offensive rebound.,NA,FALSE,FALSE,NA,NA,NA,NA,NA,NA,0,Memphis,Memphis,20
2010-11,2010-12-30,1002403,144,0,1,Memphis,Lipscomb,Tigers,Bisons,4,4,20,13,7,1493,Memphis,1952,752,27, misses a jump shot from 17 feet out.,missed,FALSE,FALSE,Jump Shot,26.5,22.650000000000006,551760,NA,NA,0,Memphis,Memphis,20
2010-11,2010-12-30,1002403,145,0,1,Memphis,Lipscomb,Tigers,Bisons,4,4,20,13,7,1493,Memphis,1952,752,0, with an offensive rebound.,NA,FALSE,FALSE,NA,NA,NA,NA,NA,NA,0,Memphis,Memphis,20
2010-11,2010-12-30,1002403,163,0,1,Memphis,Lipscomb,Tigers,Bisons,3,4,20,13,7,1493,Memphis,1935,735,17,Tigers take a 30-second timeout.,NA,FALSE,FALSE,NA,NA,NA,NA,NA,NA,0,NA,NA,NA
2010-11,2010-12-30,1002403,167,0,1,Memphis,Lipscomb,Tigers,Bisons,3,4,20,16,4,2051,Lipscomb,1916,716,19, makes a 3-point jump shot from 22 feet out.  with the assist.,made,FALSE,TRUE,Jump Shot,4,10.25,336797,NA,NA,0,Lipscomb,Memphis,20
2010-11,2010-12-30,1002403,168,0,1,Memphis,Lipscomb,Tigers,Bisons,3,4,20,16,4,2051,Lipscomb,1888,688,28, misses a 3-point jump shot from 23 feet out.,missed,FALSE,TRUE,Jump Shot,10.8,23.45,336797,NA,NA,0,Lipscomb,Lipscomb,21
2010-11,2010-12-30,1002403,169,0,1,Memphis,Lipscomb,Tigers,Bisons,3,4,20,16,4,1493,Memphis,1888,688,0, with a defensive rebound.,NA,FALSE,FALSE,NA,NA,NA,NA,NA,NA,0,Lipscomb,Memphis,21
2010-11,2010-12-30,1002403,172,0,1,Memphis,Lipscomb,Tigers,Bisons,3,4,20,16,4,2051,Lipscomb,1867,667,21, misses a 3-point jump shot from 23 feet out.,missed,FALSE,TRUE,Jump Shot,16,26.95,409897,NA,NA,0,Lipscomb,Lipscomb,22
2010-11,2010-12-30,1002403,173,0,1,Memphis,Lipscomb,Tigers,Bisons,3,4,20,16,4,1493,Memphis,1867,667,0, with a defensive rebound.,NA,FALSE,FALSE,NA,NA,NA,NA,NA,NA,0,Lipscomb,Memphis,22
2010-11,2010-12-30,1002403,174,0,1,Memphis,Lipscomb,Tigers,Bisons,3,4,23,16,7,1493,Memphis,1852,652,15, makes a 3-point jump shot from 24 feet out.  with the assist.,made,FALSE,TRUE,Jump Shot,25.2,29.650000000000006,551758,NA,NA,0,Memphis,Lipscomb,23
2010-11,2010-12-30,1002403,177,0,1,Memphis,Lipscomb,Tigers,Bisons,3,4,23,16,7,2051,Lipscomb,1830,630,22, misses a jump shot from 10 feet out.,missed,FALSE,FALSE,Jump Shot,25.7,15.35,409895,NA,NA,0,Lipscomb,Lipscomb,24
2010-11,2010-12-30,1002403,178,0,1,Memphis,Lipscomb,Tigers,Bisons,3,4,23,16,7,2051,Lipscomb,1830,630,0, with an offensive rebound.,NA,FALSE,FALSE,NA,NA,NA,NA,NA,NA,0,Lipscomb,Lipscomb,24
2010-11,2010-12-30,1002403,179,0,1,Memphis,Lipscomb,Tigers,Bisons,3,4,23,16,7,2051,Lipscomb,1817,617,13, misses a 3-point jump shot from 23 feet out.,missed,FALSE,TRUE,Jump Shot,14.8,26.35,558733,NA,NA,0,Lipscomb,Lipscomb,24
2010-11,2010-12-30,1002403,180,0,1,Memphis,Lipscomb,Tigers,Bisons,3,4,23,16,7,2051,Lipscomb,1817,617,0, with an offensive rebound.,NA,FALSE,FALSE,NA,NA,NA,NA,NA,NA,0,Lipscomb,Lipscomb,24
2010-11,2010-12-30,1002403,186,0,1,Memphis,Lipscomb,Tigers,Bisons,3,4,23,16,7,2051,Lipscomb,1802,602,15, misses a jump shot from 14 feet out.,missed,FALSE,FALSE,Jump Shot,12.3,11.45,409895,NA,NA,0,Lipscomb,Lipscomb,24
2010-11,2010-12-30,1002403,187,0,1,Memphis,Lipscomb,Tigers,Bisons,3,4,23,16,7,1493,Memphis,1802,602,0, with a defensive rebound.,NA,FALSE,FALSE,NA,NA,NA,NA,NA,NA,0,Lipscomb,Memphis,24
2010-11,2010-12-30,1002403,191,0,1,Memphis,Lipscomb,Tigers,Bisons,3,4,23,16,7,2051,Lipscomb,1799,599,3,Personal foul committed by Bisons.,NA,FALSE,FALSE,NA,NA,NA,NA,NA,NA,0,Memphis,Memphis,25
2010-11,2010-12-30,1002403,192,0,1,Memphis,Lipscomb,Tigers,Bisons,3,4,23,16,7,NA,NA,1799,599,0,Official TV timeout.,NA,FALSE,FALSE,NA,NA,NA,NA,NA,NA,0,NA,NA,NA
2010-11,2010-12-30,1002403,194,0,1,Memphis,Lipscomb,Tigers,Bisons,3,4,26,16,10,1493,Memphis,1777,577,22, makes a 3-point jump shot from 24 feet out.  with the assist.,made,FALSE,TRUE,Jump Shot,33,28.25,464840,NA,NA,0,Memphis,Lipscomb,25
2010-11,2010-12-30,1002403,196,0,1,Memphis,Lipscomb,Tigers,Bisons,3,4,26,16,10,1493,Memphis,1764,564,13,Personal foul committed by Tigers.,NA,FALSE,FALSE,NA,NA,NA,NA,NA,NA,0,Lipscomb,Lipscomb,26
2010-11,2010-12-30,1002403,202,0,1,Memphis,Lipscomb,Tigers,Bisons,3,4,26,16,10,2051,Lipscomb,1748,548,16, misses a layup.,missed,FALSE,FALSE,Layup Shot,26,6.25,504622,NA,NA,0,Lipscomb,Lipscomb,26
2010-11,2010-12-30,1002403,203,0,1,Memphis,Lipscomb,Tigers,Bisons,3,4,26,16,10,1493,Memphis,1748,548,0, with a defensive rebound.,NA,FALSE,FALSE,NA,NA,NA,NA,NA,NA,0,Lipscomb,Memphis,26
2010-11,2010-12-30,1002403,206,0,1,Memphis,Lipscomb,Tigers,Bisons,3,4,26,16,10,1493,Memphis,1743,543,5, misses a 3-point jump shot from 23 feet out.,missed,FALSE,TRUE,Jump Shot,38.8,23.849999999999994,551757,NA,NA,0,Memphis,Memphis,27
2010-11,2010-12-30,1002403,207,0,1,Memphis,Lipscomb,Tigers,Bisons,3,4,26,16,10,2051,Lipscomb,1743,543,0, with a defensive rebound.,NA,FALSE,FALSE,NA,NA,NA,NA,NA,NA,0,Memphis,Lipscomb,27
2010-11,2010-12-30,1002403,210,0,1,Memphis,Lipscomb,Tigers,Bisons,3,4,26,16,10,1493,Memphis,1738,538,5,Personal foul committed by Tigers.,NA,FALSE,FALSE,NA,NA,NA,NA,NA,NA,0,Lipscomb,Lipscomb,28
2010-11,2010-12-30,1002403,213,0,1,Memphis,Lipscomb,Tigers,Bisons,3,4,26,16,10,1493,Memphis,1722,522,16,Personal foul committed by Tigers.,NA,FALSE,FALSE,NA,NA,NA,NA,NA,NA,0,Lipscomb,Lipscomb,28
2010-11,2010-12-30,1002403,216,0,1,Memphis,Lipscomb,Tigers,Bisons,3,4,26,16,10,2051,Lipscomb,1715,515,7, misses a 3-point jump shot from 24 feet out.,missed,FALSE,TRUE,Jump Shot,14.3,26.75,458907,NA,NA,0,Lipscomb,Lipscomb,28
2010-11,2010-12-30,1002403,217,0,1,Memphis,Lipscomb,Tigers,Bisons,3,4,26,16,10,1493,Memphis,1715,515,0, with a defensive rebound.,NA,FALSE,FALSE,NA,NA,NA,NA,NA,NA,0,Lipscomb,Memphis,28
2010-11,2010-12-30,1002403,220,0,1,Memphis,Lipscomb,Tigers,Bisons,3,4,29,16,13,1493,Memphis,1710,510,5, makes a 3-point jump shot from 21 feet out.  with the assist.,made,FALSE,TRUE,Jump Shot,46,7.150000000000006,464840,NA,NA,0,Memphis,Lipscomb,29
2010-11,2010-12-30,1002403,232,0,1,Memphis,Lipscomb,Tigers,Bisons,3,4,29,16,13,2051,Lipscomb,1695,495,15, misses a jump shot from 4 feet out.,missed,FALSE,FALSE,Jump Shot,24.8,9.35,409897,NA,NA,0,Lipscomb,Lipscomb,30
2010-11,2010-12-30,1002403,233,0,1,Memphis,Lipscomb,Tigers,Bisons,3,4,29,16,13,2051,Lipscomb,1695,495,0, with an offensive rebound.,NA,FALSE,FALSE,NA,NA,NA,NA,NA,NA,0,Lipscomb,Lipscomb,30
2010-11,2010-12-30,1002403,240,0,1,Memphis,Lipscomb,Tigers,Bisons,3,4,29,18,11,2051,Lipscomb,1692,492,3, makes a jump shot from 3 feet out.,made,FALSE,FALSE,Jump Shot,23.3,7.35,409895,NA,NA,0,Lipscomb,Memphis,30
2010-11,2010-12-30,1002403,251,0,1,Memphis,Lipscomb,Tigers,Bisons,3,4,29,18,11,2051,Lipscomb,1676,476,16,Shooting foul committed by Bisons.,NA,FALSE,FALSE,NA,NA,NA,NA,NA,NA,0,Memphis,Memphis,31
2010-11,2010-12-30,1002403,253,0,1,Memphis,Lipscomb,Tigers,Bisons,3,4,29,18,11,NA,NA,1676,476,0,Official TV timeout.,NA,FALSE,FALSE,NA,NA,NA,NA,NA,NA,0,NA,NA,NA
2010-11,2010-12-30,1002403,256,0,1,Memphis,Lipscomb,Tigers,Bisons,3,4,29,20,9,2051,Lipscomb,1652,452,24, makes a layup.,made,FALSE,FALSE,Layup Shot,25,5.25,409897,NA,NA,0,Lipscomb,Memphis,31
2010-11,2010-12-30,1002403,258,0,1,Memphis,Lipscomb,Tigers,Bisons,3,4,29,22,7,2051,Lipscomb,1621,421,31, makes a jump shot from 7 feet out.  with the assist.,made,FALSE,FALSE,Jump Shot,25,12.25,409895,NA,NA,0,Lipscomb,Memphis,32
2010-11,2010-12-30,1002403,261,0,1,Memphis,Lipscomb,Tigers,Bisons,3,4,29,22,7,2051,Lipscomb,1609,409,12,Personal foul committed by Bisons.,NA,FALSE,FALSE,NA,NA,NA,NA,NA,NA,0,Memphis,Memphis,33
2010-11,2010-12-30,1002403,263,0,1,Memphis,Lipscomb,Tigers,Bisons,3,4,29,22,7,1493,Memphis,1609,409,0, misses a layup.,missed,FALSE,FALSE,Layup Shot,26,6.25,464840,NA,NA,0,Memphis,Memphis,33
2010-11,2010-12-30,1002403,264,0,1,Memphis,Lipscomb,Tigers,Bisons,3,4,29,22,7,2051,Lipscomb,1609,409,0, with a defensive rebound.,NA,FALSE,FALSE,NA,NA,NA,NA,NA,NA,0,Memphis,Lipscomb,33
2010-11,2010-12-30,1002403,266,0,1,Memphis,Lipscomb,Tigers,Bisons,3,4,29,22,7,2051,Lipscomb,1589,389,20, misses a 3-point jump shot from 26 feet out.,missed,FALSE,TRUE,Jump Shot,20,30.25,458907,NA,NA,0,Lipscomb,Lipscomb,34
2010-11,2010-12-30,1002403,267,0,1,Memphis,Lipscomb,Tigers,Bisons,3,4,29,22,7,1493,Memphis,1589,389,0, with a defensive rebound.,NA,FALSE,FALSE,NA,NA,NA,NA,NA,NA,0,Lipscomb,Memphis,34
2010-11,2010-12-30,1002403,269,0,1,Memphis,Lipscomb,Tigers,Bisons,3,4,29,22,7,2051,Lipscomb,1570,370,19,Personal foul committed by Bisons.,NA,FALSE,FALSE,NA,NA,NA,NA,NA,NA,0,Memphis,Memphis,35
2010-11,2010-12-30,1002403,270,0,1,Memphis,Lipscomb,Tigers,Bisons,3,4,30,22,8,1493,Memphis,1570,370,0, makes free throw 1 of 2.,made,TRUE,FALSE,NA,NA,NA,NA,NA,NA,0,Memphis,Memphis,35
2010-11,2010-12-30,1002403,271,0,1,Memphis,Lipscomb,Tigers,Bisons,3,4,31,22,9,1493,Memphis,1570,370,0, makes free throw 2 of 2.,made,TRUE,FALSE,NA,NA,NA,NA,NA,NA,0,Memphis,Lipscomb,35
2010-11,2010-12-30,1002403,300,0,1,Memphis,Lipscomb,Tigers,Bisons,3,4,31,22,9,1493,Memphis,1517,317,53, misses a jump shot from 20 feet out.,missed,FALSE,FALSE,Jump Shot,33,23.849999999999994,551760,NA,NA,0,Memphis,Memphis,36
2010-11,2010-12-30,1002403,301,0,1,Memphis,Lipscomb,Tigers,Bisons,3,4,31,22,9,2051,Lipscomb,1517,317,0, with a defensive rebound.,NA,FALSE,FALSE,NA,NA,NA,NA,NA,NA,0,Memphis,Lipscomb,36
2010-11,2010-12-30,1002403,303,0,1,Memphis,Lipscomb,Tigers,Bisons,3,4,31,24,7,2051,Lipscomb,1499,299,18, makes a jump shot from 16 feet out.,made,FALSE,FALSE,Jump Shot,10.2,10.25,409897,NA,NA,0,Lipscomb,Memphis,37
2010-11,2010-12-30,1002403,309,0,1,Memphis,Lipscomb,Tigers,Bisons,3,4,34,24,10,1493,Memphis,1481,281,18, makes a 3-point jump shot from 24 feet out.  with the assist.,made,FALSE,TRUE,Jump Shot,33.8,27.450000000000003,464840,NA,NA,0,Memphis,Lipscomb,38
2010-11,2010-12-30,1002403,311,0,1,Memphis,Lipscomb,Tigers,Bisons,3,4,34,24,10,1493,Memphis,1466,266,15,Personal foul committed by Tigers.,NA,FALSE,FALSE,NA,NA,NA,NA,NA,NA,0,Lipscomb,Lipscomb,39
2010-11,2010-12-30,1002403,318,0,1,Memphis,Lipscomb,Tigers,Bisons,3,4,34,24,10,2051,Lipscomb,1457,257,9, misses a 3-point jump shot from 25 feet out.,missed,FALSE,TRUE,Jump Shot,19.8,29.65,409897,NA,NA,0,Lipscomb,Lipscomb,39
2010-11,2010-12-30,1002403,319,0,1,Memphis,Lipscomb,Tigers,Bisons,3,4,34,24,10,1493,Memphis,1457,257,0, with a defensive rebound.,NA,FALSE,FALSE,NA,NA,NA,NA,NA,NA,0,Lipscomb,Memphis,39
2010-11,2010-12-30,1002403,331,0,1,Memphis,Lipscomb,Tigers,Bisons,3,4,34,26,8,2051,Lipscomb,1433,233,24, makes a jump shot from 3 feet out.  with the assist.,made,FALSE,FALSE,Jump Shot,25,8.75,558733,NA,NA,0,Lipscomb,Memphis,40
2010-11,2010-12-30,1002403,343,0,1,Memphis,Lipscomb,Tigers,Bisons,3,4,34,26,8,2051,Lipscomb,1410,210,23,Personal foul committed by Bisons.,NA,FALSE,FALSE,NA,NA,NA,NA,NA,NA,0,Memphis,Memphis,41
2010-11,2010-12-30,1002403,344,0,1,Memphis,Lipscomb,Tigers,Bisons,3,4,34,26,8,NA,NA,1410,210,0,Official TV timeout.,NA,FALSE,FALSE,NA,NA,NA,NA,NA,NA,0,NA,NA,NA
2010-11,2010-12-30,1002403,346,0,1,Memphis,Lipscomb,Tigers,Bisons,3,4,34,26,8,1493,Memphis,1410,210,0, misses free throw 1 of 1.,missed,TRUE,FALSE,NA,NA,NA,NA,NA,NA,0,Memphis,Memphis,41
2010-11,2010-12-30,1002403,347,0,1,Memphis,Lipscomb,Tigers,Bisons,3,4,34,26,8,1493,Memphis,1410,210,0, with an offensive rebound.,NA,FALSE,FALSE,NA,NA,NA,NA,NA,NA,0,Memphis,Memphis,41
2010-11,2010-12-30,1002403,350,0,1,Memphis,Lipscomb,Tigers,Bisons,3,4,34,26,8,2051,Lipscomb,1407,207,3,Personal foul committed by Bisons.,NA,FALSE,FALSE,NA,NA,NA,NA,NA,NA,0,Memphis,Memphis,41
2010-11,2010-12-30,1002403,351,0,1,Memphis,Lipscomb,Tigers,Bisons,3,4,34,26,8,1493,Memphis,1407,207,0, misses free throw 1 of 2.,missed,TRUE,FALSE,NA,NA,NA,NA,NA,NA,0,Memphis,Memphis,41
2010-11,2010-12-30,1002403,353,0,1,Memphis,Lipscomb,Tigers,Bisons,3,4,34,26,8,1493,Memphis,1407,207,0, misses free throw 2 of 2.,missed,TRUE,FALSE,NA,NA,NA,NA,NA,NA,0,Memphis,Memphis,41
2010-11,2010-12-30,1002403,354,0,1,Memphis,Lipscomb,Tigers,Bisons,3,4,34,26,8,2051,Lipscomb,1407,207,0, with a defensive rebound.,NA,FALSE,FALSE,NA,NA,NA,NA,NA,NA,0,Memphis,Lipscomb,41
2010-11,2010-12-30,1002403,358,0,1,Memphis,Lipscomb,Tigers,Bisons,3,4,34,28,6,2051,Lipscomb,1396,196,11, makes a jump shot from 14 feet out.  with the assist.,made,FALSE,FALSE,Jump Shot,38.7,8.55,409895,NA,NA,0,Lipscomb,Memphis,42
2010-11,2010-12-30,1002403,359,0,1,Memphis,Lipscomb,Tigers,Bisons,3,4,34,28,6,1493,Memphis,1380,180,16, misses a jump shot from 19 feet out.,missed,FALSE,FALSE,Jump Shot,14.5,21.450000000000003,551759,NA,NA,0,Memphis,Lipscomb,43
2010-11,2010-12-30,1002403,362,0,1,Memphis,Lipscomb,Tigers,Bisons,3,4,34,28,6,1493,Memphis,1375,175,5,Personal foul committed by Tigers.,NA,FALSE,FALSE,NA,NA,NA,NA,NA,NA,0,Lipscomb,Lipscomb,44
2010-11,2010-12-30,1002403,363,0,1,Memphis,Lipscomb,Tigers,Bisons,3,4,34,29,5,2051,Lipscomb,1375,175,0, makes free throw 1 of 2.,made,TRUE,FALSE,NA,NA,NA,NA,NA,NA,0,Lipscomb,Lipscomb,44
2010-11,2010-12-30,1002403,364,0,1,Memphis,Lipscomb,Tigers,Bisons,3,4,34,30,4,2051,Lipscomb,1375,175,0, makes free throw 2 of 2.,made,TRUE,FALSE,NA,NA,NA,NA,NA,NA,0,Lipscomb,Memphis,44
2010-11,2010-12-30,1002403,369,0,1,Memphis,Lipscomb,Tigers,Bisons,3,4,34,30,4,1493,Memphis,1359,159,16, misses a 3-point jump shot from 24 feet out.,missed,FALSE,TRUE,Jump Shot,25.7,29.450000000000003,551758,NA,NA,0,Memphis,Memphis,45
2010-11,2010-12-30,1002403,370,0,1,Memphis,Lipscomb,Tigers,Bisons,3,4,34,30,4,1493,Memphis,1359,159,0, with an offensive rebound.,NA,FALSE,FALSE,NA,NA,NA,NA,NA,NA,0,Memphis,Memphis,45
2010-11,2010-12-30,1002403,371,0,1,Memphis,Lipscomb,Tigers,Bisons,3,4,34,30,4,1493,Memphis,1344,144,15, misses a 3-point jump shot from 24 feet out.,missed,FALSE,TRUE,Jump Shot,38.2,24.75,551760,NA,NA,0,Memphis,Memphis,45
2010-11,2010-12-30,1002403,372,0,1,Memphis,Lipscomb,Tigers,Bisons,3,4,34,30,4,1493,Memphis,1344,144,0, with an offensive rebound.,NA,FALSE,FALSE,NA,NA,NA,NA,NA,NA,0,Memphis,Memphis,45
2010-11,2010-12-30,1002403,380,0,1,Memphis,Lipscomb,Tigers,Bisons,3,4,34,30,4,2051,Lipscomb,1340,140,4,Shooting foul committed by Bisons.,NA,FALSE,FALSE,NA,NA,NA,NA,NA,NA,0,Memphis,Memphis,45
2010-11,2010-12-30,1002403,381,0,1,Memphis,Lipscomb,Tigers,Bisons,3,4,34,30,4,1493,Memphis,1340,140,0, misses free throw 1 of 2.,missed,TRUE,FALSE,NA,NA,NA,NA,NA,NA,0,Memphis,Memphis,45
2010-11,2010-12-30,1002403,383,0,1,Memphis,Lipscomb,Tigers,Bisons,3,4,35,30,5,1493,Memphis,1340,140,0, makes free throw 2 of 2.,made,TRUE,FALSE,NA,NA,NA,NA,NA,NA,0,Memphis,Lipscomb,45
2010-11,2010-12-30,1002403,388,0,1,Memphis,Lipscomb,Tigers,Bisons,3,4,35,32,3,2051,Lipscomb,1325,125,15, makes a jump shot from 7 feet out.  with the assist.,made,FALSE,FALSE,Jump Shot,25,12.45,409895,NA,NA,0,Lipscomb,Memphis,46
2010-11,2010-12-30,1002403,390,0,1,Memphis,Lipscomb,Tigers,Bisons,3,4,35,32,3,1493,Memphis,1311,111,14, misses a 3-point jump shot from 22 feet out.,missed,FALSE,TRUE,Jump Shot,6,16.25,551759,NA,NA,0,Memphis,Memphis,47
2010-11,2010-12-30,1002403,391,0,1,Memphis,Lipscomb,Tigers,Bisons,3,4,35,32,3,1493,Memphis,1311,111,0, with an offensive rebound.,NA,FALSE,FALSE,NA,NA,NA,NA,NA,NA,0,Memphis,Memphis,47
2010-11,2010-12-30,1002403,396,0,1,Memphis,Lipscomb,Tigers,Bisons,3,4,35,32,3,1493,Memphis,1308,108,3, misses a tip shot from 3 feet out.,missed,FALSE,FALSE,Tip Shot,26.7,7.549999999999997,551760,NA,NA,0,Memphis,Memphis,47
2010-11,2010-12-30,1002403,397,0,1,Memphis,Lipscomb,Tigers,Bisons,3,4,35,32,3,1493,Memphis,1308,108,0, with an offensive rebound.,NA,FALSE,FALSE,NA,NA,NA,NA,NA,NA,0,Memphis,Memphis,47
2010-11,2010-12-30,1002403,405,0,1,Memphis,Lipscomb,Tigers,Bisons,3,4,37,32,5,1493,Memphis,1297,97,11, makes a jump shot from 2 feet out.  with the assist.,made,FALSE,FALSE,Jump Shot,23.7,6.650000000000006,551760,NA,NA,0,Memphis,Lipscomb,47
2010-11,2010-12-30,1002403,412,0,1,Memphis,Lipscomb,Tigers,Bisons,3,3,37,32,5,2051,Lipscomb,1291,91,6,Bisons take a 30-second timeout.,NA,FALSE,FALSE,NA,NA,NA,NA,NA,NA,0,NA,NA,NA
2010-11,2010-12-30,1002403,415,0,1,Memphis,Lipscomb,Tigers,Bisons,3,3,40,32,8,1493,Memphis,1259,59,32, makes a 3-point jump shot from 22 feet out.  with the assist.,made,FALSE,TRUE,Jump Shot,47,7.25,551759,NA,NA,0,Memphis,Lipscomb,48
2010-11,2010-12-30,1002403,420,0,1,Memphis,Lipscomb,Tigers,Bisons,3,3,42,32,10,1493,Memphis,1232,32,27, makes a layup.,made,FALSE,FALSE,Layup Shot,25,5.25,551758,NA,NA,0,Memphis,Lipscomb,49
2010-11,2010-12-30,1002403,421,0,1,Memphis,Lipscomb,Tigers,Bisons,3,3,42,32,10,NA,NA,1200,0,32,End of the 1st Half,NA,FALSE,FALSE,NA,NA,NA,NA,NA,NA,0,NA,NA,NA
2010-11,2010-12-30,1002403,422,0,2,Memphis,Lipscomb,Tigers,Bisons,4,4,42,32,10,NA,NA,1200,1200,0,Start of the 2nd Half,NA,FALSE,FALSE,NA,NA,NA,NA,NA,NA,0,NA,Lipscomb,50
2010-11,2010-12-30,1002403,425.5,0,2,Memphis,Lipscomb,Tigers,Bisons,4,4,42,32,10,2051,Lipscomb,1188,1188,12, misses a jump shot from 8 feet out.,missed,FALSE,FALSE,Jump Shot,25,13.25,409895,NA,NA,0,Lipscomb,Lipscomb,51
2010-11,2010-12-30,1002403,426.75,0,2,Memphis,Lipscomb,Tigers,Bisons,4,4,42,32,10,2051,Lipscomb,1188,1188,0, with an offensive rebound.,NA,FALSE,FALSE,NA,NA,NA,NA,NA,NA,0,Lipscomb,Lipscomb,51
2010-11,2010-12-30,1002403,446,0,2,Memphis,Lipscomb,Tigers,Bisons,4,4,42,34,8,2051,Lipscomb,1184,1184,4, makes a jump shot from 3 feet out.,made,FALSE,FALSE,Jump Shot,25.3,8.15,409894,NA,NA,0,Lipscomb,Memphis,51
2010-11,2010-12-30,1002403,449,0,2,Memphis,Lipscomb,Tigers,Bisons,4,4,42,34,8,2051,Lipscomb,1144,1144,40, misses a jump shot from 15 feet out.,missed,FALSE,FALSE,Jump Shot,39,11.65,409895,NA,NA,0,Lipscomb,Lipscomb,52
2010-11,2010-12-30,1002403,450,0,2,Memphis,Lipscomb,Tigers,Bisons,4,4,42,34,8,1493,Memphis,1144,1144,0, with a defensive rebound.,NA,FALSE,FALSE,NA,NA,NA,NA,NA,NA,0,Lipscomb,Memphis,52
2010-11,2010-12-30,1002403,451,0,2,Memphis,Lipscomb,Tigers,Bisons,4,4,44,34,10,1493,Memphis,1129,1129,15, makes a jump shot from 19 feet out.  with the assist.,made,FALSE,FALSE,Jump Shot,44,7.25,464840,NA,NA,0,Memphis,Memphis,53
2010-11,2010-12-30,1002403,459,0,2,Memphis,Lipscomb,Tigers,Bisons,4,4,44,34,10,2051,Lipscomb,1127,1127,2,Shooting foul committed by Bisons.,NA,FALSE,FALSE,NA,NA,NA,NA,NA,NA,0,Memphis,Memphis,53
2010-11,2010-12-30,1002403,460,0,2,Memphis,Lipscomb,Tigers,Bisons,4,4,45,34,11,1493,Memphis,1127,1127,0, makes free throw 1 of 1.,made,TRUE,FALSE,NA,NA,NA,NA,NA,NA,0,Memphis,Lipscomb,53
2010-11,2010-12-30,1002403,464,0,2,Memphis,Lipscomb,Tigers,Bisons,4,4,45,36,9,2051,Lipscomb,1116,1116,11, makes a jump shot from 5 feet out.  with the assist.,made,FALSE,FALSE,Jump Shot,20.5,8.15,409895,NA,NA,0,Lipscomb,Memphis,54
2010-11,2010-12-30,1002403,466,0,2,Memphis,Lipscomb,Tigers,Bisons,4,4,45,36,9,1493,Memphis,1096,1096,20, misses a jump shot from 13 feet out.,missed,FALSE,FALSE,Jump Shot,12,7.549999999999997,551757,NA,NA,0,Memphis,Memphis,55
2010-11,2010-12-30,1002403,467,0,2,Memphis,Lipscomb,Tigers,Bisons,4,4,45,36,9,1493,Memphis,1096,1096,0, with an offensive rebound.,NA,FALSE,FALSE,NA,NA,NA,NA,NA,NA,0,Memphis,Memphis,55
2010-11,2010-12-30,1002403,468,0,2,Memphis,Lipscomb,Tigers,Bisons,4,4,47,36,11,1493,Memphis,1096,1096,0, makes a tip shot from 3 feet out.,made,FALSE,FALSE,Tip Shot,22.8,6.75,551757,NA,NA,0,Memphis,Lipscomb,55
2010-11,2010-12-30,1002403,479,0,2,Memphis,Lipscomb,Tigers,Bisons,4,4,47,38,9,2051,Lipscomb,1080,1080,16, makes a layup.  with the assist.,made,FALSE,FALSE,Layup Shot,25,5.25,409894,NA,NA,0,Lipscomb,Memphis,56
2010-11,2010-12-30,1002403,481,0,2,Memphis,Lipscomb,Tigers,Bisons,4,4,49,38,11,1493,Memphis,1071,1071,9, makes a layup.,made,FALSE,FALSE,Layup Shot,25,5.25,551757,NA,NA,0,Memphis,Lipscomb,57
2010-11,2010-12-30,1002403,482,0,2,Memphis,Lipscomb,Tigers,Bisons,4,4,49,38,11,2051,Lipscomb,1056,1056,15, misses a 3-point jump shot from 24 feet out.,missed,FALSE,TRUE,Jump Shot,15.8,27.85,409894,NA,NA,0,Lipscomb,Lipscomb,58
2010-11,2010-12-30,1002403,483,0,2,Memphis,Lipscomb,Tigers,Bisons,4,4,49,38,11,2051,Lipscomb,1056,1056,0, with an offensive rebound.,NA,FALSE,FALSE,NA,NA,NA,NA,NA,NA,0,Lipscomb,Lipscomb,58
2010-11,2010-12-30,1002403,484,0,2,Memphis,Lipscomb,Tigers,Bisons,4,4,49,38,11,2051,Lipscomb,1047,1047,9, misses a 3-point jump shot from 24 feet out.,missed,FALSE,TRUE,Jump Shot,26.2,29.65,458907,NA,NA,0,Lipscomb,Lipscomb,58
2010-11,2010-12-30,1002403,485,0,2,Memphis,Lipscomb,Tigers,Bisons,4,4,49,38,11,1493,Memphis,1047,1047,0, with a defensive rebound.,NA,FALSE,FALSE,NA,NA,NA,NA,NA,NA,0,Lipscomb,Memphis,58
2010-11,2010-12-30,1002403,496,0,2,Memphis,Lipscomb,Tigers,Bisons,4,4,51,38,13,1493,Memphis,1034,1034,13, makes a jump shot from 19 feet out.,made,FALSE,FALSE,Jump Shot,21.5,24.049999999999997,551759,NA,NA,0,Memphis,Lipscomb,59
2010-11,2010-12-30,1002403,506,0,2,Memphis,Lipscomb,Tigers,Bisons,4,4,51,38,13,1493,Memphis,1019,1019,15,Personal foul committed by Tigers.,NA,FALSE,FALSE,NA,NA,NA,NA,NA,NA,0,Lipscomb,Lipscomb,60
2010-11,2010-12-30,1002403,508.5,0,2,Memphis,Lipscomb,Tigers,Bisons,4,4,51,38,13,2051,Lipscomb,1019,1019,0, misses free throw 1 of 2.,missed,TRUE,FALSE,NA,NA,NA,NA,NA,NA,0,Lipscomb,Lipscomb,60
2010-11,2010-12-30,1002403,510.375,0,2,Memphis,Lipscomb,Tigers,Bisons,4,4,51,39,12,2051,Lipscomb,1019,1019,0, makes free throw 2 of 2.,made,TRUE,FALSE,NA,NA,NA,NA,NA,NA,0,Lipscomb,Memphis,60
2010-11,2010-12-30,1002403,511,0,2,Memphis,Lipscomb,Tigers,Bisons,4,4,51,39,12,2051,Lipscomb,995,995,24,Offensive foul committed by Bisons.,NA,FALSE,FALSE,NA,NA,NA,NA,NA,NA,0,Lipscomb,Memphis,61
2010-11,2010-12-30,1002403,522,0,2,Memphis,Lipscomb,Tigers,Bisons,4,4,53,39,14,1493,Memphis,993,993,2, makes a jump shot from 16 feet out.,made,FALSE,FALSE,Jump Shot,32.5,19.150000000000006,551757,NA,NA,0,Memphis,Lipscomb,62
2010-11,2010-12-30,1002403,523,0,2,Memphis,Lipscomb,Tigers,Bisons,4,4,53,42,11,2051,Lipscomb,978,978,15, makes a 3-point jump shot from 22 feet out.  with the assist.,made,FALSE,TRUE,Jump Shot,6,15.25,409897,NA,NA,0,Lipscomb,Memphis,63
2010-11,2010-12-30,1002403,539,0,2,Memphis,Lipscomb,Tigers,Bisons,4,4,53,44,9,2051,Lipscomb,917,917,61, makes a layup.  with the assist.,made,FALSE,FALSE,Layup Shot,25,5.25,409895,NA,NA,0,Lipscomb,Lipscomb,64
2010-11,2010-12-30,1002403,540,0,2,Memphis,Lipscomb,Tigers,Bisons,4,4,53,44,9,1493,Memphis,917,917,0,Shooting foul committed by Tigers.,NA,FALSE,FALSE,NA,NA,NA,NA,NA,NA,0,Lipscomb,Lipscomb,64
2010-11,2010-12-30,1002403,541,0,2,Memphis,Lipscomb,Tigers,Bisons,4,4,53,44,9,NA,NA,917,917,0,Official TV timeout.,NA,FALSE,FALSE,NA,NA,NA,NA,NA,NA,0,NA,NA,NA
2010-11,2010-12-30,1002403,577,0,2,Memphis,Lipscomb,Tigers,Bisons,4,4,53,44,9,2051,Lipscomb,917,917,0, misses free throw 1 of 1.,missed,TRUE,FALSE,NA,NA,NA,NA,NA,NA,0,Lipscomb,Lipscomb,64
2010-11,2010-12-30,1002403,578,0,2,Memphis,Lipscomb,Tigers,Bisons,4,4,53,44,9,1493,Memphis,917,917,0, with a defensive rebound.,NA,FALSE,FALSE,NA,NA,NA,NA,NA,NA,0,Lipscomb,Memphis,64
2010-11,2010-12-30,1002403,580,0,2,Memphis,Lipscomb,Tigers,Bisons,4,4,53,46,7,2051,Lipscomb,904,904,13, dunks.,made,FALSE,FALSE,Dunk Shot,25,5.25,558733,NA,NA,0,Lipscomb,Memphis,65
2010-11,2010-12-30,1002403,581,0,2,Memphis,Lipscomb,Tigers,Bisons,4,4,55,46,9,1493,Memphis,877,877,27, makes a jump shot from 11 feet out.  with the assist.,made,FALSE,FALSE,Jump Shot,26,16.25,506598,NA,NA,0,Memphis,Lipscomb,66
2010-11,2010-12-30,1002403,584,0,2,Memphis,Lipscomb,Tigers,Bisons,4,4,55,48,7,2051,Lipscomb,846,846,31, makes a jump shot from 6 feet out.  with the assist.,made,FALSE,FALSE,Jump Shot,29.2,9.55,409895,NA,NA,0,Lipscomb,Memphis,67
2010-11,2010-12-30,1002403,586,0,2,Memphis,Lipscomb,Tigers,Bisons,4,4,55,50,5,2051,Lipscomb,838,838,8, makes a layup.,made,FALSE,FALSE,Layup Shot,25,5.25,409897,NA,NA,0,Lipscomb,Memphis,68
2010-11,2010-12-30,1002403,587,0,2,Memphis,Lipscomb,Tigers,Bisons,4,4,57,50,7,1493,Memphis,828,828,10, makes a jump shot from 23 feet out.  with the assist.,made,FALSE,FALSE,Jump Shot,31,27.25,551759,NA,NA,0,Memphis,Lipscomb,69
2010-11,2010-12-30,1002403,595,0,2,Memphis,Lipscomb,Tigers,Bisons,4,4,57,50,7,1493,Memphis,810,810,18,Personal foul committed by Tigers.,NA,FALSE,FALSE,NA,NA,NA,NA,NA,NA,0,Lipscomb,Lipscomb,70
2010-11,2010-12-30,1002403,600,0,2,Memphis,Lipscomb,Tigers,Bisons,4,4,57,53,4,2051,Lipscomb,806,806,4, makes a 3-point jump shot from 22 feet out.  with the assist.,made,FALSE,TRUE,Jump Shot,3.6999999999999993,8.35,458907,NA,NA,0,Lipscomb,Memphis,70
2010-11,2010-12-30,1002403,621,0,2,Memphis,Lipscomb,Tigers,Bisons,4,4,60,53,7,1493,Memphis,781,781,25, makes a 3-point jump shot from 23 feet out.  with the assist.,made,FALSE,TRUE,Jump Shot,12.299999999999997,24.950000000000003,551758,NA,NA,0,Memphis,Lipscomb,71
2010-11,2010-12-30,1002403,632,0,2,Memphis,Lipscomb,Tigers,Bisons,4,4,60,53,7,2051,Lipscomb,742,742,39, misses a 3-point jump shot from 23 feet out.,missed,FALSE,TRUE,Jump Shot,37.5,24.75,458907,NA,NA,0,Lipscomb,Lipscomb,72
2010-11,2010-12-30,1002403,633,0,2,Memphis,Lipscomb,Tigers,Bisons,4,4,60,53,7,1493,Memphis,742,742,0, with a defensive rebound.,NA,FALSE,FALSE,NA,NA,NA,NA,NA,NA,0,Lipscomb,Memphis,72
2010-11,2010-12-30,1002403,635,0,2,Memphis,Lipscomb,Tigers,Bisons,4,4,62,53,9,1493,Memphis,728,728,14, makes a jump shot from 18 feet out.  with the assist.,made,FALSE,FALSE,Jump Shot,18,21.25,506598,NA,NA,0,Memphis,Lipscomb,73
2010-11,2010-12-30,1002403,644,0,2,Memphis,Lipscomb,Tigers,Bisons,4,4,62,53,9,2051,Lipscomb,706,706,22, misses a jump shot from 4 feet out.,missed,FALSE,FALSE,Jump Shot,21.8,7.75,409894,NA,NA,0,Lipscomb,Memphis,74
2010-11,2010-12-30,1002403,646,0,2,Memphis,Lipscomb,Tigers,Bisons,4,4,62,53,9,NA,NA,706,706,0,Official TV timeout.,NA,FALSE,FALSE,NA,NA,NA,NA,NA,NA,0,NA,NA,NA
2010-11,2010-12-30,1002403,660,0,2,Memphis,Lipscomb,Tigers,Bisons,4,4,64,53,11,1493,Memphis,691,691,15, makes a jump shot from 21 feet out.,made,FALSE,FALSE,Jump Shot,28.8,25.950000000000003,551757,NA,NA,0,Memphis,Lipscomb,75
2010-11,2010-12-30,1002403,661,0,2,Memphis,Lipscomb,Tigers,Bisons,4,4,64,53,11,2051,Lipscomb,682,682,9, misses a 3-point jump shot from 24 feet out.,missed,FALSE,TRUE,Jump Shot,12.5,25.55,458907,NA,NA,0,Lipscomb,Lipscomb,76
2010-11,2010-12-30,1002403,662,0,2,Memphis,Lipscomb,Tigers,Bisons,4,4,64,53,11,1493,Memphis,682,682,0, with a defensive rebound.,NA,FALSE,FALSE,NA,NA,NA,NA,NA,NA,0,Lipscomb,Memphis,76
2010-11,2010-12-30,1002403,663,0,2,Memphis,Lipscomb,Tigers,Bisons,4,4,67,53,14,1493,Memphis,674,674,8, makes a 3-point jump shot from 24 feet out.  with the assist.,made,FALSE,TRUE,Jump Shot,38,25.25,551758,NA,NA,0,Memphis,Lipscomb,77
2010-11,2010-12-30,1002403,666.5,0,2,Memphis,Lipscomb,Tigers,Bisons,4,3,67,53,14,2051,Lipscomb,667,667,7,Bisons take a 30-second timeout.,NA,FALSE,FALSE,NA,NA,NA,NA,NA,NA,0,NA,NA,NA
2010-11,2010-12-30,1002403,672,0,2,Memphis,Lipscomb,Tigers,Bisons,4,3,67,53,14,2051,Lipscomb,644,644,23, misses a 3-point jump shot from 23 feet out.,missed,FALSE,TRUE,Jump Shot,7.300000000000001,19.35,458907,NA,NA,0,Lipscomb,Memphis,78
2010-11,2010-12-30,1002403,675,0,2,Memphis,Lipscomb,Tigers,Bisons,4,3,67,53,14,1493,Memphis,627,627,17, misses a 3-point jump shot from 22 feet out.,missed,FALSE,TRUE,Jump Shot,41.5,20.349999999999994,551759,NA,NA,0,Memphis,Memphis,79
2010-11,2010-12-30,1002403,676,0,2,Memphis,Lipscomb,Tigers,Bisons,4,3,67,53,14,2051,Lipscomb,627,627,0, with a defensive rebound.,NA,FALSE,FALSE,NA,NA,NA,NA,NA,NA,0,Memphis,Lipscomb,79
2010-11,2010-12-30,1002403,677,0,2,Memphis,Lipscomb,Tigers,Bisons,4,3,67,53,14,2051,Lipscomb,612,612,15, misses a 3-point jump shot from 24 feet out.,missed,FALSE,TRUE,Jump Shot,17.7,28.25,558733,NA,NA,0,Lipscomb,Lipscomb,80
2010-11,2010-12-30,1002403,678,0,2,Memphis,Lipscomb,Tigers,Bisons,4,3,67,53,14,1493,Memphis,612,612,0, with a defensive rebound.,NA,FALSE,FALSE,NA,NA,NA,NA,NA,NA,0,Lipscomb,Memphis,80
2010-11,2010-12-30,1002403,680,0,2,Memphis,Lipscomb,Tigers,Bisons,4,3,67,53,14,1493,Memphis,598,598,14, misses a jump shot from 10 feet out.,missed,FALSE,FALSE,Jump Shot,23,15.25,551757,NA,NA,0,Memphis,Memphis,81
2010-11,2010-12-30,1002403,681,0,2,Memphis,Lipscomb,Tigers,Bisons,4,3,67,53,14,1493,Memphis,598,598,0, with an offensive rebound.,NA,FALSE,FALSE,NA,NA,NA,NA,NA,NA,0,Memphis,Memphis,81
2010-11,2010-12-30,1002403,682,0,2,Memphis,Lipscomb,Tigers,Bisons,4,3,67,53,14,2051,Lipscomb,593,593,5, misses a 3-point jump shot from 25 feet out.,missed,FALSE,TRUE,Jump Shot,26.2,30.25,409897,NA,NA,0,Lipscomb,Lipscomb,81
2010-11,2010-12-30,1002403,683,0,2,Memphis,Lipscomb,Tigers,Bisons,4,3,67,53,14,2051,Lipscomb,593,593,0, with an offensive rebound.,NA,FALSE,FALSE,NA,NA,NA,NA,NA,NA,0,Lipscomb,Lipscomb,81
2010-11,2010-12-30,1002403,687,0,2,Memphis,Lipscomb,Tigers,Bisons,4,3,67,55,12,2051,Lipscomb,576,576,17, makes a layup.  with the assist.,made,FALSE,FALSE,Layup Shot,25,5.25,504622,NA,NA,0,Lipscomb,Memphis,81
2010-11,2010-12-30,1002403,690,0,2,Memphis,Lipscomb,Tigers,Bisons,4,3,67,55,12,2051,Lipscomb,561,561,15,Personal foul committed by Bisons.,NA,FALSE,FALSE,NA,NA,NA,NA,NA,NA,0,Memphis,Memphis,82
2010-11,2010-12-30,1002403,691,0,2,Memphis,Lipscomb,Tigers,Bisons,4,3,68,55,13,1493,Memphis,561,561,0, makes free throw 1 of 2.,made,TRUE,FALSE,NA,NA,NA,NA,NA,NA,0,Memphis,Memphis,82
2010-11,2010-12-30,1002403,692,0,2,Memphis,Lipscomb,Tigers,Bisons,4,3,69,55,14,1493,Memphis,561,561,0, makes free throw 2 of 2.,made,TRUE,FALSE,NA,NA,NA,NA,NA,NA,0,Memphis,Lipscomb,82
2010-11,2010-12-30,1002403,695,0,2,Memphis,Lipscomb,Tigers,Bisons,4,3,69,55,14,1493,Memphis,538,538,23, misses a 3-point jump shot from 21 feet out.,missed,FALSE,TRUE,Jump Shot,45.7,10.25,464840,NA,NA,0,Memphis,Memphis,83
2010-11,2010-12-30,1002403,697,0,2,Memphis,Lipscomb,Tigers,Bisons,4,3,69,55,14,2051,Lipscomb,538,538,0,Personal foul committed by Bisons.,NA,FALSE,FALSE,NA,NA,NA,NA,NA,NA,0,Memphis,Memphis,83
2010-11,2010-12-30,1002403,700,0,2,Memphis,Lipscomb,Tigers,Bisons,4,3,69,57,12,2051,Lipscomb,519,519,19, makes a layup.  with the assist.,made,FALSE,FALSE,Layup Shot,25,5.25,409894,NA,NA,0,Lipscomb,Memphis,83
2010-11,2010-12-30,1002403,711,0,2,Memphis,Lipscomb,Tigers,Bisons,4,3,71,57,14,1493,Memphis,506,506,13, makes a layup.,made,FALSE,FALSE,Layup Shot,25,5.25,464840,NA,NA,0,Memphis,Lipscomb,84
2010-11,2010-12-30,1002403,713,0,2,Memphis,Lipscomb,Tigers,Bisons,4,3,71,57,14,1493,Memphis,497,497,9, misses a jump shot from 15 feet out.,missed,FALSE,FALSE,Jump Shot,40.3,6.650000000000006,551758,NA,NA,0,Memphis,Memphis,85
2010-11,2010-12-30,1002403,714,0,2,Memphis,Lipscomb,Tigers,Bisons,4,3,71,57,14,1493,Memphis,497,497,0, with an offensive rebound.,NA,FALSE,FALSE,NA,NA,NA,NA,NA,NA,0,Memphis,Memphis,85
2010-11,2010-12-30,1002403,716,0,2,Memphis,Lipscomb,Tigers,Bisons,4,3,71,57,14,1493,Memphis,491,491,6, misses a layup.,missed,FALSE,FALSE,Layup Shot,26,6.25,506598,NA,NA,0,Memphis,Memphis,85
2010-11,2010-12-30,1002403,717,0,2,Memphis,Lipscomb,Tigers,Bisons,4,3,71,57,14,2051,Lipscomb,491,491,0, with a defensive rebound.,NA,FALSE,FALSE,NA,NA,NA,NA,NA,NA,0,Memphis,Lipscomb,85
2010-11,2010-12-30,1002403,721,0,2,Memphis,Lipscomb,Tigers,Bisons,4,3,73,57,16,1493,Memphis,463,463,28, dunks.  with the assist.,made,FALSE,FALSE,Dunk Shot,25,5.25,551760,NA,NA,0,Memphis,Lipscomb,86
2010-11,2010-12-30,1002403,724,0,2,Memphis,Lipscomb,Tigers,Bisons,4,3,73,59,14,2051,Lipscomb,455,455,8, makes a jump shot from 16 feet out.  with the assist.,made,FALSE,FALSE,Jump Shot,9.2,6.75,409894,NA,NA,0,Lipscomb,Memphis,87
2010-11,2010-12-30,1002403,733,0,2,Memphis,Lipscomb,Tigers,Bisons,4,3,73,59,14,NA,NA,441,441,14,Official TV timeout.,NA,FALSE,FALSE,NA,NA,NA,NA,NA,NA,0,NA,NA,NA
2010-11,2010-12-30,1002403,786,0,2,Memphis,Lipscomb,Tigers,Bisons,4,3,73,59,14,2051,Lipscomb,432,432,9, misses a 3-point jump shot from 24 feet out.,missed,FALSE,TRUE,Jump Shot,14.7,26.95,458907,NA,NA,0,Lipscomb,Lipscomb,88
2010-11,2010-12-30,1002403,787,0,2,Memphis,Lipscomb,Tigers,Bisons,4,3,73,59,14,1493,Memphis,432,432,0, with a defensive rebound.,NA,FALSE,FALSE,NA,NA,NA,NA,NA,NA,0,Lipscomb,Memphis,88
2010-11,2010-12-30,1002403,792,0,2,Memphis,Lipscomb,Tigers,Bisons,4,3,73,59,14,1493,Memphis,417,417,15, misses a jump shot from 10 feet out.,missed,FALSE,FALSE,Jump Shot,34,9.849999999999994,506598,NA,NA,0,Memphis,Memphis,89
2010-11,2010-12-30,1002403,793,0,2,Memphis,Lipscomb,Tigers,Bisons,4,3,73,59,14,1493,Memphis,417,417,0, with an offensive rebound.,NA,FALSE,FALSE,NA,NA,NA,NA,NA,NA,0,Memphis,Memphis,89
2010-11,2010-12-30,1002403,794,0,2,Memphis,Lipscomb,Tigers,Bisons,4,3,75,59,16,1493,Memphis,410,410,7, makes a layup.,made,FALSE,FALSE,Layup Shot,25,5.25,506598,NA,NA,0,Memphis,Lipscomb,89
2010-11,2010-12-30,1002403,797,0,2,Memphis,Lipscomb,Tigers,Bisons,4,3,75,59,16,2051,Lipscomb,398,398,12, misses a layup.,missed,FALSE,FALSE,Layup Shot,26,6.25,409895,NA,NA,0,Lipscomb,Lipscomb,90
2010-11,2010-12-30,1002403,798,0,2,Memphis,Lipscomb,Tigers,Bisons,4,3,75,59,16,1493,Memphis,398,398,0, with a defensive rebound.,NA,FALSE,FALSE,NA,NA,NA,NA,NA,NA,0,Lipscomb,Memphis,90
2010-11,2010-12-30,1002403,804,0,2,Memphis,Lipscomb,Tigers,Bisons,4,3,75,59,16,1493,Memphis,376,376,22, misses a jump shot from 9 feet out.,missed,FALSE,FALSE,Jump Shot,22.7,13.549999999999997,551760,NA,NA,0,Memphis,Memphis,91
2010-11,2010-12-30,1002403,805,0,2,Memphis,Lipscomb,Tigers,Bisons,4,3,75,59,16,1493,Memphis,376,376,0, with an offensive rebound.,NA,FALSE,FALSE,NA,NA,NA,NA,NA,NA,0,Memphis,Memphis,91
2010-11,2010-12-30,1002403,810,0,2,Memphis,Lipscomb,Tigers,Bisons,4,3,75,59,16,1493,Memphis,372,372,4, misses a 3-point jump shot from 24 feet out.,missed,FALSE,TRUE,Jump Shot,37.5,25.150000000000006,551759,NA,NA,0,Memphis,Memphis,91
2010-11,2010-12-30,1002403,811,0,2,Memphis,Lipscomb,Tigers,Bisons,4,3,75,59,16,1493,Memphis,372,372,0, with an offensive rebound.,NA,FALSE,FALSE,NA,NA,NA,NA,NA,NA,0,Memphis,Memphis,91
2010-11,2010-12-30,1002403,827,0,2,Memphis,Lipscomb,Tigers,Bisons,4,3,75,59,16,1493,Memphis,350,350,22, misses a 3-point jump shot from 22 feet out.,missed,FALSE,TRUE,Jump Shot,46.7,6.25,551760,NA,NA,0,Memphis,Memphis,91
2010-11,2010-12-30,1002403,828,0,2,Memphis,Lipscomb,Tigers,Bisons,4,3,75,59,16,2051,Lipscomb,350,350,0, with a defensive rebound.,NA,FALSE,FALSE,NA,NA,NA,NA,NA,NA,0,Memphis,Lipscomb,91
2010-11,2010-12-30,1002403,829,0,2,Memphis,Lipscomb,Tigers,Bisons,4,3,75,59,16,2051,Lipscomb,340,340,10, misses a jump shot from 19 feet out.,missed,FALSE,FALSE,Jump Shot,15.3,21.65,409897,NA,NA,0,Lipscomb,Lipscomb,92
2010-11,2010-12-30,1002403,830,0,2,Memphis,Lipscomb,Tigers,Bisons,4,3,75,59,16,1493,Memphis,340,340,0, with a defensive rebound.,NA,FALSE,FALSE,NA,NA,NA,NA,NA,NA,0,Lipscomb,Memphis,92
2010-11,2010-12-30,1002403,831,0,2,Memphis,Lipscomb,Tigers,Bisons,4,3,75,59,16,1493,Memphis,328,328,12, misses a 3-point jump shot from 24 feet out.,missed,FALSE,TRUE,Jump Shot,25.3,29.450000000000003,551758,NA,NA,0,Memphis,Memphis,93
2010-11,2010-12-30,1002403,832,0,2,Memphis,Lipscomb,Tigers,Bisons,4,3,75,59,16,2051,Lipscomb,328,328,0, with a defensive rebound.,NA,FALSE,FALSE,NA,NA,NA,NA,NA,NA,0,Memphis,Lipscomb,93
2010-11,2010-12-30,1002403,834,0,2,Memphis,Lipscomb,Tigers,Bisons,4,3,75,61,14,2051,Lipscomb,319,319,9, makes a jump shot from 3 feet out.  with the assist.,made,FALSE,FALSE,Jump Shot,26.8,8.15,409895,NA,NA,0,Lipscomb,Memphis,94
2010-11,2010-12-30,1002403,837,0,2,Memphis,Lipscomb,Tigers,Bisons,4,2,75,61,14,2051,Lipscomb,317,317,2,Bisons take a 30-second timeout.,NA,FALSE,FALSE,NA,NA,NA,NA,NA,NA,0,NA,NA,NA
2010-11,2010-12-30,1002403,839,0,2,Memphis,Lipscomb,Tigers,Bisons,4,2,75,61,14,1493,Memphis,306,306,11, misses a jump shot from 14 feet out.,missed,FALSE,FALSE,Jump Shot,28.2,18.450000000000003,551757,NA,NA,0,Memphis,Memphis,95
2010-11,2010-12-30,1002403,840,0,2,Memphis,Lipscomb,Tigers,Bisons,4,2,75,61,14,1493,Memphis,306,306,0, with an offensive rebound.,NA,FALSE,FALSE,NA,NA,NA,NA,NA,NA,0,Memphis,Memphis,95
2010-11,2010-12-30,1002403,841,0,2,Memphis,Lipscomb,Tigers,Bisons,4,2,77,61,16,1493,Memphis,300,300,6, makes a layup.,made,FALSE,FALSE,Layup Shot,25,5.25,464840,NA,NA,0,Memphis,Lipscomb,95
2010-11,2010-12-30,1002403,842,0,2,Memphis,Lipscomb,Tigers,Bisons,4,2,79,61,18,1493,Memphis,285,285,15, dunks.  with the assist.,made,FALSE,FALSE,Dunk Shot,25,5.25,464840,NA,NA,0,Memphis,Lipscomb,96
2010-11,2010-12-30,1002403,848,0,2,Memphis,Lipscomb,Tigers,Bisons,4,2,79,61,18,1493,Memphis,277,277,8,Personal foul committed by Tigers.,NA,FALSE,FALSE,NA,NA,NA,NA,NA,NA,0,Lipscomb,Lipscomb,97
2010-11,2010-12-30,1002403,849,0,2,Memphis,Lipscomb,Tigers,Bisons,4,2,79,61,18,2051,Lipscomb,250,250,27, misses a jump shot from 3 feet out.,missed,FALSE,FALSE,Jump Shot,27,8.25,409895,NA,NA,0,Lipscomb,Lipscomb,97
2010-11,2010-12-30,1002403,849.5,0,2,Memphis,Lipscomb,Tigers,Bisons,4,2,79,61,18,1493,Memphis,250,250,0, with a defensive rebound.,NA,FALSE,FALSE,NA,NA,NA,NA,NA,NA,0,Lipscomb,Memphis,97
2010-11,2010-12-30,1002403,850,0,2,Memphis,Lipscomb,Tigers,Bisons,4,2,81,61,20,1493,Memphis,250,250,0, makes a layup.  with the assist.,made,FALSE,FALSE,Layup Shot,25,5.25,551760,NA,NA,0,Memphis,Lipscomb,98
2010-11,2010-12-30,1002403,861,0,2,Memphis,Lipscomb,Tigers,Bisons,4,2,81,61,20,1493,Memphis,235,235,15,Personal foul committed by Tigers.,NA,FALSE,FALSE,NA,NA,NA,NA,NA,NA,0,Lipscomb,Lipscomb,99
2010-11,2010-12-30,1002403,862,0,2,Memphis,Lipscomb,Tigers,Bisons,4,2,81,61,20,NA,NA,235,235,0,Official TV timeout.,NA,FALSE,FALSE,NA,NA,NA,NA,NA,NA,0,NA,NA,NA
2010-11,2010-12-30,1002403,864,0,2,Memphis,Lipscomb,Tigers,Bisons,4,2,81,62,19,2051,Lipscomb,235,235,0, makes free throw 1 of 2.,made,TRUE,FALSE,NA,NA,NA,NA,NA,NA,0,Lipscomb,Lipscomb,99
2010-11,2010-12-30,1002403,865,0,2,Memphis,Lipscomb,Tigers,Bisons,4,2,81,63,18,2051,Lipscomb,235,235,0, makes free throw 2 of 2.,made,TRUE,FALSE,NA,NA,NA,NA,NA,NA,0,Lipscomb,Memphis,99
2010-11,2010-12-30,1002403,869,0,2,Memphis,Lipscomb,Tigers,Bisons,4,2,81,63,18,2051,Lipscomb,216,216,19, misses a layup.,missed,FALSE,FALSE,Layup Shot,26,6.25,504622,NA,NA,0,Lipscomb,Lipscomb,100
2010-11,2010-12-30,1002403,870,0,2,Memphis,Lipscomb,Tigers,Bisons,4,2,81,63,18,2051,Lipscomb,216,216,0, with an offensive rebound.,NA,FALSE,FALSE,NA,NA,NA,NA,NA,NA,0,Lipscomb,Lipscomb,100
2010-11,2010-12-30,1002403,871,0,2,Memphis,Lipscomb,Tigers,Bisons,4,2,81,65,16,2051,Lipscomb,212,212,4, makes a jump shot from 4 feet out.  with the assist.,made,FALSE,FALSE,Jump Shot,22,8.25,504622,NA,NA,0,Lipscomb,Memphis,100
2010-11,2010-12-30,1002403,880,0,2,Memphis,Lipscomb,Tigers,Bisons,4,2,81,65,16,1493,Memphis,196,196,16, misses a layup.,missed,FALSE,FALSE,Layup Shot,26,6.25,551759,NA,NA,0,Memphis,Memphis,101
2010-11,2010-12-30,1002403,881,0,2,Memphis,Lipscomb,Tigers,Bisons,4,2,81,65,16,1493,Memphis,196,196,0, with an offensive rebound.,NA,FALSE,FALSE,NA,NA,NA,NA,NA,NA,0,Memphis,Memphis,101
2010-11,2010-12-30,1002403,882,0,2,Memphis,Lipscomb,Tigers,Bisons,4,1,81,65,16,2051,Lipscomb,196,196,0,Bisons take a 30-second timeout.,NA,FALSE,FALSE,NA,NA,NA,NA,NA,NA,0,NA,NA,NA
2010-11,2010-12-30,1002403,887,0,2,Memphis,Lipscomb,Tigers,Bisons,4,1,81,65,16,2051,Lipscomb,191,191,5,Personal foul committed by Bisons.,NA,FALSE,FALSE,NA,NA,NA,NA,NA,NA,0,Memphis,Memphis,101
2010-11,2010-12-30,1002403,891,0,2,Memphis,Lipscomb,Tigers,Bisons,4,1,83,65,18,1493,Memphis,179,179,12, dunks.  with the assist.,made,FALSE,FALSE,Dunk Shot,25,5.25,551761,NA,NA,0,Memphis,Lipscomb,101
2010-11,2010-12-30,1002403,903,0,2,Memphis,Lipscomb,Tigers,Bisons,4,1,83,65,18,2051,Lipscomb,165,165,14, misses a jump shot from 15 feet out.,missed,FALSE,FALSE,Jump Shot,39.7,6.25,504622,NA,NA,0,Lipscomb,Lipscomb,102
2010-11,2010-12-30,1002403,904,0,2,Memphis,Lipscomb,Tigers,Bisons,4,1,83,65,18,1493,Memphis,165,165,0, with a defensive rebound.,NA,FALSE,FALSE,NA,NA,NA,NA,NA,NA,0,Lipscomb,Memphis,102
2010-11,2010-12-30,1002403,906,0,2,Memphis,Lipscomb,Tigers,Bisons,4,1,83,65,18,2051,Lipscomb,135,135,30,Personal foul committed by Bisons.,NA,FALSE,FALSE,NA,NA,NA,NA,NA,NA,0,Memphis,Memphis,103
2010-11,2010-12-30,1002403,908,0,2,Memphis,Lipscomb,Tigers,Bisons,4,1,83,65,18,1493,Memphis,130,130,5, misses a jump shot from 17 feet out.,missed,FALSE,FALSE,Jump Shot,10,13.349999999999994,524960,NA,NA,0,Memphis,Memphis,103
2010-11,2010-12-30,1002403,909,0,2,Memphis,Lipscomb,Tigers,Bisons,4,1,83,65,18,1493,Memphis,130,130,0, with an offensive rebound.,NA,FALSE,FALSE,NA,NA,NA,NA,NA,NA,0,Memphis,Memphis,103
2010-11,2010-12-30,1002403,910,0,2,Memphis,Lipscomb,Tigers,Bisons,4,1,85,65,20,1493,Memphis,124,124,6, makes a jump shot from 4 feet out.,made,FALSE,FALSE,Jump Shot,27.3,8.150000000000006,551761,NA,NA,0,Memphis,Lipscomb,103
2010-11,2010-12-30,1002403,918,0,2,Memphis,Lipscomb,Tigers,Bisons,4,1,85,65,20,2051,Lipscomb,106,106,18, misses a jump shot from 18 feet out.,missed,FALSE,FALSE,Jump Shot,24.8,22.85,504622,NA,NA,0,Lipscomb,Lipscomb,104
2010-11,2010-12-30,1002403,919,0,2,Memphis,Lipscomb,Tigers,Bisons,4,1,85,65,20,2051,Lipscomb,106,106,0, with an offensive rebound.,NA,FALSE,FALSE,NA,NA,NA,NA,NA,NA,0,Lipscomb,Lipscomb,104
2010-11,2010-12-30,1002403,920,0,2,Memphis,Lipscomb,Tigers,Bisons,4,1,85,65,20,2051,Lipscomb,95,95,11, misses a 3-point jump shot from 24 feet out.,missed,FALSE,TRUE,Jump Shot,15,27.35,409897,NA,NA,0,Lipscomb,Lipscomb,104
2010-11,2010-12-30,1002403,921,0,2,Memphis,Lipscomb,Tigers,Bisons,4,1,85,65,20,1493,Memphis,95,95,0, with a defensive rebound.,NA,FALSE,FALSE,NA,NA,NA,NA,NA,NA,0,Lipscomb,Memphis,104
2010-11,2010-12-30,1002403,934,0,2,Memphis,Lipscomb,Tigers,Bisons,4,1,88,65,23,1493,Memphis,64,64,31, makes a 3-point jump shot from 22 feet out.  with the assist.,made,FALSE,TRUE,Jump Shot,5,13.349999999999994,524960,NA,NA,0,Memphis,Lipscomb,105
2010-11,2010-12-30,1002403,940,0,2,Memphis,Lipscomb,Tigers,Bisons,4,1,88,67,21,2051,Lipscomb,50,50,14, makes a layup.,made,FALSE,FALSE,Layup Shot,25,5.25,504622,NA,NA,0,Lipscomb,Lipscomb,106
2010-11,2010-12-30,1002403,947,0,2,Memphis,Lipscomb,Tigers,Bisons,4,1,88,67,21,1493,Memphis,50,50,0,Shooting foul committed by Tigers.,NA,FALSE,FALSE,NA,NA,NA,NA,NA,NA,0,Lipscomb,Lipscomb,106
2010-11,2010-12-30,1002403,948,0,2,Memphis,Lipscomb,Tigers,Bisons,4,1,88,68,20,2051,Lipscomb,50,50,0, makes free throw 1 of 1.,made,TRUE,FALSE,NA,NA,NA,NA,NA,NA,0,Lipscomb,Memphis,106
2010-11,2010-12-30,1002403,968,0,2,Memphis,Lipscomb,Tigers,Bisons,4,1,88,70,18,2051,Lipscomb,44,44,6, makes a layup.,made,FALSE,FALSE,Layup Shot,25,5.25,558733,NA,NA,0,Lipscomb,Lipscomb,107
2010-11,2010-12-30,1002403,973,0,2,Memphis,Lipscomb,Tigers,Bisons,4,1,88,70,18,1493,Memphis,42,42,2,Shooting foul committed by Tigers.,NA,FALSE,FALSE,NA,NA,NA,NA,NA,NA,0,Lipscomb,Lipscomb,107
2010-11,2010-12-30,1002403,974,0,2,Memphis,Lipscomb,Tigers,Bisons,4,1,88,70,18,2051,Lipscomb,42,42,0, misses free throw 1 of 1.,missed,TRUE,FALSE,NA,NA,NA,NA,NA,NA,0,Lipscomb,Lipscomb,107
2010-11,2010-12-30,1002403,975,0,2,Memphis,Lipscomb,Tigers,Bisons,4,1,88,70,18,1493,Memphis,42,42,0, with a defensive rebound.,NA,FALSE,FALSE,NA,NA,NA,NA,NA,NA,0,Lipscomb,Memphis,107
2010-11,2010-12-30,1002403,987,0,2,Memphis,Lipscomb,Tigers,Bisons,4,1,88,70,18,1493,Memphis,19,19,23, misses a 3-point jump shot from 24 feet out.,missed,FALSE,TRUE,Jump Shot,34.5,27.650000000000006,575444,NA,NA,0,Memphis,Memphis,108
2010-11,2010-12-30,1002403,988,0,2,Memphis,Lipscomb,Tigers,Bisons,4,1,88,70,18,2051,Lipscomb,19,19,0, with a defensive rebound.,NA,FALSE,FALSE,NA,NA,NA,NA,NA,NA,0,Memphis,Lipscomb,108
2010-11,2010-12-30,1002403,989,0,2,Memphis,Lipscomb,Tigers,Bisons,4,1,88,70,18,2051,Lipscomb,9,9,10, misses a jump shot from 16 feet out.,missed,FALSE,FALSE,Jump Shot,24.2,21.15,409894,NA,NA,0,Lipscomb,Lipscomb,109
2010-11,2010-12-30,1002403,990,0,2,Memphis,Lipscomb,Tigers,Bisons,4,1,88,70,18,2051,Lipscomb,9,9,0, with an offensive rebound.,NA,FALSE,FALSE,NA,NA,NA,NA,NA,NA,0,Lipscomb,Lipscomb,109
2010-11,2010-12-30,1002403,997,0,2,Memphis,Lipscomb,Tigers,Bisons,4,1,88,70,18,2051,Lipscomb,6,6,3, misses a jump shot from 18 feet out.,missed,FALSE,FALSE,Jump Shot,34.3,20.55,558733,NA,NA,0,Lipscomb,Lipscomb,109
2010-11,2010-12-30,1002403,998,0,2,Memphis,Lipscomb,Tigers,Bisons,4,1,88,70,18,2051,Lipscomb,6,6,0, with an offensive rebound.,NA,FALSE,FALSE,NA,NA,NA,NA,NA,NA,0,Lipscomb,Lipscomb,109
2010-11,2010-12-30,1002403,1002,0,2,Memphis,Lipscomb,Tigers,Bisons,4,1,88,70,18,2051,Lipscomb,3,3,3, misses a layup.,missed,FALSE,FALSE,Layup Shot,26,6.25,410561,NA,NA,0,Lipscomb,Lipscomb,109
2010-11,2010-12-30,1002403,1003,0,2,Memphis,Lipscomb,Tigers,Bisons,4,1,88,70,18,2051,Lipscomb,3,3,0, with an offensive rebound.,NA,FALSE,FALSE,NA,NA,NA,NA,NA,NA,0,Lipscomb,Lipscomb,109
2010-11,2010-12-30,1002403,1004,0,2,Memphis,Lipscomb,Tigers,Bisons,4,1,88,70,18,NA,NA,0,0,3,End of the 2nd Half,NA,FALSE,FALSE,NA,NA,NA,NA,NA,NA,0,NA,NA,NA
2010-11,2010-12-30,1002403,1005,0,2,Memphis,Lipscomb,Tigers,Bisons,4,1,88,70,18,NA,NA,0,0,0,End of the Game,NA,FALSE,FALSE,NA,NA,NA,NA,NA,NA,0,Lipscomb,Lipscomb,NA
