season,date,game_id,play_id,neutral,half,home,away,home_name,away_name,home_timeouts,away_timeouts,home_score,away_score,score_diff,team_id,event_team,game_secs_remaining,half_secs_remaining,play_length,desc,shot_outcome,free_throw,three_pt,shot_desc,loc_x,loc_y,shooter_id,shooter,assist,substitution,poss_before,poss_after,poss_number,sub_error,home_1,home_2,home_3,home_4,home_5,away_1,away_2,away_3,away_4,away_5
2017-18,2018-02-17,1961158,1,0,1,Kansas State,Iowa State,Wildcats,Cyclones,4,4,0,0,0,1450,Iowa State,NA,NA,NA,Starting Lineup - Solomon Young,NA,FALSE,FALSE,NA,NA,NA,NA,NA,NA,1,NA,NA,NA,NA,Barry Brown Jr.,Xavier Sneed,Cartier Diarra,Makol Mawien,Dean Wade,Solomon Young,Donovan Jackson,Cameron Lard,Lindell Wigginton,Zoran Talley Jr.
2017-18,2018-02-17,1961158,1,0,1,Kansas State,Iowa State,Wildcats,Cyclones,4,4,0,0,0,1457,Kansas State,NA,NA,NA,Starting Lineup - Barry Brown Jr.,NA,FALSE,FALSE,NA,NA,NA,NA,NA,NA,1,NA,NA,NA,NA,Barry Brown Jr.,Xavier Sneed,Cartier Diarra,Makol Mawien,Dean Wade,Solomon Young,Donovan Jackson,Cameron Lard,Lindell Wigginton,Zoran Talley Jr.
2017-18,2018-02-17,1961158,1,0,1,Kansas State,Iowa State,Wildcats,Cyclones,4,4,0,0,0,1457,Kansas State,NA,NA,NA,Starting Lineup - Xavier Sneed,NA,FALSE,FALSE,NA,NA,NA,NA,NA,NA,1,NA,NA,NA,NA,Barry Brown Jr.,Xavier Sneed,Cartier Diarra,Makol Mawien,Dean Wade,Solomon Young,Donovan Jackson,Cameron Lard,Lindell Wigginton,Zoran Talley Jr.
2017-18,2018-02-17,1961158,1,0,1,Kansas State,Iowa State,Wildcats,Cyclones,4,4,0,0,0,1457,Kansas State,NA,NA,NA,Starting Lineup - Cartier Diarra,NA,FALSE,FALSE,NA,NA,NA,NA,NA,NA,1,NA,NA,NA,NA,Barry Brown Jr.,Xavier Sneed,Cartier Diarra,Makol Mawien,Dean Wade,Solomon Young,Donovan Jackson,Cameron Lard,Lindell Wigginton,Zoran Talley Jr.
2017-18,2018-02-17,1961158,1,0,1,Kansas State,Iowa State,Wildcats,Cyclones,4,4,0,0,0,1450,Iowa State,NA,NA,NA,Starting Lineup - Donovan Jackson,NA,FALSE,FALSE,NA,NA,NA,NA,NA,NA,1,NA,NA,NA,NA,Barry Brown Jr.,Xavier Sneed,Cartier Diarra,Makol Mawien,Dean Wade,Solomon Young,Donovan Jackson,Cameron Lard,Lindell Wigginton,Zoran Talley Jr.
2017-18,2018-02-17,1961158,1,0,1,Kansas State,Iowa State,Wildcats,Cyclones,4,4,0,0,0,1450,Iowa State,NA,NA,NA,Starting Lineup - Cameron Lard,NA,FALSE,FALSE,NA,NA,NA,NA,NA,NA,1,NA,NA,NA,NA,Barry Brown Jr.,Xavier Sneed,Cartier Diarra,Makol Mawien,Dean Wade,Solomon Young,Donovan Jackson,Cameron Lard,Lindell Wigginton,Zoran Talley Jr.
2017-18,2018-02-17,1961158,1,0,1,Kansas State,Iowa State,Wildcats,Cyclones,4,4,0,0,0,1457,Kansas State,NA,NA,NA,Starting Lineup - Makol Mawien,NA,FALSE,FALSE,NA,NA,NA,NA,NA,NA,1,NA,NA,NA,NA,Barry Brown Jr.,Xavier Sneed,Cartier Diarra,Makol Mawien,Dean Wade,Solomon Young,Donovan Jackson,Cameron Lard,Lindell Wigginton,Zoran Talley Jr.
2017-18,2018-02-17,1961158,1,0,1,Kansas State,Iowa State,Wildcats,Cyclones,4,4,0,0,0,1450,Iowa State,NA,NA,NA,Starting Lineup - Lindell Wigginton,NA,FALSE,FALSE,NA,NA,NA,NA,NA,NA,1,NA,NA,NA,NA,Barry Brown Jr.,Xavier Sneed,Cartier Diarra,Makol Mawien,Dean Wade,Solomon Young,Donovan Jackson,Cameron Lard,Lindell Wigginton,Zoran Talley Jr.
2017-18,2018-02-17,1961158,1,0,1,Kansas State,Iowa State,Wildcats,Cyclones,4,4,0,0,0,1457,Kansas State,NA,NA,NA,Starting Lineup - Dean Wade,NA,FALSE,FALSE,NA,NA,NA,NA,NA,NA,1,NA,NA,NA,NA,Barry Brown Jr.,Xavier Sneed,Cartier Diarra,Makol Mawien,Dean Wade,Solomon Young,Donovan Jackson,Cameron Lard,Lindell Wigginton,Zoran Talley Jr.
2017-18,2018-02-17,1961158,1,0,1,Kansas State,Iowa State,Wildcats,Cyclones,4,4,0,0,0,1450,Iowa State,NA,NA,NA,Starting Lineup - Zoran Talley Jr.,NA,FALSE,FALSE,NA,NA,NA,NA,NA,NA,1,NA,NA,NA,NA,Barry Brown Jr.,Xavier Sneed,Cartier Diarra,Makol Mawien,Dean Wade,Solomon Young,Donovan Jackson,Cameron Lard,Lindell Wigginton,Zoran Talley Jr.
2017-18,2018-02-17,1961158,2,0,1,Kansas State,Iowa State,Wildcats,Cyclones,4,4,0,0,0,NA,NA,2400,1200,NA,Start of the 1st Half,NA,FALSE,FALSE,NA,NA,NA,NA,NA,NA,0,NA,Kansas State,1,NA,Barry Brown Jr.,Xavier Sneed,Cartier Diarra,Makol Mawien,Dean Wade,Solomon Young,Donovan Jackson,Cameron Lard,Lindell Wigginton,Zoran Talley Jr.
2017-18,2018-02-17,1961158,3,0,1,Kansas State,Iowa State,Wildcats,Cyclones,4,4,0,0,0,1457,Kansas State,2371,1171,29,Barry Brown Jr. misses a 3-point jump shot from 24 feet out.,missed,FALSE,TRUE,Jump Shot,6.799999999999997,20.150000000000006,880670,Barry Brown Jr.,NA,0,Kansas State,Kansas State,1,NA,Barry Brown Jr.,Xavier Sneed,Cartier Diarra,Makol Mawien,Dean Wade,Solomon Young,Donovan Jackson,Cameron Lard,Lindell Wigginton,Zoran Talley Jr.
2017-18,2018-02-17,1961158,4,0,1,Kansas State,Iowa State,Wildcats,Cyclones,4,4,0,0,0,1457,Kansas State,2371,1171,0,Dean Wade with an offensive rebound.,NA,FALSE,FALSE,NA,NA,NA,NA,NA,NA,0,Kansas State,Kansas State,1,NA,Barry Brown Jr.,Xavier Sneed,Cartier Diarra,Makol Mawien,Dean Wade,Solomon Young,Donovan Jackson,Cameron Lard,Lindell Wigginton,Zoran Talley Jr.
2017-18,2018-02-17,1961158,5,0,1,Kansas State,Iowa State,Wildcats,Cyclones,4,4,2,0,2,1457,Kansas State,2368,1168,3,Dean Wade makes a tip shot from 2 feet out.,made,FALSE,FALSE,Tip Shot,25.5,7.25,880677,Dean Wade,NA,0,Kansas State,Iowa State,1,NA,Barry Brown Jr.,Xavier Sneed,Cartier Diarra,Makol Mawien,Dean Wade,Solomon Young,Donovan Jackson,Cameron Lard,Lindell Wigginton,Zoran Talley Jr.
2017-18,2018-02-17,1961158,6,0,1,Kansas State,Iowa State,Wildcats,Cyclones,4,4,2,0,2,1450,Iowa State,2336,1136,32,Solomon Young misses a jump shot from 10 feet out.,missed,FALSE,FALSE,Jump Shot,33.4,10.55,944123,Solomon Young,NA,0,Iowa State,Iowa State,2,NA,Barry Brown Jr.,Xavier Sneed,Cartier Diarra,Makol Mawien,Dean Wade,Solomon Young,Donovan Jackson,Cameron Lard,Lindell Wigginton,Zoran Talley Jr.
2017-18,2018-02-17,1961158,7,0,1,Kansas State,Iowa State,Wildcats,Cyclones,4,4,2,0,2,1457,Kansas State,2336,1136,0,Dean Wade with a defensive rebound.,NA,FALSE,FALSE,NA,NA,NA,NA,NA,NA,0,Iowa State,Kansas State,2,NA,Barry Brown Jr.,Xavier Sneed,Cartier Diarra,Makol Mawien,Dean Wade,Solomon Young,Donovan Jackson,Cameron Lard,Lindell Wigginton,Zoran Talley Jr.
2017-18,2018-02-17,1961158,8,0,1,Kansas State,Iowa State,Wildcats,Cyclones,4,4,2,0,2,1457,Kansas State,2328,1128,8,Solomon Young steals the ball from Barry Brown Jr..,NA,FALSE,FALSE,NA,NA,NA,NA,NA,NA,0,Kansas State,Iowa State,3,NA,Barry Brown Jr.,Xavier Sneed,Cartier Diarra,Makol Mawien,Dean Wade,Solomon Young,Donovan Jackson,Cameron Lard,Lindell Wigginton,Zoran Talley Jr.
2017-18,2018-02-17,1961158,9,0,1,Kansas State,Iowa State,Wildcats,Cyclones,4,4,2,0,2,1450,Iowa State,2320,1120,8,Solomon Young misses a layup.,missed,FALSE,FALSE,Layup Shot,25,5.25,944123,Solomon Young,NA,0,Iowa State,Iowa State,4,NA,Barry Brown Jr.,Xavier Sneed,Cartier Diarra,Makol Mawien,Dean Wade,Solomon Young,Donovan Jackson,Cameron Lard,Lindell Wigginton,Zoran Talley Jr.
2017-18,2018-02-17,1961158,10,0,1,Kansas State,Iowa State,Wildcats,Cyclones,4,4,2,0,2,1457,Kansas State,2320,1120,0,Dean Wade with a defensive rebound.,NA,FALSE,FALSE,NA,NA,NA,NA,NA,NA,0,Iowa State,Kansas State,4,NA,Barry Brown Jr.,Xavier Sneed,Cartier Diarra,Makol Mawien,Dean Wade,Solomon Young,Donovan Jackson,Cameron Lard,Lindell Wigginton,Zoran Talley Jr.
2017-18,2018-02-17,1961158,11,0,1,Kansas State,Iowa State,Wildcats,Cyclones,4,4,2,0,2,1457,Kansas State,2307,1107,13,Barry Brown Jr. misses a jump shot from 16 feet out.,missed,FALSE,FALSE,Jump Shot,10.5,12.450000000000003,880670,Barry Brown Jr.,NA,0,Kansas State,Kansas State,5,NA,Barry Brown Jr.,Xavier Sneed,Cartier Diarra,Makol Mawien,Dean Wade,Solomon Young,Donovan Jackson,Cameron Lard,Lindell Wigginton,Zoran Talley Jr.
2017-18,2018-02-17,1961158,12,0,1,Kansas State,Iowa State,Wildcats,Cyclones,4,4,2,0,2,1450,Iowa State,2307,1107,0,Cameron Lard with a defensive rebound.,NA,FALSE,FALSE,NA,NA,NA,NA,NA,NA,0,Kansas State,Iowa State,5,NA,Barry Brown Jr.,Xavier Sneed,Cartier Diarra,Makol Mawien,Dean Wade,Solomon Young,Donovan Jackson,Cameron Lard,Lindell Wigginton,Zoran Talley Jr.
2017-18,2018-02-17,1961158,13,0,1,Kansas State,Iowa State,Wildcats,Cyclones,4,4,2,0,2,1450,Iowa State,2299,1099,8,Lindell Wigginton with a turnover - Traveling,NA,FALSE,FALSE,NA,NA,NA,NA,NA,NA,0,Iowa State,Kansas State,6,NA,Barry Brown Jr.,Xavier Sneed,Cartier Diarra,Makol Mawien,Dean Wade,Solomon Young,Donovan Jackson,Cameron Lard,Lindell Wigginton,Zoran Talley Jr.
2017-18,2018-02-17,1961158,14,0,1,Kansas State,Iowa State,Wildcats,Cyclones,4,4,4,0,4,1457,Kansas State,2284,1084,15,Cartier Diarra makes a layup. Dean Wade with the assist.,made,FALSE,FALSE,Layup Shot,26,6.25,944176,Cartier Diarra,Dean Wade,0,Kansas State,Iowa State,7,NA,Barry Brown Jr.,Xavier Sneed,Cartier Diarra,Makol Mawien,Dean Wade,Solomon Young,Donovan Jackson,Cameron Lard,Lindell Wigginton,Zoran Talley Jr.
2017-18,2018-02-17,1961158,15,0,1,Kansas State,Iowa State,Wildcats,Cyclones,4,3,4,0,4,1450,Iowa State,2282,1082,2,Cyclones take a 30-second timeout.,NA,FALSE,FALSE,NA,NA,NA,NA,NA,NA,0,NA,NA,NA,NA,Barry Brown Jr.,Xavier Sneed,Cartier Diarra,Makol Mawien,Dean Wade,Solomon Young,Donovan Jackson,Cameron Lard,Lindell Wigginton,Zoran Talley Jr.
2017-18,2018-02-17,1961158,16,0,1,Kansas State,Iowa State,Wildcats,Cyclones,4,3,4,0,4,1450,Iowa State,2260,1060,22,Lindell Wigginton misses a 3-point jump shot from 23 feet out.,missed,FALSE,TRUE,Jump Shot,7.100000000000001,20.15,1060959,Lindell Wigginton,NA,0,Iowa State,Kansas State,8,NA,Barry Brown Jr.,Xavier Sneed,Cartier Diarra,Makol Mawien,Dean Wade,Solomon Young,Donovan Jackson,Cameron Lard,Lindell Wigginton,Zoran Talley Jr.
2017-18,2018-02-17,1961158,18,0,1,Kansas State,Iowa State,Wildcats,Cyclones,4,3,4,0,4,1457,Kansas State,2250,1050,10,Donovan Jackson steals the ball from Cartier Diarra.,NA,FALSE,FALSE,NA,NA,NA,NA,NA,NA,0,Kansas State,Iowa State,9,NA,Barry Brown Jr.,Xavier Sneed,Cartier Diarra,Makol Mawien,Dean Wade,Solomon Young,Donovan Jackson,Cameron Lard,Lindell Wigginton,Zoran Talley Jr.
2017-18,2018-02-17,1961158,19,0,1,Kansas State,Iowa State,Wildcats,Cyclones,4,3,4,0,4,1457,Kansas State,2244,1044,6,Shooting foul committed by Cartier Diarra.,NA,FALSE,FALSE,NA,NA,NA,NA,NA,NA,0,Iowa State,Iowa State,10,NA,Barry Brown Jr.,Xavier Sneed,Cartier Diarra,Makol Mawien,Dean Wade,Solomon Young,Donovan Jackson,Cameron Lard,Lindell Wigginton,Zoran Talley Jr.
2017-18,2018-02-17,1961158,20,0,1,Kansas State,Iowa State,Wildcats,Cyclones,4,3,4,0,4,1450,Iowa State,2244,1044,0,Zoran Talley Jr. misses free throw 1 of 2.,missed,TRUE,FALSE,NA,NA,NA,NA,NA,NA,0,Iowa State,Iowa State,10,NA,Barry Brown Jr.,Xavier Sneed,Cartier Diarra,Makol Mawien,Dean Wade,Solomon Young,Donovan Jackson,Cameron Lard,Lindell Wigginton,Zoran Talley Jr.
2017-18,2018-02-17,1961158,22,0,1,Kansas State,Iowa State,Wildcats,Cyclones,4,3,4,0,4,1450,Iowa State,2244,1044,0,Zoran Talley Jr. misses free throw 2 of 2.,missed,TRUE,FALSE,NA,NA,NA,NA,NA,NA,0,Iowa State,Iowa State,10,NA,Barry Brown Jr.,Xavier Sneed,Cartier Diarra,Makol Mawien,Dean Wade,Solomon Young,Donovan Jackson,Cameron Lard,Lindell Wigginton,Zoran Talley Jr.
2017-18,2018-02-17,1961158,23,0,1,Kansas State,Iowa State,Wildcats,Cyclones,4,3,4,0,4,1457,Kansas State,2244,1044,0,Xavier Sneed with a defensive rebound.,NA,FALSE,FALSE,NA,NA,NA,NA,NA,NA,0,Iowa State,Kansas State,10,NA,Barry Brown Jr.,Xavier Sneed,Cartier Diarra,Makol Mawien,Dean Wade,Solomon Young,Donovan Jackson,Cameron Lard,Lindell Wigginton,Zoran Talley Jr.
2017-18,2018-02-17,1961158,24,0,1,Kansas State,Iowa State,Wildcats,Cyclones,4,3,4,0,4,1450,Iowa State,2234,1034,10,Personal foul committed by Solomon Young.,NA,FALSE,FALSE,NA,NA,NA,NA,NA,NA,0,Kansas State,Kansas State,11,NA,Barry Brown Jr.,Xavier Sneed,Cartier Diarra,Makol Mawien,Dean Wade,Solomon Young,Donovan Jackson,Cameron Lard,Lindell Wigginton,Zoran Talley Jr.
2017-18,2018-02-17,1961158,25,0,1,Kansas State,Iowa State,Wildcats,Cyclones,4,3,4,0,4,1457,Kansas State,2216,1016,18,Dean Wade misses a jump shot from 11 feet out.,missed,FALSE,FALSE,Jump Shot,23.6,16.150000000000006,880677,Dean Wade,NA,0,Kansas State,Kansas State,11,NA,Barry Brown Jr.,Xavier Sneed,Cartier Diarra,Makol Mawien,Dean Wade,Solomon Young,Donovan Jackson,Cameron Lard,Lindell Wigginton,Zoran Talley Jr.
2017-18,2018-02-17,1961158,26,0,1,Kansas State,Iowa State,Wildcats,Cyclones,4,3,4,0,4,1457,Kansas State,2216,1016,0,Makol Mawien with an offensive rebound.,NA,FALSE,FALSE,NA,NA,NA,NA,NA,NA,0,Kansas State,Kansas State,11,NA,Barry Brown Jr.,Xavier Sneed,Cartier Diarra,Makol Mawien,Dean Wade,Solomon Young,Donovan Jackson,Cameron Lard,Lindell Wigginton,Zoran Talley Jr.
2017-18,2018-02-17,1961158,27,0,1,Kansas State,Iowa State,Wildcats,Cyclones,4,3,4,0,4,1457,Kansas State,2215,1015,1,Makol Mawien misses a jump shot from 1 foot out.,missed,FALSE,FALSE,Jump Shot,25.3,6.650000000000006,884134,Makol Mawien,NA,0,Kansas State,Kansas State,11,NA,Barry Brown Jr.,Xavier Sneed,Cartier Diarra,Makol Mawien,Dean Wade,Solomon Young,Donovan Jackson,Cameron Lard,Lindell Wigginton,Zoran Talley Jr.
2017-18,2018-02-17,1961158,28,0,1,Kansas State,Iowa State,Wildcats,Cyclones,4,3,4,0,4,1450,Iowa State,2215,1015,0,Cameron Lard with a defensive rebound.,NA,FALSE,FALSE,NA,NA,NA,NA,NA,NA,0,Kansas State,Iowa State,11,NA,Barry Brown Jr.,Xavier Sneed,Cartier Diarra,Makol Mawien,Dean Wade,Solomon Young,Donovan Jackson,Cameron Lard,Lindell Wigginton,Zoran Talley Jr.
2017-18,2018-02-17,1961158,29,0,1,Kansas State,Iowa State,Wildcats,Cyclones,4,3,4,2,2,1450,Iowa State,2207,1007,8,Cameron Lard makes a layup.,made,FALSE,FALSE,Layup Shot,25,5.25,944115,Cameron Lard,NA,0,Iowa State,Kansas State,12,NA,Barry Brown Jr.,Xavier Sneed,Cartier Diarra,Makol Mawien,Dean Wade,Solomon Young,Donovan Jackson,Cameron Lard,Lindell Wigginton,Zoran Talley Jr.
2017-18,2018-02-17,1961158,30,0,1,Kansas State,Iowa State,Wildcats,Cyclones,4,3,7,2,5,1457,Kansas State,2182,982,25,Xavier Sneed makes a 3-point jump shot from 25 feet out. Dean Wade with the assist.,made,FALSE,TRUE,Jump Shot,14.399999999999999,27.950000000000003,944187,Xavier Sneed,Dean Wade,0,Kansas State,Iowa State,13,NA,Barry Brown Jr.,Xavier Sneed,Cartier Diarra,Makol Mawien,Dean Wade,Solomon Young,Donovan Jackson,Cameron Lard,Lindell Wigginton,Zoran Talley Jr.
2017-18,2018-02-17,1961158,31,0,1,Kansas State,Iowa State,Wildcats,Cyclones,4,3,7,2,5,1457,Kansas State,2165,965,17,Shooting foul committed by Xavier Sneed.,NA,FALSE,FALSE,NA,NA,NA,NA,NA,NA,0,Iowa State,Iowa State,14,NA,Barry Brown Jr.,Xavier Sneed,Cartier Diarra,Makol Mawien,Dean Wade,Solomon Young,Donovan Jackson,Cameron Lard,Lindell Wigginton,Zoran Talley Jr.
2017-18,2018-02-17,1961158,32,0,1,Kansas State,Iowa State,Wildcats,Cyclones,4,3,7,3,4,1450,Iowa State,2165,965,0,Donovan Jackson makes free throw 1 of 2.,made,TRUE,FALSE,NA,NA,NA,NA,NA,NA,0,Iowa State,Iowa State,14,NA,Barry Brown Jr.,Xavier Sneed,Cartier Diarra,Makol Mawien,Dean Wade,Solomon Young,Donovan Jackson,Cameron Lard,Lindell Wigginton,Zoran Talley Jr.
2017-18,2018-02-17,1961158,33,0,1,Kansas State,Iowa State,Wildcats,Cyclones,4,3,7,3,4,1457,Kansas State,2165,965,0,Substitution: Kamau Stokes in for Cartier Diarra.,NA,FALSE,FALSE,NA,NA,NA,NA,NA,NA,1,NA,NA,NA,NA,Barry Brown Jr.,Xavier Sneed,Kamau Stokes,Makol Mawien,Dean Wade,Solomon Young,Donovan Jackson,Cameron Lard,Lindell Wigginton,Zoran Talley Jr.
2017-18,2018-02-17,1961158,34,0,1,Kansas State,Iowa State,Wildcats,Cyclones,4,3,7,3,4,1457,Kansas State,2165,965,0,Substitution: Levi Stockard III in for Makol Mawien.,NA,FALSE,FALSE,NA,NA,NA,NA,NA,NA,1,NA,NA,NA,NA,Barry Brown Jr.,Xavier Sneed,Kamau Stokes,Levi Stockard III,Dean Wade,Solomon Young,Donovan Jackson,Cameron Lard,Lindell Wigginton,Zoran Talley Jr.
2017-18,2018-02-17,1961158,35,0,1,Kansas State,Iowa State,Wildcats,Cyclones,4,3,7,4,3,1450,Iowa State,2165,965,0,Donovan Jackson makes free throw 2 of 2.,made,TRUE,FALSE,NA,NA,NA,NA,NA,NA,0,Iowa State,Kansas State,14,NA,Barry Brown Jr.,Xavier Sneed,Kamau Stokes,Levi Stockard III,Dean Wade,Solomon Young,Donovan Jackson,Cameron Lard,Lindell Wigginton,Zoran Talley Jr.
2017-18,2018-02-17,1961158,36,0,1,Kansas State,Iowa State,Wildcats,Cyclones,4,3,7,4,3,1457,Kansas State,2154,954,11,Xavier Sneed misses a 3-point jump shot from 24 feet out.,missed,FALSE,TRUE,Jump Shot,5.799999999999997,19.650000000000006,944187,Xavier Sneed,NA,0,Kansas State,Kansas State,15,NA,Barry Brown Jr.,Xavier Sneed,Kamau Stokes,Levi Stockard III,Dean Wade,Solomon Young,Donovan Jackson,Cameron Lard,Lindell Wigginton,Zoran Talley Jr.
2017-18,2018-02-17,1961158,37,0,1,Kansas State,Iowa State,Wildcats,Cyclones,4,3,7,4,3,1457,Kansas State,2154,954,0,Dean Wade with an offensive rebound.,NA,FALSE,FALSE,NA,NA,NA,NA,NA,NA,0,Kansas State,Kansas State,15,NA,Barry Brown Jr.,Xavier Sneed,Kamau Stokes,Levi Stockard III,Dean Wade,Solomon Young,Donovan Jackson,Cameron Lard,Lindell Wigginton,Zoran Talley Jr.
2017-18,2018-02-17,1961158,38,0,1,Kansas State,Iowa State,Wildcats,Cyclones,4,3,7,4,3,1457,Kansas State,2148,948,6,Kamau Stokes misses a 3-point jump shot from 24 feet out.,missed,FALSE,TRUE,Jump Shot,4.200000000000003,17.950000000000003,880676,Kamau Stokes,NA,0,Kansas State,Kansas State,15,NA,Barry Brown Jr.,Xavier Sneed,Kamau Stokes,Levi Stockard III,Dean Wade,Solomon Young,Donovan Jackson,Cameron Lard,Lindell Wigginton,Zoran Talley Jr.
2017-18,2018-02-17,1961158,39,0,1,Kansas State,Iowa State,Wildcats,Cyclones,4,3,7,4,3,1457,Kansas State,2148,948,0,Xavier Sneed with an offensive rebound.,NA,FALSE,FALSE,NA,NA,NA,NA,NA,NA,0,Kansas State,Kansas State,15,NA,Barry Brown Jr.,Xavier Sneed,Kamau Stokes,Levi Stockard III,Dean Wade,Solomon Young,Donovan Jackson,Cameron Lard,Lindell Wigginton,Zoran Talley Jr.
2017-18,2018-02-17,1961158,40,0,1,Kansas State,Iowa State,Wildcats,Cyclones,4,3,9,4,5,1457,Kansas State,2143,943,5,Xavier Sneed makes a layup.,made,FALSE,FALSE,Layup Shot,25,5.25,944187,Xavier Sneed,NA,0,Kansas State,Iowa State,15,NA,Barry Brown Jr.,Xavier Sneed,Kamau Stokes,Levi Stockard III,Dean Wade,Solomon Young,Donovan Jackson,Cameron Lard,Lindell Wigginton,Zoran Talley Jr.
2017-18,2018-02-17,1961158,41,0,1,Kansas State,Iowa State,Wildcats,Cyclones,4,3,9,6,3,1450,Iowa State,2132,932,11,Lindell Wigginton makes a layup. Donovan Jackson with the assist.,made,FALSE,FALSE,Layup Shot,25,5.25,1060959,Lindell Wigginton,Donovan Jackson,0,Iowa State,Kansas State,16,NA,Barry Brown Jr.,Xavier Sneed,Kamau Stokes,Levi Stockard III,Dean Wade,Solomon Young,Donovan Jackson,Cameron Lard,Lindell Wigginton,Zoran Talley Jr.
2017-18,2018-02-17,1961158,42,0,1,Kansas State,Iowa State,Wildcats,Cyclones,4,3,12,6,6,1457,Kansas State,2117,917,15,Dean Wade makes a 3-point jump shot from 25 feet out. Kamau Stokes with the assist.,made,FALSE,TRUE,Jump Shot,16,28.150000000000006,880677,Dean Wade,Kamau Stokes,0,Kansas State,Iowa State,17,NA,Barry Brown Jr.,Xavier Sneed,Kamau Stokes,Levi Stockard III,Dean Wade,Solomon Young,Donovan Jackson,Cameron Lard,Lindell Wigginton,Zoran Talley Jr.
2017-18,2018-02-17,1961158,43,0,1,Kansas State,Iowa State,Wildcats,Cyclones,4,3,12,6,6,1450,Iowa State,2099,899,18,Solomon Young misses a 3-point jump shot from 24 feet out.,missed,FALSE,TRUE,Jump Shot,7.5,21.35,944123,Solomon Young,NA,0,Iowa State,Iowa State,18,NA,Barry Brown Jr.,Xavier Sneed,Kamau Stokes,Levi Stockard III,Dean Wade,Solomon Young,Donovan Jackson,Cameron Lard,Lindell Wigginton,Zoran Talley Jr.
2017-18,2018-02-17,1961158,44,0,1,Kansas State,Iowa State,Wildcats,Cyclones,4,3,12,6,6,1450,Iowa State,2099,899,0,Cameron Lard with an offensive rebound.,NA,FALSE,FALSE,NA,NA,NA,NA,NA,NA,0,Iowa State,Iowa State,18,NA,Barry Brown Jr.,Xavier Sneed,Kamau Stokes,Levi Stockard III,Dean Wade,Solomon Young,Donovan Jackson,Cameron Lard,Lindell Wigginton,Zoran Talley Jr.
2017-18,2018-02-17,1961158,45,0,1,Kansas State,Iowa State,Wildcats,Cyclones,4,3,12,6,6,1457,Kansas State,2098,898,1,Shooting foul committed by Levi Stockard III.,NA,FALSE,FALSE,NA,NA,NA,NA,NA,NA,0,Iowa State,Iowa State,18,NA,Barry Brown Jr.,Xavier Sneed,Kamau Stokes,Levi Stockard III,Dean Wade,Solomon Young,Donovan Jackson,Cameron Lard,Lindell Wigginton,Zoran Talley Jr.
2017-18,2018-02-17,1961158,46,0,1,Kansas State,Iowa State,Wildcats,Cyclones,4,3,12,6,6,NA,NA,2098,898,0,Official TV timeout.,NA,FALSE,FALSE,NA,NA,NA,NA,NA,NA,0,NA,NA,NA,NA,Barry Brown Jr.,Xavier Sneed,Kamau Stokes,Levi Stockard III,Dean Wade,Solomon Young,Donovan Jackson,Cameron Lard,Lindell Wigginton,Zoran Talley Jr.
2017-18,2018-02-17,1961158,47,0,1,Kansas State,Iowa State,Wildcats,Cyclones,4,3,12,7,5,1450,Iowa State,2098,898,0,Cameron Lard makes free throw 1 of 2.,made,TRUE,FALSE,NA,NA,NA,NA,NA,NA,0,Iowa State,Iowa State,18,NA,Barry Brown Jr.,Xavier Sneed,Kamau Stokes,Levi Stockard III,Dean Wade,Solomon Young,Donovan Jackson,Cameron Lard,Lindell Wigginton,Zoran Talley Jr.
2017-18,2018-02-17,1961158,48,0,1,Kansas State,Iowa State,Wildcats,Cyclones,4,3,12,7,5,1450,Iowa State,2098,898,0,Substitution: Jeff Beverly in for Solomon Young.,NA,FALSE,FALSE,NA,NA,NA,NA,NA,NA,1,NA,NA,NA,NA,Barry Brown Jr.,Xavier Sneed,Kamau Stokes,Levi Stockard III,Dean Wade,Jeff Beverly,Donovan Jackson,Cameron Lard,Lindell Wigginton,Zoran Talley Jr.
2017-18,2018-02-17,1961158,49,0,1,Kansas State,Iowa State,Wildcats,Cyclones,4,3,12,7,5,1450,Iowa State,2098,898,0,Cameron Lard misses free throw 2 of 2.,missed,TRUE,FALSE,NA,NA,NA,NA,NA,NA,0,Iowa State,Iowa State,18,NA,Barry Brown Jr.,Xavier Sneed,Kamau Stokes,Levi Stockard III,Dean Wade,Jeff Beverly,Donovan Jackson,Cameron Lard,Lindell Wigginton,Zoran Talley Jr.
2017-18,2018-02-17,1961158,50,0,1,Kansas State,Iowa State,Wildcats,Cyclones,4,3,12,7,5,1457,Kansas State,2098,898,0,Levi Stockard III with a defensive rebound.,NA,FALSE,FALSE,NA,NA,NA,NA,NA,NA,0,Iowa State,Kansas State,18,NA,Barry Brown Jr.,Xavier Sneed,Kamau Stokes,Levi Stockard III,Dean Wade,Jeff Beverly,Donovan Jackson,Cameron Lard,Lindell Wigginton,Zoran Talley Jr.
2017-18,2018-02-17,1961158,51,0,1,Kansas State,Iowa State,Wildcats,Cyclones,4,3,12,7,5,1457,Kansas State,2077,877,21,Xavier Sneed misses a 3-point jump shot from 24 feet out.,missed,FALSE,TRUE,Jump Shot,45.8,16.450000000000003,944187,Xavier Sneed,NA,0,Kansas State,Kansas State,19,NA,Barry Brown Jr.,Xavier Sneed,Kamau Stokes,Levi Stockard III,Dean Wade,Jeff Beverly,Donovan Jackson,Cameron Lard,Lindell Wigginton,Zoran Talley Jr.
2017-18,2018-02-17,1961158,52,0,1,Kansas State,Iowa State,Wildcats,Cyclones,4,3,12,7,5,1450,Iowa State,2077,877,0,Lindell Wigginton with a defensive rebound.,NA,FALSE,FALSE,NA,NA,NA,NA,NA,NA,0,Kansas State,Iowa State,19,NA,Barry Brown Jr.,Xavier Sneed,Kamau Stokes,Levi Stockard III,Dean Wade,Jeff Beverly,Donovan Jackson,Cameron Lard,Lindell Wigginton,Zoran Talley Jr.
2017-18,2018-02-17,1961158,53,0,1,Kansas State,Iowa State,Wildcats,Cyclones,4,3,12,7,5,1450,Iowa State,2064,864,13,Donovan Jackson misses a jump shot from 17 feet out.,missed,FALSE,FALSE,Jump Shot,21,21.65,944121,Donovan Jackson,NA,0,Iowa State,Iowa State,20,NA,Barry Brown Jr.,Xavier Sneed,Kamau Stokes,Levi Stockard III,Dean Wade,Jeff Beverly,Donovan Jackson,Cameron Lard,Lindell Wigginton,Zoran Talley Jr.
2017-18,2018-02-17,1961158,54,0,1,Kansas State,Iowa State,Wildcats,Cyclones,4,3,12,7,5,1457,Kansas State,2064,864,0,Kamau Stokes with a defensive rebound.,NA,FALSE,FALSE,NA,NA,NA,NA,NA,NA,0,Iowa State,Kansas State,20,NA,Barry Brown Jr.,Xavier Sneed,Kamau Stokes,Levi Stockard III,Dean Wade,Jeff Beverly,Donovan Jackson,Cameron Lard,Lindell Wigginton,Zoran Talley Jr.
2017-18,2018-02-17,1961158,55,0,1,Kansas State,Iowa State,Wildcats,Cyclones,4,3,15,7,8,1457,Kansas State,2056,856,8,Dean Wade makes a 3-point jump shot from 24 feet out. Kamau Stokes with the assist.,made,FALSE,TRUE,Jump Shot,5.600000000000001,19.450000000000003,880677,Dean Wade,Kamau Stokes,0,Kansas State,Iowa State,21,NA,Barry Brown Jr.,Xavier Sneed,Kamau Stokes,Levi Stockard III,Dean Wade,Jeff Beverly,Donovan Jackson,Cameron Lard,Lindell Wigginton,Zoran Talley Jr.
2017-18,2018-02-17,1961158,56,0,1,Kansas State,Iowa State,Wildcats,Cyclones,4,3,15,7,8,1450,Iowa State,2028,828,28,Zoran Talley Jr. misses a jump shot from 11 feet out.,missed,FALSE,FALSE,Jump Shot,22.3,15.95,846786,Zoran Talley Jr.,NA,0,Iowa State,Iowa State,22,NA,Barry Brown Jr.,Xavier Sneed,Kamau Stokes,Levi Stockard III,Dean Wade,Jeff Beverly,Donovan Jackson,Cameron Lard,Lindell Wigginton,Zoran Talley Jr.
2017-18,2018-02-17,1961158,57,0,1,Kansas State,Iowa State,Wildcats,Cyclones,4,3,15,7,8,1457,Kansas State,2028,828,0,Dean Wade with a defensive rebound.,NA,FALSE,FALSE,NA,NA,NA,NA,NA,NA,0,Iowa State,Kansas State,22,NA,Barry Brown Jr.,Xavier Sneed,Kamau Stokes,Levi Stockard III,Dean Wade,Jeff Beverly,Donovan Jackson,Cameron Lard,Lindell Wigginton,Zoran Talley Jr.
2017-18,2018-02-17,1961158,58,0,1,Kansas State,Iowa State,Wildcats,Cyclones,4,3,15,7,8,1457,Kansas State,2015,815,13,Dean Wade misses a 3-point jump shot from 24 feet out.,missed,FALSE,TRUE,Jump Shot,25.6,28.950000000000003,880677,Dean Wade,NA,0,Kansas State,Iowa State,23,NA,Barry Brown Jr.,Xavier Sneed,Kamau Stokes,Levi Stockard III,Dean Wade,Jeff Beverly,Donovan Jackson,Cameron Lard,Lindell Wigginton,Zoran Talley Jr.
2017-18,2018-02-17,1961158,60,0,1,Kansas State,Iowa State,Wildcats,Cyclones,4,3,15,7,8,1457,Kansas State,2015,815,0,Substitution: Cartier Diarra in for Barry Brown Jr..,NA,FALSE,FALSE,NA,NA,NA,NA,NA,NA,1,NA,NA,NA,NA,Cartier Diarra,Xavier Sneed,Kamau Stokes,Levi Stockard III,Dean Wade,Jeff Beverly,Donovan Jackson,Cameron Lard,Lindell Wigginton,Zoran Talley Jr.
2017-18,2018-02-17,1961158,61,0,1,Kansas State,Iowa State,Wildcats,Cyclones,4,3,15,7,8,1450,Iowa State,2003,803,12,Donovan Jackson misses a 3-point jump shot from 23 feet out.,missed,FALSE,TRUE,Jump Shot,15.3,26.35,944121,Donovan Jackson,NA,0,Iowa State,Iowa State,24,NA,Cartier Diarra,Xavier Sneed,Kamau Stokes,Levi Stockard III,Dean Wade,Jeff Beverly,Donovan Jackson,Cameron Lard,Lindell Wigginton,Zoran Talley Jr.
2017-18,2018-02-17,1961158,62,0,1,Kansas State,Iowa State,Wildcats,Cyclones,4,3,15,7,8,1457,Kansas State,2003,803,0,Levi Stockard III with a defensive rebound.,NA,FALSE,FALSE,NA,NA,NA,NA,NA,NA,0,Iowa State,Kansas State,24,NA,Cartier Diarra,Xavier Sneed,Kamau Stokes,Levi Stockard III,Dean Wade,Jeff Beverly,Donovan Jackson,Cameron Lard,Lindell Wigginton,Zoran Talley Jr.
2017-18,2018-02-17,1961158,63,0,1,Kansas State,Iowa State,Wildcats,Cyclones,4,3,15,7,8,1457,Kansas State,1990,790,13,Jeff Beverly steals the ball from Levi Stockard III.,NA,FALSE,FALSE,NA,NA,NA,NA,NA,NA,0,Kansas State,Iowa State,25,NA,Cartier Diarra,Xavier Sneed,Kamau Stokes,Levi Stockard III,Dean Wade,Jeff Beverly,Donovan Jackson,Cameron Lard,Lindell Wigginton,Zoran Talley Jr.
2017-18,2018-02-17,1961158,64,0,1,Kansas State,Iowa State,Wildcats,Cyclones,4,3,15,7,8,1450,Iowa State,1979,779,11,Offensive foul committed by Cameron Lard.,NA,FALSE,FALSE,NA,NA,NA,NA,NA,NA,0,Iowa State,Iowa State,26,NA,Cartier Diarra,Xavier Sneed,Kamau Stokes,Levi Stockard III,Dean Wade,Jeff Beverly,Donovan Jackson,Cameron Lard,Lindell Wigginton,Zoran Talley Jr.
2017-18,2018-02-17,1961158,65,0,1,Kansas State,Iowa State,Wildcats,Cyclones,4,3,15,7,8,1450,Iowa State,1979,779,0,Cameron Lard with a turnover,NA,FALSE,FALSE,NA,NA,NA,NA,NA,NA,0,Iowa State,Kansas State,26,NA,Cartier Diarra,Xavier Sneed,Kamau Stokes,Levi Stockard III,Dean Wade,Jeff Beverly,Donovan Jackson,Cameron Lard,Lindell Wigginton,Zoran Talley Jr.
2017-18,2018-02-17,1961158,66,0,1,Kansas State,Iowa State,Wildcats,Cyclones,4,3,15,7,8,1450,Iowa State,1979,779,0,Substitution: Jakolby Long in for Cameron Lard.,NA,FALSE,FALSE,NA,NA,NA,NA,NA,NA,1,NA,NA,NA,NA,Cartier Diarra,Xavier Sneed,Kamau Stokes,Levi Stockard III,Dean Wade,Jeff Beverly,Donovan Jackson,Jakolby Long,Lindell Wigginton,Zoran Talley Jr.
2017-18,2018-02-17,1961158,67,0,1,Kansas State,Iowa State,Wildcats,Cyclones,4,3,15,7,8,1450,Iowa State,1979,779,0,Substitution: Solomon Young in for Zoran Talley Jr..,NA,FALSE,FALSE,NA,NA,NA,NA,NA,NA,1,NA,NA,NA,NA,Cartier Diarra,Xavier Sneed,Kamau Stokes,Levi Stockard III,Dean Wade,Jeff Beverly,Donovan Jackson,Jakolby Long,Lindell Wigginton,Solomon Young
2017-18,2018-02-17,1961158,68,0,1,Kansas State,Iowa State,Wildcats,Cyclones,4,3,15,7,8,1457,Kansas State,1979,779,0,Substitution: Amaad Wainright in for Levi Stockard III.,NA,FALSE,FALSE,NA,NA,NA,NA,NA,NA,1,NA,NA,NA,NA,Cartier Diarra,Xavier Sneed,Kamau Stokes,Amaad Wainright,Dean Wade,Jeff Beverly,Donovan Jackson,Jakolby Long,Lindell Wigginton,Solomon Young
2017-18,2018-02-17,1961158,69,0,1,Kansas State,Iowa State,Wildcats,Cyclones,4,3,15,7,8,1457,Kansas State,1979,779,0,Substitution: Makol Mawien in for Xavier Sneed.,NA,FALSE,FALSE,NA,NA,NA,NA,NA,NA,1,NA,NA,NA,NA,Cartier Diarra,Makol Mawien,Kamau Stokes,Amaad Wainright,Dean Wade,Jeff Beverly,Donovan Jackson,Jakolby Long,Lindell Wigginton,Solomon Young
2017-18,2018-02-17,1961158,70,0,1,Kansas State,Iowa State,Wildcats,Cyclones,4,3,15,7,8,1457,Kansas State,1965,765,14,Lindell Wigginton steals the ball from Amaad Wainright.,NA,FALSE,FALSE,NA,NA,NA,NA,NA,NA,0,Kansas State,Iowa State,27,NA,Cartier Diarra,Makol Mawien,Kamau Stokes,Amaad Wainright,Dean Wade,Jeff Beverly,Donovan Jackson,Jakolby Long,Lindell Wigginton,Solomon Young
2017-18,2018-02-17,1961158,71,0,1,Kansas State,Iowa State,Wildcats,Cyclones,4,3,15,9,6,1450,Iowa State,1949,749,16,Solomon Young makes a jump shot from 13 feet out.,made,FALSE,FALSE,Jump Shot,12.7,9.05,944123,Solomon Young,NA,0,Iowa State,Kansas State,28,NA,Cartier Diarra,Makol Mawien,Kamau Stokes,Amaad Wainright,Dean Wade,Jeff Beverly,Donovan Jackson,Jakolby Long,Lindell Wigginton,Solomon Young
2017-18,2018-02-17,1961158,72,0,1,Kansas State,Iowa State,Wildcats,Cyclones,4,3,15,9,6,1457,Kansas State,1935,735,14,Makol Mawien misses a layup.,missed,FALSE,FALSE,Layup Shot,26,6.25,884134,Makol Mawien,NA,0,Kansas State,Kansas State,29,NA,Cartier Diarra,Makol Mawien,Kamau Stokes,Amaad Wainright,Dean Wade,Jeff Beverly,Donovan Jackson,Jakolby Long,Lindell Wigginton,Solomon Young
2017-18,2018-02-17,1961158,73,0,1,Kansas State,Iowa State,Wildcats,Cyclones,4,3,15,9,6,1457,Kansas State,1935,735,0,Makol Mawien with an offensive rebound.,NA,FALSE,FALSE,NA,NA,NA,NA,NA,NA,0,Kansas State,Kansas State,29,NA,Cartier Diarra,Makol Mawien,Kamau Stokes,Amaad Wainright,Dean Wade,Jeff Beverly,Donovan Jackson,Jakolby Long,Lindell Wigginton,Solomon Young
2017-18,2018-02-17,1961158,74,0,1,Kansas State,Iowa State,Wildcats,Cyclones,4,3,15,9,6,1457,Kansas State,1931,731,4,Kamau Stokes misses a 3-point jump shot from 24 feet out.,missed,FALSE,TRUE,Jump Shot,7.299999999999997,21.150000000000006,880676,Kamau Stokes,NA,0,Kansas State,Kansas State,29,NA,Cartier Diarra,Makol Mawien,Kamau Stokes,Amaad Wainright,Dean Wade,Jeff Beverly,Donovan Jackson,Jakolby Long,Lindell Wigginton,Solomon Young
2017-18,2018-02-17,1961158,75,0,1,Kansas State,Iowa State,Wildcats,Cyclones,4,3,15,9,6,1457,Kansas State,1931,731,0,Amaad Wainright with an offensive rebound.,NA,FALSE,FALSE,NA,NA,NA,NA,NA,NA,0,Kansas State,Kansas State,29,NA,Cartier Diarra,Makol Mawien,Kamau Stokes,Amaad Wainright,Dean Wade,Jeff Beverly,Donovan Jackson,Jakolby Long,Lindell Wigginton,Solomon Young
2017-18,2018-02-17,1961158,76,0,1,Kansas State,Iowa State,Wildcats,Cyclones,4,3,15,9,6,1450,Iowa State,1913,713,18,Personal foul committed by Jeff Beverly.,NA,FALSE,FALSE,NA,NA,NA,NA,NA,NA,0,Kansas State,Kansas State,29,NA,Cartier Diarra,Makol Mawien,Kamau Stokes,Amaad Wainright,Dean Wade,Jeff Beverly,Donovan Jackson,Jakolby Long,Lindell Wigginton,Solomon Young
2017-18,2018-02-17,1961158,77,0,1,Kansas State,Iowa State,Wildcats,Cyclones,4,3,15,9,6,NA,NA,1913,713,0,Official TV timeout.,NA,FALSE,FALSE,NA,NA,NA,NA,NA,NA,0,NA,NA,NA,NA,Cartier Diarra,Makol Mawien,Kamau Stokes,Amaad Wainright,Dean Wade,Jeff Beverly,Donovan Jackson,Jakolby Long,Lindell Wigginton,Solomon Young
2017-18,2018-02-17,1961158,78,0,1,Kansas State,Iowa State,Wildcats,Cyclones,4,3,15,9,6,1457,Kansas State,1898,698,15,Amaad Wainright misses a 3-point jump shot from 23 feet out.,missed,FALSE,TRUE,Jump Shot,6.399999999999999,19.450000000000003,1060970,Amaad Wainright,NA,0,Kansas State,Kansas State,29,NA,Cartier Diarra,Makol Mawien,Kamau Stokes,Amaad Wainright,Dean Wade,Jeff Beverly,Donovan Jackson,Jakolby Long,Lindell Wigginton,Solomon Young
2017-18,2018-02-17,1961158,80,0,1,Kansas State,Iowa State,Wildcats,Cyclones,4,3,15,9,6,1457,Kansas State,1886,686,12,Makol Mawien with a turnover - Bad Pass,NA,FALSE,FALSE,NA,NA,NA,NA,NA,NA,0,Kansas State,Iowa State,29,NA,Cartier Diarra,Makol Mawien,Kamau Stokes,Amaad Wainright,Dean Wade,Jeff Beverly,Donovan Jackson,Jakolby Long,Lindell Wigginton,Solomon Young
2017-18,2018-02-17,1961158,81,0,1,Kansas State,Iowa State,Wildcats,Cyclones,4,3,15,9,6,1457,Kansas State,1870,670,16,Personal foul committed by Cartier Diarra.,NA,FALSE,FALSE,NA,NA,NA,NA,NA,NA,0,Iowa State,Iowa State,30,NA,Cartier Diarra,Makol Mawien,Kamau Stokes,Amaad Wainright,Dean Wade,Jeff Beverly,Donovan Jackson,Jakolby Long,Lindell Wigginton,Solomon Young
2017-18,2018-02-17,1961158,82,0,1,Kansas State,Iowa State,Wildcats,Cyclones,4,3,15,9,6,1450,Iowa State,1870,670,0,Substitution: Nick Weiler-Babb in for Lindell Wigginton.,NA,FALSE,FALSE,NA,NA,NA,NA,NA,NA,1,NA,NA,NA,NA,Cartier Diarra,Makol Mawien,Kamau Stokes,Amaad Wainright,Dean Wade,Jeff Beverly,Donovan Jackson,Jakolby Long,Nick Weiler-Babb,Solomon Young
2017-18,2018-02-17,1961158,83,0,1,Kansas State,Iowa State,Wildcats,Cyclones,4,3,15,9,6,1450,Iowa State,1870,670,0,Substitution: Cameron Lard in for Jeff Beverly.,NA,FALSE,FALSE,NA,NA,NA,NA,NA,NA,1,NA,NA,NA,NA,Cartier Diarra,Makol Mawien,Kamau Stokes,Amaad Wainright,Dean Wade,Cameron Lard,Donovan Jackson,Jakolby Long,Nick Weiler-Babb,Solomon Young
2017-18,2018-02-17,1961158,84,0,1,Kansas State,Iowa State,Wildcats,Cyclones,4,3,15,9,6,1457,Kansas State,1870,670,0,Substitution: Xavier Sneed in for Cartier Diarra.,NA,FALSE,FALSE,NA,NA,NA,NA,NA,NA,1,NA,NA,NA,NA,Xavier Sneed,Makol Mawien,Kamau Stokes,Amaad Wainright,Dean Wade,Cameron Lard,Donovan Jackson,Jakolby Long,Nick Weiler-Babb,Solomon Young
2017-18,2018-02-17,1961158,85,0,1,Kansas State,Iowa State,Wildcats,Cyclones,4,3,15,9,6,1457,Kansas State,1870,670,0,Substitution: Barry Brown Jr. in for Amaad Wainright.,NA,FALSE,FALSE,NA,NA,NA,NA,NA,NA,1,NA,NA,NA,NA,Xavier Sneed,Makol Mawien,Kamau Stokes,Barry Brown Jr.,Dean Wade,Cameron Lard,Donovan Jackson,Jakolby Long,Nick Weiler-Babb,Solomon Young
2017-18,2018-02-17,1961158,86,0,1,Kansas State,Iowa State,Wildcats,Cyclones,4,3,15,9,6,1450,Iowa State,1847,647,23,Nick Weiler-Babb misses a 3-point jump shot from 25 feet out.,missed,FALSE,TRUE,Jump Shot,5.100000000000001,20.75,845438,Nick Weiler-Babb,NA,0,Iowa State,Iowa State,30,NA,Xavier Sneed,Makol Mawien,Kamau Stokes,Barry Brown Jr.,Dean Wade,Cameron Lard,Donovan Jackson,Jakolby Long,Nick Weiler-Babb,Solomon Young
2017-18,2018-02-17,1961158,87,0,1,Kansas State,Iowa State,Wildcats,Cyclones,4,3,15,9,6,1457,Kansas State,1847,647,0,Makol Mawien with a defensive rebound.,NA,FALSE,FALSE,NA,NA,NA,NA,NA,NA,0,Iowa State,Kansas State,30,NA,Xavier Sneed,Makol Mawien,Kamau Stokes,Barry Brown Jr.,Dean Wade,Cameron Lard,Donovan Jackson,Jakolby Long,Nick Weiler-Babb,Solomon Young
2017-18,2018-02-17,1961158,88,0,1,Kansas State,Iowa State,Wildcats,Cyclones,4,3,15,9,6,1450,Iowa State,1839,639,8,Personal foul committed by Jakolby Long.,NA,FALSE,FALSE,NA,NA,NA,NA,NA,NA,0,Kansas State,Kansas State,31,NA,Xavier Sneed,Makol Mawien,Kamau Stokes,Barry Brown Jr.,Dean Wade,Cameron Lard,Donovan Jackson,Jakolby Long,Nick Weiler-Babb,Solomon Young
2017-18,2018-02-17,1961158,89,0,1,Kansas State,Iowa State,Wildcats,Cyclones,4,3,15,9,6,1457,Kansas State,1829,629,10,Dean Wade misses a 3-point jump shot from 25 feet out.,missed,FALSE,TRUE,Jump Shot,43.6,22.25,880677,Dean Wade,NA,0,Kansas State,Kansas State,31,NA,Xavier Sneed,Makol Mawien,Kamau Stokes,Barry Brown Jr.,Dean Wade,Cameron Lard,Donovan Jackson,Jakolby Long,Nick Weiler-Babb,Solomon Young
2017-18,2018-02-17,1961158,90,0,1,Kansas State,Iowa State,Wildcats,Cyclones,4,3,15,9,6,1450,Iowa State,1829,629,0,Nick Weiler-Babb with a defensive rebound.,NA,FALSE,FALSE,NA,NA,NA,NA,NA,NA,0,Kansas State,Iowa State,31,NA,Xavier Sneed,Makol Mawien,Kamau Stokes,Barry Brown Jr.,Dean Wade,Cameron Lard,Donovan Jackson,Jakolby Long,Nick Weiler-Babb,Solomon Young
2017-18,2018-02-17,1961158,91,0,1,Kansas State,Iowa State,Wildcats,Cyclones,4,3,15,12,3,1450,Iowa State,1819,619,10,Jakolby Long makes a 3-point jump shot from 25 feet out.,made,FALSE,TRUE,Jump Shot,43.4,22.45,944122,Jakolby Long,NA,0,Iowa State,Kansas State,32,NA,Xavier Sneed,Makol Mawien,Kamau Stokes,Barry Brown Jr.,Dean Wade,Cameron Lard,Donovan Jackson,Jakolby Long,Nick Weiler-Babb,Solomon Young
2017-18,2018-02-17,1961158,92,0,1,Kansas State,Iowa State,Wildcats,Cyclones,4,3,15,12,3,1457,Kansas State,1788,588,31,Solomon Young steals the ball from Makol Mawien.,NA,FALSE,FALSE,NA,NA,NA,NA,NA,NA,0,Kansas State,Iowa State,33,NA,Xavier Sneed,Makol Mawien,Kamau Stokes,Barry Brown Jr.,Dean Wade,Cameron Lard,Donovan Jackson,Jakolby Long,Nick Weiler-Babb,Solomon Young
2017-18,2018-02-17,1961158,93,0,1,Kansas State,Iowa State,Wildcats,Cyclones,4,3,15,12,3,1450,Iowa State,1781,581,7,Offensive foul committed by Cameron Lard.,NA,FALSE,FALSE,NA,NA,NA,NA,NA,NA,0,Iowa State,Iowa State,34,NA,Xavier Sneed,Makol Mawien,Kamau Stokes,Barry Brown Jr.,Dean Wade,Cameron Lard,Donovan Jackson,Jakolby Long,Nick Weiler-Babb,Solomon Young
2017-18,2018-02-17,1961158,94,0,1,Kansas State,Iowa State,Wildcats,Cyclones,4,3,15,12,3,1450,Iowa State,1781,581,0,Cameron Lard with a turnover,NA,FALSE,FALSE,NA,NA,NA,NA,NA,NA,0,Iowa State,Kansas State,34,NA,Xavier Sneed,Makol Mawien,Kamau Stokes,Barry Brown Jr.,Dean Wade,Cameron Lard,Donovan Jackson,Jakolby Long,Nick Weiler-Babb,Solomon Young
2017-18,2018-02-17,1961158,95,0,1,Kansas State,Iowa State,Wildcats,Cyclones,4,3,15,12,3,1457,Kansas State,1781,581,0,Substitution: James Love III in for Makol Mawien.,NA,FALSE,FALSE,NA,NA,NA,NA,NA,NA,1,NA,NA,NA,NA,Xavier Sneed,James Love III,Kamau Stokes,Barry Brown Jr.,Dean Wade,Cameron Lard,Donovan Jackson,Jakolby Long,Nick Weiler-Babb,Solomon Young
2017-18,2018-02-17,1961158,96,0,1,Kansas State,Iowa State,Wildcats,Cyclones,4,3,15,12,3,1457,Kansas State,1750,550,31,Wildcats with a turnover: Shot Clock Turnover,NA,FALSE,FALSE,NA,NA,NA,NA,NA,NA,0,Kansas State,Iowa State,35,NA,Xavier Sneed,James Love III,Kamau Stokes,Barry Brown Jr.,Dean Wade,Cameron Lard,Donovan Jackson,Jakolby Long,Nick Weiler-Babb,Solomon Young
2017-18,2018-02-17,1961158,97,0,1,Kansas State,Iowa State,Wildcats,Cyclones,4,3,15,12,3,1450,Iowa State,1750,550,0,Substitution: Jeff Beverly in for Cameron Lard.,NA,FALSE,FALSE,NA,NA,NA,NA,NA,NA,1,NA,NA,NA,NA,Xavier Sneed,James Love III,Kamau Stokes,Barry Brown Jr.,Dean Wade,Jeff Beverly,Donovan Jackson,Jakolby Long,Nick Weiler-Babb,Solomon Young
2017-18,2018-02-17,1961158,98,0,1,Kansas State,Iowa State,Wildcats,Cyclones,4,3,15,12,3,1457,Kansas State,1735,535,15,Personal foul committed by James Love III.,NA,FALSE,FALSE,NA,NA,NA,NA,NA,NA,0,Iowa State,Iowa State,36,NA,Xavier Sneed,James Love III,Kamau Stokes,Barry Brown Jr.,Dean Wade,Jeff Beverly,Donovan Jackson,Jakolby Long,Nick Weiler-Babb,Solomon Young
2017-18,2018-02-17,1961158,99,0,1,Kansas State,Iowa State,Wildcats,Cyclones,4,3,15,12,3,1450,Iowa State,1731,531,4,Donovan Jackson misses a 3-point jump shot from 24 feet out.,missed,FALSE,TRUE,Jump Shot,4.399999999999999,17.75,944121,Donovan Jackson,NA,0,Iowa State,Iowa State,36,NA,Xavier Sneed,James Love III,Kamau Stokes,Barry Brown Jr.,Dean Wade,Jeff Beverly,Donovan Jackson,Jakolby Long,Nick Weiler-Babb,Solomon Young
2017-18,2018-02-17,1961158,100,0,1,Kansas State,Iowa State,Wildcats,Cyclones,4,3,15,12,3,1450,Iowa State,1731,531,0,Solomon Young with an offensive rebound.,NA,FALSE,FALSE,NA,NA,NA,NA,NA,NA,0,Iowa State,Iowa State,36,NA,Xavier Sneed,James Love III,Kamau Stokes,Barry Brown Jr.,Dean Wade,Jeff Beverly,Donovan Jackson,Jakolby Long,Nick Weiler-Babb,Solomon Young
2017-18,2018-02-17,1961158,101,0,1,Kansas State,Iowa State,Wildcats,Cyclones,4,3,15,12,3,1457,Kansas State,1731,531,0,Personal foul committed by Kamau Stokes.,NA,FALSE,FALSE,NA,NA,NA,NA,NA,NA,0,Iowa State,Iowa State,36,NA,Xavier Sneed,James Love III,Kamau Stokes,Barry Brown Jr.,Dean Wade,Jeff Beverly,Donovan Jackson,Jakolby Long,Nick Weiler-Babb,Solomon Young
2017-18,2018-02-17,1961158,102,0,1,Kansas State,Iowa State,Wildcats,Cyclones,4,3,15,12,3,1450,Iowa State,1710,510,21,Jeff Beverly misses a jump shot from 14 feet out.,missed,FALSE,FALSE,Jump Shot,11.8,10.55,794380,Jeff Beverly,NA,0,Iowa State,Kansas State,36,NA,Xavier Sneed,James Love III,Kamau Stokes,Barry Brown Jr.,Dean Wade,Jeff Beverly,Donovan Jackson,Jakolby Long,Nick Weiler-Babb,Solomon Young
2017-18,2018-02-17,1961158,104,0,1,Kansas State,Iowa State,Wildcats,Cyclones,4,3,15,12,3,1450,Iowa State,1710,510,0,Personal foul committed by Solomon Young.,NA,FALSE,FALSE,NA,NA,NA,NA,NA,NA,0,Kansas State,Kansas State,37,NA,Xavier Sneed,James Love III,Kamau Stokes,Barry Brown Jr.,Dean Wade,Jeff Beverly,Donovan Jackson,Jakolby Long,Nick Weiler-Babb,Solomon Young
2017-18,2018-02-17,1961158,105,0,1,Kansas State,Iowa State,Wildcats,Cyclones,4,3,15,12,3,1450,Iowa State,1710,510,0,Substitution: Zoran Talley Jr. in for Jakolby Long.,NA,FALSE,FALSE,NA,NA,NA,NA,NA,NA,1,NA,NA,NA,NA,Xavier Sneed,James Love III,Kamau Stokes,Barry Brown Jr.,Dean Wade,Jeff Beverly,Donovan Jackson,Zoran Talley Jr.,Nick Weiler-Babb,Solomon Young
2017-18,2018-02-17,1961158,106,0,1,Kansas State,Iowa State,Wildcats,Cyclones,4,3,15,12,3,1450,Iowa State,1710,510,0,Substitution: Lindell Wigginton in for Donovan Jackson.,NA,FALSE,FALSE,NA,NA,NA,NA,NA,NA,1,NA,NA,NA,NA,Xavier Sneed,James Love III,Kamau Stokes,Barry Brown Jr.,Dean Wade,Jeff Beverly,Lindell Wigginton,Zoran Talley Jr.,Nick Weiler-Babb,Solomon Young
2017-18,2018-02-17,1961158,107,0,1,Kansas State,Iowa State,Wildcats,Cyclones,4,3,17,12,5,1457,Kansas State,1702,502,8,Dean Wade makes a jump shot from 7 feet out. Barry Brown Jr. with the assist.,made,FALSE,FALSE,Jump Shot,25.1,12.049999999999997,880677,Dean Wade,Barry Brown Jr.,0,Kansas State,Iowa State,37,NA,Xavier Sneed,James Love III,Kamau Stokes,Barry Brown Jr.,Dean Wade,Jeff Beverly,Lindell Wigginton,Zoran Talley Jr.,Nick Weiler-Babb,Solomon Young
2017-18,2018-02-17,1961158,108,0,1,Kansas State,Iowa State,Wildcats,Cyclones,4,3,17,14,3,1450,Iowa State,1691,491,11,Solomon Young dunks. Nick Weiler-Babb with the assist.,made,FALSE,FALSE,Dunk Shot,26,6.25,944123,Solomon Young,Nick Weiler-Babb,0,Iowa State,Kansas State,38,NA,Xavier Sneed,James Love III,Kamau Stokes,Barry Brown Jr.,Dean Wade,Jeff Beverly,Lindell Wigginton,Zoran Talley Jr.,Nick Weiler-Babb,Solomon Young
2017-18,2018-02-17,1961158,109,0,1,Kansas State,Iowa State,Wildcats,Cyclones,4,3,17,14,3,1457,Kansas State,1673,473,18,Kamau Stokes misses a 3-point jump shot from 24 feet out.,missed,FALSE,TRUE,Jump Shot,1.7999999999999972,12.650000000000006,880676,Kamau Stokes,NA,0,Kansas State,Kansas State,39,NA,Xavier Sneed,James Love III,Kamau Stokes,Barry Brown Jr.,Dean Wade,Jeff Beverly,Lindell Wigginton,Zoran Talley Jr.,Nick Weiler-Babb,Solomon Young
2017-18,2018-02-17,1961158,110,0,1,Kansas State,Iowa State,Wildcats,Cyclones,4,3,17,14,3,1450,Iowa State,1673,473,0,Nick Weiler-Babb with a defensive rebound.,NA,FALSE,FALSE,NA,NA,NA,NA,NA,NA,0,Kansas State,Iowa State,39,NA,Xavier Sneed,James Love III,Kamau Stokes,Barry Brown Jr.,Dean Wade,Jeff Beverly,Lindell Wigginton,Zoran Talley Jr.,Nick Weiler-Babb,Solomon Young
2017-18,2018-02-17,1961158,111,0,1,Kansas State,Iowa State,Wildcats,Cyclones,4,3,17,14,3,1457,Kansas State,1647,447,26,Shooting foul committed by James Love III.,NA,FALSE,FALSE,NA,NA,NA,NA,NA,NA,0,Iowa State,Iowa State,40,NA,Xavier Sneed,James Love III,Kamau Stokes,Barry Brown Jr.,Dean Wade,Jeff Beverly,Lindell Wigginton,Zoran Talley Jr.,Nick Weiler-Babb,Solomon Young
2017-18,2018-02-17,1961158,112,0,1,Kansas State,Iowa State,Wildcats,Cyclones,4,3,17,14,3,NA,NA,1647,447,0,Official TV timeout.,NA,FALSE,FALSE,NA,NA,NA,NA,NA,NA,0,NA,NA,NA,NA,Xavier Sneed,James Love III,Kamau Stokes,Barry Brown Jr.,Dean Wade,Jeff Beverly,Lindell Wigginton,Zoran Talley Jr.,Nick Weiler-Babb,Solomon Young
2017-18,2018-02-17,1961158,113,0,1,Kansas State,Iowa State,Wildcats,Cyclones,4,3,17,14,3,1457,Kansas State,1647,447,0,Substitution: Levi Stockard III in for James Love III.,NA,FALSE,FALSE,NA,NA,NA,NA,NA,NA,1,NA,NA,NA,NA,Xavier Sneed,Levi Stockard III,Kamau Stokes,Barry Brown Jr.,Dean Wade,Jeff Beverly,Lindell Wigginton,Zoran Talley Jr.,Nick Weiler-Babb,Solomon Young
2017-18,2018-02-17,1961158,114,0,1,Kansas State,Iowa State,Wildcats,Cyclones,4,3,17,15,2,1450,Iowa State,1647,447,0,Solomon Young makes free throw 1 of 2.,made,TRUE,FALSE,NA,NA,NA,NA,NA,NA,0,Iowa State,Iowa State,40,NA,Xavier Sneed,Levi Stockard III,Kamau Stokes,Barry Brown Jr.,Dean Wade,Jeff Beverly,Lindell Wigginton,Zoran Talley Jr.,Nick Weiler-Babb,Solomon Young
2017-18,2018-02-17,1961158,115,0,1,Kansas State,Iowa State,Wildcats,Cyclones,4,3,17,16,1,1450,Iowa State,1647,447,0,Solomon Young makes free throw 2 of 2.,made,TRUE,FALSE,NA,NA,NA,NA,NA,NA,0,Iowa State,Kansas State,40,NA,Xavier Sneed,Levi Stockard III,Kamau Stokes,Barry Brown Jr.,Dean Wade,Jeff Beverly,Lindell Wigginton,Zoran Talley Jr.,Nick Weiler-Babb,Solomon Young
2017-18,2018-02-17,1961158,116,0,1,Kansas State,Iowa State,Wildcats,Cyclones,4,3,19,16,3,1457,Kansas State,1630,430,17,Levi Stockard III makes a jump shot from 11 feet out.,made,FALSE,FALSE,Jump Shot,21.8,15.75,1060969,Levi Stockard III,NA,0,Kansas State,Iowa State,41,NA,Xavier Sneed,Levi Stockard III,Kamau Stokes,Barry Brown Jr.,Dean Wade,Jeff Beverly,Lindell Wigginton,Zoran Talley Jr.,Nick Weiler-Babb,Solomon Young
2017-18,2018-02-17,1961158,117,0,1,Kansas State,Iowa State,Wildcats,Cyclones,4,3,19,16,3,1450,Iowa State,1598,398,32,Zoran Talley Jr. misses a jump shot from 14 feet out.,missed,FALSE,FALSE,Jump Shot,32.9,17.25,846786,Zoran Talley Jr.,NA,0,Iowa State,Iowa State,42,NA,Xavier Sneed,Levi Stockard III,Kamau Stokes,Barry Brown Jr.,Dean Wade,Jeff Beverly,Lindell Wigginton,Zoran Talley Jr.,Nick Weiler-Babb,Solomon Young
2017-18,2018-02-17,1961158,118,0,1,Kansas State,Iowa State,Wildcats,Cyclones,4,3,19,16,3,1457,Kansas State,1598,398,0,Xavier Sneed with a defensive rebound.,NA,FALSE,FALSE,NA,NA,NA,NA,NA,NA,0,Iowa State,Kansas State,42,NA,Xavier Sneed,Levi Stockard III,Kamau Stokes,Barry Brown Jr.,Dean Wade,Jeff Beverly,Lindell Wigginton,Zoran Talley Jr.,Nick Weiler-Babb,Solomon Young
2017-18,2018-02-17,1961158,119,0,1,Kansas State,Iowa State,Wildcats,Cyclones,4,3,21,16,5,1457,Kansas State,1583,383,15,Barry Brown Jr. makes a jump shot from 11 feet out.,made,FALSE,FALSE,Jump Shot,17.700000000000003,14.049999999999997,880670,Barry Brown Jr.,NA,0,Kansas State,Iowa State,43,NA,Xavier Sneed,Levi Stockard III,Kamau Stokes,Barry Brown Jr.,Dean Wade,Jeff Beverly,Lindell Wigginton,Zoran Talley Jr.,Nick Weiler-Babb,Solomon Young
2017-18,2018-02-17,1961158,120,0,1,Kansas State,Iowa State,Wildcats,Cyclones,4,3,21,16,5,1450,Iowa State,1571,371,12,Xavier Sneed steals the ball from Zoran Talley Jr..,NA,FALSE,FALSE,NA,NA,NA,NA,NA,NA,0,Iowa State,Kansas State,44,NA,Xavier Sneed,Levi Stockard III,Kamau Stokes,Barry Brown Jr.,Dean Wade,Jeff Beverly,Lindell Wigginton,Zoran Talley Jr.,Nick Weiler-Babb,Solomon Young
2017-18,2018-02-17,1961158,121,0,1,Kansas State,Iowa State,Wildcats,Cyclones,4,3,23,16,7,1457,Kansas State,1567,367,4,Xavier Sneed makes a layup.,made,FALSE,FALSE,Layup Shot,25,5.25,944187,Xavier Sneed,NA,0,Kansas State,Iowa State,45,NA,Xavier Sneed,Levi Stockard III,Kamau Stokes,Barry Brown Jr.,Dean Wade,Jeff Beverly,Lindell Wigginton,Zoran Talley Jr.,Nick Weiler-Babb,Solomon Young
2017-18,2018-02-17,1961158,122,0,1,Kansas State,Iowa State,Wildcats,Cyclones,4,3,23,19,4,1450,Iowa State,1545,345,22,Jeff Beverly makes a 3-point jump shot from 24 feet out. Nick Weiler-Babb with the assist.,made,FALSE,TRUE,Jump Shot,7.699999999999999,22.45,794380,Jeff Beverly,Nick Weiler-Babb,0,Iowa State,Kansas State,46,NA,Xavier Sneed,Levi Stockard III,Kamau Stokes,Barry Brown Jr.,Dean Wade,Jeff Beverly,Lindell Wigginton,Zoran Talley Jr.,Nick Weiler-Babb,Solomon Young
2017-18,2018-02-17,1961158,123,0,1,Kansas State,Iowa State,Wildcats,Cyclones,4,3,23,19,4,1450,Iowa State,1529,329,16,Personal foul committed by Lindell Wigginton.,NA,FALSE,FALSE,NA,NA,NA,NA,NA,NA,0,Kansas State,Kansas State,47,NA,Xavier Sneed,Levi Stockard III,Kamau Stokes,Barry Brown Jr.,Dean Wade,Jeff Beverly,Lindell Wigginton,Zoran Talley Jr.,Nick Weiler-Babb,Solomon Young
2017-18,2018-02-17,1961158,124,0,1,Kansas State,Iowa State,Wildcats,Cyclones,4,3,23,19,4,1450,Iowa State,1529,329,0,Substitution: Cameron Lard in for Jeff Beverly.,NA,FALSE,FALSE,NA,NA,NA,NA,NA,NA,1,NA,NA,NA,NA,Xavier Sneed,Levi Stockard III,Kamau Stokes,Barry Brown Jr.,Dean Wade,Cameron Lard,Lindell Wigginton,Zoran Talley Jr.,Nick Weiler-Babb,Solomon Young
2017-18,2018-02-17,1961158,125,0,1,Kansas State,Iowa State,Wildcats,Cyclones,4,3,23,19,4,1457,Kansas State,1529,329,0,Substitution: Makol Mawien in for Dean Wade.,NA,FALSE,FALSE,NA,NA,NA,NA,NA,NA,1,NA,NA,NA,NA,Xavier Sneed,Levi Stockard III,Kamau Stokes,Barry Brown Jr.,Makol Mawien,Cameron Lard,Lindell Wigginton,Zoran Talley Jr.,Nick Weiler-Babb,Solomon Young
2017-18,2018-02-17,1961158,126,0,1,Kansas State,Iowa State,Wildcats,Cyclones,4,3,23,19,4,1457,Kansas State,1529,329,0,Barry Brown Jr. misses free throw 1st of 1-and-1.,missed,TRUE,FALSE,NA,NA,NA,NA,NA,NA,0,Kansas State,Kansas State,47,NA,Xavier Sneed,Levi Stockard III,Kamau Stokes,Barry Brown Jr.,Makol Mawien,Cameron Lard,Lindell Wigginton,Zoran Talley Jr.,Nick Weiler-Babb,Solomon Young
2017-18,2018-02-17,1961158,127,0,1,Kansas State,Iowa State,Wildcats,Cyclones,4,3,23,19,4,1450,Iowa State,1529,329,0,Cameron Lard with a defensive rebound.,NA,FALSE,FALSE,NA,NA,NA,NA,NA,NA,0,Kansas State,Iowa State,47,NA,Xavier Sneed,Levi Stockard III,Kamau Stokes,Barry Brown Jr.,Makol Mawien,Cameron Lard,Lindell Wigginton,Zoran Talley Jr.,Nick Weiler-Babb,Solomon Young
2017-18,2018-02-17,1961158,128,0,1,Kansas State,Iowa State,Wildcats,Cyclones,4,3,23,19,4,1450,Iowa State,1521,321,8,Lindell Wigginton misses a 3-point jump shot from 23 feet out.,missed,FALSE,TRUE,Jump Shot,2.3000000000000007,10.95,1060959,Lindell Wigginton,NA,0,Iowa State,Iowa State,48,NA,Xavier Sneed,Levi Stockard III,Kamau Stokes,Barry Brown Jr.,Makol Mawien,Cameron Lard,Lindell Wigginton,Zoran Talley Jr.,Nick Weiler-Babb,Solomon Young
2017-18,2018-02-17,1961158,129,0,1,Kansas State,Iowa State,Wildcats,Cyclones,4,3,23,19,4,1457,Kansas State,1521,321,0,Xavier Sneed with a defensive rebound.,NA,FALSE,FALSE,NA,NA,NA,NA,NA,NA,0,Iowa State,Kansas State,48,NA,Xavier Sneed,Levi Stockard III,Kamau Stokes,Barry Brown Jr.,Makol Mawien,Cameron Lard,Lindell Wigginton,Zoran Talley Jr.,Nick Weiler-Babb,Solomon Young
2017-18,2018-02-17,1961158,130,0,1,Kansas State,Iowa State,Wildcats,Cyclones,4,3,23,19,4,1457,Kansas State,1497,297,24,Makol Mawien misses a jump shot from 9 feet out.,missed,FALSE,FALSE,Jump Shot,30.3,12.950000000000003,884134,Makol Mawien,NA,0,Kansas State,Kansas State,49,NA,Xavier Sneed,Levi Stockard III,Kamau Stokes,Barry Brown Jr.,Makol Mawien,Cameron Lard,Lindell Wigginton,Zoran Talley Jr.,Nick Weiler-Babb,Solomon Young
2017-18,2018-02-17,1961158,131,0,1,Kansas State,Iowa State,Wildcats,Cyclones,4,3,23,19,4,1450,Iowa State,1497,297,0,Solomon Young with a defensive rebound.,NA,FALSE,FALSE,NA,NA,NA,NA,NA,NA,0,Kansas State,Iowa State,49,NA,Xavier Sneed,Levi Stockard III,Kamau Stokes,Barry Brown Jr.,Makol Mawien,Cameron Lard,Lindell Wigginton,Zoran Talley Jr.,Nick Weiler-Babb,Solomon Young
2017-18,2018-02-17,1961158,132,0,1,Kansas State,Iowa State,Wildcats,Cyclones,4,3,23,19,4,1450,Iowa State,1490,290,7,Kamau Stokes steals the ball from Lindell Wigginton.,NA,FALSE,FALSE,NA,NA,NA,NA,NA,NA,0,Iowa State,Kansas State,50,NA,Xavier Sneed,Levi Stockard III,Kamau Stokes,Barry Brown Jr.,Makol Mawien,Cameron Lard,Lindell Wigginton,Zoran Talley Jr.,Nick Weiler-Babb,Solomon Young
2017-18,2018-02-17,1961158,133,0,1,Kansas State,Iowa State,Wildcats,Cyclones,4,3,23,19,4,1450,Iowa State,1485,285,5,Substitution: Donovan Jackson in for Solomon Young.,NA,FALSE,FALSE,NA,NA,NA,NA,NA,NA,1,NA,NA,NA,NA,Xavier Sneed,Levi Stockard III,Kamau Stokes,Barry Brown Jr.,Makol Mawien,Cameron Lard,Lindell Wigginton,Zoran Talley Jr.,Nick Weiler-Babb,Donovan Jackson
2017-18,2018-02-17,1961158,134,0,1,Kansas State,Iowa State,Wildcats,Cyclones,4,3,26,19,7,1457,Kansas State,1474,274,11,Xavier Sneed makes a 3-point jump shot from 25 feet out. Kamau Stokes with the assist.,made,FALSE,TRUE,Jump Shot,4.200000000000003,19.25,944187,Xavier Sneed,Kamau Stokes,0,Kansas State,Iowa State,51,NA,Xavier Sneed,Levi Stockard III,Kamau Stokes,Barry Brown Jr.,Makol Mawien,Cameron Lard,Lindell Wigginton,Zoran Talley Jr.,Nick Weiler-Babb,Donovan Jackson
2017-18,2018-02-17,1961158,135,0,1,Kansas State,Iowa State,Wildcats,Cyclones,4,3,26,19,7,1450,Iowa State,1456,256,18,Makol Mawien blocks a Lindell Wigginton layup.,missed,FALSE,FALSE,Layup Shot,26,6.25,1060959,Lindell Wigginton,NA,0,Iowa State,Iowa State,52,NA,Xavier Sneed,Levi Stockard III,Kamau Stokes,Barry Brown Jr.,Makol Mawien,Cameron Lard,Lindell Wigginton,Zoran Talley Jr.,Nick Weiler-Babb,Donovan Jackson
2017-18,2018-02-17,1961158,137,0,1,Kansas State,Iowa State,Wildcats,Cyclones,4,3,26,19,7,1457,Kansas State,1456,256,0,Substitution: Dean Wade in for Xavier Sneed.,NA,FALSE,FALSE,NA,NA,NA,NA,NA,NA,1,NA,NA,NA,NA,Dean Wade,Levi Stockard III,Kamau Stokes,Barry Brown Jr.,Makol Mawien,Cameron Lard,Lindell Wigginton,Zoran Talley Jr.,Nick Weiler-Babb,Donovan Jackson
2017-18,2018-02-17,1961158,138,0,1,Kansas State,Iowa State,Wildcats,Cyclones,4,3,26,19,7,1457,Kansas State,1456,256,0,Substitution: Amaad Wainright in for Levi Stockard III.,NA,FALSE,FALSE,NA,NA,NA,NA,NA,NA,1,NA,NA,NA,NA,Dean Wade,Amaad Wainright,Kamau Stokes,Barry Brown Jr.,Makol Mawien,Cameron Lard,Lindell Wigginton,Zoran Talley Jr.,Nick Weiler-Babb,Donovan Jackson
2017-18,2018-02-17,1961158,139,0,1,Kansas State,Iowa State,Wildcats,Cyclones,4,3,26,19,7,1450,Iowa State,1448,248,8,Cameron Lard misses a jump shot from 10 feet out.,missed,FALSE,FALSE,Jump Shot,25.6,15.15,944115,Cameron Lard,NA,0,Iowa State,Iowa State,52,NA,Dean Wade,Amaad Wainright,Kamau Stokes,Barry Brown Jr.,Makol Mawien,Cameron Lard,Lindell Wigginton,Zoran Talley Jr.,Nick Weiler-Babb,Donovan Jackson
2017-18,2018-02-17,1961158,140,0,1,Kansas State,Iowa State,Wildcats,Cyclones,4,3,26,19,7,1450,Iowa State,1448,248,0,Donovan Jackson with an offensive rebound.,NA,FALSE,FALSE,NA,NA,NA,NA,NA,NA,0,Iowa State,Iowa State,52,NA,Dean Wade,Amaad Wainright,Kamau Stokes,Barry Brown Jr.,Makol Mawien,Cameron Lard,Lindell Wigginton,Zoran Talley Jr.,Nick Weiler-Babb,Donovan Jackson
2017-18,2018-02-17,1961158,141,0,1,Kansas State,Iowa State,Wildcats,Cyclones,4,3,26,21,5,1450,Iowa State,1439,239,9,Cameron Lard dunks. Donovan Jackson with the assist.,made,FALSE,FALSE,Dunk Shot,26,6.25,944115,Cameron Lard,Donovan Jackson,0,Iowa State,Kansas State,52,NA,Dean Wade,Amaad Wainright,Kamau Stokes,Barry Brown Jr.,Makol Mawien,Cameron Lard,Lindell Wigginton,Zoran Talley Jr.,Nick Weiler-Babb,Donovan Jackson
2017-18,2018-02-17,1961158,142,0,1,Kansas State,Iowa State,Wildcats,Cyclones,4,3,28,21,7,1457,Kansas State,1414,214,25,Kamau Stokes makes a jump shot from 19 feet out. Dean Wade with the assist.,made,FALSE,FALSE,Jump Shot,17,23.25,880676,Kamau Stokes,Dean Wade,0,Kansas State,Iowa State,53,NA,Dean Wade,Amaad Wainright,Kamau Stokes,Barry Brown Jr.,Makol Mawien,Cameron Lard,Lindell Wigginton,Zoran Talley Jr.,Nick Weiler-Babb,Donovan Jackson
2017-18,2018-02-17,1961158,143,0,1,Kansas State,Iowa State,Wildcats,Cyclones,4,3,28,21,7,1450,Iowa State,1396,196,18,Donovan Jackson misses a layup.,missed,FALSE,FALSE,Layup Shot,25,5.25,944121,Donovan Jackson,NA,0,Iowa State,Iowa State,54,NA,Dean Wade,Amaad Wainright,Kamau Stokes,Barry Brown Jr.,Makol Mawien,Cameron Lard,Lindell Wigginton,Zoran Talley Jr.,Nick Weiler-Babb,Donovan Jackson
2017-18,2018-02-17,1961158,144,0,1,Kansas State,Iowa State,Wildcats,Cyclones,4,3,28,21,7,1450,Iowa State,1396,196,0,Zoran Talley Jr. with an offensive rebound.,NA,FALSE,FALSE,NA,NA,NA,NA,NA,NA,0,Iowa State,Iowa State,54,NA,Dean Wade,Amaad Wainright,Kamau Stokes,Barry Brown Jr.,Makol Mawien,Cameron Lard,Lindell Wigginton,Zoran Talley Jr.,Nick Weiler-Babb,Donovan Jackson
2017-18,2018-02-17,1961158,145,0,1,Kansas State,Iowa State,Wildcats,Cyclones,4,3,28,23,5,1450,Iowa State,1382,182,14,Lindell Wigginton makes a jump shot from 17 feet out. Donovan Jackson with the assist.,made,FALSE,FALSE,Jump Shot,35.5,18.35,1060959,Lindell Wigginton,Donovan Jackson,0,Iowa State,Kansas State,54,NA,Dean Wade,Amaad Wainright,Kamau Stokes,Barry Brown Jr.,Makol Mawien,Cameron Lard,Lindell Wigginton,Zoran Talley Jr.,Nick Weiler-Babb,Donovan Jackson
2017-18,2018-02-17,1961158,146,0,1,Kansas State,Iowa State,Wildcats,Cyclones,4,3,28,23,5,1457,Kansas State,1351,151,31,Zoran Talley Jr. blocks a Kamau Stokes layup.,missed,FALSE,FALSE,Layup Shot,25,5.25,880676,Kamau Stokes,NA,0,Kansas State,Kansas State,55,NA,Dean Wade,Amaad Wainright,Kamau Stokes,Barry Brown Jr.,Makol Mawien,Cameron Lard,Lindell Wigginton,Zoran Talley Jr.,Nick Weiler-Babb,Donovan Jackson
2017-18,2018-02-17,1961158,148,0,1,Kansas State,Iowa State,Wildcats,Cyclones,4,3,28,23,5,NA,NA,1351,151,0,Official TV timeout.,NA,FALSE,FALSE,NA,NA,NA,NA,NA,NA,0,NA,NA,NA,NA,Dean Wade,Amaad Wainright,Kamau Stokes,Barry Brown Jr.,Makol Mawien,Cameron Lard,Lindell Wigginton,Zoran Talley Jr.,Nick Weiler-Babb,Donovan Jackson
2017-18,2018-02-17,1961158,149,0,1,Kansas State,Iowa State,Wildcats,Cyclones,4,3,28,23,5,1457,Kansas State,1348,148,3,Wildcats with a turnover: Shot Clock Turnover,NA,FALSE,FALSE,NA,NA,NA,NA,NA,NA,0,Kansas State,Iowa State,55,NA,Dean Wade,Amaad Wainright,Kamau Stokes,Barry Brown Jr.,Makol Mawien,Cameron Lard,Lindell Wigginton,Zoran Talley Jr.,Nick Weiler-Babb,Donovan Jackson
2017-18,2018-02-17,1961158,150,0,1,Kansas State,Iowa State,Wildcats,Cyclones,4,3,28,26,2,1450,Iowa State,1336,136,12,Donovan Jackson makes a 3-point jump shot from 25 feet out. Lindell Wigginton with the assist.,made,FALSE,TRUE,Jump Shot,5.5,20.35,944121,Donovan Jackson,Lindell Wigginton,0,Iowa State,Kansas State,56,NA,Dean Wade,Amaad Wainright,Kamau Stokes,Barry Brown Jr.,Makol Mawien,Cameron Lard,Lindell Wigginton,Zoran Talley Jr.,Nick Weiler-Babb,Donovan Jackson
2017-18,2018-02-17,1961158,151,0,1,Kansas State,Iowa State,Wildcats,Cyclones,4,3,28,26,2,1457,Kansas State,1315,115,21,Barry Brown Jr. misses a jump shot from 15 feet out.,missed,FALSE,FALSE,Jump Shot,26.8,20.549999999999997,880670,Barry Brown Jr.,NA,0,Kansas State,Kansas State,57,NA,Dean Wade,Amaad Wainright,Kamau Stokes,Barry Brown Jr.,Makol Mawien,Cameron Lard,Lindell Wigginton,Zoran Talley Jr.,Nick Weiler-Babb,Donovan Jackson
2017-18,2018-02-17,1961158,152,0,1,Kansas State,Iowa State,Wildcats,Cyclones,4,3,28,26,2,1450,Iowa State,1315,115,0,Zoran Talley Jr. with a defensive rebound.,NA,FALSE,FALSE,NA,NA,NA,NA,NA,NA,0,Kansas State,Iowa State,57,NA,Dean Wade,Amaad Wainright,Kamau Stokes,Barry Brown Jr.,Makol Mawien,Cameron Lard,Lindell Wigginton,Zoran Talley Jr.,Nick Weiler-Babb,Donovan Jackson
2017-18,2018-02-17,1961158,153,0,1,Kansas State,Iowa State,Wildcats,Cyclones,4,3,28,28,0,1450,Iowa State,1305,105,10,Cameron Lard makes a layup.,made,FALSE,FALSE,Layup Shot,25,5.25,944115,Cameron Lard,NA,0,Iowa State,Kansas State,58,NA,Dean Wade,Amaad Wainright,Kamau Stokes,Barry Brown Jr.,Makol Mawien,Cameron Lard,Lindell Wigginton,Zoran Talley Jr.,Nick Weiler-Babb,Donovan Jackson
2017-18,2018-02-17,1961158,154,0,1,Kansas State,Iowa State,Wildcats,Cyclones,4,3,28,28,0,1457,Kansas State,1288,88,17,Barry Brown Jr. misses a layup.,missed,FALSE,FALSE,Layup Shot,25,5.25,880670,Barry Brown Jr.,NA,0,Kansas State,Kansas State,59,NA,Dean Wade,Amaad Wainright,Kamau Stokes,Barry Brown Jr.,Makol Mawien,Cameron Lard,Lindell Wigginton,Zoran Talley Jr.,Nick Weiler-Babb,Donovan Jackson
2017-18,2018-02-17,1961158,156,0,1,Kansas State,Iowa State,Wildcats,Cyclones,4,3,28,28,0,1450,Iowa State,1288,88,0,Substitution: Solomon Young in for Cameron Lard.,NA,FALSE,FALSE,NA,NA,NA,NA,NA,NA,1,NA,NA,NA,NA,Dean Wade,Amaad Wainright,Kamau Stokes,Barry Brown Jr.,Makol Mawien,Solomon Young,Lindell Wigginton,Zoran Talley Jr.,Nick Weiler-Babb,Donovan Jackson
2017-18,2018-02-17,1961158,157,0,1,Kansas State,Iowa State,Wildcats,Cyclones,4,3,30,28,2,1457,Kansas State,1278,78,10,Barry Brown Jr. makes a jump shot from 15 feet out.,made,FALSE,FALSE,Jump Shot,15.299999999999997,17.25,880670,Barry Brown Jr.,NA,0,Kansas State,Iowa State,59,NA,Dean Wade,Amaad Wainright,Kamau Stokes,Barry Brown Jr.,Makol Mawien,Solomon Young,Lindell Wigginton,Zoran Talley Jr.,Nick Weiler-Babb,Donovan Jackson
2017-18,2018-02-17,1961158,158,0,1,Kansas State,Iowa State,Wildcats,Cyclones,4,3,30,30,0,1450,Iowa State,1251,51,27,Lindell Wigginton makes a jump shot from 15 feet out.,made,FALSE,FALSE,Jump Shot,18.2,18.75,1060959,Lindell Wigginton,NA,0,Iowa State,Kansas State,60,NA,Dean Wade,Amaad Wainright,Kamau Stokes,Barry Brown Jr.,Makol Mawien,Solomon Young,Lindell Wigginton,Zoran Talley Jr.,Nick Weiler-Babb,Donovan Jackson
2017-18,2018-02-17,1961158,159,0,1,Kansas State,Iowa State,Wildcats,Cyclones,4,3,33,30,3,1457,Kansas State,1230,30,21,Xavier Sneed makes a 3-point jump shot from 24 feet out. Kamau Stokes with the assist.,made,FALSE,TRUE,Jump Shot,38.2,25.75,944187,Xavier Sneed,Kamau Stokes,0,Kansas State,Iowa State,61,NA,Dean Wade,Amaad Wainright,Kamau Stokes,Barry Brown Jr.,Makol Mawien,Solomon Young,Lindell Wigginton,Zoran Talley Jr.,Nick Weiler-Babb,Donovan Jackson
2017-18,2018-02-17,1961158,160,0,1,Kansas State,Iowa State,Wildcats,Cyclones,4,3,33,33,0,1450,Iowa State,1204,4,26,Lindell Wigginton makes a 3-point jump shot from 25 feet out.,made,FALSE,TRUE,Jump Shot,39,25.75,1060959,Lindell Wigginton,NA,0,Iowa State,Kansas State,62,NA,Dean Wade,Amaad Wainright,Kamau Stokes,Barry Brown Jr.,Makol Mawien,Solomon Young,Lindell Wigginton,Zoran Talley Jr.,Nick Weiler-Babb,Donovan Jackson
2017-18,2018-02-17,1961158,161,0,1,Kansas State,Iowa State,Wildcats,Cyclones,4,3,33,33,0,NA,NA,1200,0,4,End of the 1st Half,NA,FALSE,FALSE,NA,NA,NA,NA,NA,NA,0,NA,NA,NA,NA,Dean Wade,Amaad Wainright,Kamau Stokes,Barry Brown Jr.,Makol Mawien,Solomon Young,Lindell Wigginton,Zoran Talley Jr.,Nick Weiler-Babb,Donovan Jackson
2017-18,2018-02-17,1961158,162,0,2,Kansas State,Iowa State,Wildcats,Cyclones,4,4,33,33,0,NA,NA,1200,1200,0,Start of the 2nd Half,NA,FALSE,FALSE,NA,NA,NA,NA,NA,NA,0,NA,Iowa State,63,NA,Dean Wade,Amaad Wainright,Kamau Stokes,Barry Brown Jr.,Makol Mawien,Solomon Young,Lindell Wigginton,Zoran Talley Jr.,Nick Weiler-Babb,Donovan Jackson
2017-18,2018-02-17,1961158,163,0,2,Kansas State,Iowa State,Wildcats,Cyclones,4,4,33,33,0,1450,Iowa State,1169,1169,31,Cyclones with a turnover: Shot Clock Turnover,NA,FALSE,FALSE,NA,NA,NA,NA,NA,NA,0,Iowa State,Kansas State,64,NA,Dean Wade,Amaad Wainright,Kamau Stokes,Barry Brown Jr.,Makol Mawien,Solomon Young,Lindell Wigginton,Zoran Talley Jr.,Nick Weiler-Babb,Donovan Jackson
2017-18,2018-02-17,1961158,164,0,2,Kansas State,Iowa State,Wildcats,Cyclones,4,4,35,33,2,1457,Kansas State,1162,1162,7,Dean Wade makes a layup.,made,FALSE,FALSE,Layup Shot,26,6.25,880677,Dean Wade,NA,0,Kansas State,Iowa State,65,NA,Dean Wade,Amaad Wainright,Kamau Stokes,Barry Brown Jr.,Makol Mawien,Solomon Young,Lindell Wigginton,Zoran Talley Jr.,Nick Weiler-Babb,Donovan Jackson
2017-18,2018-02-17,1961158,165,0,2,Kansas State,Iowa State,Wildcats,Cyclones,4,4,35,33,2,1450,Iowa State,1149,1149,13,Dean Wade steals the ball from Donovan Jackson.,NA,FALSE,FALSE,NA,NA,NA,NA,NA,NA,0,Iowa State,Kansas State,66,NA,Dean Wade,Amaad Wainright,Kamau Stokes,Barry Brown Jr.,Makol Mawien,Solomon Young,Lindell Wigginton,Zoran Talley Jr.,Nick Weiler-Babb,Donovan Jackson
2017-18,2018-02-17,1961158,166,0,2,Kansas State,Iowa State,Wildcats,Cyclones,4,4,37,33,4,1457,Kansas State,1145,1145,4,Barry Brown Jr. dunks. Dean Wade with the assist.,made,FALSE,FALSE,Dunk Shot,25,5.25,880670,Barry Brown Jr.,Dean Wade,0,Kansas State,Iowa State,67,NA,Dean Wade,Amaad Wainright,Kamau Stokes,Barry Brown Jr.,Makol Mawien,Solomon Young,Lindell Wigginton,Zoran Talley Jr.,Nick Weiler-Babb,Donovan Jackson
2017-18,2018-02-17,1961158,167,0,2,Kansas State,Iowa State,Wildcats,Cyclones,4,3,37,33,4,1450,Iowa State,1139,1139,6,Cyclones take a 30-second timeout.,NA,FALSE,FALSE,NA,NA,NA,NA,NA,NA,0,NA,NA,NA,NA,Dean Wade,Amaad Wainright,Kamau Stokes,Barry Brown Jr.,Makol Mawien,Solomon Young,Lindell Wigginton,Zoran Talley Jr.,Nick Weiler-Babb,Donovan Jackson
2017-18,2018-02-17,1961158,168,0,2,Kansas State,Iowa State,Wildcats,Cyclones,4,3,37,35,2,1450,Iowa State,1124,1124,15,Lindell Wigginton makes a jump shot from 18 feet out. Zoran Talley Jr. with the assist.,made,FALSE,FALSE,Jump Shot,9,13.75,1060959,Lindell Wigginton,Zoran Talley Jr.,0,Iowa State,Kansas State,68,NA,Dean Wade,Amaad Wainright,Kamau Stokes,Barry Brown Jr.,Makol Mawien,Solomon Young,Lindell Wigginton,Zoran Talley Jr.,Nick Weiler-Babb,Donovan Jackson
2017-18,2018-02-17,1961158,169,0,2,Kansas State,Iowa State,Wildcats,Cyclones,4,3,37,35,2,1457,Kansas State,1105,1105,19,Xavier Sneed misses a jump shot from 13 feet out.,missed,FALSE,FALSE,Jump Shot,34.2,14.650000000000006,944187,Xavier Sneed,NA,0,Kansas State,Kansas State,69,NA,Dean Wade,Amaad Wainright,Kamau Stokes,Barry Brown Jr.,Makol Mawien,Solomon Young,Lindell Wigginton,Zoran Talley Jr.,Nick Weiler-Babb,Donovan Jackson
2017-18,2018-02-17,1961158,170,0,2,Kansas State,Iowa State,Wildcats,Cyclones,4,3,37,35,2,1457,Kansas State,1105,1105,0,Makol Mawien with an offensive rebound.,NA,FALSE,FALSE,NA,NA,NA,NA,NA,NA,0,Kansas State,Kansas State,69,NA,Dean Wade,Amaad Wainright,Kamau Stokes,Barry Brown Jr.,Makol Mawien,Solomon Young,Lindell Wigginton,Zoran Talley Jr.,Nick Weiler-Babb,Donovan Jackson
2017-18,2018-02-17,1961158,171,0,2,Kansas State,Iowa State,Wildcats,Cyclones,4,3,40,35,5,1457,Kansas State,1099,1099,6,Cartier Diarra makes a 3-point jump shot from 24 feet out. Dean Wade with the assist.,made,FALSE,TRUE,Jump Shot,41.2,23.549999999999997,944176,Cartier Diarra,Dean Wade,0,Kansas State,Iowa State,69,NA,Dean Wade,Amaad Wainright,Kamau Stokes,Barry Brown Jr.,Makol Mawien,Solomon Young,Lindell Wigginton,Zoran Talley Jr.,Nick Weiler-Babb,Donovan Jackson
2017-18,2018-02-17,1961158,172,0,2,Kansas State,Iowa State,Wildcats,Cyclones,4,3,40,35,5,1450,Iowa State,1082,1082,17,Lindell Wigginton with a turnover - Traveling,NA,FALSE,FALSE,NA,NA,NA,NA,NA,NA,0,Iowa State,Kansas State,70,NA,Dean Wade,Amaad Wainright,Kamau Stokes,Barry Brown Jr.,Makol Mawien,Solomon Young,Lindell Wigginton,Zoran Talley Jr.,Nick Weiler-Babb,Donovan Jackson
2017-18,2018-02-17,1961158,173,0,2,Kansas State,Iowa State,Wildcats,Cyclones,4,3,40,35,5,1457,Kansas State,1071,1071,11,Xavier Sneed misses a 3-point jump shot from 24 feet out.,missed,FALSE,TRUE,Jump Shot,25.3,29.450000000000003,944187,Xavier Sneed,NA,0,Kansas State,Kansas State,71,NA,Dean Wade,Amaad Wainright,Kamau Stokes,Barry Brown Jr.,Makol Mawien,Solomon Young,Lindell Wigginton,Zoran Talley Jr.,Nick Weiler-Babb,Donovan Jackson
2017-18,2018-02-17,1961158,174,0,2,Kansas State,Iowa State,Wildcats,Cyclones,4,3,40,35,5,1450,Iowa State,1071,1071,0,Cameron Lard with a defensive rebound.,NA,FALSE,FALSE,NA,NA,NA,NA,NA,NA,0,Kansas State,Iowa State,71,NA,Dean Wade,Amaad Wainright,Kamau Stokes,Barry Brown Jr.,Makol Mawien,Solomon Young,Lindell Wigginton,Zoran Talley Jr.,Nick Weiler-Babb,Donovan Jackson
2017-18,2018-02-17,1961158,175,0,2,Kansas State,Iowa State,Wildcats,Cyclones,4,3,40,37,3,1450,Iowa State,1061,1061,10,Zoran Talley Jr. makes a layup.,made,FALSE,FALSE,Layup Shot,25,5.25,846786,Zoran Talley Jr.,NA,0,Iowa State,Kansas State,72,NA,Dean Wade,Amaad Wainright,Kamau Stokes,Barry Brown Jr.,Makol Mawien,Solomon Young,Lindell Wigginton,Zoran Talley Jr.,Nick Weiler-Babb,Donovan Jackson
2017-18,2018-02-17,1961158,176,0,2,Kansas State,Iowa State,Wildcats,Cyclones,4,3,40,37,3,1457,Kansas State,1041,1041,20,Cameron Lard blocks a Cartier Diarra layup.,missed,FALSE,FALSE,Layup Shot,25,5.25,944176,Cartier Diarra,NA,0,Kansas State,Kansas State,73,NA,Dean Wade,Amaad Wainright,Kamau Stokes,Barry Brown Jr.,Makol Mawien,Solomon Young,Lindell Wigginton,Zoran Talley Jr.,Nick Weiler-Babb,Donovan Jackson
2017-18,2018-02-17,1961158,177,0,2,Kansas State,Iowa State,Wildcats,Cyclones,4,3,40,37,3,1457,Kansas State,1041,1041,0,Cartier Diarra with an offensive rebound.,NA,FALSE,FALSE,NA,NA,NA,NA,NA,NA,0,Kansas State,Kansas State,73,NA,Dean Wade,Amaad Wainright,Kamau Stokes,Barry Brown Jr.,Makol Mawien,Solomon Young,Lindell Wigginton,Zoran Talley Jr.,Nick Weiler-Babb,Donovan Jackson
2017-18,2018-02-17,1961158,178,0,2,Kansas State,Iowa State,Wildcats,Cyclones,4,3,40,37,3,1450,Iowa State,1037,1037,4,Personal foul committed by Cameron Lard.,NA,FALSE,FALSE,NA,NA,NA,NA,NA,NA,0,Kansas State,Kansas State,73,NA,Dean Wade,Amaad Wainright,Kamau Stokes,Barry Brown Jr.,Makol Mawien,Solomon Young,Lindell Wigginton,Zoran Talley Jr.,Nick Weiler-Babb,Donovan Jackson
2017-18,2018-02-17,1961158,179,0,2,Kansas State,Iowa State,Wildcats,Cyclones,4,3,41,37,4,1457,Kansas State,1037,1037,0,Makol Mawien makes free throw 1 of 2.,made,TRUE,FALSE,NA,NA,NA,NA,NA,NA,0,Kansas State,Kansas State,73,NA,Dean Wade,Amaad Wainright,Kamau Stokes,Barry Brown Jr.,Makol Mawien,Solomon Young,Lindell Wigginton,Zoran Talley Jr.,Nick Weiler-Babb,Donovan Jackson
2017-18,2018-02-17,1961158,180,0,2,Kansas State,Iowa State,Wildcats,Cyclones,4,3,42,37,5,1457,Kansas State,1037,1037,0,Makol Mawien makes free throw 2 of 2.,made,TRUE,FALSE,NA,NA,NA,NA,NA,NA,0,Kansas State,Iowa State,73,NA,Dean Wade,Amaad Wainright,Kamau Stokes,Barry Brown Jr.,Makol Mawien,Solomon Young,Lindell Wigginton,Zoran Talley Jr.,Nick Weiler-Babb,Donovan Jackson
2017-18,2018-02-17,1961158,181,0,2,Kansas State,Iowa State,Wildcats,Cyclones,4,3,42,37,5,1450,Iowa State,1021,1021,16,Zoran Talley Jr. misses a jump shot from 6 feet out.,missed,FALSE,FALSE,Jump Shot,20.1,8.15,846786,Zoran Talley Jr.,NA,0,Iowa State,Iowa State,74,NA,Dean Wade,Amaad Wainright,Kamau Stokes,Barry Brown Jr.,Makol Mawien,Solomon Young,Lindell Wigginton,Zoran Talley Jr.,Nick Weiler-Babb,Donovan Jackson
2017-18,2018-02-17,1961158,182,0,2,Kansas State,Iowa State,Wildcats,Cyclones,4,3,42,37,5,1450,Iowa State,1021,1021,0,Solomon Young with an offensive rebound.,NA,FALSE,FALSE,NA,NA,NA,NA,NA,NA,0,Iowa State,Iowa State,74,NA,Dean Wade,Amaad Wainright,Kamau Stokes,Barry Brown Jr.,Makol Mawien,Solomon Young,Lindell Wigginton,Zoran Talley Jr.,Nick Weiler-Babb,Donovan Jackson
2017-18,2018-02-17,1961158,183,0,2,Kansas State,Iowa State,Wildcats,Cyclones,4,3,42,37,5,1457,Kansas State,1020,1020,1,Shooting foul committed by Makol Mawien.,NA,FALSE,FALSE,NA,NA,NA,NA,NA,NA,0,Iowa State,Iowa State,74,NA,Dean Wade,Amaad Wainright,Kamau Stokes,Barry Brown Jr.,Makol Mawien,Solomon Young,Lindell Wigginton,Zoran Talley Jr.,Nick Weiler-Babb,Donovan Jackson
2017-18,2018-02-17,1961158,184,0,2,Kansas State,Iowa State,Wildcats,Cyclones,4,3,42,38,4,1450,Iowa State,1020,1020,0,Solomon Young makes free throw 1 of 2.,made,TRUE,FALSE,NA,NA,NA,NA,NA,NA,0,Iowa State,Iowa State,74,NA,Dean Wade,Amaad Wainright,Kamau Stokes,Barry Brown Jr.,Makol Mawien,Solomon Young,Lindell Wigginton,Zoran Talley Jr.,Nick Weiler-Babb,Donovan Jackson
2017-18,2018-02-17,1961158,185,0,2,Kansas State,Iowa State,Wildcats,Cyclones,4,3,42,39,3,1450,Iowa State,1020,1020,0,Solomon Young makes free throw 2 of 2.,made,TRUE,FALSE,NA,NA,NA,NA,NA,NA,0,Iowa State,Kansas State,74,NA,Dean Wade,Amaad Wainright,Kamau Stokes,Barry Brown Jr.,Makol Mawien,Solomon Young,Lindell Wigginton,Zoran Talley Jr.,Nick Weiler-Babb,Donovan Jackson
2017-18,2018-02-17,1961158,186,0,2,Kansas State,Iowa State,Wildcats,Cyclones,4,3,44,39,5,1457,Kansas State,1004,1004,16,Xavier Sneed makes a layup.,made,FALSE,FALSE,Layup Shot,25,5.25,944187,Xavier Sneed,NA,0,Kansas State,Iowa State,75,NA,Dean Wade,Amaad Wainright,Kamau Stokes,Barry Brown Jr.,Makol Mawien,Solomon Young,Lindell Wigginton,Zoran Talley Jr.,Nick Weiler-Babb,Donovan Jackson
2017-18,2018-02-17,1961158,187,0,2,Kansas State,Iowa State,Wildcats,Cyclones,4,3,44,39,5,1450,Iowa State,990,990,14,Donovan Jackson misses a layup.,missed,FALSE,FALSE,Layup Shot,25,5.25,944121,Donovan Jackson,NA,0,Iowa State,Iowa State,76,NA,Dean Wade,Amaad Wainright,Kamau Stokes,Barry Brown Jr.,Makol Mawien,Solomon Young,Lindell Wigginton,Zoran Talley Jr.,Nick Weiler-Babb,Donovan Jackson
2017-18,2018-02-17,1961158,188,0,2,Kansas State,Iowa State,Wildcats,Cyclones,4,3,44,39,5,1457,Kansas State,990,990,0,Xavier Sneed with a defensive rebound.,NA,FALSE,FALSE,NA,NA,NA,NA,NA,NA,0,Iowa State,Kansas State,76,NA,Dean Wade,Amaad Wainright,Kamau Stokes,Barry Brown Jr.,Makol Mawien,Solomon Young,Lindell Wigginton,Zoran Talley Jr.,Nick Weiler-Babb,Donovan Jackson
2017-18,2018-02-17,1961158,189,0,2,Kansas State,Iowa State,Wildcats,Cyclones,4,3,44,39,5,1457,Kansas State,983,983,7,Offensive foul committed by Cartier Diarra.,NA,FALSE,FALSE,NA,NA,NA,NA,NA,NA,0,Kansas State,Kansas State,77,NA,Dean Wade,Amaad Wainright,Kamau Stokes,Barry Brown Jr.,Makol Mawien,Solomon Young,Lindell Wigginton,Zoran Talley Jr.,Nick Weiler-Babb,Donovan Jackson
2017-18,2018-02-17,1961158,190,0,2,Kansas State,Iowa State,Wildcats,Cyclones,4,3,44,39,5,1457,Kansas State,983,983,0,Cartier Diarra with a turnover,NA,FALSE,FALSE,NA,NA,NA,NA,NA,NA,0,Kansas State,Iowa State,77,NA,Dean Wade,Amaad Wainright,Kamau Stokes,Barry Brown Jr.,Makol Mawien,Solomon Young,Lindell Wigginton,Zoran Talley Jr.,Nick Weiler-Babb,Donovan Jackson
2017-18,2018-02-17,1961158,191,0,2,Kansas State,Iowa State,Wildcats,Cyclones,4,3,44,39,5,1457,Kansas State,983,983,0,Substitution: Kamau Stokes in for Cartier Diarra.,NA,FALSE,FALSE,NA,NA,NA,NA,NA,NA,1,NA,NA,NA,Sub already in game,Dean Wade,Amaad Wainright,Kamau Stokes,Barry Brown Jr.,Makol Mawien,Solomon Young,Lindell Wigginton,Zoran Talley Jr.,Nick Weiler-Babb,Donovan Jackson
2017-18,2018-02-17,1961158,192,0,2,Kansas State,Iowa State,Wildcats,Cyclones,4,3,44,39,5,1450,Iowa State,968,968,15,Jakolby Long misses a 3-point jump shot from 24 feet out.,missed,FALSE,TRUE,Jump Shot,5.300000000000001,18.15,944122,Jakolby Long,NA,0,Iowa State,Iowa State,78,NA,Dean Wade,Amaad Wainright,Kamau Stokes,Barry Brown Jr.,Makol Mawien,Solomon Young,Lindell Wigginton,Zoran Talley Jr.,Nick Weiler-Babb,Donovan Jackson
2017-18,2018-02-17,1961158,193,0,2,Kansas State,Iowa State,Wildcats,Cyclones,4,3,44,39,5,1457,Kansas State,968,968,0,Kamau Stokes with a defensive rebound.,NA,FALSE,FALSE,NA,NA,NA,NA,NA,NA,0,Iowa State,Kansas State,78,NA,Dean Wade,Amaad Wainright,Kamau Stokes,Barry Brown Jr.,Makol Mawien,Solomon Young,Lindell Wigginton,Zoran Talley Jr.,Nick Weiler-Babb,Donovan Jackson
2017-18,2018-02-17,1961158,194,0,2,Kansas State,Iowa State,Wildcats,Cyclones,4,3,44,39,5,1450,Iowa State,957,957,11,Shooting foul committed by Zoran Talley Jr..,NA,FALSE,FALSE,NA,NA,NA,NA,NA,NA,0,Kansas State,Kansas State,79,NA,Dean Wade,Amaad Wainright,Kamau Stokes,Barry Brown Jr.,Makol Mawien,Solomon Young,Lindell Wigginton,Zoran Talley Jr.,Nick Weiler-Babb,Donovan Jackson
2017-18,2018-02-17,1961158,195,0,2,Kansas State,Iowa State,Wildcats,Cyclones,4,3,44,39,5,NA,NA,957,957,0,Official TV timeout.,NA,FALSE,FALSE,NA,NA,NA,NA,NA,NA,0,NA,NA,NA,NA,Dean Wade,Amaad Wainright,Kamau Stokes,Barry Brown Jr.,Makol Mawien,Solomon Young,Lindell Wigginton,Zoran Talley Jr.,Nick Weiler-Babb,Donovan Jackson
2017-18,2018-02-17,1961158,196,0,2,Kansas State,Iowa State,Wildcats,Cyclones,4,3,45,39,6,1457,Kansas State,957,957,0,Dean Wade makes free throw 1 of 2.,made,TRUE,FALSE,NA,NA,NA,NA,NA,NA,0,Kansas State,Kansas State,79,NA,Dean Wade,Amaad Wainright,Kamau Stokes,Barry Brown Jr.,Makol Mawien,Solomon Young,Lindell Wigginton,Zoran Talley Jr.,Nick Weiler-Babb,Donovan Jackson
2017-18,2018-02-17,1961158,197,0,2,Kansas State,Iowa State,Wildcats,Cyclones,4,3,46,39,7,1457,Kansas State,957,957,0,Dean Wade makes free throw 2 of 2.,made,TRUE,FALSE,NA,NA,NA,NA,NA,NA,0,Kansas State,Iowa State,79,NA,Dean Wade,Amaad Wainright,Kamau Stokes,Barry Brown Jr.,Makol Mawien,Solomon Young,Lindell Wigginton,Zoran Talley Jr.,Nick Weiler-Babb,Donovan Jackson
2017-18,2018-02-17,1961158,198,0,2,Kansas State,Iowa State,Wildcats,Cyclones,4,3,46,39,7,1450,Iowa State,942,942,15,Lindell Wigginton misses a layup.,missed,FALSE,FALSE,Layup Shot,25,5.25,1060959,Lindell Wigginton,NA,0,Iowa State,Iowa State,80,NA,Dean Wade,Amaad Wainright,Kamau Stokes,Barry Brown Jr.,Makol Mawien,Solomon Young,Lindell Wigginton,Zoran Talley Jr.,Nick Weiler-Babb,Donovan Jackson
2017-18,2018-02-17,1961158,199,0,2,Kansas State,Iowa State,Wildcats,Cyclones,4,3,46,39,7,1457,Kansas State,942,942,0,Barry Brown Jr. with a defensive rebound.,NA,FALSE,FALSE,NA,NA,NA,NA,NA,NA,0,Iowa State,Kansas State,80,NA,Dean Wade,Amaad Wainright,Kamau Stokes,Barry Brown Jr.,Makol Mawien,Solomon Young,Lindell Wigginton,Zoran Talley Jr.,Nick Weiler-Babb,Donovan Jackson
2017-18,2018-02-17,1961158,200,0,2,Kansas State,Iowa State,Wildcats,Cyclones,4,3,49,39,10,1457,Kansas State,922,922,20,Kamau Stokes makes a 3-point jump shot from 23 feet out. Dean Wade with the assist.,made,FALSE,TRUE,Jump Shot,8.799999999999997,22.25,880676,Kamau Stokes,Dean Wade,0,Kansas State,Iowa State,81,NA,Dean Wade,Amaad Wainright,Kamau Stokes,Barry Brown Jr.,Makol Mawien,Solomon Young,Lindell Wigginton,Zoran Talley Jr.,Nick Weiler-Babb,Donovan Jackson
2017-18,2018-02-17,1961158,201,0,2,Kansas State,Iowa State,Wildcats,Cyclones,4,3,49,39,10,1450,Iowa State,903,903,19,Dean Wade steals the ball from Lindell Wigginton.,NA,FALSE,FALSE,NA,NA,NA,NA,NA,NA,0,Iowa State,Kansas State,82,NA,Dean Wade,Amaad Wainright,Kamau Stokes,Barry Brown Jr.,Makol Mawien,Solomon Young,Lindell Wigginton,Zoran Talley Jr.,Nick Weiler-Babb,Donovan Jackson
2017-18,2018-02-17,1961158,202,0,2,Kansas State,Iowa State,Wildcats,Cyclones,4,3,49,39,10,1457,Kansas State,897,897,6,Xavier Sneed with a turnover - Lost Ball,NA,FALSE,FALSE,NA,NA,NA,NA,NA,NA,0,Kansas State,Iowa State,83,NA,Dean Wade,Amaad Wainright,Kamau Stokes,Barry Brown Jr.,Makol Mawien,Solomon Young,Lindell Wigginton,Zoran Talley Jr.,Nick Weiler-Babb,Donovan Jackson
2017-18,2018-02-17,1961158,203,0,2,Kansas State,Iowa State,Wildcats,Cyclones,4,3,49,39,10,1450,Iowa State,897,897,0,Substitution: Nick Weiler-Babb in for Solomon Young.,NA,FALSE,FALSE,NA,NA,NA,NA,NA,NA,1,NA,NA,NA,Sub already in game,Dean Wade,Amaad Wainright,Kamau Stokes,Barry Brown Jr.,Makol Mawien,Solomon Young,Lindell Wigginton,Zoran Talley Jr.,Nick Weiler-Babb,Donovan Jackson
2017-18,2018-02-17,1961158,204,0,2,Kansas State,Iowa State,Wildcats,Cyclones,4,3,49,39,10,1450,Iowa State,897,897,0,Substitution: Cameron Lard in for Donovan Jackson.,NA,FALSE,FALSE,NA,NA,NA,NA,NA,NA,1,NA,NA,NA,NA,Dean Wade,Amaad Wainright,Kamau Stokes,Barry Brown Jr.,Makol Mawien,Solomon Young,Lindell Wigginton,Zoran Talley Jr.,Nick Weiler-Babb,Cameron Lard
2017-18,2018-02-17,1961158,205,0,2,Kansas State,Iowa State,Wildcats,Cyclones,4,3,49,39,10,1450,Iowa State,877,877,20,Barry Brown Jr. steals the ball from Lindell Wigginton.,NA,FALSE,FALSE,NA,NA,NA,NA,NA,NA,0,Iowa State,Kansas State,84,NA,Dean Wade,Amaad Wainright,Kamau Stokes,Barry Brown Jr.,Makol Mawien,Solomon Young,Lindell Wigginton,Zoran Talley Jr.,Nick Weiler-Babb,Cameron Lard
2017-18,2018-02-17,1961158,206,0,2,Kansas State,Iowa State,Wildcats,Cyclones,4,3,52,39,13,1457,Kansas State,863,863,14,Barry Brown Jr. makes a 3-point jump shot from 23 feet out. Dean Wade with the assist.,made,FALSE,TRUE,Jump Shot,42.3,20.549999999999997,880670,Barry Brown Jr.,Dean Wade,0,Kansas State,Iowa State,85,NA,Dean Wade,Amaad Wainright,Kamau Stokes,Barry Brown Jr.,Makol Mawien,Solomon Young,Lindell Wigginton,Zoran Talley Jr.,Nick Weiler-Babb,Cameron Lard
2017-18,2018-02-17,1961158,207,0,2,Kansas State,Iowa State,Wildcats,Cyclones,4,2,52,39,13,1450,Iowa State,857,857,6,Cyclones take a 30-second timeout.,NA,FALSE,FALSE,NA,NA,NA,NA,NA,NA,0,NA,NA,NA,NA,Dean Wade,Amaad Wainright,Kamau Stokes,Barry Brown Jr.,Makol Mawien,Solomon Young,Lindell Wigginton,Zoran Talley Jr.,Nick Weiler-Babb,Cameron Lard
2017-18,2018-02-17,1961158,208,0,2,Kansas State,Iowa State,Wildcats,Cyclones,4,2,52,39,13,1457,Kansas State,842,842,15,Personal foul committed by Makol Mawien.,NA,FALSE,FALSE,NA,NA,NA,NA,NA,NA,0,Iowa State,Iowa State,86,NA,Dean Wade,Amaad Wainright,Kamau Stokes,Barry Brown Jr.,Makol Mawien,Solomon Young,Lindell Wigginton,Zoran Talley Jr.,Nick Weiler-Babb,Cameron Lard
2017-18,2018-02-17,1961158,209,0,2,Kansas State,Iowa State,Wildcats,Cyclones,4,2,52,39,13,1450,Iowa State,824,824,18,Nick Weiler-Babb misses a jump shot from 15 feet out.,missed,FALSE,FALSE,Jump Shot,35.8,15.15,845438,Nick Weiler-Babb,NA,0,Iowa State,Iowa State,86,NA,Dean Wade,Amaad Wainright,Kamau Stokes,Barry Brown Jr.,Makol Mawien,Solomon Young,Lindell Wigginton,Zoran Talley Jr.,Nick Weiler-Babb,Cameron Lard
2017-18,2018-02-17,1961158,210,0,2,Kansas State,Iowa State,Wildcats,Cyclones,4,2,52,39,13,1457,Kansas State,824,824,0,Barry Brown Jr. with a defensive rebound.,NA,FALSE,FALSE,NA,NA,NA,NA,NA,NA,0,Iowa State,Kansas State,86,NA,Dean Wade,Amaad Wainright,Kamau Stokes,Barry Brown Jr.,Makol Mawien,Solomon Young,Lindell Wigginton,Zoran Talley Jr.,Nick Weiler-Babb,Cameron Lard
2017-18,2018-02-17,1961158,211,0,2,Kansas State,Iowa State,Wildcats,Cyclones,4,2,54,39,15,1457,Kansas State,809,809,15,Barry Brown Jr. makes a layup.,made,FALSE,FALSE,Layup Shot,26,6.25,880670,Barry Brown Jr.,NA,0,Kansas State,Iowa State,87,NA,Dean Wade,Amaad Wainright,Kamau Stokes,Barry Brown Jr.,Makol Mawien,Solomon Young,Lindell Wigginton,Zoran Talley Jr.,Nick Weiler-Babb,Cameron Lard
2017-18,2018-02-17,1961158,212,0,2,Kansas State,Iowa State,Wildcats,Cyclones,4,2,54,41,13,1450,Iowa State,794,794,15,Cameron Lard makes a jump shot from 9 feet out. Lindell Wigginton with the assist.,made,FALSE,FALSE,Jump Shot,27.9,14.05,944115,Cameron Lard,Lindell Wigginton,0,Iowa State,Kansas State,88,NA,Dean Wade,Amaad Wainright,Kamau Stokes,Barry Brown Jr.,Makol Mawien,Solomon Young,Lindell Wigginton,Zoran Talley Jr.,Nick Weiler-Babb,Cameron Lard
2017-18,2018-02-17,1961158,213,0,2,Kansas State,Iowa State,Wildcats,Cyclones,4,2,56,41,15,1457,Kansas State,775,775,19,Makol Mawien makes a layup. Dean Wade with the assist.,made,FALSE,FALSE,Layup Shot,26,6.25,884134,Makol Mawien,Dean Wade,0,Kansas State,Iowa State,89,NA,Dean Wade,Amaad Wainright,Kamau Stokes,Barry Brown Jr.,Makol Mawien,Solomon Young,Lindell Wigginton,Zoran Talley Jr.,Nick Weiler-Babb,Cameron Lard
2017-18,2018-02-17,1961158,214,0,2,Kansas State,Iowa State,Wildcats,Cyclones,4,2,56,41,15,1450,Iowa State,760,760,15,Lindell Wigginton misses a 3-point jump shot from 24 feet out.,missed,FALSE,TRUE,Jump Shot,7.100000000000001,20.55,1060959,Lindell Wigginton,NA,0,Iowa State,Iowa State,90,NA,Dean Wade,Amaad Wainright,Kamau Stokes,Barry Brown Jr.,Makol Mawien,Solomon Young,Lindell Wigginton,Zoran Talley Jr.,Nick Weiler-Babb,Cameron Lard
2017-18,2018-02-17,1961158,215,0,2,Kansas State,Iowa State,Wildcats,Cyclones,4,2,56,41,15,1457,Kansas State,760,760,0,Xavier Sneed with a defensive rebound.,NA,FALSE,FALSE,NA,NA,NA,NA,NA,NA,0,Iowa State,Kansas State,90,NA,Dean Wade,Amaad Wainright,Kamau Stokes,Barry Brown Jr.,Makol Mawien,Solomon Young,Lindell Wigginton,Zoran Talley Jr.,Nick Weiler-Babb,Cameron Lard
2017-18,2018-02-17,1961158,216,0,2,Kansas State,Iowa State,Wildcats,Cyclones,4,2,58,41,17,1457,Kansas State,742,742,18,Dean Wade dunks. Kamau Stokes with the assist.,made,FALSE,FALSE,Dunk Shot,26,6.25,880677,Dean Wade,Kamau Stokes,0,Kansas State,Iowa State,91,NA,Dean Wade,Amaad Wainright,Kamau Stokes,Barry Brown Jr.,Makol Mawien,Solomon Young,Lindell Wigginton,Zoran Talley Jr.,Nick Weiler-Babb,Cameron Lard
2017-18,2018-02-17,1961158,217,0,2,Kansas State,Iowa State,Wildcats,Cyclones,4,2,58,41,17,1457,Kansas State,727,727,15,Personal foul committed by Makol Mawien.,NA,FALSE,FALSE,NA,NA,NA,NA,NA,NA,0,Iowa State,Iowa State,92,NA,Dean Wade,Amaad Wainright,Kamau Stokes,Barry Brown Jr.,Makol Mawien,Solomon Young,Lindell Wigginton,Zoran Talley Jr.,Nick Weiler-Babb,Cameron Lard
2017-18,2018-02-17,1961158,218,0,2,Kansas State,Iowa State,Wildcats,Cyclones,4,2,58,41,17,1450,Iowa State,716,716,11,Barry Brown Jr. steals the ball from Nick Weiler-Babb.,NA,FALSE,FALSE,NA,NA,NA,NA,NA,NA,0,Iowa State,Kansas State,92,NA,Dean Wade,Amaad Wainright,Kamau Stokes,Barry Brown Jr.,Makol Mawien,Solomon Young,Lindell Wigginton,Zoran Talley Jr.,Nick Weiler-Babb,Cameron Lard
2017-18,2018-02-17,1961158,219,0,2,Kansas State,Iowa State,Wildcats,Cyclones,4,2,58,41,17,1457,Kansas State,705,705,11,Substitution: Levi Stockard III in for Makol Mawien.,NA,FALSE,FALSE,NA,NA,NA,NA,NA,NA,1,NA,NA,NA,NA,Dean Wade,Amaad Wainright,Kamau Stokes,Barry Brown Jr.,Levi Stockard III,Solomon Young,Lindell Wigginton,Zoran Talley Jr.,Nick Weiler-Babb,Cameron Lard
2017-18,2018-02-17,1961158,220,0,2,Kansas State,Iowa State,Wildcats,Cyclones,4,2,58,41,17,1457,Kansas State,705,705,0,Substitution: Amaad Wainright in for Xavier Sneed.,NA,FALSE,FALSE,NA,NA,NA,NA,NA,NA,1,NA,NA,NA,Sub already in game,Dean Wade,Amaad Wainright,Kamau Stokes,Barry Brown Jr.,Levi Stockard III,Solomon Young,Lindell Wigginton,Zoran Talley Jr.,Nick Weiler-Babb,Cameron Lard
2017-18,2018-02-17,1961158,221,0,2,Kansas State,Iowa State,Wildcats,Cyclones,4,2,58,41,17,1450,Iowa State,705,705,0,Substitution: Jeff Beverly in for Lindell Wigginton.,NA,FALSE,FALSE,NA,NA,NA,NA,NA,NA,1,NA,NA,NA,NA,Dean Wade,Amaad Wainright,Kamau Stokes,Barry Brown Jr.,Levi Stockard III,Solomon Young,Jeff Beverly,Zoran Talley Jr.,Nick Weiler-Babb,Cameron Lard
2017-18,2018-02-17,1961158,222,0,2,Kansas State,Iowa State,Wildcats,Cyclones,4,2,58,41,17,1450,Iowa State,705,705,0,Substitution: Donovan Jackson in for Jakolby Long.,NA,FALSE,FALSE,NA,NA,NA,NA,NA,NA,1,NA,NA,NA,Player leaving not previously in game,Dean Wade,Amaad Wainright,Kamau Stokes,Barry Brown Jr.,Levi Stockard III,Solomon Young,Jeff Beverly,Zoran Talley Jr.,Nick Weiler-Babb,Cameron Lard
2017-18,2018-02-17,1961158,223,0,2,Kansas State,Iowa State,Wildcats,Cyclones,4,2,58,41,17,1450,Iowa State,705,705,0,Shooting foul committed by Jeff Beverly.,NA,FALSE,FALSE,NA,NA,NA,NA,NA,NA,0,Kansas State,Kansas State,93,NA,Dean Wade,Amaad Wainright,Kamau Stokes,Barry Brown Jr.,Levi Stockard III,Solomon Young,Jeff Beverly,Zoran Talley Jr.,Nick Weiler-Babb,Cameron Lard
2017-18,2018-02-17,1961158,224,0,2,Kansas State,Iowa State,Wildcats,Cyclones,4,2,58,41,17,NA,NA,705,705,0,Official TV timeout.,NA,FALSE,FALSE,NA,NA,NA,NA,NA,NA,0,NA,NA,NA,NA,Dean Wade,Amaad Wainright,Kamau Stokes,Barry Brown Jr.,Levi Stockard III,Solomon Young,Jeff Beverly,Zoran Talley Jr.,Nick Weiler-Babb,Cameron Lard
2017-18,2018-02-17,1961158,225,0,2,Kansas State,Iowa State,Wildcats,Cyclones,4,2,59,41,18,1457,Kansas State,705,705,0,Barry Brown Jr. makes free throw 1 of 2.,made,TRUE,FALSE,NA,NA,NA,NA,NA,NA,0,Kansas State,Kansas State,93,NA,Dean Wade,Amaad Wainright,Kamau Stokes,Barry Brown Jr.,Levi Stockard III,Solomon Young,Jeff Beverly,Zoran Talley Jr.,Nick Weiler-Babb,Cameron Lard
2017-18,2018-02-17,1961158,226,0,2,Kansas State,Iowa State,Wildcats,Cyclones,4,2,60,41,19,1457,Kansas State,705,705,0,Barry Brown Jr. makes free throw 2 of 2.,made,TRUE,FALSE,NA,NA,NA,NA,NA,NA,0,Kansas State,Iowa State,93,NA,Dean Wade,Amaad Wainright,Kamau Stokes,Barry Brown Jr.,Levi Stockard III,Solomon Young,Jeff Beverly,Zoran Talley Jr.,Nick Weiler-Babb,Cameron Lard
2017-18,2018-02-17,1961158,227,0,2,Kansas State,Iowa State,Wildcats,Cyclones,4,2,60,41,19,1450,Iowa State,697,697,8,Offensive foul committed by Donovan Jackson.,NA,FALSE,FALSE,NA,NA,NA,NA,NA,NA,0,Iowa State,Iowa State,94,NA,Dean Wade,Amaad Wainright,Kamau Stokes,Barry Brown Jr.,Levi Stockard III,Solomon Young,Jeff Beverly,Zoran Talley Jr.,Nick Weiler-Babb,Cameron Lard
2017-18,2018-02-17,1961158,228,0,2,Kansas State,Iowa State,Wildcats,Cyclones,4,2,60,41,19,1450,Iowa State,697,697,0,Donovan Jackson with a turnover,NA,FALSE,FALSE,NA,NA,NA,NA,NA,NA,0,Iowa State,Kansas State,94,NA,Dean Wade,Amaad Wainright,Kamau Stokes,Barry Brown Jr.,Levi Stockard III,Solomon Young,Jeff Beverly,Zoran Talley Jr.,Nick Weiler-Babb,Cameron Lard
2017-18,2018-02-17,1961158,229,0,2,Kansas State,Iowa State,Wildcats,Cyclones,4,2,60,41,19,1457,Kansas State,675,675,22,Barry Brown Jr. misses a 3-point jump shot from 25 feet out.,missed,FALSE,TRUE,Jump Shot,12.899999999999999,26.849999999999994,880670,Barry Brown Jr.,NA,0,Kansas State,Kansas State,95,NA,Dean Wade,Amaad Wainright,Kamau Stokes,Barry Brown Jr.,Levi Stockard III,Solomon Young,Jeff Beverly,Zoran Talley Jr.,Nick Weiler-Babb,Cameron Lard
2017-18,2018-02-17,1961158,230,0,2,Kansas State,Iowa State,Wildcats,Cyclones,4,2,60,41,19,1450,Iowa State,675,675,0,Donovan Jackson with a defensive rebound.,NA,FALSE,FALSE,NA,NA,NA,NA,NA,NA,0,Kansas State,Iowa State,95,NA,Dean Wade,Amaad Wainright,Kamau Stokes,Barry Brown Jr.,Levi Stockard III,Solomon Young,Jeff Beverly,Zoran Talley Jr.,Nick Weiler-Babb,Cameron Lard
2017-18,2018-02-17,1961158,231,0,2,Kansas State,Iowa State,Wildcats,Cyclones,4,2,60,41,19,1450,Iowa State,667,667,8,Cameron Lard misses a jump shot from 10 feet out.,missed,FALSE,FALSE,Jump Shot,21.2,14.65,944115,Cameron Lard,NA,0,Iowa State,Iowa State,96,NA,Dean Wade,Amaad Wainright,Kamau Stokes,Barry Brown Jr.,Levi Stockard III,Solomon Young,Jeff Beverly,Zoran Talley Jr.,Nick Weiler-Babb,Cameron Lard
2017-18,2018-02-17,1961158,232,0,2,Kansas State,Iowa State,Wildcats,Cyclones,4,2,60,41,19,1450,Iowa State,667,667,0,Cameron Lard with an offensive rebound.,NA,FALSE,FALSE,NA,NA,NA,NA,NA,NA,0,Iowa State,Iowa State,96,NA,Dean Wade,Amaad Wainright,Kamau Stokes,Barry Brown Jr.,Levi Stockard III,Solomon Young,Jeff Beverly,Zoran Talley Jr.,Nick Weiler-Babb,Cameron Lard
2017-18,2018-02-17,1961158,233,0,2,Kansas State,Iowa State,Wildcats,Cyclones,4,2,60,43,17,1450,Iowa State,665,665,2,Cameron Lard makes a layup.,made,FALSE,FALSE,Layup Shot,25,5.25,944115,Cameron Lard,NA,0,Iowa State,Kansas State,96,NA,Dean Wade,Amaad Wainright,Kamau Stokes,Barry Brown Jr.,Levi Stockard III,Solomon Young,Jeff Beverly,Zoran Talley Jr.,Nick Weiler-Babb,Cameron Lard
2017-18,2018-02-17,1961158,234,0,2,Kansas State,Iowa State,Wildcats,Cyclones,4,2,60,43,17,1457,Kansas State,646,646,19,Kamau Stokes with a turnover - Out of Bounds,NA,FALSE,FALSE,NA,NA,NA,NA,NA,NA,0,Kansas State,Iowa State,97,NA,Dean Wade,Amaad Wainright,Kamau Stokes,Barry Brown Jr.,Levi Stockard III,Solomon Young,Jeff Beverly,Zoran Talley Jr.,Nick Weiler-Babb,Cameron Lard
2017-18,2018-02-17,1961158,235,0,2,Kansas State,Iowa State,Wildcats,Cyclones,4,2,60,45,15,1450,Iowa State,634,634,12,Cameron Lard dunks. Nick Weiler-Babb with the assist.,made,FALSE,FALSE,Dunk Shot,25,5.25,944115,Cameron Lard,Nick Weiler-Babb,0,Iowa State,Kansas State,98,NA,Dean Wade,Amaad Wainright,Kamau Stokes,Barry Brown Jr.,Levi Stockard III,Solomon Young,Jeff Beverly,Zoran Talley Jr.,Nick Weiler-Babb,Cameron Lard
2017-18,2018-02-17,1961158,236,0,2,Kansas State,Iowa State,Wildcats,Cyclones,4,2,62,45,17,1457,Kansas State,620,620,14,Dean Wade makes a jump shot from 14 feet out. Barry Brown Jr. with the assist.,made,FALSE,FALSE,Jump Shot,32.5,16.450000000000003,880677,Dean Wade,Barry Brown Jr.,0,Kansas State,Iowa State,99,NA,Dean Wade,Amaad Wainright,Kamau Stokes,Barry Brown Jr.,Levi Stockard III,Solomon Young,Jeff Beverly,Zoran Talley Jr.,Nick Weiler-Babb,Cameron Lard
2017-18,2018-02-17,1961158,237,0,2,Kansas State,Iowa State,Wildcats,Cyclones,4,2,62,45,17,1450,Iowa State,601,601,19,Donovan Jackson misses a 3-point jump shot from 26 feet out.,missed,FALSE,TRUE,Jump Shot,44.2,22.45,944121,Donovan Jackson,NA,0,Iowa State,Iowa State,100,NA,Dean Wade,Amaad Wainright,Kamau Stokes,Barry Brown Jr.,Levi Stockard III,Solomon Young,Jeff Beverly,Zoran Talley Jr.,Nick Weiler-Babb,Cameron Lard
2017-18,2018-02-17,1961158,238,0,2,Kansas State,Iowa State,Wildcats,Cyclones,4,2,62,45,17,1457,Kansas State,601,601,0,Dean Wade with a defensive rebound.,NA,FALSE,FALSE,NA,NA,NA,NA,NA,NA,0,Iowa State,Kansas State,100,NA,Dean Wade,Amaad Wainright,Kamau Stokes,Barry Brown Jr.,Levi Stockard III,Solomon Young,Jeff Beverly,Zoran Talley Jr.,Nick Weiler-Babb,Cameron Lard
2017-18,2018-02-17,1961158,239,0,2,Kansas State,Iowa State,Wildcats,Cyclones,4,2,62,45,17,1457,Kansas State,583,583,18,Levi Stockard III misses a jump shot from 16 feet out.,missed,FALSE,FALSE,Jump Shot,36.6,16.849999999999994,1060969,Levi Stockard III,NA,0,Kansas State,Kansas State,101,NA,Dean Wade,Amaad Wainright,Kamau Stokes,Barry Brown Jr.,Levi Stockard III,Solomon Young,Jeff Beverly,Zoran Talley Jr.,Nick Weiler-Babb,Cameron Lard
2017-18,2018-02-17,1961158,240,0,2,Kansas State,Iowa State,Wildcats,Cyclones,4,2,62,45,17,1450,Iowa State,583,583,0,Nick Weiler-Babb with a defensive rebound.,NA,FALSE,FALSE,NA,NA,NA,NA,NA,NA,0,Kansas State,Iowa State,101,NA,Dean Wade,Amaad Wainright,Kamau Stokes,Barry Brown Jr.,Levi Stockard III,Solomon Young,Jeff Beverly,Zoran Talley Jr.,Nick Weiler-Babb,Cameron Lard
2017-18,2018-02-17,1961158,241,0,2,Kansas State,Iowa State,Wildcats,Cyclones,4,2,62,48,14,1450,Iowa State,575,575,8,Donovan Jackson makes a 3-point jump shot from 23 feet out. Nick Weiler-Babb with the assist.,made,FALSE,TRUE,Jump Shot,7.100000000000001,19.45,944121,Donovan Jackson,Nick Weiler-Babb,0,Iowa State,Kansas State,102,NA,Dean Wade,Amaad Wainright,Kamau Stokes,Barry Brown Jr.,Levi Stockard III,Solomon Young,Jeff Beverly,Zoran Talley Jr.,Nick Weiler-Babb,Cameron Lard
2017-18,2018-02-17,1961158,242,0,2,Kansas State,Iowa State,Wildcats,Cyclones,4,2,62,48,14,1457,Kansas State,558,558,17,Levi Stockard III with a turnover - Out of Bounds,NA,FALSE,FALSE,NA,NA,NA,NA,NA,NA,0,Kansas State,Iowa State,103,NA,Dean Wade,Amaad Wainright,Kamau Stokes,Barry Brown Jr.,Levi Stockard III,Solomon Young,Jeff Beverly,Zoran Talley Jr.,Nick Weiler-Babb,Cameron Lard
2017-18,2018-02-17,1961158,243,0,2,Kansas State,Iowa State,Wildcats,Cyclones,4,2,62,48,14,1457,Kansas State,558,558,0,Substitution: Makol Mawien in for Amaad Wainright.,NA,FALSE,FALSE,NA,NA,NA,NA,NA,NA,1,NA,NA,NA,NA,Dean Wade,Makol Mawien,Kamau Stokes,Barry Brown Jr.,Levi Stockard III,Solomon Young,Jeff Beverly,Zoran Talley Jr.,Nick Weiler-Babb,Cameron Lard
2017-18,2018-02-17,1961158,244,0,2,Kansas State,Iowa State,Wildcats,Cyclones,4,2,62,48,14,1457,Kansas State,558,558,0,Substitution: Xavier Sneed in for Levi Stockard III.,NA,FALSE,FALSE,NA,NA,NA,NA,NA,NA,1,NA,NA,NA,NA,Dean Wade,Makol Mawien,Kamau Stokes,Barry Brown Jr.,Xavier Sneed,Solomon Young,Jeff Beverly,Zoran Talley Jr.,Nick Weiler-Babb,Cameron Lard
2017-18,2018-02-17,1961158,245,0,2,Kansas State,Iowa State,Wildcats,Cyclones,4,2,62,48,14,1450,Iowa State,544,544,14,Donovan Jackson misses a 3-point jump shot from 24 feet out.,missed,FALSE,TRUE,Jump Shot,37.1,25.75,944121,Donovan Jackson,NA,0,Iowa State,Iowa State,104,NA,Dean Wade,Makol Mawien,Kamau Stokes,Barry Brown Jr.,Xavier Sneed,Solomon Young,Jeff Beverly,Zoran Talley Jr.,Nick Weiler-Babb,Cameron Lard
2017-18,2018-02-17,1961158,246,0,2,Kansas State,Iowa State,Wildcats,Cyclones,4,2,62,48,14,1450,Iowa State,544,544,0,Zoran Talley Jr. with an offensive rebound.,NA,FALSE,FALSE,NA,NA,NA,NA,NA,NA,0,Iowa State,Iowa State,104,NA,Dean Wade,Makol Mawien,Kamau Stokes,Barry Brown Jr.,Xavier Sneed,Solomon Young,Jeff Beverly,Zoran Talley Jr.,Nick Weiler-Babb,Cameron Lard
2017-18,2018-02-17,1961158,247,0,2,Kansas State,Iowa State,Wildcats,Cyclones,4,2,62,50,12,1450,Iowa State,539,539,5,Zoran Talley Jr. makes a layup.,made,FALSE,FALSE,Layup Shot,25,5.25,846786,Zoran Talley Jr.,NA,0,Iowa State,Kansas State,104,NA,Dean Wade,Makol Mawien,Kamau Stokes,Barry Brown Jr.,Xavier Sneed,Solomon Young,Jeff Beverly,Zoran Talley Jr.,Nick Weiler-Babb,Cameron Lard
2017-18,2018-02-17,1961158,248,0,2,Kansas State,Iowa State,Wildcats,Cyclones,4,2,64,50,14,1457,Kansas State,519,519,20,Dean Wade makes a jump shot from 14 feet out. Xavier Sneed with the assist.,made,FALSE,FALSE,Jump Shot,22.5,18.950000000000003,880677,Dean Wade,Xavier Sneed,0,Kansas State,Iowa State,105,NA,Dean Wade,Makol Mawien,Kamau Stokes,Barry Brown Jr.,Xavier Sneed,Solomon Young,Jeff Beverly,Zoran Talley Jr.,Nick Weiler-Babb,Cameron Lard
2017-18,2018-02-17,1961158,249,0,2,Kansas State,Iowa State,Wildcats,Cyclones,4,2,64,52,12,1450,Iowa State,497,497,22,Jeff Beverly makes a layup. Cameron Lard with the assist.,made,FALSE,FALSE,Layup Shot,25,5.25,794380,Jeff Beverly,Cameron Lard,0,Iowa State,Kansas State,106,NA,Dean Wade,Makol Mawien,Kamau Stokes,Barry Brown Jr.,Xavier Sneed,Solomon Young,Jeff Beverly,Zoran Talley Jr.,Nick Weiler-Babb,Cameron Lard
2017-18,2018-02-17,1961158,250,0,2,Kansas State,Iowa State,Wildcats,Cyclones,4,2,64,52,12,1457,Kansas State,470,470,27,Dean Wade misses a 3-point jump shot from 24 feet out.,missed,FALSE,TRUE,Jump Shot,7.100000000000001,21.349999999999994,880677,Dean Wade,NA,0,Kansas State,Kansas State,107,NA,Dean Wade,Makol Mawien,Kamau Stokes,Barry Brown Jr.,Xavier Sneed,Solomon Young,Jeff Beverly,Zoran Talley Jr.,Nick Weiler-Babb,Cameron Lard
2017-18,2018-02-17,1961158,251,0,2,Kansas State,Iowa State,Wildcats,Cyclones,4,2,64,52,12,1450,Iowa State,470,470,0,Jeff Beverly with a defensive rebound.,NA,FALSE,FALSE,NA,NA,NA,NA,NA,NA,0,Kansas State,Iowa State,107,NA,Dean Wade,Makol Mawien,Kamau Stokes,Barry Brown Jr.,Xavier Sneed,Solomon Young,Jeff Beverly,Zoran Talley Jr.,Nick Weiler-Babb,Cameron Lard
2017-18,2018-02-17,1961158,252,0,2,Kansas State,Iowa State,Wildcats,Cyclones,4,2,64,54,10,1450,Iowa State,459,459,11,Nick Weiler-Babb makes a layup. Donovan Jackson with the assist.,made,FALSE,FALSE,Layup Shot,26,6.25,845438,Nick Weiler-Babb,Donovan Jackson,0,Iowa State,Kansas State,108,NA,Dean Wade,Makol Mawien,Kamau Stokes,Barry Brown Jr.,Xavier Sneed,Solomon Young,Jeff Beverly,Zoran Talley Jr.,Nick Weiler-Babb,Cameron Lard
2017-18,2018-02-17,1961158,253,0,2,Kansas State,Iowa State,Wildcats,Cyclones,3,2,64,54,10,1457,Kansas State,454,454,5,Wildcats take a 30-second timeout.,NA,FALSE,FALSE,NA,NA,NA,NA,NA,NA,0,NA,NA,NA,NA,Dean Wade,Makol Mawien,Kamau Stokes,Barry Brown Jr.,Xavier Sneed,Solomon Young,Jeff Beverly,Zoran Talley Jr.,Nick Weiler-Babb,Cameron Lard
2017-18,2018-02-17,1961158,254,0,2,Kansas State,Iowa State,Wildcats,Cyclones,3,2,67,54,13,1457,Kansas State,424,424,30,Cartier Diarra makes a 3-point jump shot from 23 feet out. Kamau Stokes with the assist.,made,FALSE,TRUE,Jump Shot,44,18.25,944176,Cartier Diarra,Kamau Stokes,0,Kansas State,Iowa State,109,NA,Dean Wade,Makol Mawien,Kamau Stokes,Barry Brown Jr.,Xavier Sneed,Solomon Young,Jeff Beverly,Zoran Talley Jr.,Nick Weiler-Babb,Cameron Lard
2017-18,2018-02-17,1961158,255,0,2,Kansas State,Iowa State,Wildcats,Cyclones,3,2,67,54,13,1450,Iowa State,400,400,24,Cameron Lard misses a jump shot from 5 feet out.,missed,FALSE,FALSE,Jump Shot,23,10.25,944115,Cameron Lard,NA,0,Iowa State,Iowa State,110,NA,Dean Wade,Makol Mawien,Kamau Stokes,Barry Brown Jr.,Xavier Sneed,Solomon Young,Jeff Beverly,Zoran Talley Jr.,Nick Weiler-Babb,Cameron Lard
2017-18,2018-02-17,1961158,256,0,2,Kansas State,Iowa State,Wildcats,Cyclones,3,2,67,54,13,1450,Iowa State,400,400,0,Jeff Beverly with an offensive rebound.,NA,FALSE,FALSE,NA,NA,NA,NA,NA,NA,0,Iowa State,Iowa State,110,NA,Dean Wade,Makol Mawien,Kamau Stokes,Barry Brown Jr.,Xavier Sneed,Solomon Young,Jeff Beverly,Zoran Talley Jr.,Nick Weiler-Babb,Cameron Lard
2017-18,2018-02-17,1961158,257,0,2,Kansas State,Iowa State,Wildcats,Cyclones,3,2,67,57,10,1450,Iowa State,397,397,3,Donovan Jackson makes a 3-point jump shot from 24 feet out.,made,FALSE,TRUE,Jump Shot,12.7,25.95,944121,Donovan Jackson,NA,0,Iowa State,Kansas State,110,NA,Dean Wade,Makol Mawien,Kamau Stokes,Barry Brown Jr.,Xavier Sneed,Solomon Young,Jeff Beverly,Zoran Talley Jr.,Nick Weiler-Babb,Cameron Lard
2017-18,2018-02-17,1961158,258,0,2,Kansas State,Iowa State,Wildcats,Cyclones,3,2,67,57,10,1457,Kansas State,365,365,32,Xavier Sneed misses a 3-point jump shot from 23 feet out.,missed,FALSE,TRUE,Jump Shot,2.8999999999999986,12.450000000000003,944187,Xavier Sneed,NA,0,Kansas State,Kansas State,111,NA,Dean Wade,Makol Mawien,Kamau Stokes,Barry Brown Jr.,Xavier Sneed,Solomon Young,Jeff Beverly,Zoran Talley Jr.,Nick Weiler-Babb,Cameron Lard
2017-18,2018-02-17,1961158,259,0,2,Kansas State,Iowa State,Wildcats,Cyclones,3,2,67,57,10,1450,Iowa State,365,365,0,Cameron Lard with a defensive rebound.,NA,FALSE,FALSE,NA,NA,NA,NA,NA,NA,0,Kansas State,Iowa State,111,NA,Dean Wade,Makol Mawien,Kamau Stokes,Barry Brown Jr.,Xavier Sneed,Solomon Young,Jeff Beverly,Zoran Talley Jr.,Nick Weiler-Babb,Cameron Lard
2017-18,2018-02-17,1961158,260,0,2,Kansas State,Iowa State,Wildcats,Cyclones,3,2,67,57,10,1457,Kansas State,359,359,6,Personal foul committed by Xavier Sneed.,NA,FALSE,FALSE,NA,NA,NA,NA,NA,NA,0,Iowa State,Iowa State,112,NA,Dean Wade,Makol Mawien,Kamau Stokes,Barry Brown Jr.,Xavier Sneed,Solomon Young,Jeff Beverly,Zoran Talley Jr.,Nick Weiler-Babb,Cameron Lard
2017-18,2018-02-17,1961158,261,0,2,Kansas State,Iowa State,Wildcats,Cyclones,3,2,67,57,10,1457,Kansas State,359,359,0,Substitution: Cartier Diarra in for Kamau Stokes.,NA,FALSE,FALSE,NA,NA,NA,NA,NA,NA,1,NA,NA,NA,NA,Dean Wade,Makol Mawien,Cartier Diarra,Barry Brown Jr.,Xavier Sneed,Solomon Young,Jeff Beverly,Zoran Talley Jr.,Nick Weiler-Babb,Cameron Lard
2017-18,2018-02-17,1961158,262,0,2,Kansas State,Iowa State,Wildcats,Cyclones,3,2,67,57,10,1450,Iowa State,347,347,12,Xavier Sneed steals the ball from Nick Weiler-Babb.,NA,FALSE,FALSE,NA,NA,NA,NA,NA,NA,0,Iowa State,Kansas State,112,NA,Dean Wade,Makol Mawien,Cartier Diarra,Barry Brown Jr.,Xavier Sneed,Solomon Young,Jeff Beverly,Zoran Talley Jr.,Nick Weiler-Babb,Cameron Lard
2017-18,2018-02-17,1961158,263,0,2,Kansas State,Iowa State,Wildcats,Cyclones,3,2,69,57,12,1457,Kansas State,343,343,4,Xavier Sneed dunks.,made,FALSE,FALSE,Dunk Shot,25,5.25,944187,Xavier Sneed,NA,0,Kansas State,Iowa State,113,NA,Dean Wade,Makol Mawien,Cartier Diarra,Barry Brown Jr.,Xavier Sneed,Solomon Young,Jeff Beverly,Zoran Talley Jr.,Nick Weiler-Babb,Cameron Lard
2017-18,2018-02-17,1961158,264,0,2,Kansas State,Iowa State,Wildcats,Cyclones,3,2,69,57,12,1457,Kansas State,333,333,10,Personal foul committed by Xavier Sneed.,NA,FALSE,FALSE,NA,NA,NA,NA,NA,NA,0,Iowa State,Iowa State,114,NA,Dean Wade,Makol Mawien,Cartier Diarra,Barry Brown Jr.,Xavier Sneed,Solomon Young,Jeff Beverly,Zoran Talley Jr.,Nick Weiler-Babb,Cameron Lard
2017-18,2018-02-17,1961158,265,0,2,Kansas State,Iowa State,Wildcats,Cyclones,3,2,69,57,12,1450,Iowa State,323,323,10,Donovan Jackson misses a 3-point jump shot from 25 feet out.,missed,FALSE,TRUE,Jump Shot,44.2,20.95,944121,Donovan Jackson,NA,0,Iowa State,Iowa State,114,NA,Dean Wade,Makol Mawien,Cartier Diarra,Barry Brown Jr.,Xavier Sneed,Solomon Young,Jeff Beverly,Zoran Talley Jr.,Nick Weiler-Babb,Cameron Lard
2017-18,2018-02-17,1961158,266,0,2,Kansas State,Iowa State,Wildcats,Cyclones,3,2,69,57,12,1457,Kansas State,323,323,0,Dean Wade with a defensive rebound.,NA,FALSE,FALSE,NA,NA,NA,NA,NA,NA,0,Iowa State,Kansas State,114,NA,Dean Wade,Makol Mawien,Cartier Diarra,Barry Brown Jr.,Xavier Sneed,Solomon Young,Jeff Beverly,Zoran Talley Jr.,Nick Weiler-Babb,Cameron Lard
2017-18,2018-02-17,1961158,267,0,2,Kansas State,Iowa State,Wildcats,Cyclones,3,2,71,57,14,1457,Kansas State,315,315,8,Barry Brown Jr. makes a layup. Dean Wade with the assist.,made,FALSE,FALSE,Layup Shot,25,5.25,880670,Barry Brown Jr.,Dean Wade,0,Kansas State,Iowa State,115,NA,Dean Wade,Makol Mawien,Cartier Diarra,Barry Brown Jr.,Xavier Sneed,Solomon Young,Jeff Beverly,Zoran Talley Jr.,Nick Weiler-Babb,Cameron Lard
2017-18,2018-02-17,1961158,268,0,2,Kansas State,Iowa State,Wildcats,Cyclones,3,2,71,60,11,1450,Iowa State,306,306,9,Zoran Talley Jr. makes a 3-point jump shot from 24 feet out. Jeff Beverly with the assist.,made,FALSE,TRUE,Jump Shot,9.2,22.75,846786,Zoran Talley Jr.,Jeff Beverly,0,Iowa State,Kansas State,116,NA,Dean Wade,Makol Mawien,Cartier Diarra,Barry Brown Jr.,Xavier Sneed,Solomon Young,Jeff Beverly,Zoran Talley Jr.,Nick Weiler-Babb,Cameron Lard
2017-18,2018-02-17,1961158,269,0,2,Kansas State,Iowa State,Wildcats,Cyclones,3,2,71,60,11,1450,Iowa State,286,286,20,Substitution: Lindell Wigginton in for Jeff Beverly.,NA,FALSE,FALSE,NA,NA,NA,NA,NA,NA,1,NA,NA,NA,NA,Dean Wade,Makol Mawien,Cartier Diarra,Barry Brown Jr.,Xavier Sneed,Solomon Young,Lindell Wigginton,Zoran Talley Jr.,Nick Weiler-Babb,Cameron Lard
2017-18,2018-02-17,1961158,270,0,2,Kansas State,Iowa State,Wildcats,Cyclones,3,2,74,60,14,1457,Kansas State,279,279,7,Barry Brown Jr. makes a 3-point jump shot from 24 feet out. Cartier Diarra with the assist.,made,FALSE,TRUE,Jump Shot,48.4,10.049999999999997,880670,Barry Brown Jr.,Cartier Diarra,0,Kansas State,Iowa State,117,NA,Dean Wade,Makol Mawien,Cartier Diarra,Barry Brown Jr.,Xavier Sneed,Solomon Young,Lindell Wigginton,Zoran Talley Jr.,Nick Weiler-Babb,Cameron Lard
2017-18,2018-02-17,1961158,271,0,2,Kansas State,Iowa State,Wildcats,Cyclones,3,2,74,60,14,1450,Iowa State,263,263,16,Cameron Lard misses a layup.,missed,FALSE,FALSE,Layup Shot,26,6.25,944115,Cameron Lard,NA,0,Iowa State,Iowa State,118,NA,Dean Wade,Makol Mawien,Cartier Diarra,Barry Brown Jr.,Xavier Sneed,Solomon Young,Lindell Wigginton,Zoran Talley Jr.,Nick Weiler-Babb,Cameron Lard
2017-18,2018-02-17,1961158,272,0,2,Kansas State,Iowa State,Wildcats,Cyclones,3,2,74,60,14,1457,Kansas State,263,263,0,Xavier Sneed with a defensive rebound.,NA,FALSE,FALSE,NA,NA,NA,NA,NA,NA,0,Iowa State,Kansas State,118,NA,Dean Wade,Makol Mawien,Cartier Diarra,Barry Brown Jr.,Xavier Sneed,Solomon Young,Lindell Wigginton,Zoran Talley Jr.,Nick Weiler-Babb,Cameron Lard
2017-18,2018-02-17,1961158,273,0,2,Kansas State,Iowa State,Wildcats,Cyclones,3,2,74,60,14,1450,Iowa State,248,248,15,Personal foul committed by Nick Weiler-Babb.,NA,FALSE,FALSE,NA,NA,NA,NA,NA,NA,0,Kansas State,Kansas State,119,NA,Dean Wade,Makol Mawien,Cartier Diarra,Barry Brown Jr.,Xavier Sneed,Solomon Young,Lindell Wigginton,Zoran Talley Jr.,Nick Weiler-Babb,Cameron Lard
2017-18,2018-02-17,1961158,274,0,2,Kansas State,Iowa State,Wildcats,Cyclones,3,2,76,60,16,1457,Kansas State,233,233,15,Barry Brown Jr. makes a layup.,made,FALSE,FALSE,Layup Shot,26,6.25,880670,Barry Brown Jr.,NA,0,Kansas State,Iowa State,119,NA,Dean Wade,Makol Mawien,Cartier Diarra,Barry Brown Jr.,Xavier Sneed,Solomon Young,Lindell Wigginton,Zoran Talley Jr.,Nick Weiler-Babb,Cameron Lard
2017-18,2018-02-17,1961158,275,0,2,Kansas State,Iowa State,Wildcats,Cyclones,3,2,76,60,16,1450,Iowa State,210,210,23,Makol Mawien blocks a Cameron Lard layup.,missed,FALSE,FALSE,Layup Shot,25,5.25,944115,Cameron Lard,NA,0,Iowa State,Iowa State,120,NA,Dean Wade,Makol Mawien,Cartier Diarra,Barry Brown Jr.,Xavier Sneed,Solomon Young,Lindell Wigginton,Zoran Talley Jr.,Nick Weiler-Babb,Cameron Lard
2017-18,2018-02-17,1961158,276,0,2,Kansas State,Iowa State,Wildcats,Cyclones,3,2,76,60,16,1457,Kansas State,210,210,0,Dean Wade with a defensive rebound.,NA,FALSE,FALSE,NA,NA,NA,NA,NA,NA,0,Iowa State,Kansas State,120,NA,Dean Wade,Makol Mawien,Cartier Diarra,Barry Brown Jr.,Xavier Sneed,Solomon Young,Lindell Wigginton,Zoran Talley Jr.,Nick Weiler-Babb,Cameron Lard
2017-18,2018-02-17,1961158,277,0,2,Kansas State,Iowa State,Wildcats,Cyclones,3,2,78,60,18,1457,Kansas State,202,202,8,Dean Wade makes a layup. Barry Brown Jr. with the assist.,made,FALSE,FALSE,Layup Shot,25,5.25,880677,Dean Wade,Barry Brown Jr.,0,Kansas State,Iowa State,121,NA,Dean Wade,Makol Mawien,Cartier Diarra,Barry Brown Jr.,Xavier Sneed,Solomon Young,Lindell Wigginton,Zoran Talley Jr.,Nick Weiler-Babb,Cameron Lard
2017-18,2018-02-17,1961158,278,0,2,Kansas State,Iowa State,Wildcats,Cyclones,3,2,78,60,18,1450,Iowa State,191,191,11,Lindell Wigginton misses a 3-point jump shot from 24 feet out.,missed,FALSE,TRUE,Jump Shot,2.5,14.25,1060959,Lindell Wigginton,NA,0,Iowa State,Iowa State,122,NA,Dean Wade,Makol Mawien,Cartier Diarra,Barry Brown Jr.,Xavier Sneed,Solomon Young,Lindell Wigginton,Zoran Talley Jr.,Nick Weiler-Babb,Cameron Lard
2017-18,2018-02-17,1961158,279,0,2,Kansas State,Iowa State,Wildcats,Cyclones,3,2,78,60,18,1457,Kansas State,191,191,0,Makol Mawien with a defensive rebound.,NA,FALSE,FALSE,NA,NA,NA,NA,NA,NA,0,Iowa State,Kansas State,122,NA,Dean Wade,Makol Mawien,Cartier Diarra,Barry Brown Jr.,Xavier Sneed,Solomon Young,Lindell Wigginton,Zoran Talley Jr.,Nick Weiler-Babb,Cameron Lard
2017-18,2018-02-17,1961158,280,0,2,Kansas State,Iowa State,Wildcats,Cyclones,3,2,78,60,18,1457,Kansas State,171,171,20,Cartier Diarra misses a 3-point jump shot from 23 feet out.,missed,FALSE,TRUE,Jump Shot,47.3,9.849999999999994,944176,Cartier Diarra,NA,0,Kansas State,Kansas State,123,NA,Dean Wade,Makol Mawien,Cartier Diarra,Barry Brown Jr.,Xavier Sneed,Solomon Young,Lindell Wigginton,Zoran Talley Jr.,Nick Weiler-Babb,Cameron Lard
2017-18,2018-02-17,1961158,281,0,2,Kansas State,Iowa State,Wildcats,Cyclones,3,2,78,60,18,1457,Kansas State,171,171,0,Makol Mawien with an offensive rebound.,NA,FALSE,FALSE,NA,NA,NA,NA,NA,NA,0,Kansas State,Kansas State,123,NA,Dean Wade,Makol Mawien,Cartier Diarra,Barry Brown Jr.,Xavier Sneed,Solomon Young,Lindell Wigginton,Zoran Talley Jr.,Nick Weiler-Babb,Cameron Lard
2017-18,2018-02-17,1961158,282,0,2,Kansas State,Iowa State,Wildcats,Cyclones,3,2,78,60,18,1457,Kansas State,142,142,29,Makol Mawien misses a layup.,missed,FALSE,FALSE,Layup Shot,26,6.25,884134,Makol Mawien,NA,0,Kansas State,Kansas State,123,NA,Dean Wade,Makol Mawien,Cartier Diarra,Barry Brown Jr.,Xavier Sneed,Solomon Young,Lindell Wigginton,Zoran Talley Jr.,Nick Weiler-Babb,Cameron Lard
2017-18,2018-02-17,1961158,283,0,2,Kansas State,Iowa State,Wildcats,Cyclones,3,2,78,60,18,1450,Iowa State,142,142,0,Nick Weiler-Babb with a defensive rebound.,NA,FALSE,FALSE,NA,NA,NA,NA,NA,NA,0,Kansas State,Iowa State,123,NA,Dean Wade,Makol Mawien,Cartier Diarra,Barry Brown Jr.,Xavier Sneed,Solomon Young,Lindell Wigginton,Zoran Talley Jr.,Nick Weiler-Babb,Cameron Lard
2017-18,2018-02-17,1961158,284,0,2,Kansas State,Iowa State,Wildcats,Cyclones,3,2,78,60,18,1450,Iowa State,136,136,6,Donovan Jackson misses a 3-point jump shot from 26 feet out.,missed,FALSE,TRUE,Jump Shot,45.3,21.35,944121,Donovan Jackson,NA,0,Iowa State,Iowa State,124,NA,Dean Wade,Makol Mawien,Cartier Diarra,Barry Brown Jr.,Xavier Sneed,Solomon Young,Lindell Wigginton,Zoran Talley Jr.,Nick Weiler-Babb,Cameron Lard
2017-18,2018-02-17,1961158,285,0,2,Kansas State,Iowa State,Wildcats,Cyclones,3,2,78,60,18,1457,Kansas State,136,136,0,Makol Mawien with a defensive rebound.,NA,FALSE,FALSE,NA,NA,NA,NA,NA,NA,0,Iowa State,Kansas State,124,NA,Dean Wade,Makol Mawien,Cartier Diarra,Barry Brown Jr.,Xavier Sneed,Solomon Young,Lindell Wigginton,Zoran Talley Jr.,Nick Weiler-Babb,Cameron Lard
2017-18,2018-02-17,1961158,286,0,2,Kansas State,Iowa State,Wildcats,Cyclones,3,2,78,60,18,1457,Kansas State,107,107,29,Barry Brown Jr. misses a layup.,missed,FALSE,FALSE,Layup Shot,25,5.25,880670,Barry Brown Jr.,NA,0,Kansas State,Kansas State,125,NA,Dean Wade,Makol Mawien,Cartier Diarra,Barry Brown Jr.,Xavier Sneed,Solomon Young,Lindell Wigginton,Zoran Talley Jr.,Nick Weiler-Babb,Cameron Lard
2017-18,2018-02-17,1961158,287,0,2,Kansas State,Iowa State,Wildcats,Cyclones,3,2,78,60,18,1457,Kansas State,107,107,0,Makol Mawien with an offensive rebound.,NA,FALSE,FALSE,NA,NA,NA,NA,NA,NA,0,Kansas State,Kansas State,125,NA,Dean Wade,Makol Mawien,Cartier Diarra,Barry Brown Jr.,Xavier Sneed,Solomon Young,Lindell Wigginton,Zoran Talley Jr.,Nick Weiler-Babb,Cameron Lard
2017-18,2018-02-17,1961158,288,0,2,Kansas State,Iowa State,Wildcats,Cyclones,3,2,78,60,18,1457,Kansas State,103,103,4,Makol Mawien misses a tip shot from 6 feet out.,missed,FALSE,FALSE,Tip Shot,21.9,9.849999999999994,884134,Makol Mawien,NA,0,Kansas State,Kansas State,125,NA,Dean Wade,Makol Mawien,Cartier Diarra,Barry Brown Jr.,Xavier Sneed,Solomon Young,Lindell Wigginton,Zoran Talley Jr.,Nick Weiler-Babb,Cameron Lard
2017-18,2018-02-17,1961158,289,0,2,Kansas State,Iowa State,Wildcats,Cyclones,3,2,78,60,18,1450,Iowa State,103,103,0,Zoran Talley Jr. with a defensive rebound.,NA,FALSE,FALSE,NA,NA,NA,NA,NA,NA,0,Kansas State,Iowa State,125,NA,Dean Wade,Makol Mawien,Cartier Diarra,Barry Brown Jr.,Xavier Sneed,Solomon Young,Lindell Wigginton,Zoran Talley Jr.,Nick Weiler-Babb,Cameron Lard
2017-18,2018-02-17,1961158,290,0,2,Kansas State,Iowa State,Wildcats,Cyclones,3,2,78,60,18,1457,Kansas State,97,97,6,Shooting foul committed by Dean Wade.,NA,FALSE,FALSE,NA,NA,NA,NA,NA,NA,0,Iowa State,Iowa State,126,NA,Dean Wade,Makol Mawien,Cartier Diarra,Barry Brown Jr.,Xavier Sneed,Solomon Young,Lindell Wigginton,Zoran Talley Jr.,Nick Weiler-Babb,Cameron Lard
2017-18,2018-02-17,1961158,291,0,2,Kansas State,Iowa State,Wildcats,Cyclones,3,2,78,60,18,NA,NA,97,97,0,Official TV timeout.,NA,FALSE,FALSE,NA,NA,NA,NA,NA,NA,0,NA,NA,NA,NA,Dean Wade,Makol Mawien,Cartier Diarra,Barry Brown Jr.,Xavier Sneed,Solomon Young,Lindell Wigginton,Zoran Talley Jr.,Nick Weiler-Babb,Cameron Lard
2017-18,2018-02-17,1961158,292,0,2,Kansas State,Iowa State,Wildcats,Cyclones,3,2,78,61,17,1450,Iowa State,97,97,0,Donovan Jackson makes free throw 1 of 2.,made,TRUE,FALSE,NA,NA,NA,NA,NA,NA,0,Iowa State,Iowa State,126,NA,Dean Wade,Makol Mawien,Cartier Diarra,Barry Brown Jr.,Xavier Sneed,Solomon Young,Lindell Wigginton,Zoran Talley Jr.,Nick Weiler-Babb,Cameron Lard
2017-18,2018-02-17,1961158,293,0,2,Kansas State,Iowa State,Wildcats,Cyclones,3,2,78,62,16,1450,Iowa State,97,97,0,Donovan Jackson makes free throw 2 of 2.,made,TRUE,FALSE,NA,NA,NA,NA,NA,NA,0,Iowa State,Kansas State,126,NA,Dean Wade,Makol Mawien,Cartier Diarra,Barry Brown Jr.,Xavier Sneed,Solomon Young,Lindell Wigginton,Zoran Talley Jr.,Nick Weiler-Babb,Cameron Lard
2017-18,2018-02-17,1961158,294,0,2,Kansas State,Iowa State,Wildcats,Cyclones,3,2,78,62,16,1450,Iowa State,93,93,4,Personal foul committed by Terrence Lewis.,NA,FALSE,FALSE,NA,NA,NA,NA,NA,NA,0,Kansas State,Kansas State,127,NA,Dean Wade,Makol Mawien,Cartier Diarra,Barry Brown Jr.,Xavier Sneed,Solomon Young,Lindell Wigginton,Zoran Talley Jr.,Nick Weiler-Babb,Cameron Lard
2017-18,2018-02-17,1961158,295,0,2,Kansas State,Iowa State,Wildcats,Cyclones,3,2,78,62,16,1450,Iowa State,76,76,17,Personal foul committed by Cameron Lard.,NA,FALSE,FALSE,NA,NA,NA,NA,NA,NA,0,Kansas State,Kansas State,127,NA,Dean Wade,Makol Mawien,Cartier Diarra,Barry Brown Jr.,Xavier Sneed,Solomon Young,Lindell Wigginton,Zoran Talley Jr.,Nick Weiler-Babb,Cameron Lard
2017-18,2018-02-17,1961158,296,0,2,Kansas State,Iowa State,Wildcats,Cyclones,3,2,78,62,16,1457,Kansas State,76,76,0,Kamau Stokes misses free throw 1st of 1-and-1.,missed,TRUE,FALSE,NA,NA,NA,NA,NA,NA,0,Kansas State,Kansas State,127,NA,Dean Wade,Makol Mawien,Cartier Diarra,Barry Brown Jr.,Xavier Sneed,Solomon Young,Lindell Wigginton,Zoran Talley Jr.,Nick Weiler-Babb,Cameron Lard
2017-18,2018-02-17,1961158,297,0,2,Kansas State,Iowa State,Wildcats,Cyclones,3,2,78,62,16,1450,Iowa State,76,76,0,Solomon Young with a defensive rebound.,NA,FALSE,FALSE,NA,NA,NA,NA,NA,NA,0,Kansas State,Iowa State,127,NA,Dean Wade,Makol Mawien,Cartier Diarra,Barry Brown Jr.,Xavier Sneed,Solomon Young,Lindell Wigginton,Zoran Talley Jr.,Nick Weiler-Babb,Cameron Lard
2017-18,2018-02-17,1961158,298,0,2,Kansas State,Iowa State,Wildcats,Cyclones,3,2,78,62,16,1450,Iowa State,60,60,16,Terrence Lewis misses a jump shot from 9 feet out.,missed,FALSE,FALSE,Jump Shot,26.8,13.95,1060960,Terrence Lewis,NA,0,Iowa State,Iowa State,128,NA,Dean Wade,Makol Mawien,Cartier Diarra,Barry Brown Jr.,Xavier Sneed,Solomon Young,Lindell Wigginton,Zoran Talley Jr.,Nick Weiler-Babb,Cameron Lard
2017-18,2018-02-17,1961158,299,0,2,Kansas State,Iowa State,Wildcats,Cyclones,3,2,78,62,16,1450,Iowa State,60,60,0,Cameron Lard with an offensive rebound.,NA,FALSE,FALSE,NA,NA,NA,NA,NA,NA,0,Iowa State,Iowa State,128,NA,Dean Wade,Makol Mawien,Cartier Diarra,Barry Brown Jr.,Xavier Sneed,Solomon Young,Lindell Wigginton,Zoran Talley Jr.,Nick Weiler-Babb,Cameron Lard
2017-18,2018-02-17,1961158,300,0,2,Kansas State,Iowa State,Wildcats,Cyclones,3,2,78,64,14,1450,Iowa State,55,55,5,Terrence Lewis makes a jump shot from 17 feet out. Jakolby Long with the assist.,made,FALSE,FALSE,Jump Shot,14,18.25,1060960,Terrence Lewis,Jakolby Long,0,Iowa State,Kansas State,128,NA,Dean Wade,Makol Mawien,Cartier Diarra,Barry Brown Jr.,Xavier Sneed,Solomon Young,Lindell Wigginton,Zoran Talley Jr.,Nick Weiler-Babb,Cameron Lard
2017-18,2018-02-17,1961158,301,0,2,Kansas State,Iowa State,Wildcats,Cyclones,3,2,78,64,14,1457,Kansas State,22,22,33,Kamau Stokes misses a 3-point jump shot from 24 feet out.,missed,FALSE,TRUE,Jump Shot,4.700000000000003,17.25,880676,Kamau Stokes,NA,0,Kansas State,Kansas State,129,NA,Dean Wade,Makol Mawien,Cartier Diarra,Barry Brown Jr.,Xavier Sneed,Solomon Young,Lindell Wigginton,Zoran Talley Jr.,Nick Weiler-Babb,Cameron Lard
2017-18,2018-02-17,1961158,302,0,2,Kansas State,Iowa State,Wildcats,Cyclones,3,2,78,64,14,1450,Iowa State,22,22,0,Jakolby Long with a defensive rebound.,NA,FALSE,FALSE,NA,NA,NA,NA,NA,NA,0,Kansas State,Iowa State,129,NA,Dean Wade,Makol Mawien,Cartier Diarra,Barry Brown Jr.,Xavier Sneed,Solomon Young,Lindell Wigginton,Zoran Talley Jr.,Nick Weiler-Babb,Cameron Lard
2017-18,2018-02-17,1961158,303,0,2,Kansas State,Iowa State,Wildcats,Cyclones,3,2,78,66,12,1450,Iowa State,14,14,8,Cameron Lard dunks. Donovan Jackson with the assist.,made,FALSE,FALSE,Dunk Shot,26,6.25,944115,Cameron Lard,Donovan Jackson,0,Iowa State,Kansas State,130,NA,Dean Wade,Makol Mawien,Cartier Diarra,Barry Brown Jr.,Xavier Sneed,Solomon Young,Lindell Wigginton,Zoran Talley Jr.,Nick Weiler-Babb,Cameron Lard
2017-18,2018-02-17,1961158,304,0,2,Kansas State,Iowa State,Wildcats,Cyclones,3,2,78,66,12,NA,NA,0,0,14,End of the 2nd Half,NA,FALSE,FALSE,NA,NA,NA,NA,NA,NA,0,NA,NA,NA,NA,Dean Wade,Makol Mawien,Cartier Diarra,Barry Brown Jr.,Xavier Sneed,Solomon Young,Lindell Wigginton,Zoran Talley Jr.,Nick Weiler-Babb,Cameron Lard
2017-18,2018-02-17,1961158,305,0,2,Kansas State,Iowa State,Wildcats,Cyclones,3,2,78,66,12,NA,NA,0,0,0,End of the Game,NA,FALSE,FALSE,NA,NA,NA,NA,NA,NA,0,Kansas State,Kansas State,NA,NA,Dean Wade,Makol Mawien,Cartier Diarra,Barry Brown Jr.,Xavier Sneed,Solomon Young,Lindell Wigginton,Zoran Talley Jr.,Nick Weiler-Babb,Cameron Lard
