season,date,game_id,play_id,neutral,half,home,away,home_name,away_name,home_timeouts,away_timeouts,home_score,away_score,score_diff,team_id,event_team,game_secs_remaining,half_secs_remaining,play_length,desc,shot_outcome,free_throw,three_pt,shot_desc,loc_x,loc_y,shooter_id,shooter,assist,substitution,poss_before,poss_after,poss_number
2017-18,2018-02-01,1966323,1,0,1,Temple,Wichita State,Owls,Shockers,4,4,0,0,0,1644,Temple,NA,NA,NA,Starting Lineup - Ernest Aflakpui,NA,FALSE,FALSE,NA,NA,NA,NA,NA,NA,1,NA,NA,NA
2017-18,2018-02-01,1966323,1,0,1,Temple,Wichita State,Owls,Shockers,4,4,0,0,0,1644,Temple,NA,NA,NA,Starting Lineup - Quinton Rose,NA,FALSE,FALSE,NA,NA,NA,NA,NA,NA,1,NA,NA,NA
2017-18,2018-02-01,1966323,1,0,1,Temple,Wichita State,Owls,Shockers,4,4,0,0,0,1698,Wichita State,NA,NA,NA,Starting Lineup - Shaquille Morris,NA,FALSE,FALSE,NA,NA,NA,NA,NA,NA,1,NA,NA,NA
2017-18,2018-02-01,1966323,1,0,1,Temple,Wichita State,Owls,Shockers,4,4,0,0,0,1698,Wichita State,NA,NA,NA,Starting Lineup - Markis McDuffie,NA,FALSE,FALSE,NA,NA,NA,NA,NA,NA,1,NA,NA,NA
2017-18,2018-02-01,1966323,1,0,1,Temple,Wichita State,Owls,Shockers,4,4,0,0,0,1644,Temple,NA,NA,NA,Starting Lineup - Obi Enechionyia,NA,FALSE,FALSE,NA,NA,NA,NA,NA,NA,1,NA,NA,NA
2017-18,2018-02-01,1966323,1,0,1,Temple,Wichita State,Owls,Shockers,4,4,0,0,0,1644,Temple,NA,NA,NA,Starting Lineup - Josh Brown,NA,FALSE,FALSE,NA,NA,NA,NA,NA,NA,1,NA,NA,NA
2017-18,2018-02-01,1966323,1,0,1,Temple,Wichita State,Owls,Shockers,4,4,0,0,0,1644,Temple,NA,NA,NA,Starting Lineup - Shizz Alston Jr.,NA,FALSE,FALSE,NA,NA,NA,NA,NA,NA,1,NA,NA,NA
2017-18,2018-02-01,1966323,1,0,1,Temple,Wichita State,Owls,Shockers,4,4,0,0,0,1698,Wichita State,NA,NA,NA,Starting Lineup - Conner Frankamp,NA,FALSE,FALSE,NA,NA,NA,NA,NA,NA,1,NA,NA,NA
2017-18,2018-02-01,1966323,1,0,1,Temple,Wichita State,Owls,Shockers,4,4,0,0,0,1698,Wichita State,NA,NA,NA,Starting Lineup - Landry Shamet,NA,FALSE,FALSE,NA,NA,NA,NA,NA,NA,1,NA,NA,NA
2017-18,2018-02-01,1966323,1,0,1,Temple,Wichita State,Owls,Shockers,4,4,0,0,0,1698,Wichita State,NA,NA,NA,Starting Lineup - Rashard Kelly,NA,FALSE,FALSE,NA,NA,NA,NA,NA,NA,1,NA,NA,NA
2017-18,2018-02-01,1966323,2,0,1,Temple,Wichita State,Owls,Shockers,4,4,0,0,0,NA,NA,2400,1200,NA,Start of the 1st Half,NA,FALSE,FALSE,NA,NA,NA,NA,NA,NA,0,NA,Wichita State,1
2017-18,2018-02-01,1966323,3,0,1,Temple,Wichita State,Owls,Shockers,4,4,0,2,-2,1698,Wichita State,2381,1181,19,Conner Frankamp makes a jump shot from 4 feet out. Markis McDuffie with the assist.,made,FALSE,FALSE,Jump Shot,22.9,8.35,794509,Conner Frankamp,Markis McDuffie,0,Wichita State,Temple,1
2017-18,2018-02-01,1966323,4,0,1,Temple,Wichita State,Owls,Shockers,4,4,0,2,-2,1644,Temple,2356,1156,25,Shizz Alston Jr. misses a jump shot from 13 feet out.,missed,FALSE,FALSE,Jump Shot,35.5,12.25,892737,Shizz Alston Jr.,NA,0,Temple,Temple,2
2017-18,2018-02-01,1966323,5,0,1,Temple,Wichita State,Owls,Shockers,4,4,0,2,-2,1698,Wichita State,2356,1156,0,Rashard Kelly with a defensive rebound.,NA,FALSE,FALSE,NA,NA,NA,NA,NA,NA,0,Temple,Wichita State,2
2017-18,2018-02-01,1966323,6,0,1,Temple,Wichita State,Owls,Shockers,4,4,0,2,-2,1644,Temple,2330,1130,26,Shooting foul committed by Josh Brown.,NA,FALSE,FALSE,NA,NA,NA,NA,NA,NA,0,Wichita State,Wichita State,3
2017-18,2018-02-01,1966323,7,0,1,Temple,Wichita State,Owls,Shockers,4,4,0,3,-3,1698,Wichita State,2330,1130,0,Markis McDuffie makes free throw 1 of 2.,made,TRUE,FALSE,NA,NA,NA,NA,NA,NA,0,Wichita State,Wichita State,3
2017-18,2018-02-01,1966323,8,0,1,Temple,Wichita State,Owls,Shockers,4,4,0,4,-4,1698,Wichita State,2330,1130,0,Markis McDuffie makes free throw 2 of 2.,made,TRUE,FALSE,NA,NA,NA,NA,NA,NA,0,Wichita State,Temple,3
2017-18,2018-02-01,1966323,9,0,1,Temple,Wichita State,Owls,Shockers,4,4,0,4,-4,1644,Temple,2320,1120,10,Offensive foul committed by Quinton Rose.,NA,FALSE,FALSE,NA,NA,NA,NA,NA,NA,0,Temple,Temple,4
2017-18,2018-02-01,1966323,10,0,1,Temple,Wichita State,Owls,Shockers,4,4,0,4,-4,1644,Temple,2320,1120,0,Quinton Rose with a turnover,NA,FALSE,FALSE,NA,NA,NA,NA,NA,NA,0,Temple,Wichita State,4
2017-18,2018-02-01,1966323,11,0,1,Temple,Wichita State,Owls,Shockers,4,4,0,4,-4,1698,Wichita State,2311,1111,9,Quinton Rose steals the ball from Shaquille Morris.,NA,FALSE,FALSE,NA,NA,NA,NA,NA,NA,0,Wichita State,Temple,5
2017-18,2018-02-01,1966323,12,0,1,Temple,Wichita State,Owls,Shockers,4,4,2,4,-2,1644,Temple,2304,1104,7,Ernest Aflakpui makes a layup. Josh Brown with the assist.,made,FALSE,FALSE,Layup Shot,26,6.25,892739,Ernest Aflakpui,Josh Brown,0,Temple,Wichita State,6
2017-18,2018-02-01,1966323,13,0,1,Temple,Wichita State,Owls,Shockers,4,4,2,4,-2,1698,Wichita State,2293,1093,11,Conner Frankamp misses a 3-point jump shot from 25 feet out.,missed,FALSE,TRUE,Jump Shot,24.9,30.35,794509,Conner Frankamp,NA,0,Wichita State,Wichita State,7
2017-18,2018-02-01,1966323,14,0,1,Temple,Wichita State,Owls,Shockers,4,4,2,4,-2,1698,Wichita State,2293,1093,0,Shaquille Morris with an offensive rebound.,NA,FALSE,FALSE,NA,NA,NA,NA,NA,NA,0,Wichita State,Wichita State,7
2017-18,2018-02-01,1966323,15,0,1,Temple,Wichita State,Owls,Shockers,4,4,2,4,-2,1698,Wichita State,2286,1086,7,Shaquille Morris with a turnover - Out of Bounds,NA,FALSE,FALSE,NA,NA,NA,NA,NA,NA,0,Wichita State,Temple,7
2017-18,2018-02-01,1966323,16,0,1,Temple,Wichita State,Owls,Shockers,4,4,4,4,0,1644,Temple,2266,1066,20,Obi Enechionyia makes a jump shot from 11 feet out.,made,FALSE,FALSE,Jump Shot,35.3,9.049999999999997,846379,Obi Enechionyia,NA,0,Temple,Wichita State,8
2017-18,2018-02-01,1966323,17,0,1,Temple,Wichita State,Owls,Shockers,4,4,4,4,0,1698,Wichita State,2245,1045,21,Landry Shamet misses a layup.,missed,FALSE,FALSE,Layup Shot,25,5.25,893100,Landry Shamet,NA,0,Wichita State,Temple,9
2017-18,2018-02-01,1966323,19,0,1,Temple,Wichita State,Owls,Shockers,4,4,4,4,0,1698,Wichita State,2245,1045,0,Personal foul committed by Landry Shamet.,NA,FALSE,FALSE,NA,NA,NA,NA,NA,NA,0,Temple,Temple,10
2017-18,2018-02-01,1966323,20,0,1,Temple,Wichita State,Owls,Shockers,4,4,4,4,0,1644,Temple,2234,1034,11,Shizz Alston Jr. misses a jump shot from 18 feet out.,missed,FALSE,FALSE,Jump Shot,24.9,22.849999999999994,892737,Shizz Alston Jr.,NA,0,Temple,Temple,10
2017-18,2018-02-01,1966323,21,0,1,Temple,Wichita State,Owls,Shockers,4,4,4,4,0,1698,Wichita State,2234,1034,0,Rashard Kelly with a defensive rebound.,NA,FALSE,FALSE,NA,NA,NA,NA,NA,NA,0,Temple,Wichita State,10
2017-18,2018-02-01,1966323,22,0,1,Temple,Wichita State,Owls,Shockers,4,4,4,6,-2,1698,Wichita State,2216,1016,18,Shaquille Morris makes a layup. Markis McDuffie with the assist.,made,FALSE,FALSE,Layup Shot,26,6.25,795825,Shaquille Morris,Markis McDuffie,0,Wichita State,Temple,11
2017-18,2018-02-01,1966323,23,0,1,Temple,Wichita State,Owls,Shockers,4,4,4,6,-2,1644,Temple,2203,1003,13,Obi Enechionyia misses a 3-point jump shot from 22 feet out.,missed,FALSE,TRUE,Jump Shot,4,12.849999999999994,846379,Obi Enechionyia,NA,0,Temple,Temple,12
2017-18,2018-02-01,1966323,24,0,1,Temple,Wichita State,Owls,Shockers,4,4,4,6,-2,1698,Wichita State,2203,1003,0,Markis McDuffie with a defensive rebound.,NA,FALSE,FALSE,NA,NA,NA,NA,NA,NA,0,Temple,Wichita State,12
2017-18,2018-02-01,1966323,25,0,1,Temple,Wichita State,Owls,Shockers,4,4,4,8,-4,1698,Wichita State,2193,993,10,Markis McDuffie makes a layup.,made,FALSE,FALSE,Layup Shot,26,6.25,893104,Markis McDuffie,NA,0,Wichita State,Temple,13
2017-18,2018-02-01,1966323,26,0,1,Temple,Wichita State,Owls,Shockers,4,4,7,8,-1,1644,Temple,2184,984,9,Quinton Rose makes a 3-point jump shot from 23 feet out.,made,FALSE,TRUE,Jump Shot,18.6,27.75,953874,Quinton Rose,NA,0,Temple,Wichita State,14
2017-18,2018-02-01,1966323,27,0,1,Temple,Wichita State,Owls,Shockers,4,4,7,8,-1,1698,Wichita State,2168,968,16,Shaquille Morris misses a 3-point jump shot from 24 feet out.,missed,FALSE,TRUE,Jump Shot,21.2,29.15,795825,Shaquille Morris,NA,0,Wichita State,Wichita State,15
2017-18,2018-02-01,1966323,28,0,1,Temple,Wichita State,Owls,Shockers,4,4,7,8,-1,1644,Temple,2168,968,0,Josh Brown with a defensive rebound.,NA,FALSE,FALSE,NA,NA,NA,NA,NA,NA,0,Wichita State,Temple,15
2017-18,2018-02-01,1966323,29,0,1,Temple,Wichita State,Owls,Shockers,4,4,7,8,-1,1644,Temple,2159,959,9,Shizz Alston Jr. misses a 3-point jump shot from 24 feet out.,missed,FALSE,TRUE,Jump Shot,36.6,25.75,892737,Shizz Alston Jr.,NA,0,Temple,Wichita State,16
2017-18,2018-02-01,1966323,31,0,1,Temple,Wichita State,Owls,Shockers,4,4,7,8,-1,NA,NA,2158,958,1,Official TV timeout.,NA,FALSE,FALSE,NA,NA,NA,NA,NA,NA,0,NA,NA,NA
2017-18,2018-02-01,1966323,32,0,1,Temple,Wichita State,Owls,Shockers,4,4,7,8,-1,1698,Wichita State,2142,942,16,Rauno Nurger misses a hook shot from 8 feet out.,missed,FALSE,FALSE,Hook Shot,17.4,7.85,847532,Rauno Nurger,NA,0,Wichita State,Wichita State,17
2017-18,2018-02-01,1966323,33,0,1,Temple,Wichita State,Owls,Shockers,4,4,7,8,-1,1698,Wichita State,2142,942,0,Markis McDuffie with an offensive rebound.,NA,FALSE,FALSE,NA,NA,NA,NA,NA,NA,0,Wichita State,Wichita State,17
2017-18,2018-02-01,1966323,34,0,1,Temple,Wichita State,Owls,Shockers,4,4,7,8,-1,1698,Wichita State,2136,936,6,Markis McDuffie misses a jump shot from 5 feet out.,missed,FALSE,FALSE,Jump Shot,21,8.35,893104,Markis McDuffie,NA,0,Wichita State,Temple,17
2017-18,2018-02-01,1966323,36,0,1,Temple,Wichita State,Owls,Shockers,4,4,10,8,2,1644,Temple,2124,924,12,Josh Brown makes a 3-point jump shot from 22 feet out.,made,FALSE,TRUE,Jump Shot,24.9,27.25,750739,Josh Brown,NA,0,Temple,Wichita State,18
2017-18,2018-02-01,1966323,37,0,1,Temple,Wichita State,Owls,Shockers,4,4,10,8,2,1644,Temple,2111,911,13,Shooting foul committed by Ernest Aflakpui.,NA,FALSE,FALSE,NA,NA,NA,NA,NA,NA,0,Wichita State,Wichita State,19
2017-18,2018-02-01,1966323,38,0,1,Temple,Wichita State,Owls,Shockers,4,4,10,9,1,1698,Wichita State,2111,911,0,Landry Shamet makes free throw 1 of 2.,made,TRUE,FALSE,NA,NA,NA,NA,NA,NA,0,Wichita State,Wichita State,19
2017-18,2018-02-01,1966323,39,0,1,Temple,Wichita State,Owls,Shockers,4,4,10,9,1,1698,Wichita State,2111,911,0,Landry Shamet misses free throw 2 of 2.,missed,TRUE,FALSE,NA,NA,NA,NA,NA,NA,0,Wichita State,Wichita State,19
2017-18,2018-02-01,1966323,40,0,1,Temple,Wichita State,Owls,Shockers,4,4,10,9,1,1644,Temple,2111,911,0,Quinton Rose with a defensive rebound.,NA,FALSE,FALSE,NA,NA,NA,NA,NA,NA,0,Wichita State,Temple,19
2017-18,2018-02-01,1966323,41,0,1,Temple,Wichita State,Owls,Shockers,4,4,10,9,1,1644,Temple,2101,901,10,Quinton Rose misses a jump shot from 19 feet out.,missed,FALSE,FALSE,Jump Shot,27.1,24.549999999999997,953874,Quinton Rose,NA,0,Temple,Temple,20
2017-18,2018-02-01,1966323,43,0,1,Temple,Wichita State,Owls,Shockers,4,4,10,9,1,1644,Temple,2092,892,9,Quinton Rose misses a jump shot from 9 feet out.,missed,FALSE,FALSE,Jump Shot,28,13.650000000000006,953874,Quinton Rose,NA,0,Temple,Temple,20
2017-18,2018-02-01,1966323,44,0,1,Temple,Wichita State,Owls,Shockers,4,4,10,9,1,1698,Wichita State,2092,892,0,Zach Brown with a defensive rebound.,NA,FALSE,FALSE,NA,NA,NA,NA,NA,NA,0,Temple,Wichita State,20
2017-18,2018-02-01,1966323,45,0,1,Temple,Wichita State,Owls,Shockers,4,4,10,9,1,1698,Wichita State,2081,881,11,Darral Willis Jr. misses a layup.,missed,FALSE,FALSE,Layup Shot,25,5.25,953296,Darral Willis Jr.,NA,0,Wichita State,Wichita State,21
2017-18,2018-02-01,1966323,46,0,1,Temple,Wichita State,Owls,Shockers,4,4,10,9,1,1644,Temple,2081,881,0,Josh Brown with a defensive rebound.,NA,FALSE,FALSE,NA,NA,NA,NA,NA,NA,0,Wichita State,Temple,21
2017-18,2018-02-01,1966323,47,0,1,Temple,Wichita State,Owls,Shockers,4,4,13,9,4,1644,Temple,2073,873,8,De'Vondre Perry makes a 3-point jump shot from 23 feet out. Josh Brown with the assist.,made,FALSE,TRUE,Jump Shot,40,22.25,1060763,De'Vondre Perry,Josh Brown,0,Temple,Wichita State,22
2017-18,2018-02-01,1966323,48,0,1,Temple,Wichita State,Owls,Shockers,4,4,13,9,4,1698,Wichita State,2056,856,17,Landry Shamet misses a 3-point jump shot from 24 feet out.,missed,FALSE,TRUE,Jump Shot,32.9,27.45,893100,Landry Shamet,NA,0,Wichita State,Wichita State,23
2017-18,2018-02-01,1966323,49,0,1,Temple,Wichita State,Owls,Shockers,4,4,13,9,4,1698,Wichita State,2056,856,0,Darral Willis Jr. with an offensive rebound.,NA,FALSE,FALSE,NA,NA,NA,NA,NA,NA,0,Wichita State,Wichita State,23
2017-18,2018-02-01,1966323,50,0,1,Temple,Wichita State,Owls,Shockers,4,4,13,11,2,1698,Wichita State,2048,848,8,Darral Willis Jr. makes a layup.,made,FALSE,FALSE,Layup Shot,26,6.25,953296,Darral Willis Jr.,NA,0,Wichita State,Temple,23
2017-18,2018-02-01,1966323,51,0,1,Temple,Wichita State,Owls,Shockers,4,4,16,11,5,1644,Temple,2036,836,12,Obi Enechionyia makes a 3-point jump shot from 23 feet out. Shizz Alston Jr. with the assist.,made,FALSE,TRUE,Jump Shot,24.7,28.650000000000006,846379,Obi Enechionyia,Shizz Alston Jr.,0,Temple,Wichita State,24
2017-18,2018-02-01,1966323,52,0,1,Temple,Wichita State,Owls,Shockers,4,4,16,11,5,1698,Wichita State,2008,808,28,Obi Enechionyia blocks a Rauno Nurger layup.,missed,FALSE,FALSE,Layup Shot,26,6.25,847532,Rauno Nurger,NA,0,Wichita State,Wichita State,25
2017-18,2018-02-01,1966323,53,0,1,Temple,Wichita State,Owls,Shockers,4,4,16,11,5,1698,Wichita State,2008,808,0,Rauno Nurger with an offensive rebound.,NA,FALSE,FALSE,NA,NA,NA,NA,NA,NA,0,Wichita State,Wichita State,25
2017-18,2018-02-01,1966323,54,0,1,Temple,Wichita State,Owls,Shockers,4,4,16,14,2,1698,Wichita State,2000,800,8,Austin Reaves makes a 3-point jump shot from 22 feet out. Landry Shamet with the assist.,made,FALSE,TRUE,Jump Shot,5.399999999999999,15.65,953291,Austin Reaves,Landry Shamet,0,Wichita State,Temple,25
2017-18,2018-02-01,1966323,55,0,1,Temple,Wichita State,Owls,Shockers,4,4,16,14,2,1698,Wichita State,1999,799,1,Shooting foul committed by Darral Willis Jr..,NA,FALSE,FALSE,NA,NA,NA,NA,NA,NA,0,Temple,Temple,26
2017-18,2018-02-01,1966323,56,0,1,Temple,Wichita State,Owls,Shockers,4,4,16,14,2,1644,Temple,1999,799,0,Obi Enechionyia misses free throw 1 of 2.,missed,TRUE,FALSE,NA,NA,NA,NA,NA,NA,0,Temple,Temple,26
2017-18,2018-02-01,1966323,58,0,1,Temple,Wichita State,Owls,Shockers,4,4,17,14,3,1644,Temple,1999,799,0,Obi Enechionyia makes free throw 2 of 2.,made,TRUE,FALSE,NA,NA,NA,NA,NA,NA,0,Temple,Wichita State,26
2017-18,2018-02-01,1966323,59,0,1,Temple,Wichita State,Owls,Shockers,4,4,17,17,0,1698,Wichita State,1987,787,12,Austin Reaves makes a 3-point jump shot from 23 feet out. Samajae Haynes-Jones with the assist.,made,FALSE,TRUE,Jump Shot,25.6,27.75,953291,Austin Reaves,Samajae Haynes-Jones,0,Wichita State,Temple,27
2017-18,2018-02-01,1966323,60,0,1,Temple,Wichita State,Owls,Shockers,4,4,17,17,0,1698,Wichita State,1980,780,7,Shooting foul committed by Rauno Nurger.,NA,FALSE,FALSE,NA,NA,NA,NA,NA,NA,0,Temple,Temple,28
2017-18,2018-02-01,1966323,61,0,1,Temple,Wichita State,Owls,Shockers,4,4,18,17,1,1644,Temple,1980,780,0,Obi Enechionyia makes free throw 1 of 2.,made,TRUE,FALSE,NA,NA,NA,NA,NA,NA,0,Temple,Temple,28
2017-18,2018-02-01,1966323,62,0,1,Temple,Wichita State,Owls,Shockers,4,4,18,17,1,1644,Temple,1980,780,0,Obi Enechionyia misses free throw 2 of 2.,missed,TRUE,FALSE,NA,NA,NA,NA,NA,NA,0,Temple,Temple,28
2017-18,2018-02-01,1966323,63,0,1,Temple,Wichita State,Owls,Shockers,4,4,18,17,1,1698,Wichita State,1980,780,0,Rauno Nurger with a defensive rebound.,NA,FALSE,FALSE,NA,NA,NA,NA,NA,NA,0,Temple,Wichita State,28
2017-18,2018-02-01,1966323,64,0,1,Temple,Wichita State,Owls,Shockers,4,4,18,17,1,1644,Temple,1951,751,29,Josh Brown misses a jump shot from 16 feet out.,missed,FALSE,FALSE,Jump Shot,22,21.25,750739,Josh Brown,NA,0,Temple,Wichita State,29
2017-18,2018-02-01,1966323,66,0,1,Temple,Wichita State,Owls,Shockers,4,4,18,17,1,1698,Wichita State,1949,749,2,Obi Enechionyia blocks a Samajae Haynes-Jones layup.,missed,FALSE,FALSE,Layup Shot,26,6.25,1076201,Samajae Haynes-Jones,NA,0,Wichita State,Wichita State,30
2017-18,2018-02-01,1966323,67,0,1,Temple,Wichita State,Owls,Shockers,4,4,18,17,1,1644,Temple,1949,749,0,De'Vondre Perry with a defensive rebound.,NA,FALSE,FALSE,NA,NA,NA,NA,NA,NA,0,Wichita State,Temple,30
2017-18,2018-02-01,1966323,68,0,1,Temple,Wichita State,Owls,Shockers,4,4,18,17,1,1644,Temple,1936,736,13,De'Vondre Perry with a turnover - Bad Pass,NA,FALSE,FALSE,NA,NA,NA,NA,NA,NA,0,Temple,Wichita State,31
2017-18,2018-02-01,1966323,69,0,1,Temple,Wichita State,Owls,Shockers,4,4,18,20,-2,1698,Wichita State,1929,729,7,Austin Reaves makes a 3-point jump shot from 24 feet out. Samajae Haynes-Jones with the assist.,made,FALSE,TRUE,Jump Shot,38.5,24.85,953291,Austin Reaves,Samajae Haynes-Jones,0,Wichita State,Temple,32
2017-18,2018-02-01,1966323,70,0,1,Temple,Wichita State,Owls,Shockers,4,4,20,20,0,1644,Temple,1905,705,24,Nate Pierre-Louis makes a layup.,made,FALSE,FALSE,Layup Shot,26,6.25,1060761,Nate Pierre-Louis,NA,0,Temple,Wichita State,33
2017-18,2018-02-01,1966323,71,0,1,Temple,Wichita State,Owls,Shockers,4,4,20,20,0,1698,Wichita State,1884,684,21,Shaquille Morris misses a jump shot from 9 feet out.,missed,FALSE,FALSE,Jump Shot,16.6,7.55,795825,Shaquille Morris,NA,0,Wichita State,Wichita State,34
2017-18,2018-02-01,1966323,72,0,1,Temple,Wichita State,Owls,Shockers,4,4,20,20,0,1644,Temple,1884,684,0,De'Vondre Perry with a defensive rebound.,NA,FALSE,FALSE,NA,NA,NA,NA,NA,NA,0,Wichita State,Temple,34
2017-18,2018-02-01,1966323,73,0,1,Temple,Wichita State,Owls,Shockers,4,4,20,20,0,1644,Temple,1874,674,10,Austin Reaves steals the ball from Quinton Rose.,NA,FALSE,FALSE,NA,NA,NA,NA,NA,NA,0,Temple,Wichita State,35
2017-18,2018-02-01,1966323,74,0,1,Temple,Wichita State,Owls,Shockers,4,4,20,22,-2,1698,Wichita State,1867,667,7,Austin Reaves dunks.,made,FALSE,FALSE,Dunk Shot,26,6.25,953291,Austin Reaves,NA,0,Wichita State,Temple,36
2017-18,2018-02-01,1966323,75,0,1,Temple,Wichita State,Owls,Shockers,4,4,20,22,-2,1644,Temple,1854,654,13,De'Vondre Perry with a turnover - Lost Ball,NA,FALSE,FALSE,NA,NA,NA,NA,NA,NA,0,Temple,Wichita State,37
2017-18,2018-02-01,1966323,76,0,1,Temple,Wichita State,Owls,Shockers,4,4,20,22,-2,NA,NA,1854,654,0,Official TV timeout.,NA,FALSE,FALSE,NA,NA,NA,NA,NA,NA,0,NA,NA,NA
2017-18,2018-02-01,1966323,77,0,1,Temple,Wichita State,Owls,Shockers,4,4,20,22,-2,1644,Temple,1843,643,11,Personal foul committed by De'Vondre Perry.,NA,FALSE,FALSE,NA,NA,NA,NA,NA,NA,0,Wichita State,Wichita State,38
2017-18,2018-02-01,1966323,78,0,1,Temple,Wichita State,Owls,Shockers,4,4,20,22,-2,1698,Wichita State,1840,640,3,Austin Reaves misses a 3-point jump shot from 22 feet out.,missed,FALSE,TRUE,Jump Shot,7.399999999999999,18.55,953291,Austin Reaves,NA,0,Wichita State,Wichita State,38
2017-18,2018-02-01,1966323,79,0,1,Temple,Wichita State,Owls,Shockers,4,4,20,22,-2,1644,Temple,1840,640,0,Ernest Aflakpui with a defensive rebound.,NA,FALSE,FALSE,NA,NA,NA,NA,NA,NA,0,Wichita State,Temple,38
2017-18,2018-02-01,1966323,80,0,1,Temple,Wichita State,Owls,Shockers,4,4,20,22,-2,1644,Temple,1825,625,15,Shizz Alston Jr. misses a jump shot from 19 feet out.,missed,FALSE,FALSE,Jump Shot,33.8,22.549999999999997,892737,Shizz Alston Jr.,NA,0,Temple,Temple,39
2017-18,2018-02-01,1966323,81,0,1,Temple,Wichita State,Owls,Shockers,4,4,20,22,-2,1698,Wichita State,1825,625,0,Rashard Kelly with a defensive rebound.,NA,FALSE,FALSE,NA,NA,NA,NA,NA,NA,0,Temple,Wichita State,39
2017-18,2018-02-01,1966323,82,0,1,Temple,Wichita State,Owls,Shockers,4,4,20,24,-4,1698,Wichita State,1802,602,23,Markis McDuffie makes a jump shot from 13 feet out.,made,FALSE,FALSE,Jump Shot,37.8,8.85,893104,Markis McDuffie,NA,0,Wichita State,Temple,40
2017-18,2018-02-01,1966323,83,0,1,Temple,Wichita State,Owls,Shockers,4,4,20,24,-4,1644,Temple,1787,587,15,Austin Reaves steals the ball from Josh Brown.,NA,FALSE,FALSE,NA,NA,NA,NA,NA,NA,0,Temple,Wichita State,41
2017-18,2018-02-01,1966323,84,0,1,Temple,Wichita State,Owls,Shockers,4,4,20,24,-4,1698,Wichita State,1779,579,8,Rashard Kelly misses a dunk.,missed,FALSE,FALSE,Dunk Shot,26,6.25,847530,Rashard Kelly,NA,0,Wichita State,Wichita State,42
2017-18,2018-02-01,1966323,85,0,1,Temple,Wichita State,Owls,Shockers,4,4,20,24,-4,1644,Temple,1779,579,0,Nate Pierre-Louis with a defensive rebound.,NA,FALSE,FALSE,NA,NA,NA,NA,NA,NA,0,Wichita State,Temple,42
2017-18,2018-02-01,1966323,86,0,1,Temple,Wichita State,Owls,Shockers,4,4,23,24,-1,1644,Temple,1765,565,14,Josh Brown makes a 3-point jump shot from 23 feet out. Shizz Alston Jr. with the assist.,made,FALSE,TRUE,Jump Shot,48,9.450000000000003,750739,Josh Brown,Shizz Alston Jr.,0,Temple,Wichita State,43
2017-18,2018-02-01,1966323,87,0,1,Temple,Wichita State,Owls,Shockers,4,4,23,27,-4,1698,Wichita State,1747,547,18,Landry Shamet makes a 3-point jump shot from 22 feet out. Markis McDuffie with the assist.,made,FALSE,TRUE,Jump Shot,4,12.15,893100,Landry Shamet,Markis McDuffie,0,Wichita State,Temple,44
2017-18,2018-02-01,1966323,88,0,1,Temple,Wichita State,Owls,Shockers,4,4,23,27,-4,1644,Temple,1731,531,16,Shizz Alston Jr. misses a jump shot from 19 feet out.,missed,FALSE,FALSE,Jump Shot,14.399999999999999,21.450000000000003,892737,Shizz Alston Jr.,NA,0,Temple,Temple,45
2017-18,2018-02-01,1966323,89,0,1,Temple,Wichita State,Owls,Shockers,4,4,23,27,-4,1698,Wichita State,1731,531,0,Rashard Kelly with a defensive rebound.,NA,FALSE,FALSE,NA,NA,NA,NA,NA,NA,0,Temple,Wichita State,45
2017-18,2018-02-01,1966323,90,0,1,Temple,Wichita State,Owls,Shockers,4,4,23,27,-4,1698,Wichita State,1722,522,9,Nate Pierre-Louis steals the ball from Austin Reaves.,NA,FALSE,FALSE,NA,NA,NA,NA,NA,NA,0,Wichita State,Temple,46
2017-18,2018-02-01,1966323,91,0,1,Temple,Wichita State,Owls,Shockers,4,4,23,27,-4,1644,Temple,1714,514,8,Nate Pierre-Louis misses a layup.,missed,FALSE,FALSE,Layup Shot,25,5.25,1060761,Nate Pierre-Louis,NA,0,Temple,Temple,47
2017-18,2018-02-01,1966323,92,0,1,Temple,Wichita State,Owls,Shockers,4,4,23,27,-4,1698,Wichita State,1714,514,0,Markis McDuffie with a defensive rebound.,NA,FALSE,FALSE,NA,NA,NA,NA,NA,NA,0,Temple,Wichita State,47
2017-18,2018-02-01,1966323,93,0,1,Temple,Wichita State,Owls,Shockers,4,4,23,30,-7,1698,Wichita State,1706,506,8,Shaquille Morris makes a 3-point jump shot from 23 feet out. Markis McDuffie with the assist.,made,FALSE,TRUE,Jump Shot,46.3,13.95,795825,Shaquille Morris,Markis McDuffie,0,Wichita State,Temple,48
2017-18,2018-02-01,1966323,94,0,1,Temple,Wichita State,Owls,Shockers,3,4,23,30,-7,1644,Temple,1703,503,3,Owls take a 30-second timeout.,NA,FALSE,FALSE,NA,NA,NA,NA,NA,NA,0,NA,NA,NA
2017-18,2018-02-01,1966323,95,0,1,Temple,Wichita State,Owls,Shockers,3,4,26,30,-4,1644,Temple,1687,487,16,Josh Brown makes a 3-point jump shot from 22 feet out. Obi Enechionyia with the assist.,made,FALSE,TRUE,Jump Shot,28.5,27.25,750739,Josh Brown,Obi Enechionyia,0,Temple,Wichita State,49
2017-18,2018-02-01,1966323,96,0,1,Temple,Wichita State,Owls,Shockers,3,4,26,30,-4,1698,Wichita State,1669,469,18,Obi Enechionyia steals the ball from Markis McDuffie.,NA,FALSE,FALSE,NA,NA,NA,NA,NA,NA,0,Wichita State,Temple,50
2017-18,2018-02-01,1966323,97,0,1,Temple,Wichita State,Owls,Shockers,3,4,26,30,-4,1644,Temple,1663,463,6,Obi Enechionyia misses a 3-point jump shot from 23 feet out.,missed,FALSE,TRUE,Jump Shot,25.6,28.150000000000006,846379,Obi Enechionyia,NA,0,Temple,Temple,51
2017-18,2018-02-01,1966323,98,0,1,Temple,Wichita State,Owls,Shockers,3,4,26,30,-4,1698,Wichita State,1663,463,0,Markis McDuffie with a defensive rebound.,NA,FALSE,FALSE,NA,NA,NA,NA,NA,NA,0,Temple,Wichita State,51
2017-18,2018-02-01,1966323,99,0,1,Temple,Wichita State,Owls,Shockers,3,4,26,30,-4,1644,Temple,1647,447,16,Personal foul committed by J.P. Moorman II.,NA,FALSE,FALSE,NA,NA,NA,NA,NA,NA,0,Wichita State,Wichita State,52
2017-18,2018-02-01,1966323,100,0,1,Temple,Wichita State,Owls,Shockers,3,4,26,30,-4,1698,Wichita State,1645,445,2,Shizz Alston Jr. steals the ball from Landry Shamet.,NA,FALSE,FALSE,NA,NA,NA,NA,NA,NA,0,Wichita State,Temple,52
2017-18,2018-02-01,1966323,101,0,1,Temple,Wichita State,Owls,Shockers,3,4,28,30,-2,1644,Temple,1641,441,4,Shizz Alston Jr. dunks.,made,FALSE,FALSE,Dunk Shot,25,5.25,892737,Shizz Alston Jr.,NA,0,Temple,Wichita State,53
2017-18,2018-02-01,1966323,102,0,1,Temple,Wichita State,Owls,Shockers,3,4,28,32,-4,1698,Wichita State,1618,418,23,Shaquille Morris makes a jump shot from 13 feet out. Rashard Kelly with the assist.,made,FALSE,FALSE,Jump Shot,35.5,13.65,795825,Shaquille Morris,Rashard Kelly,0,Wichita State,Temple,54
2017-18,2018-02-01,1966323,103,0,1,Temple,Wichita State,Owls,Shockers,3,4,28,32,-4,1644,Temple,1589,389,29,Josh Brown misses a jump shot from 20 feet out.,missed,FALSE,FALSE,Jump Shot,16.4,23.150000000000006,750739,Josh Brown,NA,0,Temple,Temple,55
2017-18,2018-02-01,1966323,104,0,1,Temple,Wichita State,Owls,Shockers,3,4,28,32,-4,1698,Wichita State,1589,389,0,Landry Shamet with a defensive rebound.,NA,FALSE,FALSE,NA,NA,NA,NA,NA,NA,0,Temple,Wichita State,55
2017-18,2018-02-01,1966323,105,0,1,Temple,Wichita State,Owls,Shockers,3,4,28,35,-7,1698,Wichita State,1581,381,8,Markis McDuffie makes a 3-point jump shot from 23 feet out. Landry Shamet with the assist.,made,FALSE,TRUE,Jump Shot,8.600000000000001,21.65,893104,Markis McDuffie,Landry Shamet,0,Wichita State,Temple,56
2017-18,2018-02-01,1966323,106,0,1,Temple,Wichita State,Owls,Shockers,3,4,30,35,-5,1644,Temple,1557,357,24,J.P. Moorman II makes a layup.,made,FALSE,FALSE,Layup Shot,26,6.25,1060760,J.P. Moorman II,NA,0,Temple,Wichita State,57
2017-18,2018-02-01,1966323,107,0,1,Temple,Wichita State,Owls,Shockers,3,4,30,35,-5,1644,Temple,1546,346,11,Shooting foul committed by Nate Pierre-Louis.,NA,FALSE,FALSE,NA,NA,NA,NA,NA,NA,0,Wichita State,Wichita State,58
2017-18,2018-02-01,1966323,108,0,1,Temple,Wichita State,Owls,Shockers,3,4,30,36,-6,1698,Wichita State,1546,346,0,Landry Shamet makes free throw 1 of 2.,made,TRUE,FALSE,NA,NA,NA,NA,NA,NA,0,Wichita State,Wichita State,58
2017-18,2018-02-01,1966323,109,0,1,Temple,Wichita State,Owls,Shockers,3,4,30,37,-7,1698,Wichita State,1546,346,0,Landry Shamet makes free throw 2 of 2.,made,TRUE,FALSE,NA,NA,NA,NA,NA,NA,0,Wichita State,Temple,58
2017-18,2018-02-01,1966323,110,0,1,Temple,Wichita State,Owls,Shockers,3,4,30,37,-7,1644,Temple,1529,329,17,Obi Enechionyia misses a jump shot from 12 feet out.,missed,FALSE,FALSE,Jump Shot,31.9,14.549999999999997,846379,Obi Enechionyia,NA,0,Temple,Temple,59
2017-18,2018-02-01,1966323,111,0,1,Temple,Wichita State,Owls,Shockers,3,4,30,37,-7,1698,Wichita State,1529,329,0,Landry Shamet with a defensive rebound.,NA,FALSE,FALSE,NA,NA,NA,NA,NA,NA,0,Temple,Wichita State,59
2017-18,2018-02-01,1966323,112,0,1,Temple,Wichita State,Owls,Shockers,3,4,30,39,-9,1698,Wichita State,1519,319,10,Shaquille Morris makes a layup. Landry Shamet with the assist.,made,FALSE,FALSE,Layup Shot,26,6.25,795825,Shaquille Morris,Landry Shamet,0,Wichita State,Wichita State,60
2017-18,2018-02-01,1966323,113,0,1,Temple,Wichita State,Owls,Shockers,3,4,30,39,-9,1644,Temple,1519,319,0,Shooting foul committed by Obi Enechionyia.,NA,FALSE,FALSE,NA,NA,NA,NA,NA,NA,0,Wichita State,Wichita State,60
2017-18,2018-02-01,1966323,114,0,1,Temple,Wichita State,Owls,Shockers,3,4,30,39,-9,1698,Wichita State,1519,319,0,Shaquille Morris misses free throw 1 of 1.,missed,TRUE,FALSE,NA,NA,NA,NA,NA,NA,0,Wichita State,Wichita State,60
2017-18,2018-02-01,1966323,115,0,1,Temple,Wichita State,Owls,Shockers,3,4,30,39,-9,1644,Temple,1519,319,0,Ernest Aflakpui with a defensive rebound.,NA,FALSE,FALSE,NA,NA,NA,NA,NA,NA,0,Wichita State,Temple,60
2017-18,2018-02-01,1966323,116,0,1,Temple,Wichita State,Owls,Shockers,3,4,30,39,-9,1644,Temple,1512,312,7,Shizz Alston Jr. misses a 3-point jump shot from 23 feet out.,missed,FALSE,TRUE,Jump Shot,24.7,27.75,892737,Shizz Alston Jr.,NA,0,Temple,Temple,61
2017-18,2018-02-01,1966323,117,0,1,Temple,Wichita State,Owls,Shockers,3,4,30,39,-9,1698,Wichita State,1512,312,0,Shaquille Morris with a defensive rebound.,NA,FALSE,FALSE,NA,NA,NA,NA,NA,NA,0,Temple,Wichita State,61
2017-18,2018-02-01,1966323,118,0,1,Temple,Wichita State,Owls,Shockers,3,4,30,42,-12,1698,Wichita State,1493,293,19,Shaquille Morris makes a 3-point jump shot from 24 feet out. Austin Reaves with the assist.,made,FALSE,TRUE,Jump Shot,45.8,17.55,795825,Shaquille Morris,Austin Reaves,0,Wichita State,Temple,62
2017-18,2018-02-01,1966323,119,0,1,Temple,Wichita State,Owls,Shockers,3,4,33,42,-9,1644,Temple,1463,263,30,J.P. Moorman II makes a 3-point jump shot from 23 feet out. Quinton Rose with the assist.,made,FALSE,TRUE,Jump Shot,47.2,11.75,1060760,J.P. Moorman II,Quinton Rose,0,Temple,Wichita State,63
2017-18,2018-02-01,1966323,120,0,1,Temple,Wichita State,Owls,Shockers,3,4,33,42,-9,1644,Temple,1449,249,14,Personal foul committed by J.P. Moorman II.,NA,FALSE,FALSE,NA,NA,NA,NA,NA,NA,0,Wichita State,Wichita State,64
2017-18,2018-02-01,1966323,121,0,1,Temple,Wichita State,Owls,Shockers,3,4,33,43,-10,1698,Wichita State,1449,249,0,Darral Willis Jr. makes free throw 1st of 1-and-1.,made,TRUE,FALSE,NA,NA,NA,NA,NA,NA,0,Wichita State,Wichita State,64
2017-18,2018-02-01,1966323,122,0,1,Temple,Wichita State,Owls,Shockers,3,4,33,44,-11,1698,Wichita State,1449,249,0,Darral Willis Jr. makes free throw 2nd of 1-and-1.,made,TRUE,FALSE,NA,NA,NA,NA,NA,NA,0,Wichita State,Temple,64
2017-18,2018-02-01,1966323,123,0,1,Temple,Wichita State,Owls,Shockers,3,4,35,44,-9,1644,Temple,1436,236,13,Josh Brown makes a jump shot from 19 feet out.,made,FALSE,FALSE,Jump Shot,27.3,23.650000000000006,750739,Josh Brown,NA,0,Temple,Wichita State,65
2017-18,2018-02-01,1966323,124,0,1,Temple,Wichita State,Owls,Shockers,3,4,35,44,-9,1698,Wichita State,1409,209,27,Darral Willis Jr. misses a layup.,missed,FALSE,FALSE,Layup Shot,25,5.25,953296,Darral Willis Jr.,NA,0,Wichita State,Wichita State,66
2017-18,2018-02-01,1966323,125,0,1,Temple,Wichita State,Owls,Shockers,3,4,35,44,-9,1644,Temple,1409,209,0,J.P. Moorman II with a defensive rebound.,NA,FALSE,FALSE,NA,NA,NA,NA,NA,NA,0,Wichita State,Temple,66
2017-18,2018-02-01,1966323,126,0,1,Temple,Wichita State,Owls,Shockers,3,4,35,44,-9,1698,Wichita State,1406,206,3,Personal foul committed by Darral Willis Jr..,NA,FALSE,FALSE,NA,NA,NA,NA,NA,NA,0,Temple,Temple,67
2017-18,2018-02-01,1966323,127,0,1,Temple,Wichita State,Owls,Shockers,3,4,35,44,-9,NA,NA,1406,206,0,Official TV timeout.,NA,FALSE,FALSE,NA,NA,NA,NA,NA,NA,0,NA,NA,NA
2017-18,2018-02-01,1966323,128,0,1,Temple,Wichita State,Owls,Shockers,3,4,35,44,-9,1644,Temple,1400,200,6,Shizz Alston Jr. misses a 3-point jump shot from 23 feet out.,missed,FALSE,TRUE,Jump Shot,2.5,10.049999999999997,892737,Shizz Alston Jr.,NA,0,Temple,Temple,67
2017-18,2018-02-01,1966323,129,0,1,Temple,Wichita State,Owls,Shockers,3,4,35,44,-9,1698,Wichita State,1400,200,0,Austin Reaves with a defensive rebound.,NA,FALSE,FALSE,NA,NA,NA,NA,NA,NA,0,Temple,Wichita State,67
2017-18,2018-02-01,1966323,130,0,1,Temple,Wichita State,Owls,Shockers,3,4,35,44,-9,1698,Wichita State,1391,191,9,Zach Brown misses a 3-point jump shot from 24 feet out.,missed,FALSE,TRUE,Jump Shot,37.8,25.35,847524,Zach Brown,NA,0,Wichita State,Wichita State,68
2017-18,2018-02-01,1966323,131,0,1,Temple,Wichita State,Owls,Shockers,3,4,35,44,-9,1644,Temple,1391,191,0,Ernest Aflakpui with a defensive rebound.,NA,FALSE,FALSE,NA,NA,NA,NA,NA,NA,0,Wichita State,Temple,68
2017-18,2018-02-01,1966323,132,0,1,Temple,Wichita State,Owls,Shockers,3,4,35,44,-9,1644,Temple,1377,177,14,Shizz Alston Jr. misses a jump shot from 13 feet out.,missed,FALSE,FALSE,Jump Shot,33.4,14.849999999999994,892737,Shizz Alston Jr.,NA,0,Temple,Temple,69
2017-18,2018-02-01,1966323,133,0,1,Temple,Wichita State,Owls,Shockers,3,4,35,44,-9,1644,Temple,1377,177,0,Ernest Aflakpui with an offensive rebound.,NA,FALSE,FALSE,NA,NA,NA,NA,NA,NA,0,Temple,Temple,69
2017-18,2018-02-01,1966323,134,0,1,Temple,Wichita State,Owls,Shockers,3,4,35,44,-9,1698,Wichita State,1376,176,1,Personal foul committed by Rauno Nurger.,NA,FALSE,FALSE,NA,NA,NA,NA,NA,NA,0,Temple,Temple,69
2017-18,2018-02-01,1966323,135,0,1,Temple,Wichita State,Owls,Shockers,3,4,37,44,-7,1644,Temple,1374,174,2,Quinton Rose makes a jump shot from 13 feet out. Josh Brown with the assist.,made,FALSE,FALSE,Jump Shot,37.5,8.049999999999997,953874,Quinton Rose,Josh Brown,0,Temple,Wichita State,69
2017-18,2018-02-01,1966323,136,0,1,Temple,Wichita State,Owls,Shockers,3,4,37,44,-7,1698,Wichita State,1362,162,12,Josh Brown steals the ball from Landry Shamet.,NA,FALSE,FALSE,NA,NA,NA,NA,NA,NA,0,Wichita State,Temple,70
2017-18,2018-02-01,1966323,137,0,1,Temple,Wichita State,Owls,Shockers,3,4,37,44,-7,1644,Temple,1349,149,13,Quinton Rose misses a 3-point jump shot from 24 feet out.,missed,FALSE,TRUE,Jump Shot,12.700000000000003,25.549999999999997,953874,Quinton Rose,NA,0,Temple,Temple,71
2017-18,2018-02-01,1966323,138,0,1,Temple,Wichita State,Owls,Shockers,3,4,37,44,-7,1698,Wichita State,1349,149,0,Shaquille Morris with a defensive rebound.,NA,FALSE,FALSE,NA,NA,NA,NA,NA,NA,0,Temple,Wichita State,71
2017-18,2018-02-01,1966323,139,0,1,Temple,Wichita State,Owls,Shockers,3,4,37,44,-7,1698,Wichita State,1323,123,26,Austin Reaves misses a 3-point jump shot from 24 feet out.,missed,FALSE,TRUE,Jump Shot,11.3,25.05,953291,Austin Reaves,NA,0,Wichita State,Wichita State,72
2017-18,2018-02-01,1966323,140,0,1,Temple,Wichita State,Owls,Shockers,3,4,37,44,-7,1644,Temple,1323,123,0,J.P. Moorman II with a defensive rebound.,NA,FALSE,FALSE,NA,NA,NA,NA,NA,NA,0,Wichita State,Temple,72
2017-18,2018-02-01,1966323,141,0,1,Temple,Wichita State,Owls,Shockers,3,4,37,44,-7,1644,Temple,1307,107,16,J.P. Moorman II with a turnover - Bad Pass,NA,FALSE,FALSE,NA,NA,NA,NA,NA,NA,0,Temple,Wichita State,73
2017-18,2018-02-01,1966323,142,0,1,Temple,Wichita State,Owls,Shockers,3,4,37,44,-7,1644,Temple,1285,85,22,Personal foul committed by Ernest Aflakpui.,NA,FALSE,FALSE,NA,NA,NA,NA,NA,NA,0,Wichita State,Wichita State,74
2017-18,2018-02-01,1966323,143,0,1,Temple,Wichita State,Owls,Shockers,3,4,37,44,-7,1698,Wichita State,1285,85,0,Rashard Kelly misses free throw 1st of 1-and-1.,missed,TRUE,FALSE,NA,NA,NA,NA,NA,NA,0,Wichita State,Wichita State,74
2017-18,2018-02-01,1966323,144,0,1,Temple,Wichita State,Owls,Shockers,3,4,37,44,-7,1644,Temple,1285,85,0,Josh Brown with a defensive rebound.,NA,FALSE,FALSE,NA,NA,NA,NA,NA,NA,0,Wichita State,Temple,74
2017-18,2018-02-01,1966323,145,0,1,Temple,Wichita State,Owls,Shockers,3,4,37,44,-7,1698,Wichita State,1280,80,5,Shooting foul committed by Zach Brown.,NA,FALSE,FALSE,NA,NA,NA,NA,NA,NA,0,Temple,Temple,75
2017-18,2018-02-01,1966323,146,0,1,Temple,Wichita State,Owls,Shockers,3,4,38,44,-6,1644,Temple,1280,80,0,Quinton Rose makes free throw 1 of 2.,made,TRUE,FALSE,NA,NA,NA,NA,NA,NA,0,Temple,Temple,75
2017-18,2018-02-01,1966323,147,0,1,Temple,Wichita State,Owls,Shockers,3,4,39,44,-5,1644,Temple,1280,80,0,Quinton Rose makes free throw 2 of 2.,made,TRUE,FALSE,NA,NA,NA,NA,NA,NA,0,Temple,Wichita State,75
2017-18,2018-02-01,1966323,148,0,1,Temple,Wichita State,Owls,Shockers,3,4,39,44,-5,1644,Temple,1261,61,19,Shooting foul committed by Josh Brown.,NA,FALSE,FALSE,NA,NA,NA,NA,NA,NA,0,Wichita State,Wichita State,76
2017-18,2018-02-01,1966323,149,0,1,Temple,Wichita State,Owls,Shockers,3,4,39,45,-6,1698,Wichita State,1261,61,0,Shaquille Morris makes free throw 1 of 2.,made,TRUE,FALSE,NA,NA,NA,NA,NA,NA,0,Wichita State,Wichita State,76
2017-18,2018-02-01,1966323,150,0,1,Temple,Wichita State,Owls,Shockers,3,4,39,46,-7,1698,Wichita State,1261,61,0,Shaquille Morris makes free throw 2 of 2.,made,TRUE,FALSE,NA,NA,NA,NA,NA,NA,0,Wichita State,Temple,76
2017-18,2018-02-01,1966323,151,0,1,Temple,Wichita State,Owls,Shockers,3,4,39,46,-7,1644,Temple,1255,55,6,Quinton Rose with a turnover - Lost Ball,NA,FALSE,FALSE,NA,NA,NA,NA,NA,NA,0,Temple,Wichita State,77
2017-18,2018-02-01,1966323,152,0,1,Temple,Wichita State,Owls,Shockers,3,4,39,46,-7,1698,Wichita State,1249,49,6,Shaquille Morris misses a jump shot from 10 feet out.,missed,FALSE,FALSE,Jump Shot,31.7,12.65,795825,Shaquille Morris,NA,0,Wichita State,Wichita State,78
2017-18,2018-02-01,1966323,153,0,1,Temple,Wichita State,Owls,Shockers,3,4,39,46,-7,1644,Temple,1249,49,0,J.P. Moorman II with a defensive rebound.,NA,FALSE,FALSE,NA,NA,NA,NA,NA,NA,0,Wichita State,Temple,78
2017-18,2018-02-01,1966323,154,0,1,Temple,Wichita State,Owls,Shockers,3,4,39,46,-7,1644,Temple,1239,39,10,Offensive foul committed by Quinton Rose.,NA,FALSE,FALSE,NA,NA,NA,NA,NA,NA,0,Temple,Temple,79
2017-18,2018-02-01,1966323,155,0,1,Temple,Wichita State,Owls,Shockers,3,4,39,46,-7,1644,Temple,1239,39,0,Quinton Rose with a turnover,NA,FALSE,FALSE,NA,NA,NA,NA,NA,NA,0,Temple,Wichita State,79
2017-18,2018-02-01,1966323,156,0,1,Temple,Wichita State,Owls,Shockers,3,4,39,48,-9,1698,Wichita State,1227,27,12,Rashard Kelly makes a layup.,made,FALSE,FALSE,Layup Shot,26,6.25,847530,Rashard Kelly,NA,0,Wichita State,Temple,80
2017-18,2018-02-01,1966323,157,0,1,Temple,Wichita State,Owls,Shockers,3,4,39,48,-9,1698,Wichita State,1204,4,23,Shooting foul committed by Rashard Kelly.,NA,FALSE,FALSE,NA,NA,NA,NA,NA,NA,0,Temple,Temple,81
2017-18,2018-02-01,1966323,158,0,1,Temple,Wichita State,Owls,Shockers,3,4,40,48,-8,1644,Temple,1204,4,0,Quinton Rose makes free throw 1 of 2.,made,TRUE,FALSE,NA,NA,NA,NA,NA,NA,0,Temple,Temple,81
2017-18,2018-02-01,1966323,159,0,1,Temple,Wichita State,Owls,Shockers,3,4,40,48,-8,1644,Temple,1204,4,0,Quinton Rose misses free throw 2 of 2.,missed,TRUE,FALSE,NA,NA,NA,NA,NA,NA,0,Temple,Temple,81
2017-18,2018-02-01,1966323,160,0,1,Temple,Wichita State,Owls,Shockers,3,4,40,48,-8,1698,Wichita State,1204,4,0,Conner Frankamp with a defensive rebound.,NA,FALSE,FALSE,NA,NA,NA,NA,NA,NA,0,Temple,Wichita State,81
2017-18,2018-02-01,1966323,161,0,1,Temple,Wichita State,Owls,Shockers,3,4,40,48,-8,NA,NA,1200,0,4,End of the 1st Half,NA,FALSE,FALSE,NA,NA,NA,NA,NA,NA,0,NA,NA,NA
2017-18,2018-02-01,1966323,162,0,2,Temple,Wichita State,Owls,Shockers,4,4,40,48,-8,NA,NA,1200,1200,0,Start of the 2nd Half,NA,FALSE,FALSE,NA,NA,NA,NA,NA,NA,0,NA,Temple,82
2017-18,2018-02-01,1966323,163,0,2,Temple,Wichita State,Owls,Shockers,4,4,42,48,-6,1644,Temple,1181,1181,19,Quinton Rose dunks.,made,FALSE,FALSE,Dunk Shot,25,5.25,953874,Quinton Rose,NA,0,Temple,Wichita State,83
2017-18,2018-02-01,1966323,164,0,2,Temple,Wichita State,Owls,Shockers,4,4,42,48,-6,1698,Wichita State,1168,1168,13,Landry Shamet misses a 3-point jump shot from 23 feet out.,missed,FALSE,TRUE,Jump Shot,2.8000000000000007,12.45,893100,Landry Shamet,NA,0,Wichita State,Wichita State,84
2017-18,2018-02-01,1966323,165,0,2,Temple,Wichita State,Owls,Shockers,4,4,42,48,-6,1698,Wichita State,1168,1168,0,Rashard Kelly with an offensive rebound.,NA,FALSE,FALSE,NA,NA,NA,NA,NA,NA,0,Wichita State,Wichita State,84
2017-18,2018-02-01,1966323,166,0,2,Temple,Wichita State,Owls,Shockers,4,4,42,48,-6,1698,Wichita State,1163,1163,5,Rashard Kelly misses a layup.,missed,FALSE,FALSE,Layup Shot,25,5.25,847530,Rashard Kelly,NA,0,Wichita State,Wichita State,84
2017-18,2018-02-01,1966323,167,0,2,Temple,Wichita State,Owls,Shockers,4,4,42,48,-6,1698,Wichita State,1163,1163,0,Markis McDuffie with an offensive rebound.,NA,FALSE,FALSE,NA,NA,NA,NA,NA,NA,0,Wichita State,Wichita State,84
2017-18,2018-02-01,1966323,168,0,2,Temple,Wichita State,Owls,Shockers,4,4,42,48,-6,1698,Wichita State,1155,1155,8,Josh Brown steals the ball from Markis McDuffie.,NA,FALSE,FALSE,NA,NA,NA,NA,NA,NA,0,Wichita State,Temple,84
2017-18,2018-02-01,1966323,169,0,2,Temple,Wichita State,Owls,Shockers,4,4,44,48,-4,1644,Temple,1149,1149,6,Josh Brown makes a layup.,made,FALSE,FALSE,Layup Shot,25,5.25,750739,Josh Brown,NA,0,Temple,Wichita State,85
2017-18,2018-02-01,1966323,170,0,2,Temple,Wichita State,Owls,Shockers,4,4,44,48,-4,1644,Temple,1138,1138,11,Personal foul committed by Shizz Alston Jr..,NA,FALSE,FALSE,NA,NA,NA,NA,NA,NA,0,Wichita State,Wichita State,86
2017-18,2018-02-01,1966323,171,0,2,Temple,Wichita State,Owls,Shockers,4,4,44,50,-6,1698,Wichita State,1133,1133,5,Austin Reaves makes a layup. Landry Shamet with the assist.,made,FALSE,FALSE,Layup Shot,25,5.25,953291,Austin Reaves,Landry Shamet,0,Wichita State,Temple,86
2017-18,2018-02-01,1966323,172,0,2,Temple,Wichita State,Owls,Shockers,4,4,44,50,-6,1644,Temple,1115,1115,18,Shizz Alston Jr. misses a jump shot from 20 feet out.,missed,FALSE,FALSE,Jump Shot,32.1,24.25,892737,Shizz Alston Jr.,NA,0,Temple,Temple,87
2017-18,2018-02-01,1966323,173,0,2,Temple,Wichita State,Owls,Shockers,4,4,44,50,-6,1698,Wichita State,1115,1115,0,Shaquille Morris with a defensive rebound.,NA,FALSE,FALSE,NA,NA,NA,NA,NA,NA,0,Temple,Wichita State,87
2017-18,2018-02-01,1966323,174,0,2,Temple,Wichita State,Owls,Shockers,4,4,44,50,-6,1698,Wichita State,1105,1105,10,Markis McDuffie misses a layup.,missed,FALSE,FALSE,Layup Shot,25,5.25,893104,Markis McDuffie,NA,0,Wichita State,Wichita State,88
2017-18,2018-02-01,1966323,175,0,2,Temple,Wichita State,Owls,Shockers,4,4,44,50,-6,1644,Temple,1105,1105,0,Quinton Rose with a defensive rebound.,NA,FALSE,FALSE,NA,NA,NA,NA,NA,NA,0,Wichita State,Temple,88
2017-18,2018-02-01,1966323,176,0,2,Temple,Wichita State,Owls,Shockers,4,4,44,50,-6,1644,Temple,1097,1097,8,Quinton Rose misses a jump shot from 15 feet out.,missed,FALSE,FALSE,Jump Shot,39.9,6.849999999999994,953874,Quinton Rose,NA,0,Temple,Temple,89
2017-18,2018-02-01,1966323,177,0,2,Temple,Wichita State,Owls,Shockers,4,4,44,50,-6,1698,Wichita State,1097,1097,0,Shaquille Morris with a defensive rebound.,NA,FALSE,FALSE,NA,NA,NA,NA,NA,NA,0,Temple,Wichita State,89
2017-18,2018-02-01,1966323,178,0,2,Temple,Wichita State,Owls,Shockers,4,4,44,50,-6,1644,Temple,1087,1087,10,Personal foul committed by Quinton Rose.,NA,FALSE,FALSE,NA,NA,NA,NA,NA,NA,0,Wichita State,Wichita State,90
2017-18,2018-02-01,1966323,179,0,2,Temple,Wichita State,Owls,Shockers,4,4,44,50,-6,1698,Wichita State,1086,1086,1,Shaquille Morris misses a jump shot from 19 feet out.,missed,FALSE,FALSE,Jump Shot,36.8,20.65,795825,Shaquille Morris,NA,0,Wichita State,Wichita State,90
2017-18,2018-02-01,1966323,180,0,2,Temple,Wichita State,Owls,Shockers,4,4,44,50,-6,1644,Temple,1086,1086,0,Nate Pierre-Louis with a defensive rebound.,NA,FALSE,FALSE,NA,NA,NA,NA,NA,NA,0,Wichita State,Temple,90
2017-18,2018-02-01,1966323,181,0,2,Temple,Wichita State,Owls,Shockers,4,4,44,50,-6,1644,Temple,1076,1076,10,Shizz Alston Jr. misses a jump shot from 13 feet out.,missed,FALSE,FALSE,Jump Shot,25.8,18.25,892737,Shizz Alston Jr.,NA,0,Temple,Temple,91
2017-18,2018-02-01,1966323,182,0,2,Temple,Wichita State,Owls,Shockers,4,4,44,50,-6,1698,Wichita State,1076,1076,0,Shaquille Morris with a defensive rebound.,NA,FALSE,FALSE,NA,NA,NA,NA,NA,NA,0,Temple,Wichita State,91
2017-18,2018-02-01,1966323,183,0,2,Temple,Wichita State,Owls,Shockers,4,4,44,52,-8,1698,Wichita State,1062,1062,14,Shaquille Morris makes a layup. Landry Shamet with the assist.,made,FALSE,FALSE,Layup Shot,26,6.25,795825,Shaquille Morris,Landry Shamet,0,Wichita State,Temple,92
2017-18,2018-02-01,1966323,184,0,2,Temple,Wichita State,Owls,Shockers,4,4,44,52,-8,1644,Temple,1040,1040,22,Shaquille Morris steals the ball from Josh Brown.,NA,FALSE,FALSE,NA,NA,NA,NA,NA,NA,0,Temple,Wichita State,93
2017-18,2018-02-01,1966323,185,0,2,Temple,Wichita State,Owls,Shockers,4,4,44,52,-8,1698,Wichita State,1028,1028,12,Rashard Kelly with a turnover - Bad Pass,NA,FALSE,FALSE,NA,NA,NA,NA,NA,NA,0,Wichita State,Temple,94
2017-18,2018-02-01,1966323,186,0,2,Temple,Wichita State,Owls,Shockers,4,4,46,52,-6,1644,Temple,1007,1007,21,Josh Brown makes a layup.,made,FALSE,FALSE,Layup Shot,25,5.25,750739,Josh Brown,NA,0,Temple,Wichita State,95
2017-18,2018-02-01,1966323,187,0,2,Temple,Wichita State,Owls,Shockers,4,4,46,52,-6,1644,Temple,986,986,21,Personal foul committed by Nate Pierre-Louis.,NA,FALSE,FALSE,NA,NA,NA,NA,NA,NA,0,Wichita State,Wichita State,96
2017-18,2018-02-01,1966323,188,0,2,Temple,Wichita State,Owls,Shockers,4,4,46,54,-8,1698,Wichita State,980,980,6,Shaquille Morris dunks. Landry Shamet with the assist.,made,FALSE,FALSE,Dunk Shot,26,6.25,795825,Shaquille Morris,Landry Shamet,0,Wichita State,Temple,96
2017-18,2018-02-01,1966323,189,0,2,Temple,Wichita State,Owls,Shockers,4,4,46,54,-8,1698,Wichita State,954,954,26,Personal foul committed by Landry Shamet.,NA,FALSE,FALSE,NA,NA,NA,NA,NA,NA,0,Temple,Temple,97
2017-18,2018-02-01,1966323,190,0,2,Temple,Wichita State,Owls,Shockers,4,4,46,54,-8,NA,NA,954,954,0,Official TV timeout.,NA,FALSE,FALSE,NA,NA,NA,NA,NA,NA,0,NA,NA,NA
2017-18,2018-02-01,1966323,191,0,2,Temple,Wichita State,Owls,Shockers,4,4,46,54,-8,1644,Temple,939,939,15,Josh Brown misses a jump shot from 19 feet out.,missed,FALSE,FALSE,Jump Shot,13,19.650000000000006,750739,Josh Brown,NA,0,Temple,Temple,97
2017-18,2018-02-01,1966323,192,0,2,Temple,Wichita State,Owls,Shockers,4,4,46,54,-8,1698,Wichita State,939,939,0,Markis McDuffie with a defensive rebound.,NA,FALSE,FALSE,NA,NA,NA,NA,NA,NA,0,Temple,Wichita State,97
2017-18,2018-02-01,1966323,193,0,2,Temple,Wichita State,Owls,Shockers,4,4,46,56,-10,1698,Wichita State,921,921,18,Landry Shamet makes a jump shot from 21 feet out.,made,FALSE,FALSE,Jump Shot,34.8,23.85,893100,Landry Shamet,NA,0,Wichita State,Temple,98
2017-18,2018-02-01,1966323,194,0,2,Temple,Wichita State,Owls,Shockers,4,4,46,56,-10,1698,Wichita State,897,897,24,Shooting foul committed by Shaquille Morris.,NA,FALSE,FALSE,NA,NA,NA,NA,NA,NA,0,Temple,Temple,99
2017-18,2018-02-01,1966323,195,0,2,Temple,Wichita State,Owls,Shockers,4,4,47,56,-9,1644,Temple,897,897,0,Nate Pierre-Louis makes free throw 1 of 2.,made,TRUE,FALSE,NA,NA,NA,NA,NA,NA,0,Temple,Temple,99
2017-18,2018-02-01,1966323,196,0,2,Temple,Wichita State,Owls,Shockers,4,4,48,56,-8,1644,Temple,897,897,0,Nate Pierre-Louis makes free throw 2 of 2.,made,TRUE,FALSE,NA,NA,NA,NA,NA,NA,0,Temple,Wichita State,99
2017-18,2018-02-01,1966323,197,0,2,Temple,Wichita State,Owls,Shockers,4,4,48,58,-10,1698,Wichita State,883,883,14,Austin Reaves makes a jump shot from 14 feet out.,made,FALSE,FALSE,Jump Shot,35.8,13.45,953291,Austin Reaves,NA,0,Wichita State,Temple,100
2017-18,2018-02-01,1966323,198,0,2,Temple,Wichita State,Owls,Shockers,4,4,48,58,-10,1644,Temple,876,876,7,Nate Pierre-Louis misses a layup.,missed,FALSE,FALSE,Layup Shot,25,5.25,1060761,Nate Pierre-Louis,NA,0,Temple,Temple,101
2017-18,2018-02-01,1966323,199,0,2,Temple,Wichita State,Owls,Shockers,4,4,48,58,-10,1644,Temple,876,876,0,Ernest Aflakpui with an offensive rebound.,NA,FALSE,FALSE,NA,NA,NA,NA,NA,NA,0,Temple,Temple,101
2017-18,2018-02-01,1966323,200,0,2,Temple,Wichita State,Owls,Shockers,4,4,50,58,-8,1644,Temple,871,871,5,Ernest Aflakpui makes a layup.,made,FALSE,FALSE,Layup Shot,26,6.25,892739,Ernest Aflakpui,NA,0,Temple,Wichita State,101
2017-18,2018-02-01,1966323,201,0,2,Temple,Wichita State,Owls,Shockers,4,4,50,58,-8,1698,Wichita State,860,860,11,Josh Brown steals the ball from Landry Shamet.,NA,FALSE,FALSE,NA,NA,NA,NA,NA,NA,0,Wichita State,Temple,102
2017-18,2018-02-01,1966323,202,0,2,Temple,Wichita State,Owls,Shockers,4,4,50,58,-8,1698,Wichita State,858,858,2,Personal foul committed by Shaquille Morris.,NA,FALSE,FALSE,NA,NA,NA,NA,NA,NA,0,Temple,Temple,103
2017-18,2018-02-01,1966323,203,0,2,Temple,Wichita State,Owls,Shockers,4,4,50,58,-8,1644,Temple,837,837,21,Shizz Alston Jr. misses a 3-point jump shot from 24 feet out.,missed,FALSE,TRUE,Jump Shot,33.6,27.950000000000003,892737,Shizz Alston Jr.,NA,0,Temple,Wichita State,103
2017-18,2018-02-01,1966323,205,0,2,Temple,Wichita State,Owls,Shockers,4,4,50,58,-8,1644,Temple,833,833,4,Personal foul committed by Ernest Aflakpui.,NA,FALSE,FALSE,NA,NA,NA,NA,NA,NA,0,Wichita State,Wichita State,104
2017-18,2018-02-01,1966323,206,0,2,Temple,Wichita State,Owls,Shockers,4,4,50,58,-8,1698,Wichita State,821,821,12,Offensive foul committed by Darral Willis Jr..,NA,FALSE,FALSE,NA,NA,NA,NA,NA,NA,0,Wichita State,Wichita State,104
2017-18,2018-02-01,1966323,207,0,2,Temple,Wichita State,Owls,Shockers,4,4,50,58,-8,1698,Wichita State,821,821,0,Darral Willis Jr. with a turnover,NA,FALSE,FALSE,NA,NA,NA,NA,NA,NA,0,Wichita State,Temple,104
2017-18,2018-02-01,1966323,208,0,2,Temple,Wichita State,Owls,Shockers,4,4,50,58,-8,1644,Temple,812,812,9,De'Vondre Perry misses a jump shot from 19 feet out.,missed,FALSE,FALSE,Jump Shot,31.4,23.150000000000006,1060763,De'Vondre Perry,NA,0,Temple,Temple,105
2017-18,2018-02-01,1966323,209,0,2,Temple,Wichita State,Owls,Shockers,4,4,50,58,-8,1698,Wichita State,812,812,0,Austin Reaves with a defensive rebound.,NA,FALSE,FALSE,NA,NA,NA,NA,NA,NA,0,Temple,Wichita State,105
2017-18,2018-02-01,1966323,210,0,2,Temple,Wichita State,Owls,Shockers,4,4,50,58,-8,1698,Wichita State,794,794,18,Darral Willis Jr. misses a jump shot from 17 feet out.,missed,FALSE,FALSE,Jump Shot,8.399999999999999,8.55,953296,Darral Willis Jr.,NA,0,Wichita State,Wichita State,106
2017-18,2018-02-01,1966323,211,0,2,Temple,Wichita State,Owls,Shockers,4,4,50,58,-8,1644,Temple,794,794,0,De'Vondre Perry with a defensive rebound.,NA,FALSE,FALSE,NA,NA,NA,NA,NA,NA,0,Wichita State,Temple,106
2017-18,2018-02-01,1966323,212,0,2,Temple,Wichita State,Owls,Shockers,4,4,52,58,-6,1644,Temple,785,785,9,Nate Pierre-Louis makes a layup.,made,FALSE,FALSE,Layup Shot,26,6.25,1060761,Nate Pierre-Louis,NA,0,Temple,Wichita State,107
2017-18,2018-02-01,1966323,213,0,2,Temple,Wichita State,Owls,Shockers,4,4,52,58,-6,1698,Wichita State,764,764,21,Rauno Nurger misses a 3-point jump shot from 23 feet out.,missed,FALSE,TRUE,Jump Shot,35.5,26.25,847532,Rauno Nurger,NA,0,Wichita State,Wichita State,108
2017-18,2018-02-01,1966323,214,0,2,Temple,Wichita State,Owls,Shockers,4,4,52,58,-6,1644,Temple,764,764,0,De'Vondre Perry with a defensive rebound.,NA,FALSE,FALSE,NA,NA,NA,NA,NA,NA,0,Wichita State,Temple,108
2017-18,2018-02-01,1966323,215,0,2,Temple,Wichita State,Owls,Shockers,4,4,54,58,-4,1644,Temple,745,745,19,Nate Pierre-Louis dunks. Shizz Alston Jr. with the assist.,made,FALSE,FALSE,Dunk Shot,26,6.25,1060761,Nate Pierre-Louis,Shizz Alston Jr.,0,Temple,Wichita State,109
2017-18,2018-02-01,1966323,216,0,2,Temple,Wichita State,Owls,Shockers,4,4,54,58,-4,1698,Wichita State,713,713,32,Austin Reaves misses a jump shot from 13 feet out.,missed,FALSE,FALSE,Jump Shot,32.7,16.25,953291,Austin Reaves,NA,0,Wichita State,Wichita State,110
2017-18,2018-02-01,1966323,217,0,2,Temple,Wichita State,Owls,Shockers,4,4,54,58,-4,1644,Temple,713,713,0,Obi Enechionyia with a defensive rebound.,NA,FALSE,FALSE,NA,NA,NA,NA,NA,NA,0,Wichita State,Temple,110
2017-18,2018-02-01,1966323,218,0,2,Temple,Wichita State,Owls,Shockers,4,4,54,58,-4,1644,Temple,703,703,10,Obi Enechionyia misses a 3-point jump shot from 23 feet out.,missed,FALSE,TRUE,Jump Shot,10.100000000000001,23.049999999999997,846379,Obi Enechionyia,NA,0,Temple,Temple,111
2017-18,2018-02-01,1966323,219,0,2,Temple,Wichita State,Owls,Shockers,4,4,54,58,-4,1698,Wichita State,703,703,0,Austin Reaves with a defensive rebound.,NA,FALSE,FALSE,NA,NA,NA,NA,NA,NA,0,Temple,Wichita State,111
2017-18,2018-02-01,1966323,220,0,2,Temple,Wichita State,Owls,Shockers,4,4,54,58,-4,1698,Wichita State,685,685,18,Zach Brown misses a 3-point jump shot from 22 feet out.,missed,FALSE,TRUE,Jump Shot,46.2,11.45,847524,Zach Brown,NA,0,Wichita State,Wichita State,112
2017-18,2018-02-01,1966323,221,0,2,Temple,Wichita State,Owls,Shockers,4,4,54,58,-4,1698,Wichita State,685,685,0,Rauno Nurger with an offensive rebound.,NA,FALSE,FALSE,NA,NA,NA,NA,NA,NA,0,Wichita State,Wichita State,112
2017-18,2018-02-01,1966323,222,0,2,Temple,Wichita State,Owls,Shockers,4,4,54,58,-4,1644,Temple,678,678,7,Shooting foul committed by Josh Brown.,NA,FALSE,FALSE,NA,NA,NA,NA,NA,NA,0,Wichita State,Wichita State,112
2017-18,2018-02-01,1966323,223,0,2,Temple,Wichita State,Owls,Shockers,4,4,54,58,-4,NA,NA,678,678,0,Official TV timeout.,NA,FALSE,FALSE,NA,NA,NA,NA,NA,NA,0,NA,NA,NA
2017-18,2018-02-01,1966323,224,0,2,Temple,Wichita State,Owls,Shockers,4,4,54,58,-4,1698,Wichita State,678,678,0,Landry Shamet misses free throw 1 of 2.,missed,TRUE,FALSE,NA,NA,NA,NA,NA,NA,0,Wichita State,Wichita State,112
2017-18,2018-02-01,1966323,226,0,2,Temple,Wichita State,Owls,Shockers,4,4,54,59,-5,1698,Wichita State,678,678,0,Landry Shamet makes free throw 2 of 2.,made,TRUE,FALSE,NA,NA,NA,NA,NA,NA,0,Wichita State,Temple,112
2017-18,2018-02-01,1966323,227,0,2,Temple,Wichita State,Owls,Shockers,4,4,54,59,-5,1644,Temple,673,673,5,Darral Willis Jr. steals the ball from J.P. Moorman II.,NA,FALSE,FALSE,NA,NA,NA,NA,NA,NA,0,Temple,Wichita State,113
2017-18,2018-02-01,1966323,228,0,2,Temple,Wichita State,Owls,Shockers,4,4,54,59,-5,1698,Wichita State,663,663,10,Darral Willis Jr. misses a jump shot from 12 feet out.,missed,FALSE,FALSE,Jump Shot,25.4,17.55,953296,Darral Willis Jr.,NA,0,Wichita State,Wichita State,114
2017-18,2018-02-01,1966323,229,0,2,Temple,Wichita State,Owls,Shockers,4,4,54,59,-5,1644,Temple,663,663,0,Nate Pierre-Louis with a defensive rebound.,NA,FALSE,FALSE,NA,NA,NA,NA,NA,NA,0,Wichita State,Temple,114
2017-18,2018-02-01,1966323,230,0,2,Temple,Wichita State,Owls,Shockers,4,4,54,59,-5,1698,Wichita State,657,657,6,Shooting foul committed by Samajae Haynes-Jones.,NA,FALSE,FALSE,NA,NA,NA,NA,NA,NA,0,Temple,Temple,115
2017-18,2018-02-01,1966323,231,0,2,Temple,Wichita State,Owls,Shockers,4,4,54,59,-5,1644,Temple,657,657,0,Nate Pierre-Louis misses free throw 1 of 2.,missed,TRUE,FALSE,NA,NA,NA,NA,NA,NA,0,Temple,Temple,115
2017-18,2018-02-01,1966323,233,0,2,Temple,Wichita State,Owls,Shockers,4,4,54,59,-5,1644,Temple,657,657,0,Nate Pierre-Louis misses free throw 2 of 2.,missed,TRUE,FALSE,NA,NA,NA,NA,NA,NA,0,Temple,Temple,115
2017-18,2018-02-01,1966323,234,0,2,Temple,Wichita State,Owls,Shockers,4,4,54,59,-5,1698,Wichita State,657,657,0,Rauno Nurger with a defensive rebound.,NA,FALSE,FALSE,NA,NA,NA,NA,NA,NA,0,Temple,Wichita State,115
2017-18,2018-02-01,1966323,235,0,2,Temple,Wichita State,Owls,Shockers,4,4,54,59,-5,1698,Wichita State,644,644,13,De'Vondre Perry blocks a Samajae Haynes-Jones layup.,missed,FALSE,FALSE,Layup Shot,26,6.25,1076201,Samajae Haynes-Jones,NA,0,Wichita State,Wichita State,116
2017-18,2018-02-01,1966323,236,0,2,Temple,Wichita State,Owls,Shockers,4,4,54,59,-5,1644,Temple,644,644,0,De'Vondre Perry with a defensive rebound.,NA,FALSE,FALSE,NA,NA,NA,NA,NA,NA,0,Wichita State,Temple,116
2017-18,2018-02-01,1966323,237,0,2,Temple,Wichita State,Owls,Shockers,4,4,56,59,-3,1644,Temple,638,638,6,Quinton Rose makes a layup. J.P. Moorman II with the assist.,made,FALSE,FALSE,Layup Shot,26,6.25,953874,Quinton Rose,Moorman II,0,Temple,Wichita State,117
2017-18,2018-02-01,1966323,238,0,2,Temple,Wichita State,Owls,Shockers,4,4,56,59,-3,1698,Wichita State,619,619,19,Darral Willis Jr. misses a layup.,missed,FALSE,FALSE,Layup Shot,25,5.25,953296,Darral Willis Jr.,NA,0,Wichita State,Wichita State,118
2017-18,2018-02-01,1966323,239,0,2,Temple,Wichita State,Owls,Shockers,4,4,56,59,-3,1698,Wichita State,619,619,0,Darral Willis Jr. with an offensive rebound.,NA,FALSE,FALSE,NA,NA,NA,NA,NA,NA,0,Wichita State,Wichita State,118
2017-18,2018-02-01,1966323,240,0,2,Temple,Wichita State,Owls,Shockers,4,4,56,61,-5,1698,Wichita State,615,615,4,Darral Willis Jr. makes a jump shot from 3 feet out.,made,FALSE,FALSE,Jump Shot,24.9,8.05,953296,Darral Willis Jr.,NA,0,Wichita State,Temple,118
2017-18,2018-02-01,1966323,241,0,2,Temple,Wichita State,Owls,Shockers,4,4,56,61,-5,1644,Temple,603,603,12,Quinton Rose misses a layup.,missed,FALSE,FALSE,Layup Shot,26,6.25,953874,Quinton Rose,NA,0,Temple,Temple,119
2017-18,2018-02-01,1966323,242,0,2,Temple,Wichita State,Owls,Shockers,4,4,56,61,-5,1698,Wichita State,603,603,0,Darral Willis Jr. with a defensive rebound.,NA,FALSE,FALSE,NA,NA,NA,NA,NA,NA,0,Temple,Wichita State,119
2017-18,2018-02-01,1966323,243,0,2,Temple,Wichita State,Owls,Shockers,4,4,56,61,-5,1698,Wichita State,593,593,10,Samajae Haynes-Jones with a turnover - Palming,NA,FALSE,FALSE,NA,NA,NA,NA,NA,NA,0,Wichita State,Temple,120
2017-18,2018-02-01,1966323,244,0,2,Temple,Wichita State,Owls,Shockers,4,4,56,61,-5,1644,Temple,577,577,16,Shizz Alston Jr. misses a jump shot from 12 feet out.,missed,FALSE,FALSE,Jump Shot,25.3,17.049999999999997,892737,Shizz Alston Jr.,NA,0,Temple,Temple,121
2017-18,2018-02-01,1966323,245,0,2,Temple,Wichita State,Owls,Shockers,4,4,56,61,-5,1698,Wichita State,577,577,0,Darral Willis Jr. with a defensive rebound.,NA,FALSE,FALSE,NA,NA,NA,NA,NA,NA,0,Temple,Wichita State,121
2017-18,2018-02-01,1966323,246,0,2,Temple,Wichita State,Owls,Shockers,4,4,56,61,-5,1698,Wichita State,570,570,7,De'Vondre Perry steals the ball from Darral Willis Jr..,NA,FALSE,FALSE,NA,NA,NA,NA,NA,NA,0,Wichita State,Temple,122
2017-18,2018-02-01,1966323,247,0,2,Temple,Wichita State,Owls,Shockers,4,4,58,61,-3,1644,Temple,565,565,5,Shizz Alston Jr. makes a layup.,made,FALSE,FALSE,Layup Shot,25,5.25,892737,Shizz Alston Jr.,NA,0,Temple,Wichita State,123
2017-18,2018-02-01,1966323,248,0,2,Temple,Wichita State,Owls,Shockers,4,4,58,61,-3,1698,Wichita State,533,533,32,Landry Shamet misses a 3-point jump shot from 24 feet out.,missed,FALSE,TRUE,Jump Shot,22,29.35,893100,Landry Shamet,NA,0,Wichita State,Wichita State,124
2017-18,2018-02-01,1966323,249,0,2,Temple,Wichita State,Owls,Shockers,4,4,58,61,-3,1698,Wichita State,533,533,0,Darral Willis Jr. with an offensive rebound.,NA,FALSE,FALSE,NA,NA,NA,NA,NA,NA,0,Wichita State,Wichita State,124
2017-18,2018-02-01,1966323,250,0,2,Temple,Wichita State,Owls,Shockers,4,4,58,63,-5,1698,Wichita State,527,527,6,Darral Willis Jr. makes a jump shot from 4 feet out.,made,FALSE,FALSE,Jump Shot,23.2,8.85,953296,Darral Willis Jr.,NA,0,Wichita State,Temple,124
2017-18,2018-02-01,1966323,251,0,2,Temple,Wichita State,Owls,Shockers,4,4,58,63,-5,1698,Wichita State,511,511,16,Personal foul committed by Zach Brown.,NA,FALSE,FALSE,NA,NA,NA,NA,NA,NA,0,Temple,Temple,125
2017-18,2018-02-01,1966323,252,0,2,Temple,Wichita State,Owls,Shockers,4,4,60,63,-3,1644,Temple,505,505,6,Shizz Alston Jr. makes a jump shot from 7 feet out.,made,FALSE,FALSE,Jump Shot,24.4,12.25,892737,Shizz Alston Jr.,NA,0,Temple,Wichita State,125
2017-18,2018-02-01,1966323,253,0,2,Temple,Wichita State,Owls,Shockers,4,4,60,63,-3,1698,Wichita State,479,479,26,Rashard Kelly misses a jump shot from 19 feet out.,missed,FALSE,FALSE,Jump Shot,43.3,11.65,847530,Rashard Kelly,NA,0,Wichita State,Wichita State,126
2017-18,2018-02-01,1966323,254,0,2,Temple,Wichita State,Owls,Shockers,4,4,60,63,-3,1644,Temple,479,479,0,Nate Pierre-Louis with a defensive rebound.,NA,FALSE,FALSE,NA,NA,NA,NA,NA,NA,0,Wichita State,Temple,126
2017-18,2018-02-01,1966323,255,0,2,Temple,Wichita State,Owls,Shockers,4,4,60,63,-3,1698,Wichita State,471,471,8,Shooting foul committed by Austin Reaves.,NA,FALSE,FALSE,NA,NA,NA,NA,NA,NA,0,Temple,Temple,127
2017-18,2018-02-01,1966323,256,0,2,Temple,Wichita State,Owls,Shockers,4,4,60,63,-3,NA,NA,471,471,0,Official TV timeout.,NA,FALSE,FALSE,NA,NA,NA,NA,NA,NA,0,NA,NA,NA
2017-18,2018-02-01,1966323,257,0,2,Temple,Wichita State,Owls,Shockers,4,4,61,63,-2,1644,Temple,471,471,0,Quinton Rose makes free throw 1 of 2.,made,TRUE,FALSE,NA,NA,NA,NA,NA,NA,0,Temple,Temple,127
2017-18,2018-02-01,1966323,258,0,2,Temple,Wichita State,Owls,Shockers,4,4,62,63,-1,1644,Temple,471,471,0,Quinton Rose makes free throw 2 of 2.,made,TRUE,FALSE,NA,NA,NA,NA,NA,NA,0,Temple,Wichita State,127
2017-18,2018-02-01,1966323,259,0,2,Temple,Wichita State,Owls,Shockers,4,4,62,63,-1,1698,Wichita State,456,456,15,Quinton Rose steals the ball from Landry Shamet.,NA,FALSE,FALSE,NA,NA,NA,NA,NA,NA,0,Wichita State,Temple,128
2017-18,2018-02-01,1966323,260,0,2,Temple,Wichita State,Owls,Shockers,4,4,64,63,1,1644,Temple,451,451,5,Quinton Rose dunks.,made,FALSE,FALSE,Dunk Shot,25,5.25,953874,Quinton Rose,NA,0,Temple,Wichita State,129
2017-18,2018-02-01,1966323,261,0,2,Temple,Wichita State,Owls,Shockers,4,4,64,66,-2,1698,Wichita State,427,427,24,Landry Shamet makes a 3-point jump shot from 23 feet out. Rashard Kelly with the assist.,made,FALSE,TRUE,Jump Shot,34.1,26.05,893100,Landry Shamet,Rashard Kelly,0,Wichita State,Temple,130
2017-18,2018-02-01,1966323,262,0,2,Temple,Wichita State,Owls,Shockers,4,4,64,66,-2,1644,Temple,389,389,38,De'Vondre Perry misses a 3-point jump shot from 23 feet out.,missed,FALSE,TRUE,Jump Shot,37.8,24.549999999999997,1060763,De'Vondre Perry,NA,0,Temple,Temple,131
2017-18,2018-02-01,1966323,263,0,2,Temple,Wichita State,Owls,Shockers,4,4,64,66,-2,1698,Wichita State,389,389,0,Markis McDuffie with a defensive rebound.,NA,FALSE,FALSE,NA,NA,NA,NA,NA,NA,0,Temple,Wichita State,131
2017-18,2018-02-01,1966323,264,0,2,Temple,Wichita State,Owls,Shockers,4,4,64,66,-2,1644,Temple,370,370,19,Shooting foul committed by Quinton Rose.,NA,FALSE,FALSE,NA,NA,NA,NA,NA,NA,0,Wichita State,Wichita State,132
2017-18,2018-02-01,1966323,265,0,2,Temple,Wichita State,Owls,Shockers,4,4,64,67,-3,1698,Wichita State,370,370,0,Markis McDuffie makes free throw 1 of 2.,made,TRUE,FALSE,NA,NA,NA,NA,NA,NA,0,Wichita State,Wichita State,132
2017-18,2018-02-01,1966323,266,0,2,Temple,Wichita State,Owls,Shockers,4,4,64,68,-4,1698,Wichita State,370,370,0,Markis McDuffie makes free throw 2 of 2.,made,TRUE,FALSE,NA,NA,NA,NA,NA,NA,0,Wichita State,Temple,132
2017-18,2018-02-01,1966323,267,0,2,Temple,Wichita State,Owls,Shockers,4,4,64,68,-4,1644,Temple,359,359,11,Shizz Alston Jr. misses a 3-point jump shot from 23 feet out.,missed,FALSE,TRUE,Jump Shot,47.2,9.049999999999997,892737,Shizz Alston Jr.,NA,0,Temple,Temple,133
2017-18,2018-02-01,1966323,268,0,2,Temple,Wichita State,Owls,Shockers,4,4,64,68,-4,1698,Wichita State,359,359,0,Landry Shamet with a defensive rebound.,NA,FALSE,FALSE,NA,NA,NA,NA,NA,NA,0,Temple,Wichita State,133
2017-18,2018-02-01,1966323,269,0,2,Temple,Wichita State,Owls,Shockers,4,4,64,68,-4,1698,Wichita State,349,349,10,Markis McDuffie misses a 3-point jump shot from 23 feet out.,missed,FALSE,TRUE,Jump Shot,38.5,23.35,893104,Markis McDuffie,NA,0,Wichita State,Wichita State,134
2017-18,2018-02-01,1966323,270,0,2,Temple,Wichita State,Owls,Shockers,4,4,64,68,-4,1698,Wichita State,349,349,0,Austin Reaves with an offensive rebound.,NA,FALSE,FALSE,NA,NA,NA,NA,NA,NA,0,Wichita State,Wichita State,134
2017-18,2018-02-01,1966323,271,0,2,Temple,Wichita State,Owls,Shockers,4,4,64,70,-6,1698,Wichita State,342,342,7,Austin Reaves makes a layup.,made,FALSE,FALSE,Layup Shot,26,6.25,953291,Austin Reaves,NA,0,Wichita State,Temple,134
2017-18,2018-02-01,1966323,272,0,2,Temple,Wichita State,Owls,Shockers,4,4,64,70,-6,1644,Temple,324,324,18,Shizz Alston Jr. misses a layup.,missed,FALSE,FALSE,Layup Shot,26,6.25,892737,Shizz Alston Jr.,NA,0,Temple,Temple,135
2017-18,2018-02-01,1966323,273,0,2,Temple,Wichita State,Owls,Shockers,4,4,64,70,-6,1644,Temple,324,324,0,Ernest Aflakpui with an offensive rebound.,NA,FALSE,FALSE,NA,NA,NA,NA,NA,NA,0,Temple,Temple,135
2017-18,2018-02-01,1966323,274,0,2,Temple,Wichita State,Owls,Shockers,4,4,64,70,-6,1698,Wichita State,321,321,3,Shooting foul committed by Rashard Kelly.,NA,FALSE,FALSE,NA,NA,NA,NA,NA,NA,0,Temple,Temple,135
2017-18,2018-02-01,1966323,275,0,2,Temple,Wichita State,Owls,Shockers,4,4,64,70,-6,1644,Temple,321,321,0,Ernest Aflakpui misses free throw 1 of 2.,missed,TRUE,FALSE,NA,NA,NA,NA,NA,NA,0,Temple,Temple,135
2017-18,2018-02-01,1966323,277,0,2,Temple,Wichita State,Owls,Shockers,4,4,65,70,-5,1644,Temple,321,321,0,Ernest Aflakpui makes free throw 2 of 2.,made,TRUE,FALSE,NA,NA,NA,NA,NA,NA,0,Temple,Wichita State,135
2017-18,2018-02-01,1966323,278,0,2,Temple,Wichita State,Owls,Shockers,4,4,65,70,-5,1698,Wichita State,307,307,14,Rashard Kelly misses a jump shot from 7 feet out.,missed,FALSE,FALSE,Jump Shot,28,11.15,847530,Rashard Kelly,NA,0,Wichita State,Wichita State,136
2017-18,2018-02-01,1966323,279,0,2,Temple,Wichita State,Owls,Shockers,4,4,65,70,-5,1698,Wichita State,307,307,0,Shaquille Morris with an offensive rebound.,NA,FALSE,FALSE,NA,NA,NA,NA,NA,NA,0,Wichita State,Wichita State,136
2017-18,2018-02-01,1966323,280,0,2,Temple,Wichita State,Owls,Shockers,4,4,65,72,-7,1698,Wichita State,298,298,9,Shaquille Morris makes a layup.,made,FALSE,FALSE,Layup Shot,25,5.25,795825,Shaquille Morris,NA,0,Wichita State,Temple,136
2017-18,2018-02-01,1966323,281,0,2,Temple,Wichita State,Owls,Shockers,4,4,68,72,-4,1644,Temple,290,290,8,Nate Pierre-Louis makes a 3-point jump shot from 24 feet out. Obi Enechionyia with the assist.,made,FALSE,TRUE,Jump Shot,39.5,24.75,1060761,Nate Pierre-Louis,Obi Enechionyia,0,Temple,Wichita State,137
2017-18,2018-02-01,1966323,282,0,2,Temple,Wichita State,Owls,Shockers,4,4,68,72,-4,1698,Wichita State,267,267,23,Shaquille Morris misses a 3-point jump shot from 24 feet out.,missed,FALSE,TRUE,Jump Shot,36.5,26.55,795825,Shaquille Morris,NA,0,Wichita State,Wichita State,138
2017-18,2018-02-01,1966323,283,0,2,Temple,Wichita State,Owls,Shockers,4,4,68,72,-4,1644,Temple,267,267,0,Josh Brown with a defensive rebound.,NA,FALSE,FALSE,NA,NA,NA,NA,NA,NA,0,Wichita State,Temple,138
2017-18,2018-02-01,1966323,284,0,2,Temple,Wichita State,Owls,Shockers,4,4,68,72,-4,1644,Temple,235,235,32,Nate Pierre-Louis misses a 3-point jump shot from 24 feet out.,missed,FALSE,TRUE,Jump Shot,27,29.650000000000006,1060761,Nate Pierre-Louis,NA,0,Temple,Temple,139
2017-18,2018-02-01,1966323,285,0,2,Temple,Wichita State,Owls,Shockers,4,4,68,72,-4,1698,Wichita State,235,235,0,Rashard Kelly with a defensive rebound.,NA,FALSE,FALSE,NA,NA,NA,NA,NA,NA,0,Temple,Wichita State,139
2017-18,2018-02-01,1966323,286,0,2,Temple,Wichita State,Owls,Shockers,4,4,68,72,-4,1698,Wichita State,219,219,16,Nate Pierre-Louis steals the ball from Shaquille Morris.,NA,FALSE,FALSE,NA,NA,NA,NA,NA,NA,0,Wichita State,Temple,140
2017-18,2018-02-01,1966323,287,0,2,Temple,Wichita State,Owls,Shockers,4,4,68,72,-4,1644,Temple,213,213,6,Josh Brown misses a layup.,missed,FALSE,FALSE,Layup Shot,26,6.25,750739,Josh Brown,NA,0,Temple,Temple,141
2017-18,2018-02-01,1966323,288,0,2,Temple,Wichita State,Owls,Shockers,4,4,68,72,-4,1698,Wichita State,213,213,0,Rashard Kelly with a defensive rebound.,NA,FALSE,FALSE,NA,NA,NA,NA,NA,NA,0,Temple,Wichita State,141
2017-18,2018-02-01,1966323,289,0,2,Temple,Wichita State,Owls,Shockers,4,4,68,72,-4,1698,Wichita State,191,191,22,Landry Shamet with a turnover - Bad Pass,NA,FALSE,FALSE,NA,NA,NA,NA,NA,NA,0,Wichita State,Temple,142
2017-18,2018-02-01,1966323,290,0,2,Temple,Wichita State,Owls,Shockers,4,4,68,72,-4,NA,NA,191,191,0,Official TV timeout.,NA,FALSE,FALSE,NA,NA,NA,NA,NA,NA,0,NA,NA,NA
2017-18,2018-02-01,1966323,291,0,2,Temple,Wichita State,Owls,Shockers,4,4,68,72,-4,1698,Wichita State,171,171,20,Personal foul committed by Shaquille Morris.,NA,FALSE,FALSE,NA,NA,NA,NA,NA,NA,0,Temple,Temple,143
2017-18,2018-02-01,1966323,292,0,2,Temple,Wichita State,Owls,Shockers,4,4,69,72,-3,1644,Temple,171,171,0,Obi Enechionyia makes free throw 1st of 1-and-1.,made,TRUE,FALSE,NA,NA,NA,NA,NA,NA,0,Temple,Temple,143
2017-18,2018-02-01,1966323,293,0,2,Temple,Wichita State,Owls,Shockers,4,4,70,72,-2,1644,Temple,171,171,0,Obi Enechionyia makes free throw 2nd of 1-and-1.,made,TRUE,FALSE,NA,NA,NA,NA,NA,NA,0,Temple,Wichita State,143
2017-18,2018-02-01,1966323,294,0,2,Temple,Wichita State,Owls,Shockers,4,4,70,72,-2,1698,Wichita State,158,158,13,Landry Shamet misses a 3-point jump shot from 23 feet out.,missed,FALSE,TRUE,Jump Shot,3,12.25,893100,Landry Shamet,NA,0,Wichita State,Wichita State,144
2017-18,2018-02-01,1966323,295,0,2,Temple,Wichita State,Owls,Shockers,4,4,70,72,-2,1644,Temple,158,158,0,Shizz Alston Jr. with a defensive rebound.,NA,FALSE,FALSE,NA,NA,NA,NA,NA,NA,0,Wichita State,Temple,144
2017-18,2018-02-01,1966323,296,0,2,Temple,Wichita State,Owls,Shockers,4,4,72,72,0,1644,Temple,133,133,25,Shizz Alston Jr. makes a jump shot from 18 feet out.,made,FALSE,FALSE,Jump Shot,31.2,22.150000000000006,892737,Shizz Alston Jr.,NA,0,Temple,Wichita State,145
2017-18,2018-02-01,1966323,297,0,2,Temple,Wichita State,Owls,Shockers,4,4,72,72,0,1698,Wichita State,112,112,21,Austin Reaves misses a jump shot from 18 feet out.,missed,FALSE,FALSE,Jump Shot,19.8,21.95,953291,Austin Reaves,NA,0,Wichita State,Wichita State,146
2017-18,2018-02-01,1966323,298,0,2,Temple,Wichita State,Owls,Shockers,4,4,72,72,0,1698,Wichita State,112,112,0,Markis McDuffie with an offensive rebound.,NA,FALSE,FALSE,NA,NA,NA,NA,NA,NA,0,Wichita State,Wichita State,146
2017-18,2018-02-01,1966323,299,0,2,Temple,Wichita State,Owls,Shockers,4,4,72,74,-2,1698,Wichita State,80,80,32,Shaquille Morris makes a layup. Landry Shamet with the assist.,made,FALSE,FALSE,Layup Shot,26,6.25,795825,Shaquille Morris,Landry Shamet,0,Wichita State,Temple,146
2017-18,2018-02-01,1966323,300,0,2,Temple,Wichita State,Owls,Shockers,4,4,72,74,-2,1644,Temple,57,57,23,Shizz Alston Jr. misses a 3-point jump shot from 23 feet out.,missed,FALSE,TRUE,Jump Shot,18.1,27.650000000000006,892737,Shizz Alston Jr.,NA,0,Temple,Temple,147
2017-18,2018-02-01,1966323,301,0,2,Temple,Wichita State,Owls,Shockers,4,4,72,74,-2,1698,Wichita State,57,57,0,Austin Reaves with a defensive rebound.,NA,FALSE,FALSE,NA,NA,NA,NA,NA,NA,0,Temple,Wichita State,147
2017-18,2018-02-01,1966323,302,0,2,Temple,Wichita State,Owls,Shockers,4,4,72,74,-2,1698,Wichita State,26,26,31,Austin Reaves misses a 3-point jump shot from 24 feet out.,missed,FALSE,TRUE,Jump Shot,15.1,26.55,953291,Austin Reaves,NA,0,Wichita State,Wichita State,148
2017-18,2018-02-01,1966323,303,0,2,Temple,Wichita State,Owls,Shockers,4,4,72,74,-2,1644,Temple,26,26,0,Ernest Aflakpui with a defensive rebound.,NA,FALSE,FALSE,NA,NA,NA,NA,NA,NA,0,Wichita State,Temple,148
2017-18,2018-02-01,1966323,304,0,2,Temple,Wichita State,Owls,Shockers,3,4,72,74,-2,1644,Temple,13,13,13,Owls take a 30-second timeout.,NA,FALSE,FALSE,NA,NA,NA,NA,NA,NA,0,NA,NA,NA
2017-18,2018-02-01,1966323,305,0,2,Temple,Wichita State,Owls,Shockers,2,4,72,74,-2,1644,Temple,12,12,1,Owls take a 30-second timeout.,NA,FALSE,FALSE,NA,NA,NA,NA,NA,NA,0,NA,NA,NA
2017-18,2018-02-01,1966323,306,0,2,Temple,Wichita State,Owls,Shockers,2,4,74,74,0,1644,Temple,10,10,2,Shizz Alston Jr. makes a layup.,made,FALSE,FALSE,Layup Shot,25,5.25,892737,Shizz Alston Jr.,NA,0,Temple,Wichita State,149
2017-18,2018-02-01,1966323,307,0,2,Temple,Wichita State,Owls,Shockers,2,4,74,74,0,1698,Wichita State,2,2,8,Zach Brown misses a 3-point jump shot from 22 feet out.,missed,FALSE,TRUE,Jump Shot,4.199999999999999,11.95,847524,Zach Brown,NA,0,Wichita State,Wichita State,150
2017-18,2018-02-01,1966323,308,0,2,Temple,Wichita State,Owls,Shockers,2,4,74,74,0,1644,Temple,2,2,0,Quinton Rose with a defensive rebound.,NA,FALSE,FALSE,NA,NA,NA,NA,NA,NA,0,Wichita State,Temple,150
2017-18,2018-02-01,1966323,309,0,2,Temple,Wichita State,Owls,Shockers,2,4,74,74,0,NA,NA,0,0,2,End of the 2nd Half,NA,FALSE,FALSE,NA,NA,NA,NA,NA,NA,0,NA,NA,NA
2017-18,2018-02-01,1966323,310,0,3,Temple,Wichita State,Owls,Shockers,3,5,74,74,0,NA,NA,300,300,-300,Start of the Overtime,NA,FALSE,FALSE,NA,NA,NA,NA,NA,NA,0,NA,Wichita State,151
2017-18,2018-02-01,1966323,311,0,3,Temple,Wichita State,Owls,Shockers,3,5,74,74,0,1644,Temple,284,284,16,Shooting foul committed by Obi Enechionyia.,NA,FALSE,FALSE,NA,NA,NA,NA,NA,NA,0,Wichita State,Wichita State,152
2017-18,2018-02-01,1966323,312,0,3,Temple,Wichita State,Owls,Shockers,3,5,74,74,0,1698,Wichita State,284,284,0,Austin Reaves misses free throw 1 of 2.,missed,TRUE,FALSE,NA,NA,NA,NA,NA,NA,0,Wichita State,Wichita State,152
2017-18,2018-02-01,1966323,314,0,3,Temple,Wichita State,Owls,Shockers,3,5,74,75,-1,1698,Wichita State,284,284,0,Austin Reaves makes free throw 2 of 2.,made,TRUE,FALSE,NA,NA,NA,NA,NA,NA,0,Wichita State,Temple,152
2017-18,2018-02-01,1966323,315,0,3,Temple,Wichita State,Owls,Shockers,3,5,74,75,-1,1644,Temple,260,260,24,Shizz Alston Jr. misses a jump shot from 19 feet out.,missed,FALSE,FALSE,Jump Shot,36,21.349999999999994,892737,Shizz Alston Jr.,NA,0,Temple,Temple,153
2017-18,2018-02-01,1966323,316,0,3,Temple,Wichita State,Owls,Shockers,3,5,74,75,-1,1698,Wichita State,260,260,0,Shaquille Morris with a defensive rebound.,NA,FALSE,FALSE,NA,NA,NA,NA,NA,NA,0,Temple,Wichita State,153
2017-18,2018-02-01,1966323,317,0,3,Temple,Wichita State,Owls,Shockers,3,5,74,75,-1,1644,Temple,227,227,33,Shooting foul committed by Ernest Aflakpui.,NA,FALSE,FALSE,NA,NA,NA,NA,NA,NA,0,Wichita State,Wichita State,154
2017-18,2018-02-01,1966323,318,0,3,Temple,Wichita State,Owls,Shockers,3,5,74,76,-2,1698,Wichita State,227,227,0,Austin Reaves makes free throw 1 of 2.,made,TRUE,FALSE,NA,NA,NA,NA,NA,NA,0,Wichita State,Wichita State,154
2017-18,2018-02-01,1966323,319,0,3,Temple,Wichita State,Owls,Shockers,3,5,74,77,-3,1698,Wichita State,227,227,0,Austin Reaves makes free throw 2 of 2.,made,TRUE,FALSE,NA,NA,NA,NA,NA,NA,0,Wichita State,Temple,154
2017-18,2018-02-01,1966323,320,0,3,Temple,Wichita State,Owls,Shockers,3,5,74,77,-3,1644,Temple,212,212,15,Josh Brown misses a 3-point jump shot from 24 feet out.,missed,FALSE,TRUE,Jump Shot,10.799999999999997,24.75,750739,Josh Brown,NA,0,Temple,Temple,155
2017-18,2018-02-01,1966323,321,0,3,Temple,Wichita State,Owls,Shockers,3,5,74,77,-3,1698,Wichita State,212,212,0,Rashard Kelly with a defensive rebound.,NA,FALSE,FALSE,NA,NA,NA,NA,NA,NA,0,Temple,Wichita State,155
2017-18,2018-02-01,1966323,322,0,3,Temple,Wichita State,Owls,Shockers,3,5,74,77,-3,1698,Wichita State,182,182,30,Austin Reaves misses a 3-point jump shot from 24 feet out.,missed,FALSE,TRUE,Jump Shot,12.3,25.35,953291,Austin Reaves,NA,0,Wichita State,Temple,156
2017-18,2018-02-01,1966323,324,0,3,Temple,Wichita State,Owls,Shockers,3,5,74,77,-3,1698,Wichita State,154,154,28,Shooting foul committed by Austin Reaves.,NA,FALSE,FALSE,NA,NA,NA,NA,NA,NA,0,Temple,Temple,157
2017-18,2018-02-01,1966323,325,0,3,Temple,Wichita State,Owls,Shockers,3,5,74,77,-3,1644,Temple,154,154,0,Josh Brown misses free throw 1 of 2.,missed,TRUE,FALSE,NA,NA,NA,NA,NA,NA,0,Temple,Temple,157
2017-18,2018-02-01,1966323,327,0,3,Temple,Wichita State,Owls,Shockers,3,5,74,77,-3,1644,Temple,154,154,0,Josh Brown misses free throw 2 of 2.,missed,TRUE,FALSE,NA,NA,NA,NA,NA,NA,0,Temple,Temple,157
2017-18,2018-02-01,1966323,328,0,3,Temple,Wichita State,Owls,Shockers,3,5,74,77,-3,1698,Wichita State,154,154,0,Darral Willis Jr. with a defensive rebound.,NA,FALSE,FALSE,NA,NA,NA,NA,NA,NA,0,Temple,Wichita State,157
2017-18,2018-02-01,1966323,329,0,3,Temple,Wichita State,Owls,Shockers,3,5,74,79,-5,1698,Wichita State,141,141,13,Shaquille Morris dunks. Markis McDuffie with the assist.,made,FALSE,FALSE,Dunk Shot,26,6.25,795825,Shaquille Morris,Markis McDuffie,0,Wichita State,Temple,158
2017-18,2018-02-01,1966323,330,0,3,Temple,Wichita State,Owls,Shockers,3,5,77,79,-2,1644,Temple,132,132,9,Quinton Rose makes a 3-point jump shot from 23 feet out.,made,FALSE,TRUE,Jump Shot,39.4,22.849999999999994,953874,Quinton Rose,NA,0,Temple,Wichita State,159
2017-18,2018-02-01,1966323,331,0,3,Temple,Wichita State,Owls,Shockers,2,5,77,79,-2,1644,Temple,131,131,1,Owls take a 30-second timeout.,NA,FALSE,FALSE,NA,NA,NA,NA,NA,NA,0,NA,NA,NA
2017-18,2018-02-01,1966323,332,0,3,Temple,Wichita State,Owls,Shockers,2,5,77,79,-2,1698,Wichita State,117,117,14,Shaquille Morris misses a hook shot from 5 feet out.,missed,FALSE,FALSE,Hook Shot,24.4,10.55,795825,Shaquille Morris,NA,0,Wichita State,Wichita State,160
2017-18,2018-02-01,1966323,333,0,3,Temple,Wichita State,Owls,Shockers,2,5,77,79,-2,1644,Temple,117,117,0,Obi Enechionyia with a defensive rebound.,NA,FALSE,FALSE,NA,NA,NA,NA,NA,NA,0,Wichita State,Temple,160
2017-18,2018-02-01,1966323,334,0,3,Temple,Wichita State,Owls,Shockers,2,5,77,79,-2,1698,Wichita State,105,105,12,Shooting foul committed by Darral Willis Jr..,NA,FALSE,FALSE,NA,NA,NA,NA,NA,NA,0,Temple,Temple,161
2017-18,2018-02-01,1966323,335,0,3,Temple,Wichita State,Owls,Shockers,2,5,78,79,-1,1644,Temple,105,105,0,Shizz Alston Jr. makes free throw 1 of 2.,made,TRUE,FALSE,NA,NA,NA,NA,NA,NA,0,Temple,Temple,161
2017-18,2018-02-01,1966323,336,0,3,Temple,Wichita State,Owls,Shockers,2,5,79,79,0,1644,Temple,105,105,0,Shizz Alston Jr. makes free throw 2 of 2.,made,TRUE,FALSE,NA,NA,NA,NA,NA,NA,0,Temple,Wichita State,161
2017-18,2018-02-01,1966323,337,0,3,Temple,Wichita State,Owls,Shockers,2,5,79,79,0,1698,Wichita State,89,89,16,Ernest Aflakpui steals the ball from Landry Shamet.,NA,FALSE,FALSE,NA,NA,NA,NA,NA,NA,0,Wichita State,Temple,162
2017-18,2018-02-01,1966323,338,0,3,Temple,Wichita State,Owls,Shockers,2,5,79,79,0,1644,Temple,85,85,4,Ernest Aflakpui misses a layup.,missed,FALSE,FALSE,Layup Shot,25,5.25,892739,Ernest Aflakpui,NA,0,Temple,Temple,163
2017-18,2018-02-01,1966323,339,0,3,Temple,Wichita State,Owls,Shockers,2,5,79,79,0,1698,Wichita State,85,85,0,Shaquille Morris with a defensive rebound.,NA,FALSE,FALSE,NA,NA,NA,NA,NA,NA,0,Temple,Wichita State,163
2017-18,2018-02-01,1966323,340,0,3,Temple,Wichita State,Owls,Shockers,2,5,79,79,0,1698,Wichita State,56,56,29,Landry Shamet misses a 3-point jump shot from 26 feet out.,missed,FALSE,TRUE,Jump Shot,27.6,31.05,893100,Landry Shamet,NA,0,Wichita State,Wichita State,164
2017-18,2018-02-01,1966323,341,0,3,Temple,Wichita State,Owls,Shockers,2,5,79,79,0,1644,Temple,56,56,0,Josh Brown with a defensive rebound.,NA,FALSE,FALSE,NA,NA,NA,NA,NA,NA,0,Wichita State,Temple,164
2017-18,2018-02-01,1966323,342,0,3,Temple,Wichita State,Owls,Shockers,1,5,79,79,0,1644,Temple,42,42,14,Owls take a full timeout.,NA,FALSE,FALSE,NA,NA,NA,NA,NA,NA,0,NA,NA,NA
2017-18,2018-02-01,1966323,343,0,3,Temple,Wichita State,Owls,Shockers,1,5,79,79,0,1644,Temple,27,27,15,Shizz Alston Jr. misses a jump shot from 10 feet out.,missed,FALSE,FALSE,Jump Shot,29,14.150000000000006,892737,Shizz Alston Jr.,NA,0,Temple,Temple,165
2017-18,2018-02-01,1966323,344,0,3,Temple,Wichita State,Owls,Shockers,1,5,79,79,0,1644,Temple,27,27,0,Nate Pierre-Louis with an offensive rebound.,NA,FALSE,FALSE,NA,NA,NA,NA,NA,NA,0,Temple,Temple,165
2017-18,2018-02-01,1966323,345,0,3,Temple,Wichita State,Owls,Shockers,1,5,79,79,0,1644,Temple,19,19,8,Quinton Rose misses a 3-point jump shot from 21 feet out.,missed,FALSE,TRUE,Jump Shot,3.799999999999997,8.549999999999997,953874,Quinton Rose,NA,0,Temple,Temple,165
2017-18,2018-02-01,1966323,347,0,3,Temple,Wichita State,Owls,Shockers,1,5,79,79,0,1698,Wichita State,18,18,1,Shooting foul committed by Landry Shamet.,NA,FALSE,FALSE,NA,NA,NA,NA,NA,NA,0,Temple,Temple,165
2017-18,2018-02-01,1966323,348,0,3,Temple,Wichita State,Owls,Shockers,1,5,80,79,1,1644,Temple,18,18,0,Obi Enechionyia makes free throw 1 of 2.,made,TRUE,FALSE,NA,NA,NA,NA,NA,NA,0,Temple,Temple,165
2017-18,2018-02-01,1966323,349,0,3,Temple,Wichita State,Owls,Shockers,1,5,81,79,2,1644,Temple,18,18,0,Obi Enechionyia makes free throw 2 of 2.,made,TRUE,FALSE,NA,NA,NA,NA,NA,NA,0,Temple,Wichita State,165
2017-18,2018-02-01,1966323,350,0,3,Temple,Wichita State,Owls,Shockers,1,4,81,79,2,1698,Wichita State,13,13,5,Shockers take a 30-second timeout.,NA,FALSE,FALSE,NA,NA,NA,NA,NA,NA,0,NA,NA,NA
2017-18,2018-02-01,1966323,351,0,3,Temple,Wichita State,Owls,Shockers,1,4,81,79,2,1698,Wichita State,5,5,8,Markis McDuffie misses a 3-point jump shot from 25 feet out.,missed,FALSE,TRUE,Jump Shot,22.2,29.95,893104,Markis McDuffie,NA,0,Wichita State,NA,166
2017-18,2018-02-01,1966323,353,0,3,Temple,Wichita State,Owls,Shockers,1,4,81,79,2,NA,NA,0,0,5,End of the Overtime,NA,FALSE,FALSE,NA,NA,NA,NA,NA,NA,0,NA,NA,NA
2017-18,2018-02-01,1966323,354,0,3,Temple,Wichita State,Owls,Shockers,1,4,81,79,2,NA,NA,0,0,0,End of the Game,NA,FALSE,FALSE,NA,NA,NA,NA,NA,NA,0,Wichita State,Wichita State,NA
