season,date,game_id,play_id,neutral,half,home,away,home_name,away_name,home_timeouts,away_timeouts,home_score,away_score,score_diff,team_id,event_team,game_secs_remaining,half_secs_remaining,play_length,desc,shot_outcome,free_throw,three_pt,shot_desc,loc_x,loc_y,shooter_id,shooter,assist,substitution,poss_before,poss_after,poss_number,sub_error,home_1,home_2,home_3,home_4,home_5,away_1,away_2,away_3,away_4,away_5
2021-22,2022-02-19,2383890,1,0,1,Michigan State,Illinois,Spartans,Fighting Illini,4,4,0,0,0,1443,Illinois,NA,NA,NA,Starting Lineup - Trent Frazier,NA,FALSE,FALSE,NA,NA,NA,NA,NA,NA,1,NA,NA,NA,NA,Gabe Brown,Marcus Bingham Jr.,Joey Hauser,A.J. Hoggard,Max Christie,Trent Frazier,Da'Monte Williams,Jacob Grandison,Kofi Cockburn,Alfonso Plummer
2021-22,2022-02-19,2383890,1,0,1,Michigan State,Illinois,Spartans,Fighting Illini,4,4,0,0,0,1443,Illinois,NA,NA,NA,Starting Lineup - Da'Monte Williams,NA,FALSE,FALSE,NA,NA,NA,NA,NA,NA,1,NA,NA,NA,NA,Gabe Brown,Marcus Bingham Jr.,Joey Hauser,A.J. Hoggard,Max Christie,Trent Frazier,Da'Monte Williams,Jacob Grandison,Kofi Cockburn,Alfonso Plummer
2021-22,2022-02-19,2383890,1,0,1,Michigan State,Illinois,Spartans,Fighting Illini,4,4,0,0,0,1443,Illinois,NA,NA,NA,Starting Lineup - Jacob Grandison,NA,FALSE,FALSE,NA,NA,NA,NA,NA,NA,1,NA,NA,NA,NA,Gabe Brown,Marcus Bingham Jr.,Joey Hauser,A.J. Hoggard,Max Christie,Trent Frazier,Da'Monte Williams,Jacob Grandison,Kofi Cockburn,Alfonso Plummer
2021-22,2022-02-19,2383890,1,0,1,Michigan State,Illinois,Spartans,Fighting Illini,4,4,0,0,0,1499,Michigan State,NA,NA,NA,Starting Lineup - Gabe Brown,NA,FALSE,FALSE,NA,NA,NA,NA,NA,NA,1,NA,NA,NA,NA,Gabe Brown,Marcus Bingham Jr.,Joey Hauser,A.J. Hoggard,Max Christie,Trent Frazier,Da'Monte Williams,Jacob Grandison,Kofi Cockburn,Alfonso Plummer
2021-22,2022-02-19,2383890,1,0,1,Michigan State,Illinois,Spartans,Fighting Illini,4,4,0,0,0,1499,Michigan State,NA,NA,NA,Starting Lineup - Marcus Bingham Jr.,NA,FALSE,FALSE,NA,NA,NA,NA,NA,NA,1,NA,NA,NA,NA,Gabe Brown,Marcus Bingham Jr.,Joey Hauser,A.J. Hoggard,Max Christie,Trent Frazier,Da'Monte Williams,Jacob Grandison,Kofi Cockburn,Alfonso Plummer
2021-22,2022-02-19,2383890,1,0,1,Michigan State,Illinois,Spartans,Fighting Illini,4,4,0,0,0,1499,Michigan State,NA,NA,NA,Starting Lineup - Joey Hauser,NA,FALSE,FALSE,NA,NA,NA,NA,NA,NA,1,NA,NA,NA,NA,Gabe Brown,Marcus Bingham Jr.,Joey Hauser,A.J. Hoggard,Max Christie,Trent Frazier,Da'Monte Williams,Jacob Grandison,Kofi Cockburn,Alfonso Plummer
2021-22,2022-02-19,2383890,1,0,1,Michigan State,Illinois,Spartans,Fighting Illini,4,4,0,0,0,1443,Illinois,NA,NA,NA,Starting Lineup - Kofi Cockburn,NA,FALSE,FALSE,NA,NA,NA,NA,NA,NA,1,NA,NA,NA,NA,Gabe Brown,Marcus Bingham Jr.,Joey Hauser,A.J. Hoggard,Max Christie,Trent Frazier,Da'Monte Williams,Jacob Grandison,Kofi Cockburn,Alfonso Plummer
2021-22,2022-02-19,2383890,1,0,1,Michigan State,Illinois,Spartans,Fighting Illini,4,4,0,0,0,1443,Illinois,NA,NA,NA,Starting Lineup - Alfonso Plummer,NA,FALSE,FALSE,NA,NA,NA,NA,NA,NA,1,NA,NA,NA,NA,Gabe Brown,Marcus Bingham Jr.,Joey Hauser,A.J. Hoggard,Max Christie,Trent Frazier,Da'Monte Williams,Jacob Grandison,Kofi Cockburn,Alfonso Plummer
2021-22,2022-02-19,2383890,1,0,1,Michigan State,Illinois,Spartans,Fighting Illini,4,4,0,0,0,1499,Michigan State,NA,NA,NA,Starting Lineup - A.J. Hoggard,NA,FALSE,FALSE,NA,NA,NA,NA,NA,NA,1,NA,NA,NA,NA,Gabe Brown,Marcus Bingham Jr.,Joey Hauser,A.J. Hoggard,Max Christie,Trent Frazier,Da'Monte Williams,Jacob Grandison,Kofi Cockburn,Alfonso Plummer
2021-22,2022-02-19,2383890,1,0,1,Michigan State,Illinois,Spartans,Fighting Illini,4,4,0,0,0,1499,Michigan State,NA,NA,NA,Starting Lineup - Max Christie,NA,FALSE,FALSE,NA,NA,NA,NA,NA,NA,1,NA,NA,NA,NA,Gabe Brown,Marcus Bingham Jr.,Joey Hauser,A.J. Hoggard,Max Christie,Trent Frazier,Da'Monte Williams,Jacob Grandison,Kofi Cockburn,Alfonso Plummer
2021-22,2022-02-19,2383890,2,0,1,Michigan State,Illinois,Spartans,Fighting Illini,4,4,0,0,0,NA,NA,2400,1200,NA,Start of the 1st Half,NA,FALSE,FALSE,NA,NA,NA,NA,NA,NA,0,NA,Michigan State,1,NA,Gabe Brown,Marcus Bingham Jr.,Joey Hauser,A.J. Hoggard,Max Christie,Trent Frazier,Da'Monte Williams,Jacob Grandison,Kofi Cockburn,Alfonso Plummer
2021-22,2022-02-19,2383890,4,0,1,Michigan State,Illinois,Spartans,Fighting Illini,4,4,0,0,0,1499,Michigan State,2385,1185,15,A.J. Hoggard misses a jump shot from 13 feet out.,missed,FALSE,FALSE,Jump Shot,26,18.150000000000006,1241397,A.J. Hoggard,NA,0,Michigan State,Michigan State,1,NA,Gabe Brown,Marcus Bingham Jr.,Joey Hauser,A.J. Hoggard,Max Christie,Trent Frazier,Da'Monte Williams,Jacob Grandison,Kofi Cockburn,Alfonso Plummer
2021-22,2022-02-19,2383890,5,0,1,Michigan State,Illinois,Spartans,Fighting Illini,4,4,0,0,0,1443,Illinois,2385,1185,0,Da'Monte Williams with a defensive rebound.,NA,FALSE,FALSE,NA,NA,NA,NA,NA,NA,0,Michigan State,Illinois,1,NA,Gabe Brown,Marcus Bingham Jr.,Joey Hauser,A.J. Hoggard,Max Christie,Trent Frazier,Da'Monte Williams,Jacob Grandison,Kofi Cockburn,Alfonso Plummer
2021-22,2022-02-19,2383890,7,0,1,Michigan State,Illinois,Spartans,Fighting Illini,4,4,0,0,0,1443,Illinois,2368,1168,17,Alfonso Plummer misses a 3-point jump shot from 24 feet out.,missed,FALSE,TRUE,Jump Shot,38.4,25.05,1177005,Alfonso Plummer,NA,0,Illinois,Illinois,2,NA,Gabe Brown,Marcus Bingham Jr.,Joey Hauser,A.J. Hoggard,Max Christie,Trent Frazier,Da'Monte Williams,Jacob Grandison,Kofi Cockburn,Alfonso Plummer
2021-22,2022-02-19,2383890,14,0,1,Michigan State,Illinois,Spartans,Fighting Illini,4,4,0,2,-2,1443,Illinois,2361,1161,7,Alfonso Plummer makes a jump shot from 20 feet out. Jacob Grandison with the assist.,made,FALSE,FALSE,Jump Shot,22.7,24.85,1177005,Alfonso Plummer,Jacob Grandison,0,Illinois,Michigan State,2,NA,Gabe Brown,Marcus Bingham Jr.,Joey Hauser,A.J. Hoggard,Max Christie,Trent Frazier,Da'Monte Williams,Jacob Grandison,Kofi Cockburn,Alfonso Plummer
2021-22,2022-02-19,2383890,21,0,1,Michigan State,Illinois,Spartans,Fighting Illini,4,4,0,2,-2,1499,Michigan State,2339,1139,22,Joey Hauser misses a 3-point jump shot from 24 feet out.,missed,FALSE,TRUE,Jump Shot,23.8,29.450000000000003,1134633,Joey Hauser,NA,0,Michigan State,Michigan State,3,NA,Gabe Brown,Marcus Bingham Jr.,Joey Hauser,A.J. Hoggard,Max Christie,Trent Frazier,Da'Monte Williams,Jacob Grandison,Kofi Cockburn,Alfonso Plummer
2021-22,2022-02-19,2383890,22,0,1,Michigan State,Illinois,Spartans,Fighting Illini,4,4,0,2,-2,1443,Illinois,2339,1139,0,Kofi Cockburn with a defensive rebound.,NA,FALSE,FALSE,NA,NA,NA,NA,NA,NA,0,Michigan State,Illinois,3,NA,Gabe Brown,Marcus Bingham Jr.,Joey Hauser,A.J. Hoggard,Max Christie,Trent Frazier,Da'Monte Williams,Jacob Grandison,Kofi Cockburn,Alfonso Plummer
2021-22,2022-02-19,2383890,23,0,1,Michigan State,Illinois,Spartans,Fighting Illini,4,4,0,2,-2,1443,Illinois,2327,1127,12,Jacob Grandison misses a 3-point jump shot from 24 feet out.,missed,FALSE,TRUE,Jump Shot,41,23.15,1066512,Jacob Grandison,NA,0,Illinois,Illinois,4,NA,Gabe Brown,Marcus Bingham Jr.,Joey Hauser,A.J. Hoggard,Max Christie,Trent Frazier,Da'Monte Williams,Jacob Grandison,Kofi Cockburn,Alfonso Plummer
2021-22,2022-02-19,2383890,24,0,1,Michigan State,Illinois,Spartans,Fighting Illini,4,4,0,2,-2,1499,Michigan State,2327,1127,0,A.J. Hoggard with a defensive rebound.,NA,FALSE,FALSE,NA,NA,NA,NA,NA,NA,0,Illinois,Michigan State,4,NA,Gabe Brown,Marcus Bingham Jr.,Joey Hauser,A.J. Hoggard,Max Christie,Trent Frazier,Da'Monte Williams,Jacob Grandison,Kofi Cockburn,Alfonso Plummer
2021-22,2022-02-19,2383890,25,0,1,Michigan State,Illinois,Spartans,Fighting Illini,4,4,2,2,0,1499,Michigan State,2312,1112,15,Gabe Brown makes a jump shot from 11 feet out. Joey Hauser with the assist.,made,FALSE,FALSE,Jump Shot,22.5,16.150000000000006,1133816,Gabe Brown,Joey Hauser,0,Michigan State,Illinois,5,NA,Gabe Brown,Marcus Bingham Jr.,Joey Hauser,A.J. Hoggard,Max Christie,Trent Frazier,Da'Monte Williams,Jacob Grandison,Kofi Cockburn,Alfonso Plummer
2021-22,2022-02-19,2383890,26,0,1,Michigan State,Illinois,Spartans,Fighting Illini,4,4,2,5,-3,1443,Illinois,2300,1100,12,Jacob Grandison makes a 3-point jump shot from 25 feet out. Kofi Cockburn with the assist.,made,FALSE,TRUE,Jump Shot,20.3,29.65,1066512,Jacob Grandison,Kofi Cockburn,0,Illinois,Michigan State,6,NA,Gabe Brown,Marcus Bingham Jr.,Joey Hauser,A.J. Hoggard,Max Christie,Trent Frazier,Da'Monte Williams,Jacob Grandison,Kofi Cockburn,Alfonso Plummer
2021-22,2022-02-19,2383890,27,0,1,Michigan State,Illinois,Spartans,Fighting Illini,4,4,2,5,-3,1499,Michigan State,2272,1072,28,Da'Monte Williams steals the ball from Marcus Bingham Jr..,NA,FALSE,FALSE,NA,NA,NA,NA,NA,NA,0,Michigan State,Illinois,7,NA,Gabe Brown,Marcus Bingham Jr.,Joey Hauser,A.J. Hoggard,Max Christie,Trent Frazier,Da'Monte Williams,Jacob Grandison,Kofi Cockburn,Alfonso Plummer
2021-22,2022-02-19,2383890,28,0,1,Michigan State,Illinois,Spartans,Fighting Illini,4,4,2,7,-5,1443,Illinois,2267,1067,5,Da'Monte Williams makes a layup.,made,FALSE,FALSE,Layup Shot,26,6.25,1061007,Da'Monte Williams,NA,0,Illinois,Michigan State,8,NA,Gabe Brown,Marcus Bingham Jr.,Joey Hauser,A.J. Hoggard,Max Christie,Trent Frazier,Da'Monte Williams,Jacob Grandison,Kofi Cockburn,Alfonso Plummer
2021-22,2022-02-19,2383890,30,0,1,Michigan State,Illinois,Spartans,Fighting Illini,4,4,2,7,-5,1443,Illinois,2249,1049,18,Shooting foul committed by Jacob Grandison.,NA,FALSE,FALSE,NA,NA,NA,NA,NA,NA,0,Michigan State,Michigan State,9,NA,Gabe Brown,Marcus Bingham Jr.,Joey Hauser,A.J. Hoggard,Max Christie,Trent Frazier,Da'Monte Williams,Jacob Grandison,Kofi Cockburn,Alfonso Plummer
2021-22,2022-02-19,2383890,31,0,1,Michigan State,Illinois,Spartans,Fighting Illini,4,4,3,7,-4,1499,Michigan State,2249,1049,0,A.J. Hoggard makes free throw 1 of 2.,made,TRUE,FALSE,NA,NA,NA,NA,NA,NA,0,Michigan State,Michigan State,9,NA,Gabe Brown,Marcus Bingham Jr.,Joey Hauser,A.J. Hoggard,Max Christie,Trent Frazier,Da'Monte Williams,Jacob Grandison,Kofi Cockburn,Alfonso Plummer
2021-22,2022-02-19,2383890,32,0,1,Michigan State,Illinois,Spartans,Fighting Illini,4,4,3,7,-4,1499,Michigan State,2249,1049,0,Substitution: Julius Marble II in for Marcus Bingham Jr..,NA,FALSE,FALSE,NA,NA,NA,NA,NA,NA,1,NA,NA,NA,NA,Gabe Brown,Julius Marble II,Joey Hauser,A.J. Hoggard,Max Christie,Trent Frazier,Da'Monte Williams,Jacob Grandison,Kofi Cockburn,Alfonso Plummer
2021-22,2022-02-19,2383890,33,0,1,Michigan State,Illinois,Spartans,Fighting Illini,4,4,3,7,-4,1499,Michigan State,2249,1049,0,A.J. Hoggard misses free throw 2 of 2.,missed,TRUE,FALSE,NA,NA,NA,NA,NA,NA,0,Michigan State,Michigan State,9,NA,Gabe Brown,Julius Marble II,Joey Hauser,A.J. Hoggard,Max Christie,Trent Frazier,Da'Monte Williams,Jacob Grandison,Kofi Cockburn,Alfonso Plummer
2021-22,2022-02-19,2383890,34,0,1,Michigan State,Illinois,Spartans,Fighting Illini,4,4,3,7,-4,1443,Illinois,2249,1049,0,Jacob Grandison with a defensive rebound.,NA,FALSE,FALSE,NA,NA,NA,NA,NA,NA,0,Michigan State,Illinois,9,NA,Gabe Brown,Julius Marble II,Joey Hauser,A.J. Hoggard,Max Christie,Trent Frazier,Da'Monte Williams,Jacob Grandison,Kofi Cockburn,Alfonso Plummer
2021-22,2022-02-19,2383890,36,0,1,Michigan State,Illinois,Spartans,Fighting Illini,4,4,3,7,-4,1443,Illinois,2236,1036,13,Kofi Cockburn misses a jump shot from 6 feet out.,missed,FALSE,FALSE,Jump Shot,26.9,11.15,1175351,Kofi Cockburn,NA,0,Illinois,Illinois,10,NA,Gabe Brown,Julius Marble II,Joey Hauser,A.J. Hoggard,Max Christie,Trent Frazier,Da'Monte Williams,Jacob Grandison,Kofi Cockburn,Alfonso Plummer
2021-22,2022-02-19,2383890,37,0,1,Michigan State,Illinois,Spartans,Fighting Illini,4,4,3,7,-4,1499,Michigan State,2236,1036,0,Julius Marble II with a defensive rebound.,NA,FALSE,FALSE,NA,NA,NA,NA,NA,NA,0,Illinois,Michigan State,10,NA,Gabe Brown,Julius Marble II,Joey Hauser,A.J. Hoggard,Max Christie,Trent Frazier,Da'Monte Williams,Jacob Grandison,Kofi Cockburn,Alfonso Plummer
2021-22,2022-02-19,2383890,38,0,1,Michigan State,Illinois,Spartans,Fighting Illini,4,4,3,7,-4,1499,Michigan State,2228,1028,8,Da'Monte Williams steals the ball from A.J. Hoggard.,NA,FALSE,FALSE,NA,NA,NA,NA,NA,NA,0,Michigan State,Illinois,11,NA,Gabe Brown,Julius Marble II,Joey Hauser,A.J. Hoggard,Max Christie,Trent Frazier,Da'Monte Williams,Jacob Grandison,Kofi Cockburn,Alfonso Plummer
2021-22,2022-02-19,2383890,39,0,1,Michigan State,Illinois,Spartans,Fighting Illini,4,4,3,7,-4,1443,Illinois,2215,1015,13,Alfonso Plummer misses a jump shot from 6 feet out.,missed,FALSE,FALSE,Jump Shot,25.3,11.65,1177005,Alfonso Plummer,NA,0,Illinois,Illinois,12,NA,Gabe Brown,Julius Marble II,Joey Hauser,A.J. Hoggard,Max Christie,Trent Frazier,Da'Monte Williams,Jacob Grandison,Kofi Cockburn,Alfonso Plummer
2021-22,2022-02-19,2383890,40,0,1,Michigan State,Illinois,Spartans,Fighting Illini,4,4,3,7,-4,1499,Michigan State,2215,1015,0,Julius Marble II with a defensive rebound.,NA,FALSE,FALSE,NA,NA,NA,NA,NA,NA,0,Illinois,Michigan State,12,NA,Gabe Brown,Julius Marble II,Joey Hauser,A.J. Hoggard,Max Christie,Trent Frazier,Da'Monte Williams,Jacob Grandison,Kofi Cockburn,Alfonso Plummer
2021-22,2022-02-19,2383890,41,0,1,Michigan State,Illinois,Spartans,Fighting Illini,4,4,6,7,-1,1499,Michigan State,2202,1002,13,Gabe Brown makes a 3-point jump shot from 23 feet out. A.J. Hoggard with the assist.,made,FALSE,TRUE,Jump Shot,2.5,10.549999999999997,1133816,Gabe Brown,Hoggard,0,Michigan State,Illinois,13,NA,Gabe Brown,Julius Marble II,Joey Hauser,A.J. Hoggard,Max Christie,Trent Frazier,Da'Monte Williams,Jacob Grandison,Kofi Cockburn,Alfonso Plummer
2021-22,2022-02-19,2383890,44,0,1,Michigan State,Illinois,Spartans,Fighting Illini,4,4,6,7,-1,1443,Illinois,2189,989,13,Offensive foul committed by Kofi Cockburn.,NA,FALSE,FALSE,NA,NA,NA,NA,NA,NA,0,Illinois,Illinois,14,NA,Gabe Brown,Julius Marble II,Joey Hauser,A.J. Hoggard,Max Christie,Trent Frazier,Da'Monte Williams,Jacob Grandison,Kofi Cockburn,Alfonso Plummer
2021-22,2022-02-19,2383890,45,0,1,Michigan State,Illinois,Spartans,Fighting Illini,4,4,6,7,-1,1443,Illinois,2189,989,0,Kofi Cockburn with a turnover,NA,FALSE,FALSE,NA,NA,NA,NA,NA,NA,0,Illinois,Michigan State,14,NA,Gabe Brown,Julius Marble II,Joey Hauser,A.J. Hoggard,Max Christie,Trent Frazier,Da'Monte Williams,Jacob Grandison,Kofi Cockburn,Alfonso Plummer
2021-22,2022-02-19,2383890,46,0,1,Michigan State,Illinois,Spartans,Fighting Illini,4,4,6,7,-1,1499,Michigan State,2189,989,0,Substitution: Tyson Walker in for Joey Hauser.,NA,FALSE,FALSE,NA,NA,NA,NA,NA,NA,1,NA,NA,NA,NA,Gabe Brown,Julius Marble II,Tyson Walker,A.J. Hoggard,Max Christie,Trent Frazier,Da'Monte Williams,Jacob Grandison,Kofi Cockburn,Alfonso Plummer
2021-22,2022-02-19,2383890,47,0,1,Michigan State,Illinois,Spartans,Fighting Illini,4,4,6,7,-1,1499,Michigan State,2189,989,0,Substitution: Malik Hall in for A.J. Hoggard.,NA,FALSE,FALSE,NA,NA,NA,NA,NA,NA,1,NA,NA,NA,NA,Gabe Brown,Julius Marble II,Tyson Walker,Malik Hall,Max Christie,Trent Frazier,Da'Monte Williams,Jacob Grandison,Kofi Cockburn,Alfonso Plummer
2021-22,2022-02-19,2383890,48,0,1,Michigan State,Illinois,Spartans,Fighting Illini,4,4,6,7,-1,1443,Illinois,2189,989,0,Substitution: Coleman Hawkins in for Da'Monte Williams.,NA,FALSE,FALSE,NA,NA,NA,NA,NA,NA,1,NA,NA,NA,NA,Gabe Brown,Julius Marble II,Tyson Walker,Malik Hall,Max Christie,Trent Frazier,Coleman Hawkins,Jacob Grandison,Kofi Cockburn,Alfonso Plummer
2021-22,2022-02-19,2383890,50,0,1,Michigan State,Illinois,Spartans,Fighting Illini,4,4,6,7,-1,1499,Michigan State,2165,965,24,Malik Hall misses a jump shot from 13 feet out.,missed,FALSE,FALSE,Jump Shot,20.8,17.25,1193428,Malik Hall,NA,0,Michigan State,Michigan State,15,NA,Gabe Brown,Julius Marble II,Tyson Walker,Malik Hall,Max Christie,Trent Frazier,Coleman Hawkins,Jacob Grandison,Kofi Cockburn,Alfonso Plummer
2021-22,2022-02-19,2383890,51,0,1,Michigan State,Illinois,Spartans,Fighting Illini,4,4,6,7,-1,1443,Illinois,2165,965,0,Coleman Hawkins with a defensive rebound.,NA,FALSE,FALSE,NA,NA,NA,NA,NA,NA,0,Michigan State,Illinois,15,NA,Gabe Brown,Julius Marble II,Tyson Walker,Malik Hall,Max Christie,Trent Frazier,Coleman Hawkins,Jacob Grandison,Kofi Cockburn,Alfonso Plummer
2021-22,2022-02-19,2383890,53,0,1,Michigan State,Illinois,Spartans,Fighting Illini,4,4,6,7,-1,1443,Illinois,2145,945,20,Trent Frazier misses a 3-point jump shot from 24 feet out.,missed,FALSE,TRUE,Jump Shot,16.8,28.15,1061001,Trent Frazier,NA,0,Illinois,NA,16,NA,Gabe Brown,Julius Marble II,Tyson Walker,Malik Hall,Max Christie,Trent Frazier,Coleman Hawkins,Jacob Grandison,Kofi Cockburn,Alfonso Plummer
2021-22,2022-02-19,2383890,56,0,1,Michigan State,Illinois,Spartans,Fighting Illini,4,4,6,7,-1,NA,NA,2142,942,3,Official TV timeout.,NA,FALSE,FALSE,NA,NA,NA,NA,NA,NA,0,NA,NA,NA,NA,Gabe Brown,Julius Marble II,Tyson Walker,Malik Hall,Max Christie,Trent Frazier,Coleman Hawkins,Jacob Grandison,Kofi Cockburn,Alfonso Plummer
