season,date,game_id,play_id,neutral,half,home,away,home_name,away_name,home_timeouts,away_timeouts,home_score,away_score,score_diff,team_id,event_team,game_secs_remaining,half_secs_remaining,play_length,desc,shot_outcome,free_throw,three_pt,shot_desc,loc_x,loc_y,shooter_id,shooter,assist,substitution,poss_before,poss_after,poss_number,sub_error,home_1,home_2,home_3,home_4,home_5,away_1,away_2,away_3,away_4,away_5
2021-22,2022-02-19,2387627,1,0,1,Baylor,TCU,Bears,Horned Frogs,4,4,0,0,0,1643,TCU,NA,NA,NA,Starting Lineup - Chuck O'Bannon Jr.,NA,FALSE,FALSE,NA,NA,NA,NA,NA,NA,1,NA,NA,NA,NA,James Akinjo,Flo Thamba,Matthew Mayer,Dale Bonner,Kendall Brown,Chuck O'Bannon Jr.,Damion Baugh,Emanuel Miller,Eddie Lampkin Jr.,Mike Miles Jr.
2021-22,2022-02-19,2387627,1,0,1,Baylor,TCU,Bears,Horned Frogs,4,4,0,0,0,1313,Baylor,NA,NA,NA,Starting Lineup - James Akinjo,NA,FALSE,FALSE,NA,NA,NA,NA,NA,NA,1,NA,NA,NA,NA,James Akinjo,Flo Thamba,Matthew Mayer,Dale Bonner,Kendall Brown,Chuck O'Bannon Jr.,Damion Baugh,Emanuel Miller,Eddie Lampkin Jr.,Mike Miles Jr.
2021-22,2022-02-19,2387627,1,0,1,Baylor,TCU,Bears,Horned Frogs,4,4,0,0,0,1313,Baylor,NA,NA,NA,Starting Lineup - Flo Thamba,NA,FALSE,FALSE,NA,NA,NA,NA,NA,NA,1,NA,NA,NA,NA,James Akinjo,Flo Thamba,Matthew Mayer,Dale Bonner,Kendall Brown,Chuck O'Bannon Jr.,Damion Baugh,Emanuel Miller,Eddie Lampkin Jr.,Mike Miles Jr.
2021-22,2022-02-19,2387627,1,0,1,Baylor,TCU,Bears,Horned Frogs,4,4,0,0,0,1313,Baylor,NA,NA,NA,Starting Lineup - Matthew Mayer,NA,FALSE,FALSE,NA,NA,NA,NA,NA,NA,1,NA,NA,NA,NA,James Akinjo,Flo Thamba,Matthew Mayer,Dale Bonner,Kendall Brown,Chuck O'Bannon Jr.,Damion Baugh,Emanuel Miller,Eddie Lampkin Jr.,Mike Miles Jr.
2021-22,2022-02-19,2387627,1,0,1,Baylor,TCU,Bears,Horned Frogs,4,4,0,0,0,1643,TCU,NA,NA,NA,Starting Lineup - Damion Baugh,NA,FALSE,FALSE,NA,NA,NA,NA,NA,NA,1,NA,NA,NA,NA,James Akinjo,Flo Thamba,Matthew Mayer,Dale Bonner,Kendall Brown,Chuck O'Bannon Jr.,Damion Baugh,Emanuel Miller,Eddie Lampkin Jr.,Mike Miles Jr.
2021-22,2022-02-19,2387627,1,0,1,Baylor,TCU,Bears,Horned Frogs,4,4,0,0,0,1643,TCU,NA,NA,NA,Starting Lineup - Emanuel Miller,NA,FALSE,FALSE,NA,NA,NA,NA,NA,NA,1,NA,NA,NA,NA,James Akinjo,Flo Thamba,Matthew Mayer,Dale Bonner,Kendall Brown,Chuck O'Bannon Jr.,Damion Baugh,Emanuel Miller,Eddie Lampkin Jr.,Mike Miles Jr.
2021-22,2022-02-19,2387627,1,0,1,Baylor,TCU,Bears,Horned Frogs,4,4,0,0,0,1313,Baylor,NA,NA,NA,Starting Lineup - Dale Bonner,NA,FALSE,FALSE,NA,NA,NA,NA,NA,NA,1,NA,NA,NA,NA,James Akinjo,Flo Thamba,Matthew Mayer,Dale Bonner,Kendall Brown,Chuck O'Bannon Jr.,Damion Baugh,Emanuel Miller,Eddie Lampkin Jr.,Mike Miles Jr.
2021-22,2022-02-19,2387627,1,0,1,Baylor,TCU,Bears,Horned Frogs,4,4,0,0,0,1643,TCU,NA,NA,NA,Starting Lineup - Eddie Lampkin Jr.,NA,FALSE,FALSE,NA,NA,NA,NA,NA,NA,1,NA,NA,NA,NA,James Akinjo,Flo Thamba,Matthew Mayer,Dale Bonner,Kendall Brown,Chuck O'Bannon Jr.,Damion Baugh,Emanuel Miller,Eddie Lampkin Jr.,Mike Miles Jr.
2021-22,2022-02-19,2387627,1,0,1,Baylor,TCU,Bears,Horned Frogs,4,4,0,0,0,1643,TCU,NA,NA,NA,Starting Lineup - Mike Miles Jr.,NA,FALSE,FALSE,NA,NA,NA,NA,NA,NA,1,NA,NA,NA,NA,James Akinjo,Flo Thamba,Matthew Mayer,Dale Bonner,Kendall Brown,Chuck O'Bannon Jr.,Damion Baugh,Emanuel Miller,Eddie Lampkin Jr.,Mike Miles Jr.
2021-22,2022-02-19,2387627,1,0,1,Baylor,TCU,Bears,Horned Frogs,4,4,0,0,0,1313,Baylor,NA,NA,NA,Starting Lineup - Kendall Brown,NA,FALSE,FALSE,NA,NA,NA,NA,NA,NA,1,NA,NA,NA,NA,James Akinjo,Flo Thamba,Matthew Mayer,Dale Bonner,Kendall Brown,Chuck O'Bannon Jr.,Damion Baugh,Emanuel Miller,Eddie Lampkin Jr.,Mike Miles Jr.
2021-22,2022-02-19,2387627,2,0,1,Baylor,TCU,Bears,Horned Frogs,4,4,0,0,0,NA,NA,2400,1200,NA,Start of the 1st Half,NA,FALSE,FALSE,NA,NA,NA,NA,NA,NA,0,NA,TCU,1,NA,James Akinjo,Flo Thamba,Matthew Mayer,Dale Bonner,Kendall Brown,Chuck O'Bannon Jr.,Damion Baugh,Emanuel Miller,Eddie Lampkin Jr.,Mike Miles Jr.
2021-22,2022-02-19,2387627,6,0,1,Baylor,TCU,Bears,Horned Frogs,4,4,0,0,0,1643,TCU,2372,1172,28,Chuck O'Bannon Jr. with a turnover - Bad Pass,NA,FALSE,FALSE,NA,NA,NA,NA,NA,NA,0,TCU,Baylor,1,NA,James Akinjo,Flo Thamba,Matthew Mayer,Dale Bonner,Kendall Brown,Chuck O'Bannon Jr.,Damion Baugh,Emanuel Miller,Eddie Lampkin Jr.,Mike Miles Jr.
2021-22,2022-02-19,2387627,8,0,1,Baylor,TCU,Bears,Horned Frogs,4,4,0,0,0,1313,Baylor,2353,1153,19,James Akinjo misses a jump shot from 7 feet out.,missed,FALSE,FALSE,Jump Shot,22,11.650000000000006,1134627,James Akinjo,NA,0,Baylor,Baylor,2,NA,James Akinjo,Flo Thamba,Matthew Mayer,Dale Bonner,Kendall Brown,Chuck O'Bannon Jr.,Damion Baugh,Emanuel Miller,Eddie Lampkin Jr.,Mike Miles Jr.
2021-22,2022-02-19,2387627,9,0,1,Baylor,TCU,Bears,Horned Frogs,4,4,0,0,0,1643,TCU,2353,1153,0,Chuck O'Bannon Jr. with a defensive rebound.,NA,FALSE,FALSE,NA,NA,NA,NA,NA,NA,0,Baylor,TCU,2,NA,James Akinjo,Flo Thamba,Matthew Mayer,Dale Bonner,Kendall Brown,Chuck O'Bannon Jr.,Damion Baugh,Emanuel Miller,Eddie Lampkin Jr.,Mike Miles Jr.
2021-22,2022-02-19,2387627,10,0,1,Baylor,TCU,Bears,Horned Frogs,4,4,0,0,0,1643,TCU,2343,1143,10,Mike Miles Jr. misses a jump shot from 8 feet out.,missed,FALSE,FALSE,Jump Shot,18.5,9.45,1243709,Mike Miles Jr.,NA,0,TCU,TCU,3,NA,James Akinjo,Flo Thamba,Matthew Mayer,Dale Bonner,Kendall Brown,Chuck O'Bannon Jr.,Damion Baugh,Emanuel Miller,Eddie Lampkin Jr.,Mike Miles Jr.
2021-22,2022-02-19,2387627,11,0,1,Baylor,TCU,Bears,Horned Frogs,4,4,0,0,0,1313,Baylor,2343,1143,0,Matthew Mayer with a defensive rebound.,NA,FALSE,FALSE,NA,NA,NA,NA,NA,NA,0,TCU,Baylor,3,NA,James Akinjo,Flo Thamba,Matthew Mayer,Dale Bonner,Kendall Brown,Chuck O'Bannon Jr.,Damion Baugh,Emanuel Miller,Eddie Lampkin Jr.,Mike Miles Jr.
2021-22,2022-02-19,2387627,12,0,1,Baylor,TCU,Bears,Horned Frogs,4,4,2,0,2,1313,Baylor,2332,1132,11,Matthew Mayer makes a layup. Flo Thamba with the assist.,made,FALSE,FALSE,Layup Shot,26,6.25,1134889,Matthew Mayer,Flo Thamba,0,Baylor,TCU,4,NA,James Akinjo,Flo Thamba,Matthew Mayer,Dale Bonner,Kendall Brown,Chuck O'Bannon Jr.,Damion Baugh,Emanuel Miller,Eddie Lampkin Jr.,Mike Miles Jr.
2021-22,2022-02-19,2387627,13,0,1,Baylor,TCU,Bears,Horned Frogs,4,4,2,0,2,1643,TCU,2311,1111,21,Mike Miles Jr. misses a 3-point jump shot from 23 feet out.,missed,FALSE,TRUE,Jump Shot,6,17.75,1243709,Mike Miles Jr.,NA,0,TCU,TCU,5,NA,James Akinjo,Flo Thamba,Matthew Mayer,Dale Bonner,Kendall Brown,Chuck O'Bannon Jr.,Damion Baugh,Emanuel Miller,Eddie Lampkin Jr.,Mike Miles Jr.
2021-22,2022-02-19,2387627,14,0,1,Baylor,TCU,Bears,Horned Frogs,4,4,2,0,2,1313,Baylor,2311,1111,0,Matthew Mayer with a defensive rebound.,NA,FALSE,FALSE,NA,NA,NA,NA,NA,NA,0,TCU,Baylor,5,NA,James Akinjo,Flo Thamba,Matthew Mayer,Dale Bonner,Kendall Brown,Chuck O'Bannon Jr.,Damion Baugh,Emanuel Miller,Eddie Lampkin Jr.,Mike Miles Jr.
2021-22,2022-02-19,2387627,15,0,1,Baylor,TCU,Bears,Horned Frogs,4,4,4,0,4,1313,Baylor,2305,1105,6,Flo Thamba dunks. Kendall Brown with the assist.,made,FALSE,FALSE,Dunk Shot,26,6.25,1134883,Flo Thamba,Kendall Brown,0,Baylor,TCU,6,NA,James Akinjo,Flo Thamba,Matthew Mayer,Dale Bonner,Kendall Brown,Chuck O'Bannon Jr.,Damion Baugh,Emanuel Miller,Eddie Lampkin Jr.,Mike Miles Jr.
2021-22,2022-02-19,2387627,16,0,1,Baylor,TCU,Bears,Horned Frogs,4,4,4,0,4,1643,TCU,2284,1084,21,Dale Bonner steals the ball from Damion Baugh.,NA,FALSE,FALSE,NA,NA,NA,NA,NA,NA,0,TCU,Baylor,7,NA,James Akinjo,Flo Thamba,Matthew Mayer,Dale Bonner,Kendall Brown,Chuck O'Bannon Jr.,Damion Baugh,Emanuel Miller,Eddie Lampkin Jr.,Mike Miles Jr.
2021-22,2022-02-19,2387627,18,0,1,Baylor,TCU,Bears,Horned Frogs,4,4,4,0,4,1643,TCU,2264,1064,20,Shooting foul committed by Chuck O'Bannon Jr..,NA,FALSE,FALSE,NA,NA,NA,NA,NA,NA,0,Baylor,Baylor,8,NA,James Akinjo,Flo Thamba,Matthew Mayer,Dale Bonner,Kendall Brown,Chuck O'Bannon Jr.,Damion Baugh,Emanuel Miller,Eddie Lampkin Jr.,Mike Miles Jr.
2021-22,2022-02-19,2387627,19,0,1,Baylor,TCU,Bears,Horned Frogs,4,4,4,0,4,1643,TCU,2264,1064,0,Substitution: Micah Peavy in for Chuck O'Bannon Jr..,NA,FALSE,FALSE,NA,NA,NA,NA,NA,NA,1,NA,NA,NA,NA,James Akinjo,Flo Thamba,Matthew Mayer,Dale Bonner,Kendall Brown,Micah Peavy,Damion Baugh,Emanuel Miller,Eddie Lampkin Jr.,Mike Miles Jr.
2021-22,2022-02-19,2387627,20,0,1,Baylor,TCU,Bears,Horned Frogs,4,4,4,0,4,1643,TCU,2264,1064,0,Substitution: Francisco Farabello in for Damion Baugh.,NA,FALSE,FALSE,NA,NA,NA,NA,NA,NA,1,NA,NA,NA,NA,James Akinjo,Flo Thamba,Matthew Mayer,Dale Bonner,Kendall Brown,Micah Peavy,Francisco Farabello,Emanuel Miller,Eddie Lampkin Jr.,Mike Miles Jr.
2021-22,2022-02-19,2387627,23,0,1,Baylor,TCU,Bears,Horned Frogs,4,4,4,0,4,1313,Baylor,2264,1064,0,Flo Thamba misses free throw 1 of 2.,missed,TRUE,FALSE,NA,NA,NA,NA,NA,NA,0,Baylor,Baylor,8,NA,James Akinjo,Flo Thamba,Matthew Mayer,Dale Bonner,Kendall Brown,Micah Peavy,Francisco Farabello,Emanuel Miller,Eddie Lampkin Jr.,Mike Miles Jr.
2021-22,2022-02-19,2387627,25,0,1,Baylor,TCU,Bears,Horned Frogs,4,4,5,0,5,1313,Baylor,2264,1064,0,Flo Thamba makes free throw 2 of 2.,made,TRUE,FALSE,NA,NA,NA,NA,NA,NA,0,Baylor,TCU,8,NA,James Akinjo,Flo Thamba,Matthew Mayer,Dale Bonner,Kendall Brown,Micah Peavy,Francisco Farabello,Emanuel Miller,Eddie Lampkin Jr.,Mike Miles Jr.
2021-22,2022-02-19,2387627,27,0,1,Baylor,TCU,Bears,Horned Frogs,4,4,5,0,5,1643,TCU,2249,1049,15,Dale Bonner steals the ball from Mike Miles Jr..,NA,FALSE,FALSE,NA,NA,NA,NA,NA,NA,0,TCU,Baylor,9,NA,James Akinjo,Flo Thamba,Matthew Mayer,Dale Bonner,Kendall Brown,Micah Peavy,Francisco Farabello,Emanuel Miller,Eddie Lampkin Jr.,Mike Miles Jr.
2021-22,2022-02-19,2387627,29,0,1,Baylor,TCU,Bears,Horned Frogs,4,4,5,0,5,1643,TCU,2246,1046,3,Shooting foul committed by Francisco Farabello.,NA,FALSE,FALSE,NA,NA,NA,NA,NA,NA,0,Baylor,Baylor,10,NA,James Akinjo,Flo Thamba,Matthew Mayer,Dale Bonner,Kendall Brown,Micah Peavy,Francisco Farabello,Emanuel Miller,Eddie Lampkin Jr.,Mike Miles Jr.
2021-22,2022-02-19,2387627,30,0,1,Baylor,TCU,Bears,Horned Frogs,4,4,6,0,6,1313,Baylor,2246,1046,0,Dale Bonner makes free throw 1 of 2.,made,TRUE,FALSE,NA,NA,NA,NA,NA,NA,0,Baylor,Baylor,10,NA,James Akinjo,Flo Thamba,Matthew Mayer,Dale Bonner,Kendall Brown,Micah Peavy,Francisco Farabello,Emanuel Miller,Eddie Lampkin Jr.,Mike Miles Jr.
2021-22,2022-02-19,2387627,31,0,1,Baylor,TCU,Bears,Horned Frogs,4,4,7,0,7,1313,Baylor,2246,1046,0,Dale Bonner makes free throw 2 of 2.,made,TRUE,FALSE,NA,NA,NA,NA,NA,NA,0,Baylor,TCU,10,NA,James Akinjo,Flo Thamba,Matthew Mayer,Dale Bonner,Kendall Brown,Micah Peavy,Francisco Farabello,Emanuel Miller,Eddie Lampkin Jr.,Mike Miles Jr.
2021-22,2022-02-19,2387627,33,0,1,Baylor,TCU,Bears,Horned Frogs,4,4,7,2,5,1643,TCU,2221,1021,25,Eddie Lampkin Jr. makes a hook shot from 6 feet out. Mike Miles Jr. with the assist.,made,FALSE,FALSE,Hook Shot,25.4,10.95,1243708,Eddie Lampkin Jr.,Mike Miles Jr.,0,TCU,Baylor,11,NA,James Akinjo,Flo Thamba,Matthew Mayer,Dale Bonner,Kendall Brown,Micah Peavy,Francisco Farabello,Emanuel Miller,Eddie Lampkin Jr.,Mike Miles Jr.
2021-22,2022-02-19,2387627,34,0,1,Baylor,TCU,Bears,Horned Frogs,4,4,7,2,5,1313,Baylor,2197,997,24,Matthew Mayer misses a 3-point jump shot from 24 feet out.,missed,FALSE,TRUE,Jump Shot,33.2,27.25,1134889,Matthew Mayer,NA,0,Baylor,Baylor,12,NA,James Akinjo,Flo Thamba,Matthew Mayer,Dale Bonner,Kendall Brown,Micah Peavy,Francisco Farabello,Emanuel Miller,Eddie Lampkin Jr.,Mike Miles Jr.
2021-22,2022-02-19,2387627,35,0,1,Baylor,TCU,Bears,Horned Frogs,4,4,7,2,5,1643,TCU,2197,997,0,Emanuel Miller with a defensive rebound.,NA,FALSE,FALSE,NA,NA,NA,NA,NA,NA,0,Baylor,TCU,12,NA,James Akinjo,Flo Thamba,Matthew Mayer,Dale Bonner,Kendall Brown,Micah Peavy,Francisco Farabello,Emanuel Miller,Eddie Lampkin Jr.,Mike Miles Jr.
2021-22,2022-02-19,2387627,37,0,1,Baylor,TCU,Bears,Horned Frogs,4,4,7,2,5,1313,Baylor,2190,990,7,Substitution: Jeremy Sochan in for Kendall Brown.,NA,FALSE,FALSE,NA,NA,NA,NA,NA,NA,1,NA,NA,NA,NA,James Akinjo,Flo Thamba,Matthew Mayer,Dale Bonner,Jeremy Sochan,Micah Peavy,Francisco Farabello,Emanuel Miller,Eddie Lampkin Jr.,Mike Miles Jr.
2021-22,2022-02-19,2387627,38,0,1,Baylor,TCU,Bears,Horned Frogs,4,4,7,2,5,1313,Baylor,2190,990,0,Substitution: Kendall Brown in for Flo Thamba.,NA,FALSE,FALSE,NA,NA,NA,NA,NA,NA,1,NA,NA,NA,NA,James Akinjo,Kendall Brown,Matthew Mayer,Dale Bonner,Jeremy Sochan,Micah Peavy,Francisco Farabello,Emanuel Miller,Eddie Lampkin Jr.,Mike Miles Jr.
2021-22,2022-02-19,2387627,39,0,1,Baylor,TCU,Bears,Horned Frogs,4,4,7,2,5,1643,TCU,2190,990,0,Substitution: Souleymane Doumbia in for Eddie Lampkin Jr..,NA,FALSE,FALSE,NA,NA,NA,NA,NA,NA,1,NA,NA,NA,NA,James Akinjo,Kendall Brown,Matthew Mayer,Dale Bonner,Jeremy Sochan,Micah Peavy,Francisco Farabello,Emanuel Miller,Souleymane Doumbia,Mike Miles Jr.
2021-22,2022-02-19,2387627,44,0,1,Baylor,TCU,Bears,Horned Frogs,4,4,7,2,5,1643,TCU,2183,983,7,Souleymane Doumbia misses a layup.,missed,FALSE,FALSE,Layup Shot,26,6.25,1346471,Souleymane Doumbia,NA,0,TCU,TCU,13,NA,James Akinjo,Kendall Brown,Matthew Mayer,Dale Bonner,Jeremy Sochan,Micah Peavy,Francisco Farabello,Emanuel Miller,Souleymane Doumbia,Mike Miles Jr.
2021-22,2022-02-19,2387627,45,0,1,Baylor,TCU,Bears,Horned Frogs,4,4,7,2,5,1643,TCU,2183,983,0,Emanuel Miller with an offensive rebound.,NA,FALSE,FALSE,NA,NA,NA,NA,NA,NA,0,TCU,TCU,13,NA,James Akinjo,Kendall Brown,Matthew Mayer,Dale Bonner,Jeremy Sochan,Micah Peavy,Francisco Farabello,Emanuel Miller,Souleymane Doumbia,Mike Miles Jr.
2021-22,2022-02-19,2387627,46,0,1,Baylor,TCU,Bears,Horned Frogs,4,4,7,4,3,1643,TCU,2178,978,5,Emanuel Miller makes a layup.,made,FALSE,FALSE,Layup Shot,25,5.25,1195700,Emanuel Miller,NA,0,TCU,Baylor,13,NA,James Akinjo,Kendall Brown,Matthew Mayer,Dale Bonner,Jeremy Sochan,Micah Peavy,Francisco Farabello,Emanuel Miller,Souleymane Doumbia,Mike Miles Jr.
2021-22,2022-02-19,2387627,48,0,1,Baylor,TCU,Bears,Horned Frogs,4,4,7,4,3,1313,Baylor,2159,959,19,James Akinjo misses a jump shot from 12 feet out.,missed,FALSE,FALSE,Jump Shot,25.3,17.25,1134627,James Akinjo,NA,0,Baylor,Baylor,14,NA,James Akinjo,Kendall Brown,Matthew Mayer,Dale Bonner,Jeremy Sochan,Micah Peavy,Francisco Farabello,Emanuel Miller,Souleymane Doumbia,Mike Miles Jr.
2021-22,2022-02-19,2387627,49,0,1,Baylor,TCU,Bears,Horned Frogs,4,4,7,4,3,1643,TCU,2159,959,0,Mike Miles Jr. with a defensive rebound.,NA,FALSE,FALSE,NA,NA,NA,NA,NA,NA,0,Baylor,TCU,14,NA,James Akinjo,Kendall Brown,Matthew Mayer,Dale Bonner,Jeremy Sochan,Micah Peavy,Francisco Farabello,Emanuel Miller,Souleymane Doumbia,Mike Miles Jr.
2021-22,2022-02-19,2387627,50,0,1,Baylor,TCU,Bears,Horned Frogs,4,4,7,4,3,1643,TCU,2149,949,10,Dale Bonner steals the ball from Francisco Farabello.,NA,FALSE,FALSE,NA,NA,NA,NA,NA,NA,0,TCU,Baylor,15,NA,James Akinjo,Kendall Brown,Matthew Mayer,Dale Bonner,Jeremy Sochan,Micah Peavy,Francisco Farabello,Emanuel Miller,Souleymane Doumbia,Mike Miles Jr.
2021-22,2022-02-19,2387627,51,0,1,Baylor,TCU,Bears,Horned Frogs,4,4,7,4,3,1313,Baylor,2128,928,21,Matthew Mayer misses a layup.,missed,FALSE,FALSE,Layup Shot,25,5.25,1134889,Matthew Mayer,NA,0,Baylor,Baylor,16,NA,James Akinjo,Kendall Brown,Matthew Mayer,Dale Bonner,Jeremy Sochan,Micah Peavy,Francisco Farabello,Emanuel Miller,Souleymane Doumbia,Mike Miles Jr.
2021-22,2022-02-19,2387627,52,0,1,Baylor,TCU,Bears,Horned Frogs,4,4,7,4,3,1313,Baylor,2128,928,0,Matthew Mayer with an offensive rebound.,NA,FALSE,FALSE,NA,NA,NA,NA,NA,NA,0,Baylor,Baylor,16,NA,James Akinjo,Kendall Brown,Matthew Mayer,Dale Bonner,Jeremy Sochan,Micah Peavy,Francisco Farabello,Emanuel Miller,Souleymane Doumbia,Mike Miles Jr.
2021-22,2022-02-19,2387627,53,0,1,Baylor,TCU,Bears,Horned Frogs,4,4,9,4,5,1313,Baylor,2125,925,3,Matthew Mayer makes a layup.,made,FALSE,FALSE,Layup Shot,26,6.25,1134889,Matthew Mayer,NA,0,Baylor,TCU,16,NA,James Akinjo,Kendall Brown,Matthew Mayer,Dale Bonner,Jeremy Sochan,Micah Peavy,Francisco Farabello,Emanuel Miller,Souleymane Doumbia,Mike Miles Jr.
