season,date,game_id,play_id,neutral,half,home,away,home_name,away_name,home_timeouts,away_timeouts,home_score,away_score,score_diff,team_id,event_team,game_secs_remaining,half_secs_remaining,play_length,desc,shot_outcome,free_throw,three_pt,shot_desc,loc_x,loc_y,shooter_id,shooter,assist,substitution,poss_before,poss_after,poss_number,sub_error,home_1,home_2,home_3,home_4,home_5,away_1,away_2,away_3,away_4,away_5
2021-22,2022-02-19,2395678,1,0,1,Syracuse,Boston College,Orange,Eagles,4,4,0,0,0,1317,Boston College,NA,NA,NA,Starting Lineup - Brevin Galloway,NA,FALSE,FALSE,NA,NA,NA,NA,NA,NA,1,NA,NA,NA,NA,Jimmy Boeheim,Cole Swider,Buddy Boeheim,Joseph Girard III,Frank Anselem,Brevin Galloway,Makai Ashton-Langford,James Karnik,DeMarr Langford Jr.,Jaeden Zackery
2021-22,2022-02-19,2395678,1,0,1,Syracuse,Boston College,Orange,Eagles,4,4,0,0,0,1317,Boston College,NA,NA,NA,Starting Lineup - Makai Ashton-Langford,NA,FALSE,FALSE,NA,NA,NA,NA,NA,NA,1,NA,NA,NA,NA,Jimmy Boeheim,Cole Swider,Buddy Boeheim,Joseph Girard III,Frank Anselem,Brevin Galloway,Makai Ashton-Langford,James Karnik,DeMarr Langford Jr.,Jaeden Zackery
2021-22,2022-02-19,2395678,1,0,1,Syracuse,Boston College,Orange,Eagles,4,4,0,0,0,1633,Syracuse,NA,NA,NA,Starting Lineup - Jimmy Boeheim,NA,FALSE,FALSE,NA,NA,NA,NA,NA,NA,1,NA,NA,NA,NA,Jimmy Boeheim,Cole Swider,Buddy Boeheim,Joseph Girard III,Frank Anselem,Brevin Galloway,Makai Ashton-Langford,James Karnik,DeMarr Langford Jr.,Jaeden Zackery
2021-22,2022-02-19,2395678,1,0,1,Syracuse,Boston College,Orange,Eagles,4,4,0,0,0,1317,Boston College,NA,NA,NA,Starting Lineup - James Karnik,NA,FALSE,FALSE,NA,NA,NA,NA,NA,NA,1,NA,NA,NA,NA,Jimmy Boeheim,Cole Swider,Buddy Boeheim,Joseph Girard III,Frank Anselem,Brevin Galloway,Makai Ashton-Langford,James Karnik,DeMarr Langford Jr.,Jaeden Zackery
2021-22,2022-02-19,2395678,1,0,1,Syracuse,Boston College,Orange,Eagles,4,4,0,0,0,1633,Syracuse,NA,NA,NA,Starting Lineup - Cole Swider,NA,FALSE,FALSE,NA,NA,NA,NA,NA,NA,1,NA,NA,NA,NA,Jimmy Boeheim,Cole Swider,Buddy Boeheim,Joseph Girard III,Frank Anselem,Brevin Galloway,Makai Ashton-Langford,James Karnik,DeMarr Langford Jr.,Jaeden Zackery
2021-22,2022-02-19,2395678,1,0,1,Syracuse,Boston College,Orange,Eagles,4,4,0,0,0,1633,Syracuse,NA,NA,NA,Starting Lineup - Buddy Boeheim,NA,FALSE,FALSE,NA,NA,NA,NA,NA,NA,1,NA,NA,NA,NA,Jimmy Boeheim,Cole Swider,Buddy Boeheim,Joseph Girard III,Frank Anselem,Brevin Galloway,Makai Ashton-Langford,James Karnik,DeMarr Langford Jr.,Jaeden Zackery
2021-22,2022-02-19,2395678,1,0,1,Syracuse,Boston College,Orange,Eagles,4,4,0,0,0,1633,Syracuse,NA,NA,NA,Starting Lineup - Joseph Girard III,NA,FALSE,FALSE,NA,NA,NA,NA,NA,NA,1,NA,NA,NA,NA,Jimmy Boeheim,Cole Swider,Buddy Boeheim,Joseph Girard III,Frank Anselem,Brevin Galloway,Makai Ashton-Langford,James Karnik,DeMarr Langford Jr.,Jaeden Zackery
2021-22,2022-02-19,2395678,1,0,1,Syracuse,Boston College,Orange,Eagles,4,4,0,0,0,1633,Syracuse,NA,NA,NA,Starting Lineup - Frank Anselem,NA,FALSE,FALSE,NA,NA,NA,NA,NA,NA,1,NA,NA,NA,NA,Jimmy Boeheim,Cole Swider,Buddy Boeheim,Joseph Girard III,Frank Anselem,Brevin Galloway,Makai Ashton-Langford,James Karnik,DeMarr Langford Jr.,Jaeden Zackery
2021-22,2022-02-19,2395678,1,0,1,Syracuse,Boston College,Orange,Eagles,4,4,0,0,0,1317,Boston College,NA,NA,NA,Starting Lineup - DeMarr Langford Jr.,NA,FALSE,FALSE,NA,NA,NA,NA,NA,NA,1,NA,NA,NA,NA,Jimmy Boeheim,Cole Swider,Buddy Boeheim,Joseph Girard III,Frank Anselem,Brevin Galloway,Makai Ashton-Langford,James Karnik,DeMarr Langford Jr.,Jaeden Zackery
2021-22,2022-02-19,2395678,1,0,1,Syracuse,Boston College,Orange,Eagles,4,4,0,0,0,1317,Boston College,NA,NA,NA,Starting Lineup - Jaeden Zackery,NA,FALSE,FALSE,NA,NA,NA,NA,NA,NA,1,NA,NA,NA,NA,Jimmy Boeheim,Cole Swider,Buddy Boeheim,Joseph Girard III,Frank Anselem,Brevin Galloway,Makai Ashton-Langford,James Karnik,DeMarr Langford Jr.,Jaeden Zackery
2021-22,2022-02-19,2395678,2,0,1,Syracuse,Boston College,Orange,Eagles,4,4,0,0,0,NA,NA,2400,1200,NA,Start of the 1st Half,NA,FALSE,FALSE,NA,NA,NA,NA,NA,NA,0,NA,Boston College,1,NA,Jimmy Boeheim,Cole Swider,Buddy Boeheim,Joseph Girard III,Frank Anselem,Brevin Galloway,Makai Ashton-Langford,James Karnik,DeMarr Langford Jr.,Jaeden Zackery
2021-22,2022-02-19,2395678,18,0,1,Syracuse,Boston College,Orange,Eagles,4,4,0,0,0,1317,Boston College,2389,1189,11,Brevin Galloway misses a 3-point jump shot from 25 feet out.,missed,FALSE,TRUE,Jump Shot,11,25.25,953411,Brevin Galloway,NA,0,Boston College,Boston College,1,NA,Jimmy Boeheim,Cole Swider,Buddy Boeheim,Joseph Girard III,Frank Anselem,Brevin Galloway,Makai Ashton-Langford,James Karnik,DeMarr Langford Jr.,Jaeden Zackery
2021-22,2022-02-19,2395678,26,0,1,Syracuse,Boston College,Orange,Eagles,4,4,0,0,0,1633,Syracuse,2389,1189,0,Jimmy Boeheim with a defensive rebound.,NA,FALSE,FALSE,NA,NA,NA,NA,NA,NA,0,Boston College,Syracuse,1,NA,Jimmy Boeheim,Cole Swider,Buddy Boeheim,Joseph Girard III,Frank Anselem,Brevin Galloway,Makai Ashton-Langford,James Karnik,DeMarr Langford Jr.,Jaeden Zackery
2021-22,2022-02-19,2395678,34,0,1,Syracuse,Boston College,Orange,Eagles,4,4,2,0,2,1633,Syracuse,2375,1175,14,Buddy Boeheim makes a jump shot from 14 feet out.,made,FALSE,FALSE,Jump Shot,38.9,8.25,1140338,Buddy Boeheim,NA,0,Syracuse,Boston College,2,NA,Jimmy Boeheim,Cole Swider,Buddy Boeheim,Joseph Girard III,Frank Anselem,Brevin Galloway,Makai Ashton-Langford,James Karnik,DeMarr Langford Jr.,Jaeden Zackery
2021-22,2022-02-19,2395678,39,0,1,Syracuse,Boston College,Orange,Eagles,4,4,2,2,0,1317,Boston College,2355,1155,20,James Karnik makes a hook shot from 4 feet out.,made,FALSE,FALSE,Hook Shot,22.2,7.85,1066556,James Karnik,NA,0,Boston College,Syracuse,3,NA,Jimmy Boeheim,Cole Swider,Buddy Boeheim,Joseph Girard III,Frank Anselem,Brevin Galloway,Makai Ashton-Langford,James Karnik,DeMarr Langford Jr.,Jaeden Zackery
2021-22,2022-02-19,2395678,41,0,1,Syracuse,Boston College,Orange,Eagles,4,4,4,2,2,1633,Syracuse,2337,1137,18,Cole Swider makes a layup.,made,FALSE,FALSE,Layup Shot,26,6.25,1138651,Cole Swider,NA,0,Syracuse,Boston College,4,NA,Jimmy Boeheim,Cole Swider,Buddy Boeheim,Joseph Girard III,Frank Anselem,Brevin Galloway,Makai Ashton-Langford,James Karnik,DeMarr Langford Jr.,Jaeden Zackery
2021-22,2022-02-19,2395678,42,0,1,Syracuse,Boston College,Orange,Eagles,4,4,4,4,0,1317,Boston College,2309,1109,28,DeMarr Langford Jr. makes a jump shot from 11 feet out.,made,FALSE,FALSE,Jump Shot,26.4,16.35,1232511,DeMarr Langford Jr.,NA,0,Boston College,Syracuse,5,NA,Jimmy Boeheim,Cole Swider,Buddy Boeheim,Joseph Girard III,Frank Anselem,Brevin Galloway,Makai Ashton-Langford,James Karnik,DeMarr Langford Jr.,Jaeden Zackery
2021-22,2022-02-19,2395678,43,0,1,Syracuse,Boston College,Orange,Eagles,4,4,6,4,2,1633,Syracuse,2292,1092,17,Cole Swider makes a jump shot from 12 feet out.,made,FALSE,FALSE,Jump Shot,24.7,16.849999999999994,1138651,Cole Swider,NA,0,Syracuse,Boston College,6,NA,Jimmy Boeheim,Cole Swider,Buddy Boeheim,Joseph Girard III,Frank Anselem,Brevin Galloway,Makai Ashton-Langford,James Karnik,DeMarr Langford Jr.,Jaeden Zackery
2021-22,2022-02-19,2395678,45,0,1,Syracuse,Boston College,Orange,Eagles,4,4,6,4,2,1317,Boston College,2269,1069,23,Brevin Galloway misses a layup.,missed,FALSE,FALSE,Layup Shot,25,5.25,953411,Brevin Galloway,NA,0,Boston College,Boston College,7,NA,Jimmy Boeheim,Cole Swider,Buddy Boeheim,Joseph Girard III,Frank Anselem,Brevin Galloway,Makai Ashton-Langford,James Karnik,DeMarr Langford Jr.,Jaeden Zackery
2021-22,2022-02-19,2395678,46,0,1,Syracuse,Boston College,Orange,Eagles,4,4,6,4,2,1633,Syracuse,2269,1069,0,Jimmy Boeheim with a defensive rebound.,NA,FALSE,FALSE,NA,NA,NA,NA,NA,NA,0,Boston College,Syracuse,7,NA,Jimmy Boeheim,Cole Swider,Buddy Boeheim,Joseph Girard III,Frank Anselem,Brevin Galloway,Makai Ashton-Langford,James Karnik,DeMarr Langford Jr.,Jaeden Zackery
2021-22,2022-02-19,2395678,47,0,1,Syracuse,Boston College,Orange,Eagles,4,4,6,4,2,1317,Boston College,2267,1067,2,Personal foul committed by James Karnik.,NA,FALSE,FALSE,NA,NA,NA,NA,NA,NA,0,Syracuse,Syracuse,8,NA,Jimmy Boeheim,Cole Swider,Buddy Boeheim,Joseph Girard III,Frank Anselem,Brevin Galloway,Makai Ashton-Langford,James Karnik,DeMarr Langford Jr.,Jaeden Zackery
2021-22,2022-02-19,2395678,48,0,1,Syracuse,Boston College,Orange,Eagles,4,4,6,4,2,1317,Boston College,2267,1067,0,Substitution: Quinten Post in for James Karnik.,NA,FALSE,FALSE,NA,NA,NA,NA,NA,NA,1,NA,NA,NA,NA,Jimmy Boeheim,Cole Swider,Buddy Boeheim,Joseph Girard III,Frank Anselem,Brevin Galloway,Makai Ashton-Langford,Quinten Post,DeMarr Langford Jr.,Jaeden Zackery
2021-22,2022-02-19,2395678,51,0,1,Syracuse,Boston College,Orange,Eagles,4,4,6,4,2,1633,Syracuse,2243,1043,24,Cole Swider misses a jump shot from 18 feet out.,missed,FALSE,FALSE,Jump Shot,6.899999999999999,4.349999999999994,1138651,Cole Swider,NA,0,Syracuse,Syracuse,8,NA,Jimmy Boeheim,Cole Swider,Buddy Boeheim,Joseph Girard III,Frank Anselem,Brevin Galloway,Makai Ashton-Langford,Quinten Post,DeMarr Langford Jr.,Jaeden Zackery
2021-22,2022-02-19,2395678,52,0,1,Syracuse,Boston College,Orange,Eagles,4,4,6,4,2,1317,Boston College,2243,1043,0,Brevin Galloway with a defensive rebound.,NA,FALSE,FALSE,NA,NA,NA,NA,NA,NA,0,Syracuse,Boston College,8,NA,Jimmy Boeheim,Cole Swider,Buddy Boeheim,Joseph Girard III,Frank Anselem,Brevin Galloway,Makai Ashton-Langford,Quinten Post,DeMarr Langford Jr.,Jaeden Zackery
2021-22,2022-02-19,2395678,55,0,1,Syracuse,Boston College,Orange,Eagles,4,4,6,4,2,1317,Boston College,2213,1013,30,Jaeden Zackery misses a 3-point jump shot from 25 feet out.,missed,FALSE,TRUE,Jump Shot,41.2,24.55,1326053,Jaeden Zackery,NA,0,Boston College,Boston College,9,NA,Jimmy Boeheim,Cole Swider,Buddy Boeheim,Joseph Girard III,Frank Anselem,Brevin Galloway,Makai Ashton-Langford,Quinten Post,DeMarr Langford Jr.,Jaeden Zackery
2021-22,2022-02-19,2395678,56,0,1,Syracuse,Boston College,Orange,Eagles,4,4,6,4,2,1633,Syracuse,2213,1013,0,Jimmy Boeheim with a defensive rebound.,NA,FALSE,FALSE,NA,NA,NA,NA,NA,NA,0,Boston College,Syracuse,9,NA,Jimmy Boeheim,Cole Swider,Buddy Boeheim,Joseph Girard III,Frank Anselem,Brevin Galloway,Makai Ashton-Langford,Quinten Post,DeMarr Langford Jr.,Jaeden Zackery
2021-22,2022-02-19,2395678,57,0,1,Syracuse,Boston College,Orange,Eagles,4,4,8,4,4,1633,Syracuse,2205,1005,8,Joseph Girard III makes a jump shot from 18 feet out.,made,FALSE,FALSE,Jump Shot,24.4,23.349999999999994,1178156,Joseph Girard III,NA,0,Syracuse,Boston College,10,NA,Jimmy Boeheim,Cole Swider,Buddy Boeheim,Joseph Girard III,Frank Anselem,Brevin Galloway,Makai Ashton-Langford,Quinten Post,DeMarr Langford Jr.,Jaeden Zackery
2021-22,2022-02-19,2395678,58,0,1,Syracuse,Boston College,Orange,Eagles,4,4,8,4,4,1317,Boston College,2184,984,21,Joseph Girard III steals the ball from Brevin Galloway.,NA,FALSE,FALSE,NA,NA,NA,NA,NA,NA,0,Boston College,Syracuse,11,NA,Jimmy Boeheim,Cole Swider,Buddy Boeheim,Joseph Girard III,Frank Anselem,Brevin Galloway,Makai Ashton-Langford,Quinten Post,DeMarr Langford Jr.,Jaeden Zackery
2021-22,2022-02-19,2395678,59,0,1,Syracuse,Boston College,Orange,Eagles,4,4,8,4,4,1633,Syracuse,2175,975,9,Joseph Girard III misses a jump shot from 15 feet out.,missed,FALSE,FALSE,Jump Shot,25.8,20.25,1178156,Joseph Girard III,NA,0,Syracuse,Syracuse,12,NA,Jimmy Boeheim,Cole Swider,Buddy Boeheim,Joseph Girard III,Frank Anselem,Brevin Galloway,Makai Ashton-Langford,Quinten Post,DeMarr Langford Jr.,Jaeden Zackery
2021-22,2022-02-19,2395678,60,0,1,Syracuse,Boston College,Orange,Eagles,4,4,8,4,4,1317,Boston College,2175,975,0,DeMarr Langford Jr. with a defensive rebound.,NA,FALSE,FALSE,NA,NA,NA,NA,NA,NA,0,Syracuse,Boston College,12,NA,Jimmy Boeheim,Cole Swider,Buddy Boeheim,Joseph Girard III,Frank Anselem,Brevin Galloway,Makai Ashton-Langford,Quinten Post,DeMarr Langford Jr.,Jaeden Zackery
2021-22,2022-02-19,2395678,61,0,1,Syracuse,Boston College,Orange,Eagles,4,4,8,4,4,1317,Boston College,2163,963,12,Brevin Galloway misses a 3-point jump shot from 24 feet out.,missed,FALSE,TRUE,Jump Shot,12.3,25.25,953411,Brevin Galloway,NA,0,Boston College,Boston College,13,NA,Jimmy Boeheim,Cole Swider,Buddy Boeheim,Joseph Girard III,Frank Anselem,Brevin Galloway,Makai Ashton-Langford,Quinten Post,DeMarr Langford Jr.,Jaeden Zackery
2021-22,2022-02-19,2395678,62,0,1,Syracuse,Boston College,Orange,Eagles,4,4,8,4,4,1633,Syracuse,2163,963,0,Frank Anselem with a defensive rebound.,NA,FALSE,FALSE,NA,NA,NA,NA,NA,NA,0,Boston College,Syracuse,13,NA,Jimmy Boeheim,Cole Swider,Buddy Boeheim,Joseph Girard III,Frank Anselem,Brevin Galloway,Makai Ashton-Langford,Quinten Post,DeMarr Langford Jr.,Jaeden Zackery
2021-22,2022-02-19,2395678,64,0,1,Syracuse,Boston College,Orange,Eagles,4,4,8,4,4,1633,Syracuse,2151,951,12,Buddy Boeheim misses a 3-point jump shot from 25 feet out.,missed,FALSE,TRUE,Jump Shot,13.700000000000003,27.049999999999997,1140338,Buddy Boeheim,NA,0,Syracuse,NA,14,NA,Jimmy Boeheim,Cole Swider,Buddy Boeheim,Joseph Girard III,Frank Anselem,Brevin Galloway,Makai Ashton-Langford,Quinten Post,DeMarr Langford Jr.,Jaeden Zackery
2021-22,2022-02-19,2395678,66,0,1,Syracuse,Boston College,Orange,Eagles,4,4,8,4,4,NA,NA,2149,949,2,Official TV timeout.,NA,FALSE,FALSE,NA,NA,NA,NA,NA,NA,0,NA,NA,NA,NA,Jimmy Boeheim,Cole Swider,Buddy Boeheim,Joseph Girard III,Frank Anselem,Brevin Galloway,Makai Ashton-Langford,Quinten Post,DeMarr Langford Jr.,Jaeden Zackery
