season,date,game_id,play_id,neutral,half,home,away,home_name,away_name,home_timeouts,away_timeouts,home_score,away_score,score_diff,team_id,event_team,game_secs_remaining,half_secs_remaining,play_length,desc,shot_outcome,free_throw,three_pt,shot_desc,loc_x,loc_y,shooter_id,shooter,assist,substitution,poss_before,poss_after,poss_number,sub_error,home_1,home_2,home_3,home_4,home_5,away_1,away_2,away_3,away_4,away_5
2021-22,2022-02-27,2397245,1,0,1,Houston,SMU,Cougars,Mustangs,4,4,0,0,0,1436,Houston,NA,NA,NA,Starting Lineup - Jamal Shead,NA,FALSE,FALSE,NA,NA,NA,NA,NA,NA,1,NA,NA,NA,NA,Jamal Shead,Josh Carlton,Kyler Edwards,Fabian White Jr.,Taze Moore,Emmanuel Bandoumel,Kendric Davis,Zach Nutall,Marcus Weathers,Michael Weathers
2021-22,2022-02-27,2397245,1,0,1,Houston,SMU,Cougars,Mustangs,4,4,0,0,0,1605,SMU,NA,NA,NA,Starting Lineup - Emmanuel Bandoumel,NA,FALSE,FALSE,NA,NA,NA,NA,NA,NA,1,NA,NA,NA,NA,Jamal Shead,Josh Carlton,Kyler Edwards,Fabian White Jr.,Taze Moore,Emmanuel Bandoumel,Kendric Davis,Zach Nutall,Marcus Weathers,Michael Weathers
2021-22,2022-02-27,2397245,1,0,1,Houston,SMU,Cougars,Mustangs,4,4,0,0,0,1436,Houston,NA,NA,NA,Starting Lineup - Josh Carlton,NA,FALSE,FALSE,NA,NA,NA,NA,NA,NA,1,NA,NA,NA,NA,Jamal Shead,Josh Carlton,Kyler Edwards,Fabian White Jr.,Taze Moore,Emmanuel Bandoumel,Kendric Davis,Zach Nutall,Marcus Weathers,Michael Weathers
2021-22,2022-02-27,2397245,1,0,1,Houston,SMU,Cougars,Mustangs,4,4,0,0,0,1436,Houston,NA,NA,NA,Starting Lineup - Kyler Edwards,NA,FALSE,FALSE,NA,NA,NA,NA,NA,NA,1,NA,NA,NA,NA,Jamal Shead,Josh Carlton,Kyler Edwards,Fabian White Jr.,Taze Moore,Emmanuel Bandoumel,Kendric Davis,Zach Nutall,Marcus Weathers,Michael Weathers
2021-22,2022-02-27,2397245,1,0,1,Houston,SMU,Cougars,Mustangs,4,4,0,0,0,1605,SMU,NA,NA,NA,Starting Lineup - Kendric Davis,NA,FALSE,FALSE,NA,NA,NA,NA,NA,NA,1,NA,NA,NA,NA,Jamal Shead,Josh Carlton,Kyler Edwards,Fabian White Jr.,Taze Moore,Emmanuel Bandoumel,Kendric Davis,Zach Nutall,Marcus Weathers,Michael Weathers
2021-22,2022-02-27,2397245,1,0,1,Houston,SMU,Cougars,Mustangs,4,4,0,0,0,1605,SMU,NA,NA,NA,Starting Lineup - Zach Nutall,NA,FALSE,FALSE,NA,NA,NA,NA,NA,NA,1,NA,NA,NA,NA,Jamal Shead,Josh Carlton,Kyler Edwards,Fabian White Jr.,Taze Moore,Emmanuel Bandoumel,Kendric Davis,Zach Nutall,Marcus Weathers,Michael Weathers
2021-22,2022-02-27,2397245,1,0,1,Houston,SMU,Cougars,Mustangs,4,4,0,0,0,1436,Houston,NA,NA,NA,Starting Lineup - Fabian White Jr.,NA,FALSE,FALSE,NA,NA,NA,NA,NA,NA,1,NA,NA,NA,NA,Jamal Shead,Josh Carlton,Kyler Edwards,Fabian White Jr.,Taze Moore,Emmanuel Bandoumel,Kendric Davis,Zach Nutall,Marcus Weathers,Michael Weathers
2021-22,2022-02-27,2397245,1,0,1,Houston,SMU,Cougars,Mustangs,4,4,0,0,0,1605,SMU,NA,NA,NA,Starting Lineup - Marcus Weathers,NA,FALSE,FALSE,NA,NA,NA,NA,NA,NA,1,NA,NA,NA,NA,Jamal Shead,Josh Carlton,Kyler Edwards,Fabian White Jr.,Taze Moore,Emmanuel Bandoumel,Kendric Davis,Zach Nutall,Marcus Weathers,Michael Weathers
2021-22,2022-02-27,2397245,1,0,1,Houston,SMU,Cougars,Mustangs,4,4,0,0,0,1605,SMU,NA,NA,NA,Starting Lineup - Michael Weathers,NA,FALSE,FALSE,NA,NA,NA,NA,NA,NA,1,NA,NA,NA,NA,Jamal Shead,Josh Carlton,Kyler Edwards,Fabian White Jr.,Taze Moore,Emmanuel Bandoumel,Kendric Davis,Zach Nutall,Marcus Weathers,Michael Weathers
2021-22,2022-02-27,2397245,1,0,1,Houston,SMU,Cougars,Mustangs,4,4,0,0,0,1436,Houston,NA,NA,NA,Starting Lineup - Taze Moore,NA,FALSE,FALSE,NA,NA,NA,NA,NA,NA,1,NA,NA,NA,NA,Jamal Shead,Josh Carlton,Kyler Edwards,Fabian White Jr.,Taze Moore,Emmanuel Bandoumel,Kendric Davis,Zach Nutall,Marcus Weathers,Michael Weathers
2021-22,2022-02-27,2397245,2,0,1,Houston,SMU,Cougars,Mustangs,4,4,0,0,0,NA,NA,2400,1200,NA,Start of the 1st Half,NA,FALSE,FALSE,NA,NA,NA,NA,NA,NA,0,NA,Houston,1,NA,Jamal Shead,Josh Carlton,Kyler Edwards,Fabian White Jr.,Taze Moore,Emmanuel Bandoumel,Kendric Davis,Zach Nutall,Marcus Weathers,Michael Weathers
2021-22,2022-02-27,2397245,3,0,1,Houston,SMU,Cougars,Mustangs,4,4,2,0,2,1436,Houston,2378,1178,22,Kyler Edwards makes a jump shot from 17 feet out.,made,FALSE,FALSE,Jump Shot,34.1,19.25,1139730,Kyler Edwards,NA,0,Houston,SMU,1,NA,Jamal Shead,Josh Carlton,Kyler Edwards,Fabian White Jr.,Taze Moore,Emmanuel Bandoumel,Kendric Davis,Zach Nutall,Marcus Weathers,Michael Weathers
2021-22,2022-02-27,2397245,4,0,1,Houston,SMU,Cougars,Mustangs,4,4,2,0,2,1605,SMU,2355,1155,23,Marcus Weathers misses a 3-point jump shot from 22 feet out.,missed,FALSE,TRUE,Jump Shot,3.1000000000000014,3.45,951209,Marcus Weathers,NA,0,SMU,SMU,2,NA,Jamal Shead,Josh Carlton,Kyler Edwards,Fabian White Jr.,Taze Moore,Emmanuel Bandoumel,Kendric Davis,Zach Nutall,Marcus Weathers,Michael Weathers
2021-22,2022-02-27,2397245,5,0,1,Houston,SMU,Cougars,Mustangs,4,4,2,0,2,1436,Houston,2355,1155,0,Josh Carlton with a defensive rebound.,NA,FALSE,FALSE,NA,NA,NA,NA,NA,NA,0,SMU,Houston,2,NA,Jamal Shead,Josh Carlton,Kyler Edwards,Fabian White Jr.,Taze Moore,Emmanuel Bandoumel,Kendric Davis,Zach Nutall,Marcus Weathers,Michael Weathers
2021-22,2022-02-27,2397245,6,0,1,Houston,SMU,Cougars,Mustangs,4,4,2,0,2,1436,Houston,2331,1131,24,Kyler Edwards misses a jump shot from 19 feet out.,missed,FALSE,FALSE,Jump Shot,20.2,23.349999999999994,1139730,Kyler Edwards,NA,0,Houston,Houston,3,NA,Jamal Shead,Josh Carlton,Kyler Edwards,Fabian White Jr.,Taze Moore,Emmanuel Bandoumel,Kendric Davis,Zach Nutall,Marcus Weathers,Michael Weathers
2021-22,2022-02-27,2397245,7,0,1,Houston,SMU,Cougars,Mustangs,4,4,2,0,2,1605,SMU,2331,1131,0,Marcus Weathers with a defensive rebound.,NA,FALSE,FALSE,NA,NA,NA,NA,NA,NA,0,Houston,SMU,3,NA,Jamal Shead,Josh Carlton,Kyler Edwards,Fabian White Jr.,Taze Moore,Emmanuel Bandoumel,Kendric Davis,Zach Nutall,Marcus Weathers,Michael Weathers
2021-22,2022-02-27,2397245,8,0,1,Houston,SMU,Cougars,Mustangs,4,4,2,0,2,1605,SMU,2319,1119,12,Jamal Shead steals the ball from Zach Nutall.,NA,FALSE,FALSE,NA,NA,NA,NA,NA,NA,0,SMU,Houston,4,NA,Jamal Shead,Josh Carlton,Kyler Edwards,Fabian White Jr.,Taze Moore,Emmanuel Bandoumel,Kendric Davis,Zach Nutall,Marcus Weathers,Michael Weathers
2021-22,2022-02-27,2397245,9,0,1,Houston,SMU,Cougars,Mustangs,4,4,2,0,2,1436,Houston,2318,1118,1,Michael Weathers blocks a Jamal Shead layup.,missed,FALSE,FALSE,Layup Shot,26,6.25,1231795,Jamal Shead,NA,0,Houston,Houston,5,NA,Jamal Shead,Josh Carlton,Kyler Edwards,Fabian White Jr.,Taze Moore,Emmanuel Bandoumel,Kendric Davis,Zach Nutall,Marcus Weathers,Michael Weathers
2021-22,2022-02-27,2397245,11,0,1,Houston,SMU,Cougars,Mustangs,4,4,2,0,2,1605,SMU,2302,1102,16,Shooting foul committed by Michael Weathers.,NA,FALSE,FALSE,NA,NA,NA,NA,NA,NA,0,Houston,Houston,5,NA,Jamal Shead,Josh Carlton,Kyler Edwards,Fabian White Jr.,Taze Moore,Emmanuel Bandoumel,Kendric Davis,Zach Nutall,Marcus Weathers,Michael Weathers
2021-22,2022-02-27,2397245,12,0,1,Houston,SMU,Cougars,Mustangs,4,4,2,0,2,1436,Houston,2302,1102,0,Josh Carlton misses free throw 1 of 2.,missed,TRUE,FALSE,NA,NA,NA,NA,NA,NA,0,Houston,Houston,5,NA,Jamal Shead,Josh Carlton,Kyler Edwards,Fabian White Jr.,Taze Moore,Emmanuel Bandoumel,Kendric Davis,Zach Nutall,Marcus Weathers,Michael Weathers
2021-22,2022-02-27,2397245,14,0,1,Houston,SMU,Cougars,Mustangs,4,4,2,0,2,1436,Houston,2302,1102,0,Josh Carlton misses free throw 2 of 2.,missed,TRUE,FALSE,NA,NA,NA,NA,NA,NA,0,Houston,Houston,5,NA,Jamal Shead,Josh Carlton,Kyler Edwards,Fabian White Jr.,Taze Moore,Emmanuel Bandoumel,Kendric Davis,Zach Nutall,Marcus Weathers,Michael Weathers
2021-22,2022-02-27,2397245,15,0,1,Houston,SMU,Cougars,Mustangs,4,4,2,0,2,1605,SMU,2302,1102,0,Emmanuel Bandoumel with a defensive rebound.,NA,FALSE,FALSE,NA,NA,NA,NA,NA,NA,0,Houston,SMU,5,NA,Jamal Shead,Josh Carlton,Kyler Edwards,Fabian White Jr.,Taze Moore,Emmanuel Bandoumel,Kendric Davis,Zach Nutall,Marcus Weathers,Michael Weathers
2021-22,2022-02-27,2397245,16,0,1,Houston,SMU,Cougars,Mustangs,4,4,2,0,2,1605,SMU,2281,1081,21,Zach Nutall misses a 3-point jump shot from 22 feet out.,missed,FALSE,TRUE,Jump Shot,47.4,5.45,1138020,Zach Nutall,NA,0,SMU,SMU,6,NA,Jamal Shead,Josh Carlton,Kyler Edwards,Fabian White Jr.,Taze Moore,Emmanuel Bandoumel,Kendric Davis,Zach Nutall,Marcus Weathers,Michael Weathers
2021-22,2022-02-27,2397245,17,0,1,Houston,SMU,Cougars,Mustangs,4,4,2,0,2,1605,SMU,2281,1081,0,Zach Nutall with an offensive rebound.,NA,FALSE,FALSE,NA,NA,NA,NA,NA,NA,0,SMU,SMU,6,NA,Jamal Shead,Josh Carlton,Kyler Edwards,Fabian White Jr.,Taze Moore,Emmanuel Bandoumel,Kendric Davis,Zach Nutall,Marcus Weathers,Michael Weathers
2021-22,2022-02-27,2397245,18,0,1,Houston,SMU,Cougars,Mustangs,4,4,2,2,0,1605,SMU,2276,1076,5,Zach Nutall dunks.,made,FALSE,FALSE,Dunk Shot,26,6.25,1138020,Zach Nutall,NA,0,SMU,Houston,6,NA,Jamal Shead,Josh Carlton,Kyler Edwards,Fabian White Jr.,Taze Moore,Emmanuel Bandoumel,Kendric Davis,Zach Nutall,Marcus Weathers,Michael Weathers
2021-22,2022-02-27,2397245,19,0,1,Houston,SMU,Cougars,Mustangs,4,4,2,2,0,1436,Houston,2262,1062,14,Kyler Edwards misses a 3-point jump shot from 24 feet out.,missed,FALSE,TRUE,Jump Shot,13.399999999999999,26.25,1139730,Kyler Edwards,NA,0,Houston,Houston,7,NA,Jamal Shead,Josh Carlton,Kyler Edwards,Fabian White Jr.,Taze Moore,Emmanuel Bandoumel,Kendric Davis,Zach Nutall,Marcus Weathers,Michael Weathers
2021-22,2022-02-27,2397245,20,0,1,Houston,SMU,Cougars,Mustangs,4,4,2,2,0,1605,SMU,2262,1062,0,Kendric Davis with a defensive rebound.,NA,FALSE,FALSE,NA,NA,NA,NA,NA,NA,0,Houston,SMU,7,NA,Jamal Shead,Josh Carlton,Kyler Edwards,Fabian White Jr.,Taze Moore,Emmanuel Bandoumel,Kendric Davis,Zach Nutall,Marcus Weathers,Michael Weathers
2021-22,2022-02-27,2397245,21,0,1,Houston,SMU,Cougars,Mustangs,4,4,2,2,0,1605,SMU,2256,1056,6,Kendric Davis misses a 3-point jump shot from 25 feet out.,missed,FALSE,TRUE,Jump Shot,38,26.05,1132851,Kendric Davis,NA,0,SMU,SMU,8,NA,Jamal Shead,Josh Carlton,Kyler Edwards,Fabian White Jr.,Taze Moore,Emmanuel Bandoumel,Kendric Davis,Zach Nutall,Marcus Weathers,Michael Weathers
2021-22,2022-02-27,2397245,22,0,1,Houston,SMU,Cougars,Mustangs,4,4,2,2,0,1436,Houston,2256,1056,0,Taze Moore with a defensive rebound.,NA,FALSE,FALSE,NA,NA,NA,NA,NA,NA,0,SMU,Houston,8,NA,Jamal Shead,Josh Carlton,Kyler Edwards,Fabian White Jr.,Taze Moore,Emmanuel Bandoumel,Kendric Davis,Zach Nutall,Marcus Weathers,Michael Weathers
2021-22,2022-02-27,2397245,23,0,1,Houston,SMU,Cougars,Mustangs,4,4,4,2,2,1436,Houston,2236,1036,20,Fabian White Jr. makes a hook shot from 7 feet out. Jamal Shead with the assist.,made,FALSE,FALSE,Hook Shot,22.2,11.450000000000003,1067641,Fabian White Jr.,Jamal Shead,0,Houston,SMU,9,NA,Jamal Shead,Josh Carlton,Kyler Edwards,Fabian White Jr.,Taze Moore,Emmanuel Bandoumel,Kendric Davis,Zach Nutall,Marcus Weathers,Michael Weathers
2021-22,2022-02-27,2397245,24,0,1,Houston,SMU,Cougars,Mustangs,4,4,4,4,0,1605,SMU,2219,1019,17,Emmanuel Bandoumel makes a layup.,made,FALSE,FALSE,Layup Shot,25,5.25,1182376,Emmanuel Bandoumel,NA,0,SMU,Houston,10,NA,Jamal Shead,Josh Carlton,Kyler Edwards,Fabian White Jr.,Taze Moore,Emmanuel Bandoumel,Kendric Davis,Zach Nutall,Marcus Weathers,Michael Weathers
2021-22,2022-02-27,2397245,25,0,1,Houston,SMU,Cougars,Mustangs,4,4,7,4,3,1436,Houston,2201,1001,18,Taze Moore makes a 3-point jump shot from 25 feet out. Jamal Shead with the assist.,made,FALSE,TRUE,Jump Shot,45.8,18.549999999999997,956162,Taze Moore,Jamal Shead,0,Houston,SMU,11,NA,Jamal Shead,Josh Carlton,Kyler Edwards,Fabian White Jr.,Taze Moore,Emmanuel Bandoumel,Kendric Davis,Zach Nutall,Marcus Weathers,Michael Weathers
2021-22,2022-02-27,2397245,26,0,1,Houston,SMU,Cougars,Mustangs,4,4,7,4,3,1436,Houston,2192,992,9,Personal foul committed by Jamal Shead.,NA,FALSE,FALSE,NA,NA,NA,NA,NA,NA,0,SMU,SMU,12,NA,Jamal Shead,Josh Carlton,Kyler Edwards,Fabian White Jr.,Taze Moore,Emmanuel Bandoumel,Kendric Davis,Zach Nutall,Marcus Weathers,Michael Weathers
2021-22,2022-02-27,2397245,27,0,1,Houston,SMU,Cougars,Mustangs,4,4,7,4,3,1605,SMU,2191,991,1,Jamal Shead steals the ball from Zach Nutall.,NA,FALSE,FALSE,NA,NA,NA,NA,NA,NA,0,SMU,Houston,12,NA,Jamal Shead,Josh Carlton,Kyler Edwards,Fabian White Jr.,Taze Moore,Emmanuel Bandoumel,Kendric Davis,Zach Nutall,Marcus Weathers,Michael Weathers
2021-22,2022-02-27,2397245,28,0,1,Houston,SMU,Cougars,Mustangs,4,4,9,4,5,1436,Houston,2188,988,3,Jamal Shead dunks.,made,FALSE,FALSE,Dunk Shot,26,6.25,1231795,Jamal Shead,NA,0,Houston,SMU,13,NA,Jamal Shead,Josh Carlton,Kyler Edwards,Fabian White Jr.,Taze Moore,Emmanuel Bandoumel,Kendric Davis,Zach Nutall,Marcus Weathers,Michael Weathers
2021-22,2022-02-27,2397245,29,0,1,Houston,SMU,Cougars,Mustangs,4,4,9,4,5,1605,SMU,2169,969,19,Fabian White Jr. blocks a Marcus Weathers layup.,missed,FALSE,FALSE,Layup Shot,26,6.25,951209,Marcus Weathers,NA,0,SMU,SMU,14,NA,Jamal Shead,Josh Carlton,Kyler Edwards,Fabian White Jr.,Taze Moore,Emmanuel Bandoumel,Kendric Davis,Zach Nutall,Marcus Weathers,Michael Weathers
2021-22,2022-02-27,2397245,30,0,1,Houston,SMU,Cougars,Mustangs,4,4,9,4,5,1605,SMU,2169,969,0,Michael Weathers with an offensive rebound.,NA,FALSE,FALSE,NA,NA,NA,NA,NA,NA,0,SMU,SMU,14,NA,Jamal Shead,Josh Carlton,Kyler Edwards,Fabian White Jr.,Taze Moore,Emmanuel Bandoumel,Kendric Davis,Zach Nutall,Marcus Weathers,Michael Weathers
2021-22,2022-02-27,2397245,31,0,1,Houston,SMU,Cougars,Mustangs,4,4,9,4,5,1605,SMU,2164,964,5,Emmanuel Bandoumel misses a jump shot from 19 feet out.,missed,FALSE,FALSE,Jump Shot,29.3,24.25,1182376,Emmanuel Bandoumel,NA,0,SMU,SMU,14,NA,Jamal Shead,Josh Carlton,Kyler Edwards,Fabian White Jr.,Taze Moore,Emmanuel Bandoumel,Kendric Davis,Zach Nutall,Marcus Weathers,Michael Weathers
2021-22,2022-02-27,2397245,32,0,1,Houston,SMU,Cougars,Mustangs,4,4,9,4,5,1436,Houston,2164,964,0,Kyler Edwards with a defensive rebound.,NA,FALSE,FALSE,NA,NA,NA,NA,NA,NA,0,SMU,Houston,14,NA,Jamal Shead,Josh Carlton,Kyler Edwards,Fabian White Jr.,Taze Moore,Emmanuel Bandoumel,Kendric Davis,Zach Nutall,Marcus Weathers,Michael Weathers
2021-22,2022-02-27,2397245,33,0,1,Houston,SMU,Cougars,Mustangs,4,4,11,4,7,1436,Houston,2154,954,10,Taze Moore makes a layup. Jamal Shead with the assist.,made,FALSE,FALSE,Layup Shot,26,6.25,956162,Taze Moore,Jamal Shead,0,Houston,SMU,15,NA,Jamal Shead,Josh Carlton,Kyler Edwards,Fabian White Jr.,Taze Moore,Emmanuel Bandoumel,Kendric Davis,Zach Nutall,Marcus Weathers,Michael Weathers
2021-22,2022-02-27,2397245,34,0,1,Houston,SMU,Cougars,Mustangs,4,4,11,6,5,1605,SMU,2148,948,6,Kendric Davis makes a layup.,made,FALSE,FALSE,Layup Shot,26,6.25,1132851,Kendric Davis,NA,0,SMU,SMU,16,NA,Jamal Shead,Josh Carlton,Kyler Edwards,Fabian White Jr.,Taze Moore,Emmanuel Bandoumel,Kendric Davis,Zach Nutall,Marcus Weathers,Michael Weathers
2021-22,2022-02-27,2397245,35,0,1,Houston,SMU,Cougars,Mustangs,4,4,11,6,5,1436,Houston,2148,948,0,Shooting foul committed by Kyler Edwards.,NA,FALSE,FALSE,NA,NA,NA,NA,NA,NA,0,SMU,SMU,16,NA,Jamal Shead,Josh Carlton,Kyler Edwards,Fabian White Jr.,Taze Moore,Emmanuel Bandoumel,Kendric Davis,Zach Nutall,Marcus Weathers,Michael Weathers
2021-22,2022-02-27,2397245,36,0,1,Houston,SMU,Cougars,Mustangs,4,4,11,6,5,NA,NA,2148,948,0,Official's timeout.,NA,FALSE,FALSE,NA,NA,NA,NA,NA,NA,0,NA,NA,NA,NA,Jamal Shead,Josh Carlton,Kyler Edwards,Fabian White Jr.,Taze Moore,Emmanuel Bandoumel,Kendric Davis,Zach Nutall,Marcus Weathers,Michael Weathers
2021-22,2022-02-27,2397245,37,0,1,Houston,SMU,Cougars,Mustangs,4,4,11,6,5,1605,SMU,2148,948,0,Substitution: Franklin Agunanne in for Zach Nutall.,NA,FALSE,FALSE,NA,NA,NA,NA,NA,NA,1,NA,NA,NA,NA,Jamal Shead,Josh Carlton,Kyler Edwards,Fabian White Jr.,Taze Moore,Emmanuel Bandoumel,Kendric Davis,Franklin Agunanne,Marcus Weathers,Michael Weathers
2021-22,2022-02-27,2397245,38,0,1,Houston,SMU,Cougars,Mustangs,4,4,11,6,5,1605,SMU,2148,948,0,Kendric Davis misses free throw 1 of 1.,missed,TRUE,FALSE,NA,NA,NA,NA,NA,NA,0,SMU,SMU,16,NA,Jamal Shead,Josh Carlton,Kyler Edwards,Fabian White Jr.,Taze Moore,Emmanuel Bandoumel,Kendric Davis,Franklin Agunanne,Marcus Weathers,Michael Weathers
2021-22,2022-02-27,2397245,39,0,1,Houston,SMU,Cougars,Mustangs,4,4,11,6,5,1436,Houston,2148,948,0,Josh Carlton with a defensive rebound.,NA,FALSE,FALSE,NA,NA,NA,NA,NA,NA,0,SMU,Houston,16,NA,Jamal Shead,Josh Carlton,Kyler Edwards,Fabian White Jr.,Taze Moore,Emmanuel Bandoumel,Kendric Davis,Franklin Agunanne,Marcus Weathers,Michael Weathers
2021-22,2022-02-27,2397245,40,0,1,Houston,SMU,Cougars,Mustangs,4,4,13,6,7,1436,Houston,2125,925,23,Josh Carlton makes a layup. Jamal Shead with the assist.,made,FALSE,FALSE,Layup Shot,26,6.25,1071917,Josh Carlton,Jamal Shead,0,Houston,Houston,17,NA,Jamal Shead,Josh Carlton,Kyler Edwards,Fabian White Jr.,Taze Moore,Emmanuel Bandoumel,Kendric Davis,Franklin Agunanne,Marcus Weathers,Michael Weathers
2021-22,2022-02-27,2397245,41,0,1,Houston,SMU,Cougars,Mustangs,4,4,13,6,7,1605,SMU,2125,925,0,Shooting foul committed by Franklin Agunanne.,NA,FALSE,FALSE,NA,NA,NA,NA,NA,NA,0,Houston,Houston,17,NA,Jamal Shead,Josh Carlton,Kyler Edwards,Fabian White Jr.,Taze Moore,Emmanuel Bandoumel,Kendric Davis,Franklin Agunanne,Marcus Weathers,Michael Weathers
2021-22,2022-02-27,2397245,42,0,1,Houston,SMU,Cougars,Mustangs,4,4,14,6,8,1436,Houston,2125,925,0,Josh Carlton makes free throw 1 of 1.,made,TRUE,FALSE,NA,NA,NA,NA,NA,NA,0,Houston,SMU,17,NA,Jamal Shead,Josh Carlton,Kyler Edwards,Fabian White Jr.,Taze Moore,Emmanuel Bandoumel,Kendric Davis,Franklin Agunanne,Marcus Weathers,Michael Weathers
2021-22,2022-02-27,2397245,43,0,1,Houston,SMU,Cougars,Mustangs,4,4,14,8,6,1605,SMU,2112,912,13,Kendric Davis makes a jump shot from 13 feet out.,made,FALSE,FALSE,Jump Shot,28,18.05,1132851,Kendric Davis,NA,0,SMU,Houston,18,NA,Jamal Shead,Josh Carlton,Kyler Edwards,Fabian White Jr.,Taze Moore,Emmanuel Bandoumel,Kendric Davis,Franklin Agunanne,Marcus Weathers,Michael Weathers
2021-22,2022-02-27,2397245,44,0,1,Houston,SMU,Cougars,Mustangs,4,4,14,8,6,1436,Houston,2091,891,21,Fabian White Jr. misses a jump shot from 7 feet out.,missed,FALSE,FALSE,Jump Shot,24.2,12.650000000000006,1067641,Fabian White Jr.,NA,0,Houston,Houston,19,NA,Jamal Shead,Josh Carlton,Kyler Edwards,Fabian White Jr.,Taze Moore,Emmanuel Bandoumel,Kendric Davis,Franklin Agunanne,Marcus Weathers,Michael Weathers
2021-22,2022-02-27,2397245,45,0,1,Houston,SMU,Cougars,Mustangs,4,4,14,8,6,1605,SMU,2091,891,0,Emmanuel Bandoumel with a defensive rebound.,NA,FALSE,FALSE,NA,NA,NA,NA,NA,NA,0,Houston,SMU,19,NA,Jamal Shead,Josh Carlton,Kyler Edwards,Fabian White Jr.,Taze Moore,Emmanuel Bandoumel,Kendric Davis,Franklin Agunanne,Marcus Weathers,Michael Weathers
2021-22,2022-02-27,2397245,46,0,1,Houston,SMU,Cougars,Mustangs,4,4,14,8,6,1605,SMU,2078,878,13,Taze Moore steals the ball from Emmanuel Bandoumel.,NA,FALSE,FALSE,NA,NA,NA,NA,NA,NA,0,SMU,Houston,20,NA,Jamal Shead,Josh Carlton,Kyler Edwards,Fabian White Jr.,Taze Moore,Emmanuel Bandoumel,Kendric Davis,Franklin Agunanne,Marcus Weathers,Michael Weathers
2021-22,2022-02-27,2397245,47,0,1,Houston,SMU,Cougars,Mustangs,4,4,16,8,8,1436,Houston,2074,874,4,Kyler Edwards makes a layup. Jamal Shead with the assist.,made,FALSE,FALSE,Layup Shot,25,5.25,1139730,Kyler Edwards,Jamal Shead,0,Houston,Houston,21,NA,Jamal Shead,Josh Carlton,Kyler Edwards,Fabian White Jr.,Taze Moore,Emmanuel Bandoumel,Kendric Davis,Franklin Agunanne,Marcus Weathers,Michael Weathers
2021-22,2022-02-27,2397245,48,0,1,Houston,SMU,Cougars,Mustangs,4,4,16,8,8,1605,SMU,2074,874,0,Shooting foul committed by Michael Weathers.,NA,FALSE,FALSE,NA,NA,NA,NA,NA,NA,0,Houston,Houston,21,NA,Jamal Shead,Josh Carlton,Kyler Edwards,Fabian White Jr.,Taze Moore,Emmanuel Bandoumel,Kendric Davis,Franklin Agunanne,Marcus Weathers,Michael Weathers
2021-22,2022-02-27,2397245,49,0,1,Houston,SMU,Cougars,Mustangs,4,4,16,8,8,1605,SMU,2074,874,0,Substitution: Zach Nutall in for Michael Weathers.,NA,FALSE,FALSE,NA,NA,NA,NA,NA,NA,1,NA,NA,NA,NA,Jamal Shead,Josh Carlton,Kyler Edwards,Fabian White Jr.,Taze Moore,Emmanuel Bandoumel,Kendric Davis,Franklin Agunanne,Marcus Weathers,Zach Nutall
2021-22,2022-02-27,2397245,50,0,1,Houston,SMU,Cougars,Mustangs,4,4,17,8,9,1436,Houston,2074,874,0,Kyler Edwards makes free throw 1 of 1.,made,TRUE,FALSE,NA,NA,NA,NA,NA,NA,0,Houston,SMU,21,NA,Jamal Shead,Josh Carlton,Kyler Edwards,Fabian White Jr.,Taze Moore,Emmanuel Bandoumel,Kendric Davis,Franklin Agunanne,Marcus Weathers,Zach Nutall
2021-22,2022-02-27,2397245,51,0,1,Houston,SMU,Cougars,Mustangs,4,4,17,8,9,1605,SMU,2060,860,14,Fabian White Jr. steals the ball from Marcus Weathers.,NA,FALSE,FALSE,NA,NA,NA,NA,NA,NA,0,SMU,Houston,22,NA,Jamal Shead,Josh Carlton,Kyler Edwards,Fabian White Jr.,Taze Moore,Emmanuel Bandoumel,Kendric Davis,Franklin Agunanne,Marcus Weathers,Zach Nutall
2021-22,2022-02-27,2397245,52,0,1,Houston,SMU,Cougars,Mustangs,4,4,19,8,11,1436,Houston,2052,852,8,Josh Carlton makes a layup. Jamal Shead with the assist.,made,FALSE,FALSE,Layup Shot,26,6.25,1071917,Josh Carlton,Jamal Shead,0,Houston,Houston,23,NA,Jamal Shead,Josh Carlton,Kyler Edwards,Fabian White Jr.,Taze Moore,Emmanuel Bandoumel,Kendric Davis,Franklin Agunanne,Marcus Weathers,Zach Nutall
2021-22,2022-02-27,2397245,53,0,1,Houston,SMU,Cougars,Mustangs,4,4,19,8,11,1605,SMU,2052,852,0,Shooting foul committed by Franklin Agunanne.,NA,FALSE,FALSE,NA,NA,NA,NA,NA,NA,0,Houston,Houston,23,NA,Jamal Shead,Josh Carlton,Kyler Edwards,Fabian White Jr.,Taze Moore,Emmanuel Bandoumel,Kendric Davis,Franklin Agunanne,Marcus Weathers,Zach Nutall
2021-22,2022-02-27,2397245,54,0,1,Houston,SMU,Cougars,Mustangs,4,4,19,8,11,1605,SMU,2052,852,0,Substitution: Tristan Clark in for Franklin Agunanne.,NA,FALSE,FALSE,NA,NA,NA,NA,NA,NA,1,NA,NA,NA,NA,Jamal Shead,Josh Carlton,Kyler Edwards,Fabian White Jr.,Taze Moore,Emmanuel Bandoumel,Kendric Davis,Tristan Clark,Marcus Weathers,Zach Nutall
2021-22,2022-02-27,2397245,55,0,1,Houston,SMU,Cougars,Mustangs,4,4,19,8,11,1436,Houston,2052,852,0,Josh Carlton misses free throw 1 of 1.,missed,TRUE,FALSE,NA,NA,NA,NA,NA,NA,0,Houston,Houston,23,NA,Jamal Shead,Josh Carlton,Kyler Edwards,Fabian White Jr.,Taze Moore,Emmanuel Bandoumel,Kendric Davis,Tristan Clark,Marcus Weathers,Zach Nutall
2021-22,2022-02-27,2397245,56,0,1,Houston,SMU,Cougars,Mustangs,4,4,19,8,11,1436,Houston,2052,852,0,Fabian White Jr. with an offensive rebound.,NA,FALSE,FALSE,NA,NA,NA,NA,NA,NA,0,Houston,Houston,23,NA,Jamal Shead,Josh Carlton,Kyler Edwards,Fabian White Jr.,Taze Moore,Emmanuel Bandoumel,Kendric Davis,Tristan Clark,Marcus Weathers,Zach Nutall
2021-22,2022-02-27,2397245,57,0,1,Houston,SMU,Cougars,Mustangs,4,4,21,8,13,1436,Houston,2040,840,12,Josh Carlton makes a layup. Jamal Shead with the assist.,made,FALSE,FALSE,Layup Shot,26,6.25,1071917,Josh Carlton,Jamal Shead,0,Houston,SMU,23,NA,Jamal Shead,Josh Carlton,Kyler Edwards,Fabian White Jr.,Taze Moore,Emmanuel Bandoumel,Kendric Davis,Tristan Clark,Marcus Weathers,Zach Nutall
2021-22,2022-02-27,2397245,58,0,1,Houston,SMU,Cougars,Mustangs,4,3,21,8,13,1605,SMU,2031,831,9,Mustangs take a 30-second timeout.,NA,FALSE,FALSE,NA,NA,NA,NA,NA,NA,0,NA,NA,NA,NA,Jamal Shead,Josh Carlton,Kyler Edwards,Fabian White Jr.,Taze Moore,Emmanuel Bandoumel,Kendric Davis,Tristan Clark,Marcus Weathers,Zach Nutall
2021-22,2022-02-27,2397245,59,0,1,Houston,SMU,Cougars,Mustangs,4,3,21,8,13,1605,SMU,2009,809,22,Zach Nutall misses a jump shot from 16 feet out.,missed,FALSE,FALSE,Jump Shot,26.3,21.45,1138020,Zach Nutall,NA,0,SMU,SMU,24,NA,Jamal Shead,Josh Carlton,Kyler Edwards,Fabian White Jr.,Taze Moore,Emmanuel Bandoumel,Kendric Davis,Tristan Clark,Marcus Weathers,Zach Nutall
2021-22,2022-02-27,2397245,60,0,1,Houston,SMU,Cougars,Mustangs,4,3,21,8,13,1436,Houston,2009,809,0,Fabian White Jr. with a defensive rebound.,NA,FALSE,FALSE,NA,NA,NA,NA,NA,NA,0,SMU,Houston,24,NA,Jamal Shead,Josh Carlton,Kyler Edwards,Fabian White Jr.,Taze Moore,Emmanuel Bandoumel,Kendric Davis,Tristan Clark,Marcus Weathers,Zach Nutall
2021-22,2022-02-27,2397245,61,0,1,Houston,SMU,Cougars,Mustangs,4,3,21,8,13,1436,Houston,2009,809,0,Fabian White Jr. with a turnover - Traveling,NA,FALSE,FALSE,NA,NA,NA,NA,NA,NA,0,Houston,SMU,25,NA,Jamal Shead,Josh Carlton,Kyler Edwards,Fabian White Jr.,Taze Moore,Emmanuel Bandoumel,Kendric Davis,Tristan Clark,Marcus Weathers,Zach Nutall
2021-22,2022-02-27,2397245,62,0,1,Houston,SMU,Cougars,Mustangs,4,3,21,8,13,1605,SMU,1989,789,20,Kendric Davis misses a jump shot from 17 feet out.,missed,FALSE,FALSE,Jump Shot,18.3,20.85,1132851,Kendric Davis,NA,0,SMU,SMU,26,NA,Jamal Shead,Josh Carlton,Kyler Edwards,Fabian White Jr.,Taze Moore,Emmanuel Bandoumel,Kendric Davis,Tristan Clark,Marcus Weathers,Zach Nutall
2021-22,2022-02-27,2397245,63,0,1,Houston,SMU,Cougars,Mustangs,4,3,21,8,13,1436,Houston,1989,789,0,Fabian White Jr. with a defensive rebound.,NA,FALSE,FALSE,NA,NA,NA,NA,NA,NA,0,SMU,Houston,26,NA,Jamal Shead,Josh Carlton,Kyler Edwards,Fabian White Jr.,Taze Moore,Emmanuel Bandoumel,Kendric Davis,Tristan Clark,Marcus Weathers,Zach Nutall
2021-22,2022-02-27,2397245,64,0,1,Houston,SMU,Cougars,Mustangs,4,3,21,8,13,1605,SMU,1983,783,6,Shooting foul committed by Tristan Clark.,NA,FALSE,FALSE,NA,NA,NA,NA,NA,NA,0,Houston,Houston,27,NA,Jamal Shead,Josh Carlton,Kyler Edwards,Fabian White Jr.,Taze Moore,Emmanuel Bandoumel,Kendric Davis,Tristan Clark,Marcus Weathers,Zach Nutall
2021-22,2022-02-27,2397245,65,0,1,Houston,SMU,Cougars,Mustangs,4,3,21,8,13,1436,Houston,1983,783,0,Josh Carlton misses free throw 1 of 2.,missed,TRUE,FALSE,NA,NA,NA,NA,NA,NA,0,Houston,Houston,27,NA,Jamal Shead,Josh Carlton,Kyler Edwards,Fabian White Jr.,Taze Moore,Emmanuel Bandoumel,Kendric Davis,Tristan Clark,Marcus Weathers,Zach Nutall
2021-22,2022-02-27,2397245,67,0,1,Houston,SMU,Cougars,Mustangs,4,3,21,8,13,1436,Houston,1983,783,0,Substitution: Ramon Walker Jr. in for Kyler Edwards.,NA,FALSE,FALSE,NA,NA,NA,NA,NA,NA,1,NA,NA,NA,NA,Jamal Shead,Josh Carlton,Ramon Walker Jr.,Fabian White Jr.,Taze Moore,Emmanuel Bandoumel,Kendric Davis,Tristan Clark,Marcus Weathers,Zach Nutall
2021-22,2022-02-27,2397245,68,0,1,Houston,SMU,Cougars,Mustangs,4,3,21,8,13,1605,SMU,1983,783,0,Substitution: Stefan Todorovic in for Emmanuel Bandoumel.,NA,FALSE,FALSE,NA,NA,NA,NA,NA,NA,1,NA,NA,NA,NA,Jamal Shead,Josh Carlton,Ramon Walker Jr.,Fabian White Jr.,Taze Moore,Stefan Todorovic,Kendric Davis,Tristan Clark,Marcus Weathers,Zach Nutall
2021-22,2022-02-27,2397245,69,0,1,Houston,SMU,Cougars,Mustangs,4,3,22,8,14,1436,Houston,1983,783,0,Josh Carlton makes free throw 2 of 2.,made,TRUE,FALSE,NA,NA,NA,NA,NA,NA,0,Houston,SMU,27,NA,Jamal Shead,Josh Carlton,Ramon Walker Jr.,Fabian White Jr.,Taze Moore,Stefan Todorovic,Kendric Davis,Tristan Clark,Marcus Weathers,Zach Nutall
2021-22,2022-02-27,2397245,70,0,1,Houston,SMU,Cougars,Mustangs,4,3,22,8,14,1436,Houston,1983,783,0,Substitution: J'Wan Roberts in for Josh Carlton.,NA,FALSE,FALSE,NA,NA,NA,NA,NA,NA,1,NA,NA,NA,NA,Jamal Shead,J'Wan Roberts,Ramon Walker Jr.,Fabian White Jr.,Taze Moore,Stefan Todorovic,Kendric Davis,Tristan Clark,Marcus Weathers,Zach Nutall
2021-22,2022-02-27,2397245,71,0,1,Houston,SMU,Cougars,Mustangs,4,3,22,10,12,1605,SMU,1974,774,9,Tristan Clark makes a layup. Kendric Davis with the assist.,made,FALSE,FALSE,Layup Shot,25,5.25,1081839,Tristan Clark,Kendric Davis,0,SMU,Houston,28,NA,Jamal Shead,J'Wan Roberts,Ramon Walker Jr.,Fabian White Jr.,Taze Moore,Stefan Todorovic,Kendric Davis,Tristan Clark,Marcus Weathers,Zach Nutall
2021-22,2022-02-27,2397245,72,0,1,Houston,SMU,Cougars,Mustangs,4,3,22,10,12,1436,Houston,1949,749,25,Taze Moore misses a 3-point jump shot from 25 feet out.,missed,FALSE,TRUE,Jump Shot,8.899999999999999,24.549999999999997,956162,Taze Moore,NA,0,Houston,SMU,29,NA,Jamal Shead,J'Wan Roberts,Ramon Walker Jr.,Fabian White Jr.,Taze Moore,Stefan Todorovic,Kendric Davis,Tristan Clark,Marcus Weathers,Zach Nutall
2021-22,2022-02-27,2397245,74,0,1,Houston,SMU,Cougars,Mustangs,4,3,22,10,12,1436,Houston,1940,740,9,Personal foul committed by Ramon Walker Jr..,NA,FALSE,FALSE,NA,NA,NA,NA,NA,NA,0,SMU,SMU,30,NA,Jamal Shead,J'Wan Roberts,Ramon Walker Jr.,Fabian White Jr.,Taze Moore,Stefan Todorovic,Kendric Davis,Tristan Clark,Marcus Weathers,Zach Nutall
2021-22,2022-02-27,2397245,75,0,1,Houston,SMU,Cougars,Mustangs,4,3,22,10,12,1436,Houston,1940,740,0,Substitution: Kyler Edwards in for Ramon Walker Jr..,NA,FALSE,FALSE,NA,NA,NA,NA,NA,NA,1,NA,NA,NA,NA,Jamal Shead,J'Wan Roberts,Kyler Edwards,Fabian White Jr.,Taze Moore,Stefan Todorovic,Kendric Davis,Tristan Clark,Marcus Weathers,Zach Nutall
2021-22,2022-02-27,2397245,76,0,1,Houston,SMU,Cougars,Mustangs,4,3,22,10,12,1605,SMU,1934,734,6,Kyler Edwards steals the ball from Marcus Weathers.,NA,FALSE,FALSE,NA,NA,NA,NA,NA,NA,0,SMU,Houston,30,NA,Jamal Shead,J'Wan Roberts,Kyler Edwards,Fabian White Jr.,Taze Moore,Stefan Todorovic,Kendric Davis,Tristan Clark,Marcus Weathers,Zach Nutall
2021-22,2022-02-27,2397245,77,0,1,Houston,SMU,Cougars,Mustangs,4,3,22,10,12,1436,Houston,1926,726,8,Jamal Shead misses a 3-point jump shot from 26 feet out.,missed,FALSE,TRUE,Jump Shot,36.1,28.25,1231795,Jamal Shead,NA,0,Houston,Houston,31,NA,Jamal Shead,J'Wan Roberts,Kyler Edwards,Fabian White Jr.,Taze Moore,Stefan Todorovic,Kendric Davis,Tristan Clark,Marcus Weathers,Zach Nutall
2021-22,2022-02-27,2397245,78,0,1,Houston,SMU,Cougars,Mustangs,4,3,22,10,12,1605,SMU,1926,726,0,Marcus Weathers with a defensive rebound.,NA,FALSE,FALSE,NA,NA,NA,NA,NA,NA,0,Houston,SMU,31,NA,Jamal Shead,J'Wan Roberts,Kyler Edwards,Fabian White Jr.,Taze Moore,Stefan Todorovic,Kendric Davis,Tristan Clark,Marcus Weathers,Zach Nutall
2021-22,2022-02-27,2397245,79,0,1,Houston,SMU,Cougars,Mustangs,4,3,22,10,12,1605,SMU,1913,713,13,Kendric Davis misses a 3-point jump shot from 24 feet out.,missed,FALSE,TRUE,Jump Shot,36.6,26.45,1132851,Kendric Davis,NA,0,SMU,SMU,32,NA,Jamal Shead,J'Wan Roberts,Kyler Edwards,Fabian White Jr.,Taze Moore,Stefan Todorovic,Kendric Davis,Tristan Clark,Marcus Weathers,Zach Nutall
2021-22,2022-02-27,2397245,80,0,1,Houston,SMU,Cougars,Mustangs,4,3,22,10,12,1436,Houston,1913,713,0,Kyler Edwards with a defensive rebound.,NA,FALSE,FALSE,NA,NA,NA,NA,NA,NA,0,SMU,Houston,32,NA,Jamal Shead,J'Wan Roberts,Kyler Edwards,Fabian White Jr.,Taze Moore,Stefan Todorovic,Kendric Davis,Tristan Clark,Marcus Weathers,Zach Nutall
2021-22,2022-02-27,2397245,81,0,1,Houston,SMU,Cougars,Mustangs,4,3,22,10,12,1436,Houston,1883,683,30,Kyler Edwards misses a 3-point jump shot from 26 feet out.,missed,FALSE,TRUE,Jump Shot,42,24.25,1139730,Kyler Edwards,NA,0,Houston,Houston,33,NA,Jamal Shead,J'Wan Roberts,Kyler Edwards,Fabian White Jr.,Taze Moore,Stefan Todorovic,Kendric Davis,Tristan Clark,Marcus Weathers,Zach Nutall
2021-22,2022-02-27,2397245,82,0,1,Houston,SMU,Cougars,Mustangs,4,3,22,10,12,1436,Houston,1883,683,0,Fabian White Jr. with an offensive rebound.,NA,FALSE,FALSE,NA,NA,NA,NA,NA,NA,0,Houston,Houston,33,NA,Jamal Shead,J'Wan Roberts,Kyler Edwards,Fabian White Jr.,Taze Moore,Stefan Todorovic,Kendric Davis,Tristan Clark,Marcus Weathers,Zach Nutall
2021-22,2022-02-27,2397245,83,0,1,Houston,SMU,Cougars,Mustangs,4,3,22,10,12,1436,Houston,1883,683,0,Cougars with a turnover: Shot Clock Turnover,NA,FALSE,FALSE,NA,NA,NA,NA,NA,NA,0,Houston,SMU,33,NA,Jamal Shead,J'Wan Roberts,Kyler Edwards,Fabian White Jr.,Taze Moore,Stefan Todorovic,Kendric Davis,Tristan Clark,Marcus Weathers,Zach Nutall
2021-22,2022-02-27,2397245,84,0,1,Houston,SMU,Cougars,Mustangs,4,3,22,10,12,NA,NA,1883,683,0,Official's timeout.,NA,FALSE,FALSE,NA,NA,NA,NA,NA,NA,0,NA,NA,NA,NA,Jamal Shead,J'Wan Roberts,Kyler Edwards,Fabian White Jr.,Taze Moore,Stefan Todorovic,Kendric Davis,Tristan Clark,Marcus Weathers,Zach Nutall
2021-22,2022-02-27,2397245,85,0,1,Houston,SMU,Cougars,Mustangs,4,3,22,10,12,1436,Houston,1883,683,0,Substitution: Josh Carlton in for Fabian White Jr..,NA,FALSE,FALSE,NA,NA,NA,NA,NA,NA,1,NA,NA,NA,NA,Jamal Shead,J'Wan Roberts,Kyler Edwards,Josh Carlton,Taze Moore,Stefan Todorovic,Kendric Davis,Tristan Clark,Marcus Weathers,Zach Nutall
2021-22,2022-02-27,2397245,86,0,1,Houston,SMU,Cougars,Mustangs,4,3,22,10,12,1605,SMU,1883,683,0,Substitution: Jahmar Young Jr. in for Tristan Clark.,NA,FALSE,FALSE,NA,NA,NA,NA,NA,NA,1,NA,NA,NA,NA,Jamal Shead,J'Wan Roberts,Kyler Edwards,Josh Carlton,Taze Moore,Stefan Todorovic,Kendric Davis,Jahmar Young Jr.,Marcus Weathers,Zach Nutall
2021-22,2022-02-27,2397245,87,0,1,Houston,SMU,Cougars,Mustangs,4,3,22,10,12,1605,SMU,1848,648,35,Zach Nutall misses a jump shot from 14 feet out.,missed,FALSE,FALSE,Jump Shot,29.2,18.55,1138020,Zach Nutall,NA,0,SMU,SMU,34,NA,Jamal Shead,J'Wan Roberts,Kyler Edwards,Josh Carlton,Taze Moore,Stefan Todorovic,Kendric Davis,Jahmar Young Jr.,Marcus Weathers,Zach Nutall
2021-22,2022-02-27,2397245,88,0,1,Houston,SMU,Cougars,Mustangs,4,3,22,10,12,1436,Houston,1848,648,0,J'Wan Roberts with a defensive rebound.,NA,FALSE,FALSE,NA,NA,NA,NA,NA,NA,0,SMU,Houston,34,NA,Jamal Shead,J'Wan Roberts,Kyler Edwards,Josh Carlton,Taze Moore,Stefan Todorovic,Kendric Davis,Jahmar Young Jr.,Marcus Weathers,Zach Nutall
2021-22,2022-02-27,2397245,89,0,1,Houston,SMU,Cougars,Mustangs,4,3,25,10,15,1436,Houston,1823,623,25,Kyler Edwards makes a 3-point jump shot from 24 feet out. J'Wan Roberts with the assist.,made,FALSE,TRUE,Jump Shot,37.3,25.950000000000003,1139730,Kyler Edwards,J'Wan Roberts,0,Houston,SMU,35,NA,Jamal Shead,J'Wan Roberts,Kyler Edwards,Josh Carlton,Taze Moore,Stefan Todorovic,Kendric Davis,Jahmar Young Jr.,Marcus Weathers,Zach Nutall
2021-22,2022-02-27,2397245,90,0,1,Houston,SMU,Cougars,Mustangs,4,3,25,10,15,1436,Houston,1801,601,22,Shooting foul committed by Josh Carlton.,NA,FALSE,FALSE,NA,NA,NA,NA,NA,NA,0,SMU,SMU,36,NA,Jamal Shead,J'Wan Roberts,Kyler Edwards,Josh Carlton,Taze Moore,Stefan Todorovic,Kendric Davis,Jahmar Young Jr.,Marcus Weathers,Zach Nutall
2021-22,2022-02-27,2397245,91,0,1,Houston,SMU,Cougars,Mustangs,4,3,25,10,15,1605,SMU,1801,601,0,Jahmar Young Jr. misses free throw 1 of 2.,missed,TRUE,FALSE,NA,NA,NA,NA,NA,NA,0,SMU,SMU,36,NA,Jamal Shead,J'Wan Roberts,Kyler Edwards,Josh Carlton,Taze Moore,Stefan Todorovic,Kendric Davis,Jahmar Young Jr.,Marcus Weathers,Zach Nutall
2021-22,2022-02-27,2397245,93,0,1,Houston,SMU,Cougars,Mustangs,4,3,25,10,15,1605,SMU,1801,601,0,Substitution: Emmanuel Bandoumel in for Zach Nutall.,NA,FALSE,FALSE,NA,NA,NA,NA,NA,NA,1,NA,NA,NA,NA,Jamal Shead,J'Wan Roberts,Kyler Edwards,Josh Carlton,Taze Moore,Stefan Todorovic,Kendric Davis,Jahmar Young Jr.,Marcus Weathers,Emmanuel Bandoumel
2021-22,2022-02-27,2397245,94,0,1,Houston,SMU,Cougars,Mustangs,4,3,25,10,15,1605,SMU,1801,601,0,Substitution: Michael Weathers in for Marcus Weathers.,NA,FALSE,FALSE,NA,NA,NA,NA,NA,NA,1,NA,NA,NA,NA,Jamal Shead,J'Wan Roberts,Kyler Edwards,Josh Carlton,Taze Moore,Stefan Todorovic,Kendric Davis,Jahmar Young Jr.,Michael Weathers,Emmanuel Bandoumel
2021-22,2022-02-27,2397245,95,0,1,Houston,SMU,Cougars,Mustangs,4,3,25,10,15,1436,Houston,1801,601,0,Substitution: Ramon Walker Jr. in for Jamal Shead.,NA,FALSE,FALSE,NA,NA,NA,NA,NA,NA,1,NA,NA,NA,NA,Ramon Walker Jr.,J'Wan Roberts,Kyler Edwards,Josh Carlton,Taze Moore,Stefan Todorovic,Kendric Davis,Jahmar Young Jr.,Michael Weathers,Emmanuel Bandoumel
2021-22,2022-02-27,2397245,96,0,1,Houston,SMU,Cougars,Mustangs,4,3,25,10,15,1605,SMU,1801,601,0,Jahmar Young Jr. misses free throw 2 of 2.,missed,TRUE,FALSE,NA,NA,NA,NA,NA,NA,0,SMU,SMU,36,NA,Ramon Walker Jr.,J'Wan Roberts,Kyler Edwards,Josh Carlton,Taze Moore,Stefan Todorovic,Kendric Davis,Jahmar Young Jr.,Michael Weathers,Emmanuel Bandoumel
2021-22,2022-02-27,2397245,97,0,1,Houston,SMU,Cougars,Mustangs,4,3,25,10,15,1436,Houston,1801,601,0,Josh Carlton with a defensive rebound.,NA,FALSE,FALSE,NA,NA,NA,NA,NA,NA,0,SMU,Houston,36,NA,Ramon Walker Jr.,J'Wan Roberts,Kyler Edwards,Josh Carlton,Taze Moore,Stefan Todorovic,Kendric Davis,Jahmar Young Jr.,Michael Weathers,Emmanuel Bandoumel
2021-22,2022-02-27,2397245,98,0,1,Houston,SMU,Cougars,Mustangs,4,3,27,10,17,1436,Houston,1779,579,22,J'Wan Roberts makes a layup. Taze Moore with the assist.,made,FALSE,FALSE,Layup Shot,26,6.25,1175083,J'Wan Roberts,Taze Moore,0,Houston,SMU,37,NA,Ramon Walker Jr.,J'Wan Roberts,Kyler Edwards,Josh Carlton,Taze Moore,Stefan Todorovic,Kendric Davis,Jahmar Young Jr.,Michael Weathers,Emmanuel Bandoumel
2021-22,2022-02-27,2397245,99,0,1,Houston,SMU,Cougars,Mustangs,4,3,27,10,17,1605,SMU,1769,569,10,Jahmar Young Jr. misses a layup.,missed,FALSE,FALSE,Layup Shot,26,6.25,1132603,Jahmar Young Jr.,NA,0,SMU,SMU,38,NA,Ramon Walker Jr.,J'Wan Roberts,Kyler Edwards,Josh Carlton,Taze Moore,Stefan Todorovic,Kendric Davis,Jahmar Young Jr.,Michael Weathers,Emmanuel Bandoumel
2021-22,2022-02-27,2397245,100,0,1,Houston,SMU,Cougars,Mustangs,4,3,27,10,17,1436,Houston,1769,569,0,Josh Carlton with a defensive rebound.,NA,FALSE,FALSE,NA,NA,NA,NA,NA,NA,0,SMU,Houston,38,NA,Ramon Walker Jr.,J'Wan Roberts,Kyler Edwards,Josh Carlton,Taze Moore,Stefan Todorovic,Kendric Davis,Jahmar Young Jr.,Michael Weathers,Emmanuel Bandoumel
2021-22,2022-02-27,2397245,101,0,1,Houston,SMU,Cougars,Mustangs,4,3,27,10,17,1436,Houston,1749,549,20,Josh Carlton with a turnover - Traveling,NA,FALSE,FALSE,NA,NA,NA,NA,NA,NA,0,Houston,SMU,39,NA,Ramon Walker Jr.,J'Wan Roberts,Kyler Edwards,Josh Carlton,Taze Moore,Stefan Todorovic,Kendric Davis,Jahmar Young Jr.,Michael Weathers,Emmanuel Bandoumel
2021-22,2022-02-27,2397245,102,0,1,Houston,SMU,Cougars,Mustangs,4,3,27,10,17,1605,SMU,1749,549,0,Substitution: Marcus Weathers in for Jahmar Young Jr..,NA,FALSE,FALSE,NA,NA,NA,NA,NA,NA,1,NA,NA,NA,NA,Ramon Walker Jr.,J'Wan Roberts,Kyler Edwards,Josh Carlton,Taze Moore,Stefan Todorovic,Kendric Davis,Marcus Weathers,Michael Weathers,Emmanuel Bandoumel
2021-22,2022-02-27,2397245,103,0,1,Houston,SMU,Cougars,Mustangs,4,3,27,10,17,1436,Houston,1724,524,25,Shooting foul committed by Kyler Edwards.,NA,FALSE,FALSE,NA,NA,NA,NA,NA,NA,0,SMU,SMU,40,NA,Ramon Walker Jr.,J'Wan Roberts,Kyler Edwards,Josh Carlton,Taze Moore,Stefan Todorovic,Kendric Davis,Marcus Weathers,Michael Weathers,Emmanuel Bandoumel
2021-22,2022-02-27,2397245,104,0,1,Houston,SMU,Cougars,Mustangs,4,3,27,11,16,1605,SMU,1724,524,0,Stefan Todorovic makes free throw 1 of 2.,made,TRUE,FALSE,NA,NA,NA,NA,NA,NA,0,SMU,SMU,40,NA,Ramon Walker Jr.,J'Wan Roberts,Kyler Edwards,Josh Carlton,Taze Moore,Stefan Todorovic,Kendric Davis,Marcus Weathers,Michael Weathers,Emmanuel Bandoumel
2021-22,2022-02-27,2397245,105,0,1,Houston,SMU,Cougars,Mustangs,4,3,27,11,16,1436,Houston,1724,524,0,Substitution: Jamal Shead in for Kyler Edwards.,NA,FALSE,FALSE,NA,NA,NA,NA,NA,NA,1,NA,NA,NA,NA,Ramon Walker Jr.,J'Wan Roberts,Jamal Shead,Josh Carlton,Taze Moore,Stefan Todorovic,Kendric Davis,Marcus Weathers,Michael Weathers,Emmanuel Bandoumel
2021-22,2022-02-27,2397245,106,0,1,Houston,SMU,Cougars,Mustangs,4,3,27,11,16,1605,SMU,1724,524,0,Substitution: Jalen Smith in for Kendric Davis.,NA,FALSE,FALSE,NA,NA,NA,NA,NA,NA,1,NA,NA,NA,NA,Ramon Walker Jr.,J'Wan Roberts,Jamal Shead,Josh Carlton,Taze Moore,Stefan Todorovic,Jalen Smith,Marcus Weathers,Michael Weathers,Emmanuel Bandoumel
2021-22,2022-02-27,2397245,107,0,1,Houston,SMU,Cougars,Mustangs,4,3,27,12,15,1605,SMU,1724,524,0,Stefan Todorovic makes free throw 2 of 2.,made,TRUE,FALSE,NA,NA,NA,NA,NA,NA,0,SMU,Houston,40,NA,Ramon Walker Jr.,J'Wan Roberts,Jamal Shead,Josh Carlton,Taze Moore,Stefan Todorovic,Jalen Smith,Marcus Weathers,Michael Weathers,Emmanuel Bandoumel
2021-22,2022-02-27,2397245,108,0,1,Houston,SMU,Cougars,Mustangs,4,3,27,12,15,1436,Houston,1698,498,26,Taze Moore misses a layup.,missed,FALSE,FALSE,Layup Shot,26,6.25,956162,Taze Moore,NA,0,Houston,Houston,41,NA,Ramon Walker Jr.,J'Wan Roberts,Jamal Shead,Josh Carlton,Taze Moore,Stefan Todorovic,Jalen Smith,Marcus Weathers,Michael Weathers,Emmanuel Bandoumel
2021-22,2022-02-27,2397245,109,0,1,Houston,SMU,Cougars,Mustangs,4,3,27,12,15,1605,SMU,1698,498,0,Stefan Todorovic with a defensive rebound.,NA,FALSE,FALSE,NA,NA,NA,NA,NA,NA,0,Houston,SMU,41,NA,Ramon Walker Jr.,J'Wan Roberts,Jamal Shead,Josh Carlton,Taze Moore,Stefan Todorovic,Jalen Smith,Marcus Weathers,Michael Weathers,Emmanuel Bandoumel
2021-22,2022-02-27,2397245,110,0,1,Houston,SMU,Cougars,Mustangs,4,3,27,14,13,1605,SMU,1688,488,10,Marcus Weathers makes a layup. Emmanuel Bandoumel with the assist.,made,FALSE,FALSE,Layup Shot,26,6.25,951209,Marcus Weathers,Emmanuel Bandoumel,0,SMU,Houston,42,NA,Ramon Walker Jr.,J'Wan Roberts,Jamal Shead,Josh Carlton,Taze Moore,Stefan Todorovic,Jalen Smith,Marcus Weathers,Michael Weathers,Emmanuel Bandoumel
2021-22,2022-02-27,2397245,111,0,1,Houston,SMU,Cougars,Mustangs,4,3,27,14,13,1436,Houston,1661,461,27,Jamal Shead misses a 3-point jump shot from 25 feet out.,missed,FALSE,TRUE,Jump Shot,42.6,22.549999999999997,1231795,Jamal Shead,NA,0,Houston,Houston,43,NA,Ramon Walker Jr.,J'Wan Roberts,Jamal Shead,Josh Carlton,Taze Moore,Stefan Todorovic,Jalen Smith,Marcus Weathers,Michael Weathers,Emmanuel Bandoumel
2021-22,2022-02-27,2397245,112,0,1,Houston,SMU,Cougars,Mustangs,4,3,27,14,13,1436,Houston,1661,461,0,Josh Carlton with an offensive rebound.,NA,FALSE,FALSE,NA,NA,NA,NA,NA,NA,0,Houston,Houston,43,NA,Ramon Walker Jr.,J'Wan Roberts,Jamal Shead,Josh Carlton,Taze Moore,Stefan Todorovic,Jalen Smith,Marcus Weathers,Michael Weathers,Emmanuel Bandoumel
2021-22,2022-02-27,2397245,113,0,1,Houston,SMU,Cougars,Mustangs,4,3,27,14,13,1436,Houston,1646,446,15,Taze Moore misses a layup.,missed,FALSE,FALSE,Layup Shot,26,6.25,956162,Taze Moore,NA,0,Houston,Houston,43,NA,Ramon Walker Jr.,J'Wan Roberts,Jamal Shead,Josh Carlton,Taze Moore,Stefan Todorovic,Jalen Smith,Marcus Weathers,Michael Weathers,Emmanuel Bandoumel
2021-22,2022-02-27,2397245,114,0,1,Houston,SMU,Cougars,Mustangs,4,3,27,14,13,1605,SMU,1646,446,0,Marcus Weathers with a defensive rebound.,NA,FALSE,FALSE,NA,NA,NA,NA,NA,NA,0,Houston,SMU,43,NA,Ramon Walker Jr.,J'Wan Roberts,Jamal Shead,Josh Carlton,Taze Moore,Stefan Todorovic,Jalen Smith,Marcus Weathers,Michael Weathers,Emmanuel Bandoumel
2021-22,2022-02-27,2397245,115,0,1,Houston,SMU,Cougars,Mustangs,4,3,27,14,13,1605,SMU,1629,429,17,Stefan Todorovic misses a 3-point jump shot from 22 feet out.,missed,FALSE,TRUE,Jump Shot,3,3.25,1327744,Stefan Todorovic,NA,0,SMU,SMU,44,NA,Ramon Walker Jr.,J'Wan Roberts,Jamal Shead,Josh Carlton,Taze Moore,Stefan Todorovic,Jalen Smith,Marcus Weathers,Michael Weathers,Emmanuel Bandoumel
2021-22,2022-02-27,2397245,116,0,1,Houston,SMU,Cougars,Mustangs,4,3,27,14,13,1436,Houston,1629,429,0,Ramon Walker Jr. with a defensive rebound.,NA,FALSE,FALSE,NA,NA,NA,NA,NA,NA,0,SMU,Houston,44,NA,Ramon Walker Jr.,J'Wan Roberts,Jamal Shead,Josh Carlton,Taze Moore,Stefan Todorovic,Jalen Smith,Marcus Weathers,Michael Weathers,Emmanuel Bandoumel
2021-22,2022-02-27,2397245,117,0,1,Houston,SMU,Cougars,Mustangs,4,3,27,14,13,1605,SMU,1627,427,2,Personal foul committed by Marcus Weathers.,NA,FALSE,FALSE,NA,NA,NA,NA,NA,NA,0,Houston,Houston,45,NA,Ramon Walker Jr.,J'Wan Roberts,Jamal Shead,Josh Carlton,Taze Moore,Stefan Todorovic,Jalen Smith,Marcus Weathers,Michael Weathers,Emmanuel Bandoumel
2021-22,2022-02-27,2397245,118,0,1,Houston,SMU,Cougars,Mustangs,4,3,27,14,13,NA,NA,1627,427,0,Official's timeout.,NA,FALSE,FALSE,NA,NA,NA,NA,NA,NA,0,NA,NA,NA,NA,Ramon Walker Jr.,J'Wan Roberts,Jamal Shead,Josh Carlton,Taze Moore,Stefan Todorovic,Jalen Smith,Marcus Weathers,Michael Weathers,Emmanuel Bandoumel
2021-22,2022-02-27,2397245,119,0,1,Houston,SMU,Cougars,Mustangs,4,3,27,14,13,1436,Houston,1627,427,0,Substitution: Fabian White Jr. in for J'Wan Roberts.,NA,FALSE,FALSE,NA,NA,NA,NA,NA,NA,1,NA,NA,NA,NA,Ramon Walker Jr.,Fabian White Jr.,Jamal Shead,Josh Carlton,Taze Moore,Stefan Todorovic,Jalen Smith,Marcus Weathers,Michael Weathers,Emmanuel Bandoumel
2021-22,2022-02-27,2397245,120,0,1,Houston,SMU,Cougars,Mustangs,4,3,27,14,13,1605,SMU,1627,427,0,Substitution: Kendric Davis in for Michael Weathers.,NA,FALSE,FALSE,NA,NA,NA,NA,NA,NA,1,NA,NA,NA,NA,Ramon Walker Jr.,Fabian White Jr.,Jamal Shead,Josh Carlton,Taze Moore,Stefan Todorovic,Jalen Smith,Marcus Weathers,Kendric Davis,Emmanuel Bandoumel
2021-22,2022-02-27,2397245,121,0,1,Houston,SMU,Cougars,Mustangs,4,3,29,14,15,1436,Houston,1608,408,19,Fabian White Jr. makes a layup. Taze Moore with the assist.,made,FALSE,FALSE,Layup Shot,25,5.25,1067641,Fabian White Jr.,Taze Moore,0,Houston,SMU,45,NA,Ramon Walker Jr.,Fabian White Jr.,Jamal Shead,Josh Carlton,Taze Moore,Stefan Todorovic,Jalen Smith,Marcus Weathers,Kendric Davis,Emmanuel Bandoumel
2021-22,2022-02-27,2397245,122,0,1,Houston,SMU,Cougars,Mustangs,4,3,29,14,15,1605,SMU,1584,384,24,Fabian White Jr. blocks a Marcus Weathers layup.,missed,FALSE,FALSE,Layup Shot,26,6.25,951209,Marcus Weathers,NA,0,SMU,SMU,46,NA,Ramon Walker Jr.,Fabian White Jr.,Jamal Shead,Josh Carlton,Taze Moore,Stefan Todorovic,Jalen Smith,Marcus Weathers,Kendric Davis,Emmanuel Bandoumel
2021-22,2022-02-27,2397245,123,0,1,Houston,SMU,Cougars,Mustangs,4,3,29,14,15,1436,Houston,1584,384,0,Ramon Walker Jr. with a defensive rebound.,NA,FALSE,FALSE,NA,NA,NA,NA,NA,NA,0,SMU,Houston,46,NA,Ramon Walker Jr.,Fabian White Jr.,Jamal Shead,Josh Carlton,Taze Moore,Stefan Todorovic,Jalen Smith,Marcus Weathers,Kendric Davis,Emmanuel Bandoumel
2021-22,2022-02-27,2397245,124,0,1,Houston,SMU,Cougars,Mustangs,4,3,29,14,15,1436,Houston,1576,376,8,Jamal Shead misses a 3-point jump shot from 22 feet out.,missed,FALSE,TRUE,Jump Shot,47.4,4.650000000000006,1231795,Jamal Shead,NA,0,Houston,Houston,47,NA,Ramon Walker Jr.,Fabian White Jr.,Jamal Shead,Josh Carlton,Taze Moore,Stefan Todorovic,Jalen Smith,Marcus Weathers,Kendric Davis,Emmanuel Bandoumel
2021-22,2022-02-27,2397245,125,0,1,Houston,SMU,Cougars,Mustangs,4,3,29,14,15,1605,SMU,1576,376,0,Emmanuel Bandoumel with a defensive rebound.,NA,FALSE,FALSE,NA,NA,NA,NA,NA,NA,0,Houston,SMU,47,NA,Ramon Walker Jr.,Fabian White Jr.,Jamal Shead,Josh Carlton,Taze Moore,Stefan Todorovic,Jalen Smith,Marcus Weathers,Kendric Davis,Emmanuel Bandoumel
2021-22,2022-02-27,2397245,126,0,1,Houston,SMU,Cougars,Mustangs,4,3,29,14,15,1605,SMU,1566,366,10,Kendric Davis misses a 3-point jump shot from 25 feet out.,missed,FALSE,TRUE,Jump Shot,29.7,29.35,1132851,Kendric Davis,NA,0,SMU,Houston,48,NA,Ramon Walker Jr.,Fabian White Jr.,Jamal Shead,Josh Carlton,Taze Moore,Stefan Todorovic,Jalen Smith,Marcus Weathers,Kendric Davis,Emmanuel Bandoumel
2021-22,2022-02-27,2397245,128,0,1,Houston,SMU,Cougars,Mustangs,4,3,29,14,15,1436,Houston,1555,355,11,Taze Moore with a turnover - Bad Pass,NA,FALSE,FALSE,NA,NA,NA,NA,NA,NA,0,Houston,SMU,49,NA,Ramon Walker Jr.,Fabian White Jr.,Jamal Shead,Josh Carlton,Taze Moore,Stefan Todorovic,Jalen Smith,Marcus Weathers,Kendric Davis,Emmanuel Bandoumel
2021-22,2022-02-27,2397245,129,0,1,Houston,SMU,Cougars,Mustangs,4,3,29,14,15,1436,Houston,1535,335,20,Shooting foul committed by Josh Carlton.,NA,FALSE,FALSE,NA,NA,NA,NA,NA,NA,0,SMU,SMU,50,NA,Ramon Walker Jr.,Fabian White Jr.,Jamal Shead,Josh Carlton,Taze Moore,Stefan Todorovic,Jalen Smith,Marcus Weathers,Kendric Davis,Emmanuel Bandoumel
2021-22,2022-02-27,2397245,130,0,1,Houston,SMU,Cougars,Mustangs,4,3,29,14,15,1605,SMU,1535,335,0,Marcus Weathers misses free throw 1 of 2.,missed,TRUE,FALSE,NA,NA,NA,NA,NA,NA,0,SMU,SMU,50,NA,Ramon Walker Jr.,Fabian White Jr.,Jamal Shead,Josh Carlton,Taze Moore,Stefan Todorovic,Jalen Smith,Marcus Weathers,Kendric Davis,Emmanuel Bandoumel
2021-22,2022-02-27,2397245,132,0,1,Houston,SMU,Cougars,Mustangs,4,3,29,14,15,1436,Houston,1535,335,0,Substitution: Reggie Chaney in for Josh Carlton.,NA,FALSE,FALSE,NA,NA,NA,NA,NA,NA,1,NA,NA,NA,NA,Ramon Walker Jr.,Fabian White Jr.,Jamal Shead,Reggie Chaney,Taze Moore,Stefan Todorovic,Jalen Smith,Marcus Weathers,Kendric Davis,Emmanuel Bandoumel
2021-22,2022-02-27,2397245,133,0,1,Houston,SMU,Cougars,Mustangs,4,3,29,14,15,1605,SMU,1535,335,0,Substitution: Zach Nutall in for Stefan Todorovic.,NA,FALSE,FALSE,NA,NA,NA,NA,NA,NA,1,NA,NA,NA,NA,Ramon Walker Jr.,Fabian White Jr.,Jamal Shead,Reggie Chaney,Taze Moore,Zach Nutall,Jalen Smith,Marcus Weathers,Kendric Davis,Emmanuel Bandoumel
2021-22,2022-02-27,2397245,134,0,1,Houston,SMU,Cougars,Mustangs,4,3,29,14,15,1605,SMU,1535,335,0,Marcus Weathers misses free throw 2 of 2.,missed,TRUE,FALSE,NA,NA,NA,NA,NA,NA,0,SMU,SMU,50,NA,Ramon Walker Jr.,Fabian White Jr.,Jamal Shead,Reggie Chaney,Taze Moore,Zach Nutall,Jalen Smith,Marcus Weathers,Kendric Davis,Emmanuel Bandoumel
2021-22,2022-02-27,2397245,135,0,1,Houston,SMU,Cougars,Mustangs,4,3,29,14,15,1436,Houston,1535,335,0,Ramon Walker Jr. with a defensive rebound.,NA,FALSE,FALSE,NA,NA,NA,NA,NA,NA,0,SMU,Houston,50,NA,Ramon Walker Jr.,Fabian White Jr.,Jamal Shead,Reggie Chaney,Taze Moore,Zach Nutall,Jalen Smith,Marcus Weathers,Kendric Davis,Emmanuel Bandoumel
2021-22,2022-02-27,2397245,136,0,1,Houston,SMU,Cougars,Mustangs,4,3,29,14,15,1436,Houston,1507,307,28,Fabian White Jr. misses a 3-point jump shot from 23 feet out.,missed,FALSE,TRUE,Jump Shot,2.299999999999997,4.450000000000003,1067641,Fabian White Jr.,NA,0,Houston,Houston,51,NA,Ramon Walker Jr.,Fabian White Jr.,Jamal Shead,Reggie Chaney,Taze Moore,Zach Nutall,Jalen Smith,Marcus Weathers,Kendric Davis,Emmanuel Bandoumel
2021-22,2022-02-27,2397245,137,0,1,Houston,SMU,Cougars,Mustangs,4,3,29,14,15,1436,Houston,1507,307,0,Ramon Walker Jr. with an offensive rebound.,NA,FALSE,FALSE,NA,NA,NA,NA,NA,NA,0,Houston,Houston,51,NA,Ramon Walker Jr.,Fabian White Jr.,Jamal Shead,Reggie Chaney,Taze Moore,Zach Nutall,Jalen Smith,Marcus Weathers,Kendric Davis,Emmanuel Bandoumel
2021-22,2022-02-27,2397245,138,0,1,Houston,SMU,Cougars,Mustangs,4,3,29,14,15,1436,Houston,1493,293,14,Jamal Shead misses a jump shot from 9 feet out.,missed,FALSE,FALSE,Jump Shot,19.3,12.25,1231795,Jamal Shead,NA,0,Houston,Houston,51,NA,Ramon Walker Jr.,Fabian White Jr.,Jamal Shead,Reggie Chaney,Taze Moore,Zach Nutall,Jalen Smith,Marcus Weathers,Kendric Davis,Emmanuel Bandoumel
2021-22,2022-02-27,2397245,140,0,1,Houston,SMU,Cougars,Mustangs,4,3,31,14,17,1436,Houston,1484,284,9,Taze Moore makes a jump shot from 12 feet out.,made,FALSE,FALSE,Jump Shot,13.899999999999999,9.950000000000003,956162,Taze Moore,NA,0,Houston,SMU,51,NA,Ramon Walker Jr.,Fabian White Jr.,Jamal Shead,Reggie Chaney,Taze Moore,Zach Nutall,Jalen Smith,Marcus Weathers,Kendric Davis,Emmanuel Bandoumel
2021-22,2022-02-27,2397245,141,0,1,Houston,SMU,Cougars,Mustangs,4,3,31,14,17,1605,SMU,1467,267,17,Emmanuel Bandoumel misses a layup.,missed,FALSE,FALSE,Layup Shot,26,6.25,1182376,Emmanuel Bandoumel,NA,0,SMU,SMU,52,NA,Ramon Walker Jr.,Fabian White Jr.,Jamal Shead,Reggie Chaney,Taze Moore,Zach Nutall,Jalen Smith,Marcus Weathers,Kendric Davis,Emmanuel Bandoumel
2021-22,2022-02-27,2397245,142,0,1,Houston,SMU,Cougars,Mustangs,4,3,31,14,17,1436,Houston,1467,267,0,Jamal Shead with a defensive rebound.,NA,FALSE,FALSE,NA,NA,NA,NA,NA,NA,0,SMU,Houston,52,NA,Ramon Walker Jr.,Fabian White Jr.,Jamal Shead,Reggie Chaney,Taze Moore,Zach Nutall,Jalen Smith,Marcus Weathers,Kendric Davis,Emmanuel Bandoumel
2021-22,2022-02-27,2397245,143,0,1,Houston,SMU,Cougars,Mustangs,4,3,31,14,17,1436,Houston,1459,259,8,Jamal Shead with a turnover - Bad Pass,NA,FALSE,FALSE,NA,NA,NA,NA,NA,NA,0,Houston,SMU,53,NA,Ramon Walker Jr.,Fabian White Jr.,Jamal Shead,Reggie Chaney,Taze Moore,Zach Nutall,Jalen Smith,Marcus Weathers,Kendric Davis,Emmanuel Bandoumel
2021-22,2022-02-27,2397245,144,0,1,Houston,SMU,Cougars,Mustangs,4,3,31,14,17,1605,SMU,1438,238,21,Zach Nutall misses a 3-point jump shot from 25 feet out.,missed,FALSE,TRUE,Jump Shot,39,25.95,1138020,Zach Nutall,NA,0,SMU,SMU,54,NA,Ramon Walker Jr.,Fabian White Jr.,Jamal Shead,Reggie Chaney,Taze Moore,Zach Nutall,Jalen Smith,Marcus Weathers,Kendric Davis,Emmanuel Bandoumel
2021-22,2022-02-27,2397245,145,0,1,Houston,SMU,Cougars,Mustangs,4,3,31,14,17,1436,Houston,1438,238,0,Ramon Walker Jr. with a defensive rebound.,NA,FALSE,FALSE,NA,NA,NA,NA,NA,NA,0,SMU,Houston,54,NA,Ramon Walker Jr.,Fabian White Jr.,Jamal Shead,Reggie Chaney,Taze Moore,Zach Nutall,Jalen Smith,Marcus Weathers,Kendric Davis,Emmanuel Bandoumel
2021-22,2022-02-27,2397245,146,0,1,Houston,SMU,Cougars,Mustangs,4,3,31,14,17,1436,Houston,1418,218,20,Fabian White Jr. misses a jump shot from 5 feet out.,missed,FALSE,FALSE,Jump Shot,19.8,6.650000000000006,1067641,Fabian White Jr.,NA,0,Houston,Houston,55,NA,Ramon Walker Jr.,Fabian White Jr.,Jamal Shead,Reggie Chaney,Taze Moore,Zach Nutall,Jalen Smith,Marcus Weathers,Kendric Davis,Emmanuel Bandoumel
2021-22,2022-02-27,2397245,147,0,1,Houston,SMU,Cougars,Mustangs,4,3,31,14,17,1436,Houston,1418,218,0,Fabian White Jr. with an offensive rebound.,NA,FALSE,FALSE,NA,NA,NA,NA,NA,NA,0,Houston,Houston,55,NA,Ramon Walker Jr.,Fabian White Jr.,Jamal Shead,Reggie Chaney,Taze Moore,Zach Nutall,Jalen Smith,Marcus Weathers,Kendric Davis,Emmanuel Bandoumel
2021-22,2022-02-27,2397245,148,0,1,Houston,SMU,Cougars,Mustangs,4,3,33,14,19,1436,Houston,1415,215,3,Fabian White Jr. makes a hook shot from 5 feet out.,made,FALSE,FALSE,Hook Shot,22.9,9.25,1067641,Fabian White Jr.,NA,0,Houston,SMU,55,NA,Ramon Walker Jr.,Fabian White Jr.,Jamal Shead,Reggie Chaney,Taze Moore,Zach Nutall,Jalen Smith,Marcus Weathers,Kendric Davis,Emmanuel Bandoumel
2021-22,2022-02-27,2397245,149,0,1,Houston,SMU,Cougars,Mustangs,4,3,33,16,17,1605,SMU,1398,198,17,Kendric Davis makes a layup.,made,FALSE,FALSE,Layup Shot,26,6.25,1132851,Kendric Davis,NA,0,SMU,Houston,56,NA,Ramon Walker Jr.,Fabian White Jr.,Jamal Shead,Reggie Chaney,Taze Moore,Zach Nutall,Jalen Smith,Marcus Weathers,Kendric Davis,Emmanuel Bandoumel
2021-22,2022-02-27,2397245,150,0,1,Houston,SMU,Cougars,Mustangs,4,3,33,16,17,NA,NA,1398,198,0,Official's timeout.,NA,FALSE,FALSE,NA,NA,NA,NA,NA,NA,0,NA,NA,NA,NA,Ramon Walker Jr.,Fabian White Jr.,Jamal Shead,Reggie Chaney,Taze Moore,Zach Nutall,Jalen Smith,Marcus Weathers,Kendric Davis,Emmanuel Bandoumel
2021-22,2022-02-27,2397245,151,0,1,Houston,SMU,Cougars,Mustangs,4,3,33,16,17,1605,SMU,1398,198,0,Substitution: Michael Weathers in for Jalen Smith.,NA,FALSE,FALSE,NA,NA,NA,NA,NA,NA,1,NA,NA,NA,NA,Ramon Walker Jr.,Fabian White Jr.,Jamal Shead,Reggie Chaney,Taze Moore,Zach Nutall,Michael Weathers,Marcus Weathers,Kendric Davis,Emmanuel Bandoumel
2021-22,2022-02-27,2397245,152,0,1,Houston,SMU,Cougars,Mustangs,4,3,33,16,17,1436,Houston,1373,173,25,Fabian White Jr. misses a 3-point jump shot from 26 feet out.,missed,FALSE,TRUE,Jump Shot,34.9,29.150000000000006,1067641,Fabian White Jr.,NA,0,Houston,Houston,57,NA,Ramon Walker Jr.,Fabian White Jr.,Jamal Shead,Reggie Chaney,Taze Moore,Zach Nutall,Michael Weathers,Marcus Weathers,Kendric Davis,Emmanuel Bandoumel
2021-22,2022-02-27,2397245,153,0,1,Houston,SMU,Cougars,Mustangs,4,3,33,16,17,1605,SMU,1373,173,0,Zach Nutall with a defensive rebound.,NA,FALSE,FALSE,NA,NA,NA,NA,NA,NA,0,Houston,SMU,57,NA,Ramon Walker Jr.,Fabian White Jr.,Jamal Shead,Reggie Chaney,Taze Moore,Zach Nutall,Michael Weathers,Marcus Weathers,Kendric Davis,Emmanuel Bandoumel
2021-22,2022-02-27,2397245,154,0,1,Houston,SMU,Cougars,Mustangs,4,3,33,16,17,1605,SMU,1349,149,24,Offensive foul committed by Michael Weathers.,NA,FALSE,FALSE,NA,NA,NA,NA,NA,NA,0,SMU,SMU,58,NA,Ramon Walker Jr.,Fabian White Jr.,Jamal Shead,Reggie Chaney,Taze Moore,Zach Nutall,Michael Weathers,Marcus Weathers,Kendric Davis,Emmanuel Bandoumel
2021-22,2022-02-27,2397245,155,0,1,Houston,SMU,Cougars,Mustangs,4,3,33,16,17,1605,SMU,1349,149,0,Michael Weathers with a turnover,NA,FALSE,FALSE,NA,NA,NA,NA,NA,NA,0,SMU,Houston,58,NA,Ramon Walker Jr.,Fabian White Jr.,Jamal Shead,Reggie Chaney,Taze Moore,Zach Nutall,Michael Weathers,Marcus Weathers,Kendric Davis,Emmanuel Bandoumel
2021-22,2022-02-27,2397245,156,0,1,Houston,SMU,Cougars,Mustangs,4,3,33,16,17,1605,SMU,1349,149,0,Substitution: Stefan Todorovic in for Michael Weathers.,NA,FALSE,FALSE,NA,NA,NA,NA,NA,NA,1,NA,NA,NA,NA,Ramon Walker Jr.,Fabian White Jr.,Jamal Shead,Reggie Chaney,Taze Moore,Zach Nutall,Stefan Todorovic,Marcus Weathers,Kendric Davis,Emmanuel Bandoumel
2021-22,2022-02-27,2397245,157,0,1,Houston,SMU,Cougars,Mustangs,4,3,33,16,17,1436,Houston,1323,123,26,Taze Moore misses a jump shot from 18 feet out.,missed,FALSE,FALSE,Jump Shot,34.1,20.25,956162,Taze Moore,NA,0,Houston,Houston,59,NA,Ramon Walker Jr.,Fabian White Jr.,Jamal Shead,Reggie Chaney,Taze Moore,Zach Nutall,Stefan Todorovic,Marcus Weathers,Kendric Davis,Emmanuel Bandoumel
2021-22,2022-02-27,2397245,158,0,1,Houston,SMU,Cougars,Mustangs,4,3,33,16,17,1436,Houston,1323,123,0,Ramon Walker Jr. with an offensive rebound.,NA,FALSE,FALSE,NA,NA,NA,NA,NA,NA,0,Houston,Houston,59,NA,Ramon Walker Jr.,Fabian White Jr.,Jamal Shead,Reggie Chaney,Taze Moore,Zach Nutall,Stefan Todorovic,Marcus Weathers,Kendric Davis,Emmanuel Bandoumel
2021-22,2022-02-27,2397245,159,0,1,Houston,SMU,Cougars,Mustangs,4,3,35,16,19,1436,Houston,1318,118,5,Jamal Shead makes a layup.,made,FALSE,FALSE,Layup Shot,26,6.25,1231795,Jamal Shead,NA,0,Houston,SMU,59,NA,Ramon Walker Jr.,Fabian White Jr.,Jamal Shead,Reggie Chaney,Taze Moore,Zach Nutall,Stefan Todorovic,Marcus Weathers,Kendric Davis,Emmanuel Bandoumel
2021-22,2022-02-27,2397245,160,0,1,Houston,SMU,Cougars,Mustangs,4,3,35,16,19,1605,SMU,1306,106,12,Reggie Chaney steals the ball from Marcus Weathers.,NA,FALSE,FALSE,NA,NA,NA,NA,NA,NA,0,SMU,Houston,60,NA,Ramon Walker Jr.,Fabian White Jr.,Jamal Shead,Reggie Chaney,Taze Moore,Zach Nutall,Stefan Todorovic,Marcus Weathers,Kendric Davis,Emmanuel Bandoumel
2021-22,2022-02-27,2397245,161,0,1,Houston,SMU,Cougars,Mustangs,4,3,35,16,19,1436,Houston,1284,84,22,Taze Moore misses a jump shot from 11 feet out.,missed,FALSE,FALSE,Jump Shot,21.2,15.150000000000006,956162,Taze Moore,NA,0,Houston,Houston,61,NA,Ramon Walker Jr.,Fabian White Jr.,Jamal Shead,Reggie Chaney,Taze Moore,Zach Nutall,Stefan Todorovic,Marcus Weathers,Kendric Davis,Emmanuel Bandoumel
2021-22,2022-02-27,2397245,162,0,1,Houston,SMU,Cougars,Mustangs,4,3,35,16,19,1436,Houston,1284,84,0,Reggie Chaney with an offensive rebound.,NA,FALSE,FALSE,NA,NA,NA,NA,NA,NA,0,Houston,Houston,61,NA,Ramon Walker Jr.,Fabian White Jr.,Jamal Shead,Reggie Chaney,Taze Moore,Zach Nutall,Stefan Todorovic,Marcus Weathers,Kendric Davis,Emmanuel Bandoumel
2021-22,2022-02-27,2397245,163,0,1,Houston,SMU,Cougars,Mustangs,4,3,35,16,19,1436,Houston,1284,84,0,Reggie Chaney misses a tip shot from 4 feet out.,missed,FALSE,FALSE,Tip Shot,25.3,9.450000000000003,1134025,Reggie Chaney,NA,0,Houston,SMU,61,NA,Ramon Walker Jr.,Fabian White Jr.,Jamal Shead,Reggie Chaney,Taze Moore,Zach Nutall,Stefan Todorovic,Marcus Weathers,Kendric Davis,Emmanuel Bandoumel
2021-22,2022-02-27,2397245,165,0,1,Houston,SMU,Cougars,Mustangs,4,3,35,18,17,1605,SMU,1277,77,7,Kendric Davis makes a layup.,made,FALSE,FALSE,Layup Shot,26,6.25,1132851,Kendric Davis,NA,0,SMU,SMU,62,NA,Ramon Walker Jr.,Fabian White Jr.,Jamal Shead,Reggie Chaney,Taze Moore,Zach Nutall,Stefan Todorovic,Marcus Weathers,Kendric Davis,Emmanuel Bandoumel
2021-22,2022-02-27,2397245,166,0,1,Houston,SMU,Cougars,Mustangs,4,3,35,18,17,1436,Houston,1277,77,0,Shooting foul committed by Jamal Shead.,NA,FALSE,FALSE,NA,NA,NA,NA,NA,NA,0,SMU,SMU,62,NA,Ramon Walker Jr.,Fabian White Jr.,Jamal Shead,Reggie Chaney,Taze Moore,Zach Nutall,Stefan Todorovic,Marcus Weathers,Kendric Davis,Emmanuel Bandoumel
2021-22,2022-02-27,2397245,167,0,1,Houston,SMU,Cougars,Mustangs,4,3,35,18,17,1436,Houston,1277,77,0,Substitution: J'Wan Roberts in for Reggie Chaney.,NA,FALSE,FALSE,NA,NA,NA,NA,NA,NA,1,NA,NA,NA,NA,Ramon Walker Jr.,Fabian White Jr.,Jamal Shead,J'Wan Roberts,Taze Moore,Zach Nutall,Stefan Todorovic,Marcus Weathers,Kendric Davis,Emmanuel Bandoumel
2021-22,2022-02-27,2397245,168,0,1,Houston,SMU,Cougars,Mustangs,4,3,35,19,16,1605,SMU,1277,77,0,Kendric Davis makes free throw 1 of 1.,made,TRUE,FALSE,NA,NA,NA,NA,NA,NA,0,SMU,Houston,62,NA,Ramon Walker Jr.,Fabian White Jr.,Jamal Shead,J'Wan Roberts,Taze Moore,Zach Nutall,Stefan Todorovic,Marcus Weathers,Kendric Davis,Emmanuel Bandoumel
2021-22,2022-02-27,2397245,169,0,1,Houston,SMU,Cougars,Mustangs,4,3,35,19,16,1436,Houston,1269,69,8,Jamal Shead misses a jump shot from 16 feet out.,missed,FALSE,FALSE,Jump Shot,37.2,16.25,1231795,Jamal Shead,NA,0,Houston,Houston,63,NA,Ramon Walker Jr.,Fabian White Jr.,Jamal Shead,J'Wan Roberts,Taze Moore,Zach Nutall,Stefan Todorovic,Marcus Weathers,Kendric Davis,Emmanuel Bandoumel
2021-22,2022-02-27,2397245,170,0,1,Houston,SMU,Cougars,Mustangs,4,3,35,19,16,1605,SMU,1269,69,0,Stefan Todorovic with a defensive rebound.,NA,FALSE,FALSE,NA,NA,NA,NA,NA,NA,0,Houston,SMU,63,NA,Ramon Walker Jr.,Fabian White Jr.,Jamal Shead,J'Wan Roberts,Taze Moore,Zach Nutall,Stefan Todorovic,Marcus Weathers,Kendric Davis,Emmanuel Bandoumel
2021-22,2022-02-27,2397245,171,0,1,Houston,SMU,Cougars,Mustangs,4,3,35,19,16,1436,Houston,1266,66,3,Technical foul committed by Jamal Shead.,NA,FALSE,FALSE,NA,NA,NA,NA,NA,NA,0,SMU,SMU,64,NA,Ramon Walker Jr.,Fabian White Jr.,Jamal Shead,J'Wan Roberts,Taze Moore,Zach Nutall,Stefan Todorovic,Marcus Weathers,Kendric Davis,Emmanuel Bandoumel
2021-22,2022-02-27,2397245,172,0,1,Houston,SMU,Cougars,Mustangs,4,3,35,19,16,1605,SMU,1266,66,0,Kendric Davis misses free throw technical.,missed,TRUE,FALSE,NA,NA,NA,NA,NA,NA,0,SMU,SMU,64,NA,Ramon Walker Jr.,Fabian White Jr.,Jamal Shead,J'Wan Roberts,Taze Moore,Zach Nutall,Stefan Todorovic,Marcus Weathers,Kendric Davis,Emmanuel Bandoumel
2021-22,2022-02-27,2397245,174,0,1,Houston,SMU,Cougars,Mustangs,4,3,35,20,15,1605,SMU,1266,66,0,Kendric Davis makes free throw technical.,made,TRUE,FALSE,NA,NA,NA,NA,NA,NA,0,SMU,SMU,64,NA,Ramon Walker Jr.,Fabian White Jr.,Jamal Shead,J'Wan Roberts,Taze Moore,Zach Nutall,Stefan Todorovic,Marcus Weathers,Kendric Davis,Emmanuel Bandoumel
2021-22,2022-02-27,2397245,175,0,1,Houston,SMU,Cougars,Mustangs,4,3,35,20,15,1436,Houston,1266,66,0,Substitution: Kyler Edwards in for Jamal Shead.,NA,FALSE,FALSE,NA,NA,NA,NA,NA,NA,1,NA,NA,NA,NA,Ramon Walker Jr.,Fabian White Jr.,Kyler Edwards,J'Wan Roberts,Taze Moore,Zach Nutall,Stefan Todorovic,Marcus Weathers,Kendric Davis,Emmanuel Bandoumel
2021-22,2022-02-27,2397245,176,0,1,Houston,SMU,Cougars,Mustangs,4,3,35,20,15,1436,Houston,1250,50,16,Shooting foul committed by Fabian White Jr..,NA,FALSE,FALSE,NA,NA,NA,NA,NA,NA,0,SMU,SMU,64,NA,Ramon Walker Jr.,Fabian White Jr.,Kyler Edwards,J'Wan Roberts,Taze Moore,Zach Nutall,Stefan Todorovic,Marcus Weathers,Kendric Davis,Emmanuel Bandoumel
2021-22,2022-02-27,2397245,177,0,1,Houston,SMU,Cougars,Mustangs,4,3,35,21,14,1605,SMU,1250,50,0,Emmanuel Bandoumel makes free throw 1 of 2.,made,TRUE,FALSE,NA,NA,NA,NA,NA,NA,0,SMU,SMU,64,NA,Ramon Walker Jr.,Fabian White Jr.,Kyler Edwards,J'Wan Roberts,Taze Moore,Zach Nutall,Stefan Todorovic,Marcus Weathers,Kendric Davis,Emmanuel Bandoumel
2021-22,2022-02-27,2397245,178,0,1,Houston,SMU,Cougars,Mustangs,4,3,35,22,13,1605,SMU,1250,50,0,Emmanuel Bandoumel makes free throw 2 of 2.,made,TRUE,FALSE,NA,NA,NA,NA,NA,NA,0,SMU,Houston,64,NA,Ramon Walker Jr.,Fabian White Jr.,Kyler Edwards,J'Wan Roberts,Taze Moore,Zach Nutall,Stefan Todorovic,Marcus Weathers,Kendric Davis,Emmanuel Bandoumel
2021-22,2022-02-27,2397245,179,0,1,Houston,SMU,Cougars,Mustangs,4,3,37,22,15,1436,Houston,1232,32,18,J'Wan Roberts makes a layup. Kyler Edwards with the assist.,made,FALSE,FALSE,Layup Shot,25,5.25,1175083,J'Wan Roberts,Kyler Edwards,0,Houston,SMU,65,NA,Ramon Walker Jr.,Fabian White Jr.,Kyler Edwards,J'Wan Roberts,Taze Moore,Zach Nutall,Stefan Todorovic,Marcus Weathers,Kendric Davis,Emmanuel Bandoumel
2021-22,2022-02-27,2397245,180,0,1,Houston,SMU,Cougars,Mustangs,4,3,37,22,15,1605,SMU,1200,0,32,J'Wan Roberts blocks a Zach Nutall 3-point jump shot from 24 feet out.,missed,FALSE,TRUE,Jump Shot,4.300000000000001,17.75,1138020,Zach Nutall,NA,0,SMU,SMU,66,NA,Ramon Walker Jr.,Fabian White Jr.,Kyler Edwards,J'Wan Roberts,Taze Moore,Zach Nutall,Stefan Todorovic,Marcus Weathers,Kendric Davis,Emmanuel Bandoumel
2021-22,2022-02-27,2397245,181,0,1,Houston,SMU,Cougars,Mustangs,4,3,37,22,15,1436,Houston,1200,0,0,J'Wan Roberts with a defensive rebound.,NA,FALSE,FALSE,NA,NA,NA,NA,NA,NA,0,SMU,Houston,66,NA,Ramon Walker Jr.,Fabian White Jr.,Kyler Edwards,J'Wan Roberts,Taze Moore,Zach Nutall,Stefan Todorovic,Marcus Weathers,Kendric Davis,Emmanuel Bandoumel
2021-22,2022-02-27,2397245,182,0,1,Houston,SMU,Cougars,Mustangs,4,3,37,22,15,NA,NA,1200,0,0,End of the 1st Half,NA,FALSE,FALSE,NA,NA,NA,NA,NA,NA,0,NA,NA,NA,NA,Ramon Walker Jr.,Fabian White Jr.,Kyler Edwards,J'Wan Roberts,Taze Moore,Zach Nutall,Stefan Todorovic,Marcus Weathers,Kendric Davis,Emmanuel Bandoumel
2021-22,2022-02-27,2397245,183,0,2,Houston,SMU,Cougars,Mustangs,4,4,37,22,15,NA,NA,1200,1200,0,Start of the 2nd Half,NA,FALSE,FALSE,NA,NA,NA,NA,NA,NA,0,NA,SMU,67,NA,Ramon Walker Jr.,Fabian White Jr.,Kyler Edwards,J'Wan Roberts,Taze Moore,Zach Nutall,Stefan Todorovic,Marcus Weathers,Kendric Davis,Emmanuel Bandoumel
2021-22,2022-02-27,2397245,184,0,2,Houston,SMU,Cougars,Mustangs,4,4,37,25,12,1605,SMU,1174,1174,26,Marcus Weathers makes a 3-point jump shot from 25 feet out. Emmanuel Bandoumel with the assist.,made,FALSE,TRUE,Jump Shot,13.2,27.45,951209,Marcus Weathers,Emmanuel Bandoumel,0,SMU,Houston,68,NA,Ramon Walker Jr.,Fabian White Jr.,Kyler Edwards,J'Wan Roberts,Taze Moore,Zach Nutall,Stefan Todorovic,Marcus Weathers,Kendric Davis,Emmanuel Bandoumel
2021-22,2022-02-27,2397245,185,0,2,Houston,SMU,Cougars,Mustangs,4,4,39,25,14,1436,Houston,1157,1157,17,Fabian White Jr. makes a layup. Josh Carlton with the assist.,made,FALSE,FALSE,Layup Shot,25,5.25,1067641,Fabian White Jr.,Josh Carlton,0,Houston,SMU,69,NA,Ramon Walker Jr.,Fabian White Jr.,Kyler Edwards,J'Wan Roberts,Taze Moore,Zach Nutall,Stefan Todorovic,Marcus Weathers,Kendric Davis,Emmanuel Bandoumel
2021-22,2022-02-27,2397245,186,0,2,Houston,SMU,Cougars,Mustangs,4,4,39,25,14,1605,SMU,1139,1139,18,Zach Nutall misses a 3-point jump shot from 24 feet out.,missed,FALSE,TRUE,Jump Shot,47.7,13.45,1138020,Zach Nutall,NA,0,SMU,SMU,70,NA,Ramon Walker Jr.,Fabian White Jr.,Kyler Edwards,J'Wan Roberts,Taze Moore,Zach Nutall,Stefan Todorovic,Marcus Weathers,Kendric Davis,Emmanuel Bandoumel
2021-22,2022-02-27,2397245,187,0,2,Houston,SMU,Cougars,Mustangs,4,4,39,25,14,1436,Houston,1139,1139,0,Kyler Edwards with a defensive rebound.,NA,FALSE,FALSE,NA,NA,NA,NA,NA,NA,0,SMU,Houston,70,NA,Ramon Walker Jr.,Fabian White Jr.,Kyler Edwards,J'Wan Roberts,Taze Moore,Zach Nutall,Stefan Todorovic,Marcus Weathers,Kendric Davis,Emmanuel Bandoumel
2021-22,2022-02-27,2397245,188,0,2,Houston,SMU,Cougars,Mustangs,4,4,39,25,14,1436,Houston,1121,1121,18,Kyler Edwards misses a 3-point jump shot from 25 feet out.,missed,FALSE,TRUE,Jump Shot,25.8,30.15,1139730,Kyler Edwards,NA,0,Houston,Houston,71,NA,Ramon Walker Jr.,Fabian White Jr.,Kyler Edwards,J'Wan Roberts,Taze Moore,Zach Nutall,Stefan Todorovic,Marcus Weathers,Kendric Davis,Emmanuel Bandoumel
2021-22,2022-02-27,2397245,189,0,2,Houston,SMU,Cougars,Mustangs,4,4,39,25,14,1605,SMU,1121,1121,0,Stefan Todorovic with a defensive rebound.,NA,FALSE,FALSE,NA,NA,NA,NA,NA,NA,0,Houston,SMU,71,NA,Ramon Walker Jr.,Fabian White Jr.,Kyler Edwards,J'Wan Roberts,Taze Moore,Zach Nutall,Stefan Todorovic,Marcus Weathers,Kendric Davis,Emmanuel Bandoumel
2021-22,2022-02-27,2397245,190,0,2,Houston,SMU,Cougars,Mustangs,4,4,39,28,11,1605,SMU,1113,1113,8,Marcus Weathers makes a 3-point jump shot from 24 feet out. Kendric Davis with the assist.,made,FALSE,TRUE,Jump Shot,8.600000000000001,22.55,951209,Marcus Weathers,Kendric Davis,0,SMU,Houston,72,NA,Ramon Walker Jr.,Fabian White Jr.,Kyler Edwards,J'Wan Roberts,Taze Moore,Zach Nutall,Stefan Todorovic,Marcus Weathers,Kendric Davis,Emmanuel Bandoumel
2021-22,2022-02-27,2397245,191,0,2,Houston,SMU,Cougars,Mustangs,4,4,41,28,13,1436,Houston,1089,1089,24,Taze Moore makes a layup. Fabian White Jr. with the assist.,made,FALSE,FALSE,Layup Shot,25,5.25,956162,Taze Moore,Fabian White Jr.,0,Houston,SMU,73,NA,Ramon Walker Jr.,Fabian White Jr.,Kyler Edwards,J'Wan Roberts,Taze Moore,Zach Nutall,Stefan Todorovic,Marcus Weathers,Kendric Davis,Emmanuel Bandoumel
2021-22,2022-02-27,2397245,192,0,2,Houston,SMU,Cougars,Mustangs,4,4,41,28,13,1605,SMU,1077,1077,12,Fabian White Jr. blocks a Emmanuel Bandoumel layup.,missed,FALSE,FALSE,Layup Shot,25,5.25,1182376,Emmanuel Bandoumel,NA,0,SMU,SMU,74,NA,Ramon Walker Jr.,Fabian White Jr.,Kyler Edwards,J'Wan Roberts,Taze Moore,Zach Nutall,Stefan Todorovic,Marcus Weathers,Kendric Davis,Emmanuel Bandoumel
2021-22,2022-02-27,2397245,194,0,2,Houston,SMU,Cougars,Mustangs,4,4,41,28,13,1605,SMU,1077,1077,0,Substitution: Michael Weathers in for Zach Nutall.,NA,FALSE,FALSE,NA,NA,NA,NA,NA,NA,1,NA,NA,NA,NA,Ramon Walker Jr.,Fabian White Jr.,Kyler Edwards,J'Wan Roberts,Taze Moore,Michael Weathers,Stefan Todorovic,Marcus Weathers,Kendric Davis,Emmanuel Bandoumel
2021-22,2022-02-27,2397245,195,0,2,Houston,SMU,Cougars,Mustangs,4,4,41,28,13,1436,Houston,1056,1056,21,Shooting foul committed by Kyler Edwards.,NA,FALSE,FALSE,NA,NA,NA,NA,NA,NA,0,SMU,SMU,74,NA,Ramon Walker Jr.,Fabian White Jr.,Kyler Edwards,J'Wan Roberts,Taze Moore,Michael Weathers,Stefan Todorovic,Marcus Weathers,Kendric Davis,Emmanuel Bandoumel
2021-22,2022-02-27,2397245,196,0,2,Houston,SMU,Cougars,Mustangs,4,4,41,29,12,1605,SMU,1056,1056,0,Kendric Davis makes free throw 1 of 2.,made,TRUE,FALSE,NA,NA,NA,NA,NA,NA,0,SMU,SMU,74,NA,Ramon Walker Jr.,Fabian White Jr.,Kyler Edwards,J'Wan Roberts,Taze Moore,Michael Weathers,Stefan Todorovic,Marcus Weathers,Kendric Davis,Emmanuel Bandoumel
2021-22,2022-02-27,2397245,197,0,2,Houston,SMU,Cougars,Mustangs,4,4,41,30,11,1605,SMU,1056,1056,0,Kendric Davis makes free throw 2 of 2.,made,TRUE,FALSE,NA,NA,NA,NA,NA,NA,0,SMU,Houston,74,NA,Ramon Walker Jr.,Fabian White Jr.,Kyler Edwards,J'Wan Roberts,Taze Moore,Michael Weathers,Stefan Todorovic,Marcus Weathers,Kendric Davis,Emmanuel Bandoumel
2021-22,2022-02-27,2397245,198,0,2,Houston,SMU,Cougars,Mustangs,4,4,41,30,11,1605,SMU,1037,1037,19,Shooting foul committed by Marcus Weathers.,NA,FALSE,FALSE,NA,NA,NA,NA,NA,NA,0,Houston,Houston,75,NA,Ramon Walker Jr.,Fabian White Jr.,Kyler Edwards,J'Wan Roberts,Taze Moore,Michael Weathers,Stefan Todorovic,Marcus Weathers,Kendric Davis,Emmanuel Bandoumel
2021-22,2022-02-27,2397245,199,0,2,Houston,SMU,Cougars,Mustangs,4,4,42,30,12,1436,Houston,1037,1037,0,Jamal Shead makes free throw 1 of 2.,made,TRUE,FALSE,NA,NA,NA,NA,NA,NA,0,Houston,Houston,75,NA,Ramon Walker Jr.,Fabian White Jr.,Kyler Edwards,J'Wan Roberts,Taze Moore,Michael Weathers,Stefan Todorovic,Marcus Weathers,Kendric Davis,Emmanuel Bandoumel
2021-22,2022-02-27,2397245,200,0,2,Houston,SMU,Cougars,Mustangs,4,4,43,30,13,1436,Houston,1037,1037,0,Jamal Shead makes free throw 2 of 2.,made,TRUE,FALSE,NA,NA,NA,NA,NA,NA,0,Houston,SMU,75,NA,Ramon Walker Jr.,Fabian White Jr.,Kyler Edwards,J'Wan Roberts,Taze Moore,Michael Weathers,Stefan Todorovic,Marcus Weathers,Kendric Davis,Emmanuel Bandoumel
2021-22,2022-02-27,2397245,201,0,2,Houston,SMU,Cougars,Mustangs,4,4,43,32,11,1605,SMU,1027,1027,10,Kendric Davis makes a layup.,made,FALSE,FALSE,Layup Shot,26,6.25,1132851,Kendric Davis,NA,0,SMU,Houston,76,NA,Ramon Walker Jr.,Fabian White Jr.,Kyler Edwards,J'Wan Roberts,Taze Moore,Michael Weathers,Stefan Todorovic,Marcus Weathers,Kendric Davis,Emmanuel Bandoumel
2021-22,2022-02-27,2397245,202,0,2,Houston,SMU,Cougars,Mustangs,4,4,43,32,11,1436,Houston,1012,1012,15,Fabian White Jr. misses a 3-point jump shot from 24 feet out.,missed,FALSE,TRUE,Jump Shot,48.6,5.349999999999994,1067641,Fabian White Jr.,NA,0,Houston,Houston,77,NA,Ramon Walker Jr.,Fabian White Jr.,Kyler Edwards,J'Wan Roberts,Taze Moore,Michael Weathers,Stefan Todorovic,Marcus Weathers,Kendric Davis,Emmanuel Bandoumel
2021-22,2022-02-27,2397245,203,0,2,Houston,SMU,Cougars,Mustangs,4,4,43,32,11,1605,SMU,1012,1012,0,Emmanuel Bandoumel with a defensive rebound.,NA,FALSE,FALSE,NA,NA,NA,NA,NA,NA,0,Houston,SMU,77,NA,Ramon Walker Jr.,Fabian White Jr.,Kyler Edwards,J'Wan Roberts,Taze Moore,Michael Weathers,Stefan Todorovic,Marcus Weathers,Kendric Davis,Emmanuel Bandoumel
2021-22,2022-02-27,2397245,204,0,2,Houston,SMU,Cougars,Mustangs,4,4,43,32,11,1605,SMU,994,994,18,Emmanuel Bandoumel misses a 3-point jump shot from 25 feet out.,missed,FALSE,TRUE,Jump Shot,43.6,21.35,1182376,Emmanuel Bandoumel,NA,0,SMU,SMU,78,NA,Ramon Walker Jr.,Fabian White Jr.,Kyler Edwards,J'Wan Roberts,Taze Moore,Michael Weathers,Stefan Todorovic,Marcus Weathers,Kendric Davis,Emmanuel Bandoumel
2021-22,2022-02-27,2397245,205,0,2,Houston,SMU,Cougars,Mustangs,4,4,43,32,11,1436,Houston,994,994,0,Fabian White Jr. with a defensive rebound.,NA,FALSE,FALSE,NA,NA,NA,NA,NA,NA,0,SMU,Houston,78,NA,Ramon Walker Jr.,Fabian White Jr.,Kyler Edwards,J'Wan Roberts,Taze Moore,Michael Weathers,Stefan Todorovic,Marcus Weathers,Kendric Davis,Emmanuel Bandoumel
2021-22,2022-02-27,2397245,206,0,2,Houston,SMU,Cougars,Mustangs,4,4,43,32,11,1436,Houston,976,976,18,Jamal Shead misses a layup.,missed,FALSE,FALSE,Layup Shot,25,5.25,1231795,Jamal Shead,NA,0,Houston,Houston,79,NA,Ramon Walker Jr.,Fabian White Jr.,Kyler Edwards,J'Wan Roberts,Taze Moore,Michael Weathers,Stefan Todorovic,Marcus Weathers,Kendric Davis,Emmanuel Bandoumel
2021-22,2022-02-27,2397245,207,0,2,Houston,SMU,Cougars,Mustangs,4,4,43,32,11,1605,SMU,976,976,0,Stefan Todorovic with a defensive rebound.,NA,FALSE,FALSE,NA,NA,NA,NA,NA,NA,0,Houston,SMU,79,NA,Ramon Walker Jr.,Fabian White Jr.,Kyler Edwards,J'Wan Roberts,Taze Moore,Michael Weathers,Stefan Todorovic,Marcus Weathers,Kendric Davis,Emmanuel Bandoumel
2021-22,2022-02-27,2397245,208,0,2,Houston,SMU,Cougars,Mustangs,4,4,43,32,11,1436,Houston,976,976,0,Personal foul committed by Josh Carlton.,NA,FALSE,FALSE,NA,NA,NA,NA,NA,NA,0,SMU,SMU,80,NA,Ramon Walker Jr.,Fabian White Jr.,Kyler Edwards,J'Wan Roberts,Taze Moore,Michael Weathers,Stefan Todorovic,Marcus Weathers,Kendric Davis,Emmanuel Bandoumel
2021-22,2022-02-27,2397245,209,0,2,Houston,SMU,Cougars,Mustangs,4,4,43,35,8,1605,SMU,964,964,12,Emmanuel Bandoumel makes a 3-point jump shot from 25 feet out. Marcus Weathers with the assist.,made,FALSE,TRUE,Jump Shot,42.8,22.65,1182376,Emmanuel Bandoumel,Marcus Weathers,0,SMU,Houston,80,NA,Ramon Walker Jr.,Fabian White Jr.,Kyler Edwards,J'Wan Roberts,Taze Moore,Michael Weathers,Stefan Todorovic,Marcus Weathers,Kendric Davis,Emmanuel Bandoumel
2021-22,2022-02-27,2397245,210,0,2,Houston,SMU,Cougars,Mustangs,4,4,43,35,8,1605,SMU,942,942,22,Shooting foul committed by Kendric Davis.,NA,FALSE,FALSE,NA,NA,NA,NA,NA,NA,0,Houston,Houston,81,NA,Ramon Walker Jr.,Fabian White Jr.,Kyler Edwards,J'Wan Roberts,Taze Moore,Michael Weathers,Stefan Todorovic,Marcus Weathers,Kendric Davis,Emmanuel Bandoumel
2021-22,2022-02-27,2397245,211,0,2,Houston,SMU,Cougars,Mustangs,4,4,43,35,8,NA,NA,942,942,0,Official's timeout.,NA,FALSE,FALSE,NA,NA,NA,NA,NA,NA,0,NA,NA,NA,NA,Ramon Walker Jr.,Fabian White Jr.,Kyler Edwards,J'Wan Roberts,Taze Moore,Michael Weathers,Stefan Todorovic,Marcus Weathers,Kendric Davis,Emmanuel Bandoumel
2021-22,2022-02-27,2397245,212,0,2,Houston,SMU,Cougars,Mustangs,4,4,43,35,8,1436,Houston,942,942,0,Substitution: Ramon Walker Jr. in for Jamal Shead.,NA,FALSE,FALSE,NA,NA,NA,NA,NA,NA,1,NA,NA,NA,Sub already in game,Ramon Walker Jr.,Fabian White Jr.,Kyler Edwards,J'Wan Roberts,Taze Moore,Michael Weathers,Stefan Todorovic,Marcus Weathers,Kendric Davis,Emmanuel Bandoumel
2021-22,2022-02-27,2397245,213,0,2,Houston,SMU,Cougars,Mustangs,4,4,44,35,9,1436,Houston,942,942,0,Josh Carlton makes free throw 1 of 2.,made,TRUE,FALSE,NA,NA,NA,NA,NA,NA,0,Houston,Houston,81,NA,Ramon Walker Jr.,Fabian White Jr.,Kyler Edwards,J'Wan Roberts,Taze Moore,Michael Weathers,Stefan Todorovic,Marcus Weathers,Kendric Davis,Emmanuel Bandoumel
2021-22,2022-02-27,2397245,214,0,2,Houston,SMU,Cougars,Mustangs,4,4,44,35,9,1436,Houston,942,942,0,Josh Carlton misses free throw 2 of 2.,missed,TRUE,FALSE,NA,NA,NA,NA,NA,NA,0,Houston,Houston,81,NA,Ramon Walker Jr.,Fabian White Jr.,Kyler Edwards,J'Wan Roberts,Taze Moore,Michael Weathers,Stefan Todorovic,Marcus Weathers,Kendric Davis,Emmanuel Bandoumel
2021-22,2022-02-27,2397245,215,0,2,Houston,SMU,Cougars,Mustangs,4,4,44,35,9,1605,SMU,942,942,0,Marcus Weathers with a defensive rebound.,NA,FALSE,FALSE,NA,NA,NA,NA,NA,NA,0,Houston,SMU,81,NA,Ramon Walker Jr.,Fabian White Jr.,Kyler Edwards,J'Wan Roberts,Taze Moore,Michael Weathers,Stefan Todorovic,Marcus Weathers,Kendric Davis,Emmanuel Bandoumel
2021-22,2022-02-27,2397245,216,0,2,Houston,SMU,Cougars,Mustangs,4,4,44,35,9,1605,SMU,920,920,22,Michael Weathers misses a 3-point jump shot from 23 feet out.,missed,FALSE,TRUE,Jump Shot,2.3000000000000007,4.65,951207,Michael Weathers,NA,0,SMU,SMU,82,NA,Ramon Walker Jr.,Fabian White Jr.,Kyler Edwards,J'Wan Roberts,Taze Moore,Michael Weathers,Stefan Todorovic,Marcus Weathers,Kendric Davis,Emmanuel Bandoumel
2021-22,2022-02-27,2397245,217,0,2,Houston,SMU,Cougars,Mustangs,4,4,44,35,9,1436,Houston,920,920,0,Josh Carlton with a defensive rebound.,NA,FALSE,FALSE,NA,NA,NA,NA,NA,NA,0,SMU,Houston,82,NA,Ramon Walker Jr.,Fabian White Jr.,Kyler Edwards,J'Wan Roberts,Taze Moore,Michael Weathers,Stefan Todorovic,Marcus Weathers,Kendric Davis,Emmanuel Bandoumel
2021-22,2022-02-27,2397245,218,0,2,Houston,SMU,Cougars,Mustangs,4,4,44,35,9,1436,Houston,899,899,21,Kyler Edwards misses a 3-point jump shot from 25 feet out.,missed,FALSE,TRUE,Jump Shot,20.7,29.450000000000003,1139730,Kyler Edwards,NA,0,Houston,Houston,83,NA,Ramon Walker Jr.,Fabian White Jr.,Kyler Edwards,J'Wan Roberts,Taze Moore,Michael Weathers,Stefan Todorovic,Marcus Weathers,Kendric Davis,Emmanuel Bandoumel
2021-22,2022-02-27,2397245,219,0,2,Houston,SMU,Cougars,Mustangs,4,4,44,35,9,1436,Houston,899,899,0,Fabian White Jr. with an offensive rebound.,NA,FALSE,FALSE,NA,NA,NA,NA,NA,NA,0,Houston,Houston,83,NA,Ramon Walker Jr.,Fabian White Jr.,Kyler Edwards,J'Wan Roberts,Taze Moore,Michael Weathers,Stefan Todorovic,Marcus Weathers,Kendric Davis,Emmanuel Bandoumel
2021-22,2022-02-27,2397245,220,0,2,Houston,SMU,Cougars,Mustangs,4,4,44,35,9,1605,SMU,886,886,13,Shooting foul committed by Kendric Davis.,NA,FALSE,FALSE,NA,NA,NA,NA,NA,NA,0,Houston,Houston,83,NA,Ramon Walker Jr.,Fabian White Jr.,Kyler Edwards,J'Wan Roberts,Taze Moore,Michael Weathers,Stefan Todorovic,Marcus Weathers,Kendric Davis,Emmanuel Bandoumel
2021-22,2022-02-27,2397245,221,0,2,Houston,SMU,Cougars,Mustangs,4,4,44,35,9,1436,Houston,886,886,0,Kyler Edwards misses free throw 1 of 2.,missed,TRUE,FALSE,NA,NA,NA,NA,NA,NA,0,Houston,Houston,83,NA,Ramon Walker Jr.,Fabian White Jr.,Kyler Edwards,J'Wan Roberts,Taze Moore,Michael Weathers,Stefan Todorovic,Marcus Weathers,Kendric Davis,Emmanuel Bandoumel
2021-22,2022-02-27,2397245,223,0,2,Houston,SMU,Cougars,Mustangs,4,4,44,35,9,1436,Houston,886,886,0,Kyler Edwards misses free throw 2 of 2.,missed,TRUE,FALSE,NA,NA,NA,NA,NA,NA,0,Houston,Houston,83,NA,Ramon Walker Jr.,Fabian White Jr.,Kyler Edwards,J'Wan Roberts,Taze Moore,Michael Weathers,Stefan Todorovic,Marcus Weathers,Kendric Davis,Emmanuel Bandoumel
2021-22,2022-02-27,2397245,224,0,2,Houston,SMU,Cougars,Mustangs,4,4,44,35,9,1605,SMU,886,886,0,Michael Weathers with a defensive rebound.,NA,FALSE,FALSE,NA,NA,NA,NA,NA,NA,0,Houston,SMU,83,NA,Ramon Walker Jr.,Fabian White Jr.,Kyler Edwards,J'Wan Roberts,Taze Moore,Michael Weathers,Stefan Todorovic,Marcus Weathers,Kendric Davis,Emmanuel Bandoumel
2021-22,2022-02-27,2397245,225,0,2,Houston,SMU,Cougars,Mustangs,4,4,44,35,9,1605,SMU,866,866,20,Stefan Todorovic misses a 3-point jump shot from 24 feet out.,missed,FALSE,TRUE,Jump Shot,49.1,5.65,1327744,Stefan Todorovic,NA,0,SMU,SMU,84,NA,Ramon Walker Jr.,Fabian White Jr.,Kyler Edwards,J'Wan Roberts,Taze Moore,Michael Weathers,Stefan Todorovic,Marcus Weathers,Kendric Davis,Emmanuel Bandoumel
2021-22,2022-02-27,2397245,226,0,2,Houston,SMU,Cougars,Mustangs,4,4,44,35,9,1436,Houston,866,866,0,Kyler Edwards with a defensive rebound.,NA,FALSE,FALSE,NA,NA,NA,NA,NA,NA,0,SMU,Houston,84,NA,Ramon Walker Jr.,Fabian White Jr.,Kyler Edwards,J'Wan Roberts,Taze Moore,Michael Weathers,Stefan Todorovic,Marcus Weathers,Kendric Davis,Emmanuel Bandoumel
2021-22,2022-02-27,2397245,227,0,2,Houston,SMU,Cougars,Mustangs,4,4,46,35,11,1436,Houston,847,847,19,Taze Moore makes a jump shot from 11 feet out.,made,FALSE,FALSE,Jump Shot,25.6,15.849999999999994,956162,Taze Moore,NA,0,Houston,SMU,85,NA,Ramon Walker Jr.,Fabian White Jr.,Kyler Edwards,J'Wan Roberts,Taze Moore,Michael Weathers,Stefan Todorovic,Marcus Weathers,Kendric Davis,Emmanuel Bandoumel
2021-22,2022-02-27,2397245,228,0,2,Houston,SMU,Cougars,Mustangs,4,4,46,37,9,1605,SMU,841,841,6,Kendric Davis makes a layup.,made,FALSE,FALSE,Layup Shot,26,6.25,1132851,Kendric Davis,NA,0,SMU,SMU,86,NA,Ramon Walker Jr.,Fabian White Jr.,Kyler Edwards,J'Wan Roberts,Taze Moore,Michael Weathers,Stefan Todorovic,Marcus Weathers,Kendric Davis,Emmanuel Bandoumel
2021-22,2022-02-27,2397245,229,0,2,Houston,SMU,Cougars,Mustangs,4,4,46,37,9,1436,Houston,841,841,0,Shooting foul committed by Fabian White Jr..,NA,FALSE,FALSE,NA,NA,NA,NA,NA,NA,0,SMU,SMU,86,NA,Ramon Walker Jr.,Fabian White Jr.,Kyler Edwards,J'Wan Roberts,Taze Moore,Michael Weathers,Stefan Todorovic,Marcus Weathers,Kendric Davis,Emmanuel Bandoumel
2021-22,2022-02-27,2397245,230,0,2,Houston,SMU,Cougars,Mustangs,4,4,46,37,9,1436,Houston,841,841,0,Substitution: J'Wan Roberts in for Josh Carlton.,NA,FALSE,FALSE,NA,NA,NA,NA,NA,NA,1,NA,NA,NA,Sub already in game,Ramon Walker Jr.,Fabian White Jr.,Kyler Edwards,J'Wan Roberts,Taze Moore,Michael Weathers,Stefan Todorovic,Marcus Weathers,Kendric Davis,Emmanuel Bandoumel
2021-22,2022-02-27,2397245,231,0,2,Houston,SMU,Cougars,Mustangs,4,4,46,38,8,1605,SMU,841,841,0,Kendric Davis makes free throw 1 of 1.,made,TRUE,FALSE,NA,NA,NA,NA,NA,NA,0,SMU,Houston,86,NA,Ramon Walker Jr.,Fabian White Jr.,Kyler Edwards,J'Wan Roberts,Taze Moore,Michael Weathers,Stefan Todorovic,Marcus Weathers,Kendric Davis,Emmanuel Bandoumel
2021-22,2022-02-27,2397245,232,0,2,Houston,SMU,Cougars,Mustangs,4,4,48,38,10,1436,Houston,825,825,16,Fabian White Jr. makes a layup. Kyler Edwards with the assist.,made,FALSE,FALSE,Layup Shot,26,6.25,1067641,Fabian White Jr.,Kyler Edwards,0,Houston,SMU,87,NA,Ramon Walker Jr.,Fabian White Jr.,Kyler Edwards,J'Wan Roberts,Taze Moore,Michael Weathers,Stefan Todorovic,Marcus Weathers,Kendric Davis,Emmanuel Bandoumel
2021-22,2022-02-27,2397245,233,0,2,Houston,SMU,Cougars,Mustangs,4,4,48,38,10,1605,SMU,808,808,17,Marcus Weathers misses a layup.,missed,FALSE,FALSE,Layup Shot,25,5.25,951209,Marcus Weathers,NA,0,SMU,SMU,88,NA,Ramon Walker Jr.,Fabian White Jr.,Kyler Edwards,J'Wan Roberts,Taze Moore,Michael Weathers,Stefan Todorovic,Marcus Weathers,Kendric Davis,Emmanuel Bandoumel
2021-22,2022-02-27,2397245,234,0,2,Houston,SMU,Cougars,Mustangs,4,4,48,38,10,1605,SMU,808,808,0,Michael Weathers with an offensive rebound.,NA,FALSE,FALSE,NA,NA,NA,NA,NA,NA,0,SMU,SMU,88,NA,Ramon Walker Jr.,Fabian White Jr.,Kyler Edwards,J'Wan Roberts,Taze Moore,Michael Weathers,Stefan Todorovic,Marcus Weathers,Kendric Davis,Emmanuel Bandoumel
2021-22,2022-02-27,2397245,235,0,2,Houston,SMU,Cougars,Mustangs,4,4,48,38,10,1436,Houston,806,806,2,Shooting foul committed by J'Wan Roberts.,NA,FALSE,FALSE,NA,NA,NA,NA,NA,NA,0,SMU,SMU,88,NA,Ramon Walker Jr.,Fabian White Jr.,Kyler Edwards,J'Wan Roberts,Taze Moore,Michael Weathers,Stefan Todorovic,Marcus Weathers,Kendric Davis,Emmanuel Bandoumel
2021-22,2022-02-27,2397245,236,0,2,Houston,SMU,Cougars,Mustangs,4,4,48,39,9,1605,SMU,806,806,0,Michael Weathers makes free throw 1 of 2.,made,TRUE,FALSE,NA,NA,NA,NA,NA,NA,0,SMU,SMU,88,NA,Ramon Walker Jr.,Fabian White Jr.,Kyler Edwards,J'Wan Roberts,Taze Moore,Michael Weathers,Stefan Todorovic,Marcus Weathers,Kendric Davis,Emmanuel Bandoumel
2021-22,2022-02-27,2397245,237,0,2,Houston,SMU,Cougars,Mustangs,4,4,48,40,8,1605,SMU,806,806,0,Michael Weathers makes free throw 2 of 2.,made,TRUE,FALSE,NA,NA,NA,NA,NA,NA,0,SMU,Houston,88,NA,Ramon Walker Jr.,Fabian White Jr.,Kyler Edwards,J'Wan Roberts,Taze Moore,Michael Weathers,Stefan Todorovic,Marcus Weathers,Kendric Davis,Emmanuel Bandoumel
2021-22,2022-02-27,2397245,238,0,2,Houston,SMU,Cougars,Mustangs,4,4,48,40,8,1436,Houston,806,806,0,Substitution: Jamal Shead in for Taze Moore.,NA,FALSE,FALSE,NA,NA,NA,NA,NA,NA,1,NA,NA,NA,NA,Ramon Walker Jr.,Fabian White Jr.,Kyler Edwards,J'Wan Roberts,Jamal Shead,Michael Weathers,Stefan Todorovic,Marcus Weathers,Kendric Davis,Emmanuel Bandoumel
2021-22,2022-02-27,2397245,239,0,2,Houston,SMU,Cougars,Mustangs,4,4,48,40,8,1436,Houston,782,782,24,Ramon Walker Jr. misses a 3-point jump shot from 24 feet out.,missed,FALSE,TRUE,Jump Shot,46.2,17.049999999999997,1324082,Ramon Walker Jr.,NA,0,Houston,Houston,89,NA,Ramon Walker Jr.,Fabian White Jr.,Kyler Edwards,J'Wan Roberts,Jamal Shead,Michael Weathers,Stefan Todorovic,Marcus Weathers,Kendric Davis,Emmanuel Bandoumel
2021-22,2022-02-27,2397245,240,0,2,Houston,SMU,Cougars,Mustangs,4,4,48,40,8,1436,Houston,782,782,0,J'Wan Roberts with an offensive rebound.,NA,FALSE,FALSE,NA,NA,NA,NA,NA,NA,0,Houston,Houston,89,NA,Ramon Walker Jr.,Fabian White Jr.,Kyler Edwards,J'Wan Roberts,Jamal Shead,Michael Weathers,Stefan Todorovic,Marcus Weathers,Kendric Davis,Emmanuel Bandoumel
2021-22,2022-02-27,2397245,241,0,2,Houston,SMU,Cougars,Mustangs,4,4,48,40,8,1436,Houston,776,776,6,Stefan Todorovic steals the ball from Kyler Edwards.,NA,FALSE,FALSE,NA,NA,NA,NA,NA,NA,0,Houston,SMU,89,NA,Ramon Walker Jr.,Fabian White Jr.,Kyler Edwards,J'Wan Roberts,Jamal Shead,Michael Weathers,Stefan Todorovic,Marcus Weathers,Kendric Davis,Emmanuel Bandoumel
2021-22,2022-02-27,2397245,242,0,2,Houston,SMU,Cougars,Mustangs,4,4,48,40,8,1605,SMU,771,771,5,Jamal Shead steals the ball from Emmanuel Bandoumel.,NA,FALSE,FALSE,NA,NA,NA,NA,NA,NA,0,SMU,Houston,90,NA,Ramon Walker Jr.,Fabian White Jr.,Kyler Edwards,J'Wan Roberts,Jamal Shead,Michael Weathers,Stefan Todorovic,Marcus Weathers,Kendric Davis,Emmanuel Bandoumel
2021-22,2022-02-27,2397245,243,0,2,Houston,SMU,Cougars,Mustangs,4,4,50,40,10,1436,Houston,759,759,12,Fabian White Jr. makes a layup. J'Wan Roberts with the assist.,made,FALSE,FALSE,Layup Shot,26,6.25,1067641,Fabian White Jr.,J'Wan Roberts,0,Houston,Houston,91,NA,Ramon Walker Jr.,Fabian White Jr.,Kyler Edwards,J'Wan Roberts,Jamal Shead,Michael Weathers,Stefan Todorovic,Marcus Weathers,Kendric Davis,Emmanuel Bandoumel
2021-22,2022-02-27,2397245,244,0,2,Houston,SMU,Cougars,Mustangs,4,4,50,40,10,1605,SMU,759,759,0,Shooting foul committed by Marcus Weathers.,NA,FALSE,FALSE,NA,NA,NA,NA,NA,NA,0,Houston,Houston,91,NA,Ramon Walker Jr.,Fabian White Jr.,Kyler Edwards,J'Wan Roberts,Jamal Shead,Michael Weathers,Stefan Todorovic,Marcus Weathers,Kendric Davis,Emmanuel Bandoumel
2021-22,2022-02-27,2397245,245,0,2,Houston,SMU,Cougars,Mustangs,4,4,51,40,11,1436,Houston,759,759,0,Fabian White Jr. makes free throw 1 of 1.,made,TRUE,FALSE,NA,NA,NA,NA,NA,NA,0,Houston,SMU,91,NA,Ramon Walker Jr.,Fabian White Jr.,Kyler Edwards,J'Wan Roberts,Jamal Shead,Michael Weathers,Stefan Todorovic,Marcus Weathers,Kendric Davis,Emmanuel Bandoumel
2021-22,2022-02-27,2397245,246,0,2,Houston,SMU,Cougars,Mustangs,4,4,51,40,11,1605,SMU,734,734,25,Marcus Weathers misses a 3-point jump shot from 23 feet out.,missed,FALSE,TRUE,Jump Shot,2,11.25,951209,Marcus Weathers,NA,0,SMU,SMU,92,NA,Ramon Walker Jr.,Fabian White Jr.,Kyler Edwards,J'Wan Roberts,Jamal Shead,Michael Weathers,Stefan Todorovic,Marcus Weathers,Kendric Davis,Emmanuel Bandoumel
2021-22,2022-02-27,2397245,247,0,2,Houston,SMU,Cougars,Mustangs,4,4,51,40,11,1436,Houston,734,734,0,Kyler Edwards with a defensive rebound.,NA,FALSE,FALSE,NA,NA,NA,NA,NA,NA,0,SMU,Houston,92,NA,Ramon Walker Jr.,Fabian White Jr.,Kyler Edwards,J'Wan Roberts,Jamal Shead,Michael Weathers,Stefan Todorovic,Marcus Weathers,Kendric Davis,Emmanuel Bandoumel
2021-22,2022-02-27,2397245,248,0,2,Houston,SMU,Cougars,Mustangs,4,4,51,40,11,1605,SMU,725,725,9,Substitution: Zach Nutall in for Stefan Todorovic.,NA,FALSE,FALSE,NA,NA,NA,NA,NA,NA,1,NA,NA,NA,NA,Ramon Walker Jr.,Fabian White Jr.,Kyler Edwards,J'Wan Roberts,Jamal Shead,Michael Weathers,Zach Nutall,Marcus Weathers,Kendric Davis,Emmanuel Bandoumel
2021-22,2022-02-27,2397245,249,0,2,Houston,SMU,Cougars,Mustangs,4,4,51,40,11,1436,Houston,709,709,16,Fabian White Jr. misses a layup.,missed,FALSE,FALSE,Layup Shot,26,6.25,1067641,Fabian White Jr.,NA,0,Houston,Houston,93,NA,Ramon Walker Jr.,Fabian White Jr.,Kyler Edwards,J'Wan Roberts,Jamal Shead,Michael Weathers,Zach Nutall,Marcus Weathers,Kendric Davis,Emmanuel Bandoumel
2021-22,2022-02-27,2397245,251,0,2,Houston,SMU,Cougars,Mustangs,4,4,51,40,11,1436,Houston,709,709,0,J'Wan Roberts misses a tip shot from 4 feet out.,missed,FALSE,FALSE,Tip Shot,26,9.25,1175083,J'Wan Roberts,NA,0,Houston,Houston,93,NA,Ramon Walker Jr.,Fabian White Jr.,Kyler Edwards,J'Wan Roberts,Jamal Shead,Michael Weathers,Zach Nutall,Marcus Weathers,Kendric Davis,Emmanuel Bandoumel
2021-22,2022-02-27,2397245,252,0,2,Houston,SMU,Cougars,Mustangs,4,4,51,40,11,1436,Houston,709,709,0,J'Wan Roberts with an offensive rebound.,NA,FALSE,FALSE,NA,NA,NA,NA,NA,NA,0,Houston,Houston,93,NA,Ramon Walker Jr.,Fabian White Jr.,Kyler Edwards,J'Wan Roberts,Jamal Shead,Michael Weathers,Zach Nutall,Marcus Weathers,Kendric Davis,Emmanuel Bandoumel
2021-22,2022-02-27,2397245,253,0,2,Houston,SMU,Cougars,Mustangs,4,4,53,40,13,1436,Houston,689,689,20,Jamal Shead makes a jump shot from 17 feet out.,made,FALSE,FALSE,Jump Shot,35.8,17.950000000000003,1231795,Jamal Shead,NA,0,Houston,SMU,93,NA,Ramon Walker Jr.,Fabian White Jr.,Kyler Edwards,J'Wan Roberts,Jamal Shead,Michael Weathers,Zach Nutall,Marcus Weathers,Kendric Davis,Emmanuel Bandoumel
2021-22,2022-02-27,2397245,254,0,2,Houston,SMU,Cougars,Mustangs,4,4,53,40,13,1605,SMU,680,680,9,J'Wan Roberts steals the ball from Kendric Davis.,NA,FALSE,FALSE,NA,NA,NA,NA,NA,NA,0,SMU,Houston,94,NA,Ramon Walker Jr.,Fabian White Jr.,Kyler Edwards,J'Wan Roberts,Jamal Shead,Michael Weathers,Zach Nutall,Marcus Weathers,Kendric Davis,Emmanuel Bandoumel
2021-22,2022-02-27,2397245,255,0,2,Houston,SMU,Cougars,Mustangs,4,4,53,40,13,1605,SMU,680,680,0,Personal foul committed by Kendric Davis.,NA,FALSE,FALSE,NA,NA,NA,NA,NA,NA,0,Houston,Houston,95,NA,Ramon Walker Jr.,Fabian White Jr.,Kyler Edwards,J'Wan Roberts,Jamal Shead,Michael Weathers,Zach Nutall,Marcus Weathers,Kendric Davis,Emmanuel Bandoumel
2021-22,2022-02-27,2397245,256,0,2,Houston,SMU,Cougars,Mustangs,4,4,53,40,13,NA,NA,680,680,0,Official's timeout.,NA,FALSE,FALSE,NA,NA,NA,NA,NA,NA,0,NA,NA,NA,NA,Ramon Walker Jr.,Fabian White Jr.,Kyler Edwards,J'Wan Roberts,Jamal Shead,Michael Weathers,Zach Nutall,Marcus Weathers,Kendric Davis,Emmanuel Bandoumel
2021-22,2022-02-27,2397245,257,0,2,Houston,SMU,Cougars,Mustangs,4,4,53,40,13,1436,Houston,653,653,27,Jamal Shead misses a 3-point jump shot from 23 feet out.,missed,FALSE,TRUE,Jump Shot,15.700000000000003,26.450000000000003,1231795,Jamal Shead,NA,0,Houston,Houston,95,NA,Ramon Walker Jr.,Fabian White Jr.,Kyler Edwards,J'Wan Roberts,Jamal Shead,Michael Weathers,Zach Nutall,Marcus Weathers,Kendric Davis,Emmanuel Bandoumel
2021-22,2022-02-27,2397245,258,0,2,Houston,SMU,Cougars,Mustangs,4,4,53,40,13,1436,Houston,653,653,0,Fabian White Jr. with an offensive rebound.,NA,FALSE,FALSE,NA,NA,NA,NA,NA,NA,0,Houston,Houston,95,NA,Ramon Walker Jr.,Fabian White Jr.,Kyler Edwards,J'Wan Roberts,Jamal Shead,Michael Weathers,Zach Nutall,Marcus Weathers,Kendric Davis,Emmanuel Bandoumel
2021-22,2022-02-27,2397245,259,0,2,Houston,SMU,Cougars,Mustangs,4,4,53,40,13,1436,Houston,649,649,4,Marcus Weathers blocks a Fabian White Jr. jump shot from 6 feet out.,missed,FALSE,FALSE,Jump Shot,21,9.25,1067641,Fabian White Jr.,NA,0,Houston,Houston,95,NA,Ramon Walker Jr.,Fabian White Jr.,Kyler Edwards,J'Wan Roberts,Jamal Shead,Michael Weathers,Zach Nutall,Marcus Weathers,Kendric Davis,Emmanuel Bandoumel
2021-22,2022-02-27,2397245,261,0,2,Houston,SMU,Cougars,Mustangs,4,4,53,40,13,1605,SMU,636,636,13,Shooting foul committed by Marcus Weathers.,NA,FALSE,FALSE,NA,NA,NA,NA,NA,NA,0,Houston,Houston,95,NA,Ramon Walker Jr.,Fabian White Jr.,Kyler Edwards,J'Wan Roberts,Jamal Shead,Michael Weathers,Zach Nutall,Marcus Weathers,Kendric Davis,Emmanuel Bandoumel
2021-22,2022-02-27,2397245,262,0,2,Houston,SMU,Cougars,Mustangs,4,4,54,40,14,1436,Houston,636,636,0,Fabian White Jr. makes free throw 1 of 2.,made,TRUE,FALSE,NA,NA,NA,NA,NA,NA,0,Houston,Houston,95,NA,Ramon Walker Jr.,Fabian White Jr.,Kyler Edwards,J'Wan Roberts,Jamal Shead,Michael Weathers,Zach Nutall,Marcus Weathers,Kendric Davis,Emmanuel Bandoumel
2021-22,2022-02-27,2397245,263,0,2,Houston,SMU,Cougars,Mustangs,4,4,54,40,14,1605,SMU,636,636,0,Substitution: Franklin Agunanne in for Marcus Weathers.,NA,FALSE,FALSE,NA,NA,NA,NA,NA,NA,1,NA,NA,NA,NA,Ramon Walker Jr.,Fabian White Jr.,Kyler Edwards,J'Wan Roberts,Jamal Shead,Michael Weathers,Zach Nutall,Franklin Agunanne,Kendric Davis,Emmanuel Bandoumel
2021-22,2022-02-27,2397245,264,0,2,Houston,SMU,Cougars,Mustangs,4,4,55,40,15,1436,Houston,636,636,0,Fabian White Jr. makes free throw 2 of 2.,made,TRUE,FALSE,NA,NA,NA,NA,NA,NA,0,Houston,SMU,95,NA,Ramon Walker Jr.,Fabian White Jr.,Kyler Edwards,J'Wan Roberts,Jamal Shead,Michael Weathers,Zach Nutall,Franklin Agunanne,Kendric Davis,Emmanuel Bandoumel
2021-22,2022-02-27,2397245,265,0,2,Houston,SMU,Cougars,Mustangs,4,4,55,40,15,1605,SMU,611,611,25,Emmanuel Bandoumel misses a 3-point jump shot from 25 feet out.,missed,FALSE,TRUE,Jump Shot,44,20.95,1182376,Emmanuel Bandoumel,NA,0,SMU,SMU,96,NA,Ramon Walker Jr.,Fabian White Jr.,Kyler Edwards,J'Wan Roberts,Jamal Shead,Michael Weathers,Zach Nutall,Franklin Agunanne,Kendric Davis,Emmanuel Bandoumel
2021-22,2022-02-27,2397245,266,0,2,Houston,SMU,Cougars,Mustangs,4,4,55,40,15,1436,Houston,611,611,0,Kyler Edwards with a defensive rebound.,NA,FALSE,FALSE,NA,NA,NA,NA,NA,NA,0,SMU,Houston,96,NA,Ramon Walker Jr.,Fabian White Jr.,Kyler Edwards,J'Wan Roberts,Jamal Shead,Michael Weathers,Zach Nutall,Franklin Agunanne,Kendric Davis,Emmanuel Bandoumel
2021-22,2022-02-27,2397245,267,0,2,Houston,SMU,Cougars,Mustangs,4,4,55,40,15,1436,Houston,597,597,14,Jamal Shead misses a layup.,missed,FALSE,FALSE,Layup Shot,25,5.25,1231795,Jamal Shead,NA,0,Houston,Houston,97,NA,Ramon Walker Jr.,Fabian White Jr.,Kyler Edwards,J'Wan Roberts,Jamal Shead,Michael Weathers,Zach Nutall,Franklin Agunanne,Kendric Davis,Emmanuel Bandoumel
2021-22,2022-02-27,2397245,268,0,2,Houston,SMU,Cougars,Mustangs,4,4,55,40,15,1436,Houston,597,597,0,Jamal Shead with an offensive rebound.,NA,FALSE,FALSE,NA,NA,NA,NA,NA,NA,0,Houston,Houston,97,NA,Ramon Walker Jr.,Fabian White Jr.,Kyler Edwards,J'Wan Roberts,Jamal Shead,Michael Weathers,Zach Nutall,Franklin Agunanne,Kendric Davis,Emmanuel Bandoumel
2021-22,2022-02-27,2397245,269,0,2,Houston,SMU,Cougars,Mustangs,4,4,55,40,15,1436,Houston,593,593,4,Jamal Shead misses a layup.,missed,FALSE,FALSE,Layup Shot,25,5.25,1231795,Jamal Shead,NA,0,Houston,Houston,97,NA,Ramon Walker Jr.,Fabian White Jr.,Kyler Edwards,J'Wan Roberts,Jamal Shead,Michael Weathers,Zach Nutall,Franklin Agunanne,Kendric Davis,Emmanuel Bandoumel
2021-22,2022-02-27,2397245,270,0,2,Houston,SMU,Cougars,Mustangs,4,4,55,40,15,1436,Houston,593,593,0,J'Wan Roberts with an offensive rebound.,NA,FALSE,FALSE,NA,NA,NA,NA,NA,NA,0,Houston,Houston,97,NA,Ramon Walker Jr.,Fabian White Jr.,Kyler Edwards,J'Wan Roberts,Jamal Shead,Michael Weathers,Zach Nutall,Franklin Agunanne,Kendric Davis,Emmanuel Bandoumel
2021-22,2022-02-27,2397245,271,0,2,Houston,SMU,Cougars,Mustangs,4,4,55,40,15,1436,Houston,586,586,7,Kendric Davis steals the ball from Kyler Edwards.,NA,FALSE,FALSE,NA,NA,NA,NA,NA,NA,0,Houston,SMU,97,NA,Ramon Walker Jr.,Fabian White Jr.,Kyler Edwards,J'Wan Roberts,Jamal Shead,Michael Weathers,Zach Nutall,Franklin Agunanne,Kendric Davis,Emmanuel Bandoumel
2021-22,2022-02-27,2397245,272,0,2,Houston,SMU,Cougars,Mustangs,4,4,55,40,15,1436,Houston,586,586,0,Personal foul committed by Ramon Walker Jr..,NA,FALSE,FALSE,NA,NA,NA,NA,NA,NA,0,SMU,SMU,98,NA,Ramon Walker Jr.,Fabian White Jr.,Kyler Edwards,J'Wan Roberts,Jamal Shead,Michael Weathers,Zach Nutall,Franklin Agunanne,Kendric Davis,Emmanuel Bandoumel
2021-22,2022-02-27,2397245,273,0,2,Houston,SMU,Cougars,Mustangs,4,4,55,40,15,1436,Houston,586,586,0,Substitution: Taze Moore in for Kyler Edwards.,NA,FALSE,FALSE,NA,NA,NA,NA,NA,NA,1,NA,NA,NA,NA,Ramon Walker Jr.,Fabian White Jr.,Taze Moore,J'Wan Roberts,Jamal Shead,Michael Weathers,Zach Nutall,Franklin Agunanne,Kendric Davis,Emmanuel Bandoumel
2021-22,2022-02-27,2397245,274,0,2,Houston,SMU,Cougars,Mustangs,4,4,55,42,13,1605,SMU,575,575,11,Emmanuel Bandoumel makes a jump shot from 17 feet out.,made,FALSE,FALSE,Jump Shot,12.2,16.55,1182376,Emmanuel Bandoumel,NA,0,SMU,Houston,98,NA,Ramon Walker Jr.,Fabian White Jr.,Taze Moore,J'Wan Roberts,Jamal Shead,Michael Weathers,Zach Nutall,Franklin Agunanne,Kendric Davis,Emmanuel Bandoumel
2021-22,2022-02-27,2397245,275,0,2,Houston,SMU,Cougars,Mustangs,4,4,57,42,15,1436,Houston,555,555,20,Fabian White Jr. makes a hook shot from 7 feet out. Jamal Shead with the assist.,made,FALSE,FALSE,Hook Shot,25,12.25,1067641,Fabian White Jr.,Jamal Shead,0,Houston,SMU,99,NA,Ramon Walker Jr.,Fabian White Jr.,Taze Moore,J'Wan Roberts,Jamal Shead,Michael Weathers,Zach Nutall,Franklin Agunanne,Kendric Davis,Emmanuel Bandoumel
2021-22,2022-02-27,2397245,276,0,2,Houston,SMU,Cougars,Mustangs,4,4,57,42,15,1605,SMU,530,530,25,Emmanuel Bandoumel misses a 3-point jump shot from 26 feet out.,missed,FALSE,TRUE,Jump Shot,43.6,22.65,1182376,Emmanuel Bandoumel,NA,0,SMU,SMU,100,NA,Ramon Walker Jr.,Fabian White Jr.,Taze Moore,J'Wan Roberts,Jamal Shead,Michael Weathers,Zach Nutall,Franklin Agunanne,Kendric Davis,Emmanuel Bandoumel
2021-22,2022-02-27,2397245,277,0,2,Houston,SMU,Cougars,Mustangs,4,4,57,42,15,1436,Houston,530,530,0,Fabian White Jr. with a defensive rebound.,NA,FALSE,FALSE,NA,NA,NA,NA,NA,NA,0,SMU,Houston,100,NA,Ramon Walker Jr.,Fabian White Jr.,Taze Moore,J'Wan Roberts,Jamal Shead,Michael Weathers,Zach Nutall,Franklin Agunanne,Kendric Davis,Emmanuel Bandoumel
2021-22,2022-02-27,2397245,278,0,2,Houston,SMU,Cougars,Mustangs,4,4,57,42,15,1436,Houston,506,506,24,Taze Moore misses a jump shot from 7 feet out.,missed,FALSE,FALSE,Jump Shot,26.4,12.25,956162,Taze Moore,NA,0,Houston,Houston,101,NA,Ramon Walker Jr.,Fabian White Jr.,Taze Moore,J'Wan Roberts,Jamal Shead,Michael Weathers,Zach Nutall,Franklin Agunanne,Kendric Davis,Emmanuel Bandoumel
2021-22,2022-02-27,2397245,280,0,2,Houston,SMU,Cougars,Mustangs,4,4,57,42,15,1436,Houston,506,506,0,Substitution: Josh Carlton in for Fabian White Jr..,NA,FALSE,FALSE,NA,NA,NA,NA,NA,NA,1,NA,NA,NA,NA,Ramon Walker Jr.,Josh Carlton,Taze Moore,J'Wan Roberts,Jamal Shead,Michael Weathers,Zach Nutall,Franklin Agunanne,Kendric Davis,Emmanuel Bandoumel
2021-22,2022-02-27,2397245,281,0,2,Houston,SMU,Cougars,Mustangs,4,4,57,42,15,1605,SMU,506,506,0,Substitution: Jahmar Young Jr. in for Franklin Agunanne.,NA,FALSE,FALSE,NA,NA,NA,NA,NA,NA,1,NA,NA,NA,NA,Ramon Walker Jr.,Josh Carlton,Taze Moore,J'Wan Roberts,Jamal Shead,Michael Weathers,Zach Nutall,Jahmar Young Jr.,Kendric Davis,Emmanuel Bandoumel
2021-22,2022-02-27,2397245,282,0,2,Houston,SMU,Cougars,Mustangs,4,4,57,42,15,1436,Houston,498,498,8,Josh Carlton misses a layup.,missed,FALSE,FALSE,Layup Shot,26,6.25,1071917,Josh Carlton,NA,0,Houston,Houston,101,NA,Ramon Walker Jr.,Josh Carlton,Taze Moore,J'Wan Roberts,Jamal Shead,Michael Weathers,Zach Nutall,Jahmar Young Jr.,Kendric Davis,Emmanuel Bandoumel
2021-22,2022-02-27,2397245,283,0,2,Houston,SMU,Cougars,Mustangs,4,4,57,42,15,1436,Houston,498,498,0,J'Wan Roberts with an offensive rebound.,NA,FALSE,FALSE,NA,NA,NA,NA,NA,NA,0,Houston,Houston,101,NA,Ramon Walker Jr.,Josh Carlton,Taze Moore,J'Wan Roberts,Jamal Shead,Michael Weathers,Zach Nutall,Jahmar Young Jr.,Kendric Davis,Emmanuel Bandoumel
2021-22,2022-02-27,2397245,284,0,2,Houston,SMU,Cougars,Mustangs,4,4,59,42,17,1436,Houston,495,495,3,J'Wan Roberts makes a tip shot from 3 feet out.,made,FALSE,FALSE,Tip Shot,25.9,8.349999999999994,1175083,J'Wan Roberts,NA,0,Houston,SMU,101,NA,Ramon Walker Jr.,Josh Carlton,Taze Moore,J'Wan Roberts,Jamal Shead,Michael Weathers,Zach Nutall,Jahmar Young Jr.,Kendric Davis,Emmanuel Bandoumel
2021-22,2022-02-27,2397245,285,0,2,Houston,SMU,Cougars,Mustangs,4,4,59,42,17,1605,SMU,484,484,11,Kendric Davis with a turnover - Lost Ball,NA,FALSE,FALSE,NA,NA,NA,NA,NA,NA,0,SMU,Houston,102,NA,Ramon Walker Jr.,Josh Carlton,Taze Moore,J'Wan Roberts,Jamal Shead,Michael Weathers,Zach Nutall,Jahmar Young Jr.,Kendric Davis,Emmanuel Bandoumel
2021-22,2022-02-27,2397245,286,0,2,Houston,SMU,Cougars,Mustangs,4,4,59,42,17,1436,Houston,454,454,30,Taze Moore misses a jump shot from 17 feet out.,missed,FALSE,FALSE,Jump Shot,37.3,16.849999999999994,956162,Taze Moore,NA,0,Houston,Houston,103,NA,Ramon Walker Jr.,Josh Carlton,Taze Moore,J'Wan Roberts,Jamal Shead,Michael Weathers,Zach Nutall,Jahmar Young Jr.,Kendric Davis,Emmanuel Bandoumel
2021-22,2022-02-27,2397245,287,0,2,Houston,SMU,Cougars,Mustangs,4,4,59,42,17,1436,Houston,454,454,0,Josh Carlton with an offensive rebound.,NA,FALSE,FALSE,NA,NA,NA,NA,NA,NA,0,Houston,Houston,103,NA,Ramon Walker Jr.,Josh Carlton,Taze Moore,J'Wan Roberts,Jamal Shead,Michael Weathers,Zach Nutall,Jahmar Young Jr.,Kendric Davis,Emmanuel Bandoumel
2021-22,2022-02-27,2397245,288,0,2,Houston,SMU,Cougars,Mustangs,4,4,59,42,17,1605,SMU,454,454,0,Shooting foul committed by Jahmar Young Jr..,NA,FALSE,FALSE,NA,NA,NA,NA,NA,NA,0,Houston,Houston,103,NA,Ramon Walker Jr.,Josh Carlton,Taze Moore,J'Wan Roberts,Jamal Shead,Michael Weathers,Zach Nutall,Jahmar Young Jr.,Kendric Davis,Emmanuel Bandoumel
2021-22,2022-02-27,2397245,289,0,2,Houston,SMU,Cougars,Mustangs,4,4,59,42,17,NA,NA,454,454,0,Official's timeout.,NA,FALSE,FALSE,NA,NA,NA,NA,NA,NA,0,NA,NA,NA,NA,Ramon Walker Jr.,Josh Carlton,Taze Moore,J'Wan Roberts,Jamal Shead,Michael Weathers,Zach Nutall,Jahmar Young Jr.,Kendric Davis,Emmanuel Bandoumel
2021-22,2022-02-27,2397245,290,0,2,Houston,SMU,Cougars,Mustangs,4,4,60,42,18,1436,Houston,454,454,0,Josh Carlton makes free throw 1 of 2.,made,TRUE,FALSE,NA,NA,NA,NA,NA,NA,0,Houston,Houston,103,NA,Ramon Walker Jr.,Josh Carlton,Taze Moore,J'Wan Roberts,Jamal Shead,Michael Weathers,Zach Nutall,Jahmar Young Jr.,Kendric Davis,Emmanuel Bandoumel
2021-22,2022-02-27,2397245,291,0,2,Houston,SMU,Cougars,Mustangs,4,4,61,42,19,1436,Houston,454,454,0,Josh Carlton makes free throw 2 of 2.,made,TRUE,FALSE,NA,NA,NA,NA,NA,NA,0,Houston,SMU,103,NA,Ramon Walker Jr.,Josh Carlton,Taze Moore,J'Wan Roberts,Jamal Shead,Michael Weathers,Zach Nutall,Jahmar Young Jr.,Kendric Davis,Emmanuel Bandoumel
2021-22,2022-02-27,2397245,292,0,2,Houston,SMU,Cougars,Mustangs,4,4,61,42,19,1605,SMU,429,429,25,Emmanuel Bandoumel misses a jump shot from 17 feet out.,missed,FALSE,FALSE,Jump Shot,39.5,14.55,1182376,Emmanuel Bandoumel,NA,0,SMU,SMU,104,NA,Ramon Walker Jr.,Josh Carlton,Taze Moore,J'Wan Roberts,Jamal Shead,Michael Weathers,Zach Nutall,Jahmar Young Jr.,Kendric Davis,Emmanuel Bandoumel
2021-22,2022-02-27,2397245,293,0,2,Houston,SMU,Cougars,Mustangs,4,4,61,42,19,1436,Houston,429,429,0,Taze Moore with a defensive rebound.,NA,FALSE,FALSE,NA,NA,NA,NA,NA,NA,0,SMU,Houston,104,NA,Ramon Walker Jr.,Josh Carlton,Taze Moore,J'Wan Roberts,Jamal Shead,Michael Weathers,Zach Nutall,Jahmar Young Jr.,Kendric Davis,Emmanuel Bandoumel
2021-22,2022-02-27,2397245,294,0,2,Houston,SMU,Cougars,Mustangs,4,4,61,42,19,1436,Houston,404,404,25,Taze Moore misses a jump shot from 15 feet out.,missed,FALSE,FALSE,Jump Shot,13.899999999999999,15.049999999999997,956162,Taze Moore,NA,0,Houston,Houston,105,NA,Ramon Walker Jr.,Josh Carlton,Taze Moore,J'Wan Roberts,Jamal Shead,Michael Weathers,Zach Nutall,Jahmar Young Jr.,Kendric Davis,Emmanuel Bandoumel
2021-22,2022-02-27,2397245,295,0,2,Houston,SMU,Cougars,Mustangs,4,4,61,42,19,1436,Houston,404,404,0,Josh Carlton with an offensive rebound.,NA,FALSE,FALSE,NA,NA,NA,NA,NA,NA,0,Houston,Houston,105,NA,Ramon Walker Jr.,Josh Carlton,Taze Moore,J'Wan Roberts,Jamal Shead,Michael Weathers,Zach Nutall,Jahmar Young Jr.,Kendric Davis,Emmanuel Bandoumel
2021-22,2022-02-27,2397245,296,0,2,Houston,SMU,Cougars,Mustangs,4,4,63,42,21,1436,Houston,400,400,4,Josh Carlton makes a layup.,made,FALSE,FALSE,Layup Shot,25,5.25,1071917,Josh Carlton,NA,0,Houston,SMU,105,NA,Ramon Walker Jr.,Josh Carlton,Taze Moore,J'Wan Roberts,Jamal Shead,Michael Weathers,Zach Nutall,Jahmar Young Jr.,Kendric Davis,Emmanuel Bandoumel
2021-22,2022-02-27,2397245,297,0,2,Houston,SMU,Cougars,Mustangs,4,4,63,42,21,1605,SMU,385,385,15,Michael Weathers misses a layup.,missed,FALSE,FALSE,Layup Shot,26,6.25,951207,Michael Weathers,NA,0,SMU,SMU,106,NA,Ramon Walker Jr.,Josh Carlton,Taze Moore,J'Wan Roberts,Jamal Shead,Michael Weathers,Zach Nutall,Jahmar Young Jr.,Kendric Davis,Emmanuel Bandoumel
2021-22,2022-02-27,2397245,298,0,2,Houston,SMU,Cougars,Mustangs,4,4,63,42,21,1605,SMU,385,385,0,Jahmar Young Jr. with an offensive rebound.,NA,FALSE,FALSE,NA,NA,NA,NA,NA,NA,0,SMU,SMU,106,NA,Ramon Walker Jr.,Josh Carlton,Taze Moore,J'Wan Roberts,Jamal Shead,Michael Weathers,Zach Nutall,Jahmar Young Jr.,Kendric Davis,Emmanuel Bandoumel
2021-22,2022-02-27,2397245,299,0,2,Houston,SMU,Cougars,Mustangs,4,4,63,44,19,1605,SMU,385,385,0,Jahmar Young Jr. makes a layup.,made,FALSE,FALSE,Layup Shot,25,5.25,1132603,Jahmar Young Jr.,NA,0,SMU,SMU,106,NA,Ramon Walker Jr.,Josh Carlton,Taze Moore,J'Wan Roberts,Jamal Shead,Michael Weathers,Zach Nutall,Jahmar Young Jr.,Kendric Davis,Emmanuel Bandoumel
2021-22,2022-02-27,2397245,300,0,2,Houston,SMU,Cougars,Mustangs,4,4,63,44,19,1436,Houston,385,385,0,Shooting foul committed by J'Wan Roberts.,NA,FALSE,FALSE,NA,NA,NA,NA,NA,NA,0,SMU,SMU,106,NA,Ramon Walker Jr.,Josh Carlton,Taze Moore,J'Wan Roberts,Jamal Shead,Michael Weathers,Zach Nutall,Jahmar Young Jr.,Kendric Davis,Emmanuel Bandoumel
2021-22,2022-02-27,2397245,301,0,2,Houston,SMU,Cougars,Mustangs,4,4,63,44,19,1436,Houston,385,385,0,Substitution: Kyler Edwards in for Jamal Shead.,NA,FALSE,FALSE,NA,NA,NA,NA,NA,NA,1,NA,NA,NA,NA,Ramon Walker Jr.,Josh Carlton,Taze Moore,J'Wan Roberts,Kyler Edwards,Michael Weathers,Zach Nutall,Jahmar Young Jr.,Kendric Davis,Emmanuel Bandoumel
2021-22,2022-02-27,2397245,302,0,2,Houston,SMU,Cougars,Mustangs,4,4,63,44,19,1605,SMU,385,385,0,Substitution: Stefan Todorovic in for Zach Nutall.,NA,FALSE,FALSE,NA,NA,NA,NA,NA,NA,1,NA,NA,NA,NA,Ramon Walker Jr.,Josh Carlton,Taze Moore,J'Wan Roberts,Kyler Edwards,Michael Weathers,Stefan Todorovic,Jahmar Young Jr.,Kendric Davis,Emmanuel Bandoumel
2021-22,2022-02-27,2397245,303,0,2,Houston,SMU,Cougars,Mustangs,4,4,63,45,18,1605,SMU,385,385,0,Jahmar Young Jr. makes free throw 1 of 1.,made,TRUE,FALSE,NA,NA,NA,NA,NA,NA,0,SMU,Houston,106,NA,Ramon Walker Jr.,Josh Carlton,Taze Moore,J'Wan Roberts,Kyler Edwards,Michael Weathers,Stefan Todorovic,Jahmar Young Jr.,Kendric Davis,Emmanuel Bandoumel
2021-22,2022-02-27,2397245,304,0,2,Houston,SMU,Cougars,Mustangs,4,4,63,45,18,1605,SMU,385,385,0,Substitution: Marcus Weathers in for Jahmar Young Jr..,NA,FALSE,FALSE,NA,NA,NA,NA,NA,NA,1,NA,NA,NA,NA,Ramon Walker Jr.,Josh Carlton,Taze Moore,J'Wan Roberts,Kyler Edwards,Michael Weathers,Stefan Todorovic,Marcus Weathers,Kendric Davis,Emmanuel Bandoumel
2021-22,2022-02-27,2397245,305,0,2,Houston,SMU,Cougars,Mustangs,4,4,63,45,18,1436,Houston,367,367,18,Taze Moore with a turnover - Bad Pass,NA,FALSE,FALSE,NA,NA,NA,NA,NA,NA,0,Houston,SMU,107,NA,Ramon Walker Jr.,Josh Carlton,Taze Moore,J'Wan Roberts,Kyler Edwards,Michael Weathers,Stefan Todorovic,Marcus Weathers,Kendric Davis,Emmanuel Bandoumel
2021-22,2022-02-27,2397245,306,0,2,Houston,SMU,Cougars,Mustangs,4,4,63,45,18,1605,SMU,353,353,14,Marcus Weathers misses a layup.,missed,FALSE,FALSE,Layup Shot,25,5.25,951209,Marcus Weathers,NA,0,SMU,SMU,108,NA,Ramon Walker Jr.,Josh Carlton,Taze Moore,J'Wan Roberts,Kyler Edwards,Michael Weathers,Stefan Todorovic,Marcus Weathers,Kendric Davis,Emmanuel Bandoumel
2021-22,2022-02-27,2397245,307,0,2,Houston,SMU,Cougars,Mustangs,4,4,63,45,18,1436,Houston,353,353,0,J'Wan Roberts with a defensive rebound.,NA,FALSE,FALSE,NA,NA,NA,NA,NA,NA,0,SMU,Houston,108,NA,Ramon Walker Jr.,Josh Carlton,Taze Moore,J'Wan Roberts,Kyler Edwards,Michael Weathers,Stefan Todorovic,Marcus Weathers,Kendric Davis,Emmanuel Bandoumel
2021-22,2022-02-27,2397245,308,0,2,Houston,SMU,Cougars,Mustangs,4,4,63,45,18,1605,SMU,340,340,13,Personal foul committed by Marcus Weathers.,NA,FALSE,FALSE,NA,NA,NA,NA,NA,NA,0,Houston,Houston,109,NA,Ramon Walker Jr.,Josh Carlton,Taze Moore,J'Wan Roberts,Kyler Edwards,Michael Weathers,Stefan Todorovic,Marcus Weathers,Kendric Davis,Emmanuel Bandoumel
2021-22,2022-02-27,2397245,309,0,2,Houston,SMU,Cougars,Mustangs,4,4,63,45,18,1605,SMU,340,340,0,Substitution: Jahmar Young Jr. in for Marcus Weathers.,NA,FALSE,FALSE,NA,NA,NA,NA,NA,NA,1,NA,NA,NA,NA,Ramon Walker Jr.,Josh Carlton,Taze Moore,J'Wan Roberts,Kyler Edwards,Michael Weathers,Stefan Todorovic,Jahmar Young Jr.,Kendric Davis,Emmanuel Bandoumel
2021-22,2022-02-27,2397245,310,0,2,Houston,SMU,Cougars,Mustangs,4,4,63,45,18,1436,Houston,340,340,0,Ramon Walker Jr. misses free throw 1st of 1-and-1.,missed,TRUE,FALSE,NA,NA,NA,NA,NA,NA,0,Houston,Houston,109,NA,Ramon Walker Jr.,Josh Carlton,Taze Moore,J'Wan Roberts,Kyler Edwards,Michael Weathers,Stefan Todorovic,Jahmar Young Jr.,Kendric Davis,Emmanuel Bandoumel
2021-22,2022-02-27,2397245,311,0,2,Houston,SMU,Cougars,Mustangs,4,4,63,45,18,1605,SMU,340,340,0,Michael Weathers with a defensive rebound.,NA,FALSE,FALSE,NA,NA,NA,NA,NA,NA,0,Houston,SMU,109,NA,Ramon Walker Jr.,Josh Carlton,Taze Moore,J'Wan Roberts,Kyler Edwards,Michael Weathers,Stefan Todorovic,Jahmar Young Jr.,Kendric Davis,Emmanuel Bandoumel
2021-22,2022-02-27,2397245,312,0,2,Houston,SMU,Cougars,Mustangs,4,4,63,47,16,1605,SMU,334,334,6,Michael Weathers makes a layup.,made,FALSE,FALSE,Layup Shot,25,5.25,951207,Michael Weathers,NA,0,SMU,Houston,110,NA,Ramon Walker Jr.,Josh Carlton,Taze Moore,J'Wan Roberts,Kyler Edwards,Michael Weathers,Stefan Todorovic,Jahmar Young Jr.,Kendric Davis,Emmanuel Bandoumel
2021-22,2022-02-27,2397245,313,0,2,Houston,SMU,Cougars,Mustangs,4,4,65,47,18,1436,Houston,310,310,24,Josh Carlton makes a layup. Kyler Edwards with the assist.,made,FALSE,FALSE,Layup Shot,26,6.25,1071917,Josh Carlton,Kyler Edwards,0,Houston,SMU,111,NA,Ramon Walker Jr.,Josh Carlton,Taze Moore,J'Wan Roberts,Kyler Edwards,Michael Weathers,Stefan Todorovic,Jahmar Young Jr.,Kendric Davis,Emmanuel Bandoumel
2021-22,2022-02-27,2397245,314,0,2,Houston,SMU,Cougars,Mustangs,4,4,65,49,16,1605,SMU,302,302,8,Michael Weathers makes a layup.,made,FALSE,FALSE,Layup Shot,25,5.25,951207,Michael Weathers,NA,0,SMU,SMU,112,NA,Ramon Walker Jr.,Josh Carlton,Taze Moore,J'Wan Roberts,Kyler Edwards,Michael Weathers,Stefan Todorovic,Jahmar Young Jr.,Kendric Davis,Emmanuel Bandoumel
2021-22,2022-02-27,2397245,315,0,2,Houston,SMU,Cougars,Mustangs,4,4,65,49,16,1436,Houston,302,302,0,Shooting foul committed by Ramon Walker Jr..,NA,FALSE,FALSE,NA,NA,NA,NA,NA,NA,0,SMU,SMU,112,NA,Ramon Walker Jr.,Josh Carlton,Taze Moore,J'Wan Roberts,Kyler Edwards,Michael Weathers,Stefan Todorovic,Jahmar Young Jr.,Kendric Davis,Emmanuel Bandoumel
2021-22,2022-02-27,2397245,316,0,2,Houston,SMU,Cougars,Mustangs,4,4,65,49,16,1436,Houston,302,302,0,Substitution: Jamal Shead in for J'Wan Roberts.,NA,FALSE,FALSE,NA,NA,NA,NA,NA,NA,1,NA,NA,NA,NA,Ramon Walker Jr.,Josh Carlton,Taze Moore,Jamal Shead,Kyler Edwards,Michael Weathers,Stefan Todorovic,Jahmar Young Jr.,Kendric Davis,Emmanuel Bandoumel
2021-22,2022-02-27,2397245,317,0,2,Houston,SMU,Cougars,Mustangs,4,4,65,49,16,1436,Houston,302,302,0,Substitution: Fabian White Jr. in for Ramon Walker Jr..,NA,FALSE,FALSE,NA,NA,NA,NA,NA,NA,1,NA,NA,NA,NA,Fabian White Jr.,Josh Carlton,Taze Moore,Jamal Shead,Kyler Edwards,Michael Weathers,Stefan Todorovic,Jahmar Young Jr.,Kendric Davis,Emmanuel Bandoumel
2021-22,2022-02-27,2397245,318,0,2,Houston,SMU,Cougars,Mustangs,4,4,65,50,15,1605,SMU,302,302,0,Michael Weathers makes free throw 1 of 1.,made,TRUE,FALSE,NA,NA,NA,NA,NA,NA,0,SMU,Houston,112,NA,Fabian White Jr.,Josh Carlton,Taze Moore,Jamal Shead,Kyler Edwards,Michael Weathers,Stefan Todorovic,Jahmar Young Jr.,Kendric Davis,Emmanuel Bandoumel
2021-22,2022-02-27,2397245,319,0,2,Houston,SMU,Cougars,Mustangs,4,4,67,50,17,1436,Houston,278,278,24,Josh Carlton makes a layup. Jamal Shead with the assist.,made,FALSE,FALSE,Layup Shot,26,6.25,1071917,Josh Carlton,Jamal Shead,0,Houston,SMU,113,NA,Fabian White Jr.,Josh Carlton,Taze Moore,Jamal Shead,Kyler Edwards,Michael Weathers,Stefan Todorovic,Jahmar Young Jr.,Kendric Davis,Emmanuel Bandoumel
2021-22,2022-02-27,2397245,320,0,2,Houston,SMU,Cougars,Mustangs,4,4,67,50,17,1605,SMU,262,262,16,Emmanuel Bandoumel misses a 3-point jump shot from 23 feet out.,missed,FALSE,TRUE,Jump Shot,1.6000000000000014,5.35,1182376,Emmanuel Bandoumel,NA,0,SMU,SMU,114,NA,Fabian White Jr.,Josh Carlton,Taze Moore,Jamal Shead,Kyler Edwards,Michael Weathers,Stefan Todorovic,Jahmar Young Jr.,Kendric Davis,Emmanuel Bandoumel
2021-22,2022-02-27,2397245,322,0,2,Houston,SMU,Cougars,Mustangs,4,4,67,50,17,NA,NA,262,262,0,Official's timeout.,NA,FALSE,FALSE,NA,NA,NA,NA,NA,NA,0,NA,NA,NA,NA,Fabian White Jr.,Josh Carlton,Taze Moore,Jamal Shead,Kyler Edwards,Michael Weathers,Stefan Todorovic,Jahmar Young Jr.,Kendric Davis,Emmanuel Bandoumel
2021-22,2022-02-27,2397245,323,0,2,Houston,SMU,Cougars,Mustangs,4,4,67,53,14,1605,SMU,248,248,14,Stefan Todorovic makes a 3-point jump shot from 23 feet out. Emmanuel Bandoumel with the assist.,made,FALSE,TRUE,Jump Shot,47.5,9.55,1327744,Stefan Todorovic,Emmanuel Bandoumel,0,SMU,Houston,114,NA,Fabian White Jr.,Josh Carlton,Taze Moore,Jamal Shead,Kyler Edwards,Michael Weathers,Stefan Todorovic,Jahmar Young Jr.,Kendric Davis,Emmanuel Bandoumel
2021-22,2022-02-27,2397245,324,0,2,Houston,SMU,Cougars,Mustangs,4,4,67,53,14,1605,SMU,234,234,14,Personal foul committed by Jahmar Young Jr..,NA,FALSE,FALSE,NA,NA,NA,NA,NA,NA,0,Houston,Houston,115,NA,Fabian White Jr.,Josh Carlton,Taze Moore,Jamal Shead,Kyler Edwards,Michael Weathers,Stefan Todorovic,Jahmar Young Jr.,Kendric Davis,Emmanuel Bandoumel
2021-22,2022-02-27,2397245,325,0,2,Houston,SMU,Cougars,Mustangs,4,4,68,53,15,1436,Houston,234,234,0,Josh Carlton makes free throw 1st of 1-and-1.,made,TRUE,FALSE,NA,NA,NA,NA,NA,NA,0,Houston,Houston,115,NA,Fabian White Jr.,Josh Carlton,Taze Moore,Jamal Shead,Kyler Edwards,Michael Weathers,Stefan Todorovic,Jahmar Young Jr.,Kendric Davis,Emmanuel Bandoumel
2021-22,2022-02-27,2397245,326,0,2,Houston,SMU,Cougars,Mustangs,4,4,69,53,16,1436,Houston,234,234,0,Josh Carlton makes free throw 2nd of 1-and-1.,made,TRUE,FALSE,NA,NA,NA,NA,NA,NA,0,Houston,SMU,115,NA,Fabian White Jr.,Josh Carlton,Taze Moore,Jamal Shead,Kyler Edwards,Michael Weathers,Stefan Todorovic,Jahmar Young Jr.,Kendric Davis,Emmanuel Bandoumel
2021-22,2022-02-27,2397245,327,0,2,Houston,SMU,Cougars,Mustangs,4,4,69,53,16,1436,Houston,216,216,18,Shooting foul committed by Kyler Edwards.,NA,FALSE,FALSE,NA,NA,NA,NA,NA,NA,0,SMU,SMU,116,NA,Fabian White Jr.,Josh Carlton,Taze Moore,Jamal Shead,Kyler Edwards,Michael Weathers,Stefan Todorovic,Jahmar Young Jr.,Kendric Davis,Emmanuel Bandoumel
2021-22,2022-02-27,2397245,328,0,2,Houston,SMU,Cougars,Mustangs,4,4,69,53,16,1605,SMU,216,216,0,Michael Weathers misses free throw 1 of 2.,missed,TRUE,FALSE,NA,NA,NA,NA,NA,NA,0,SMU,SMU,116,NA,Fabian White Jr.,Josh Carlton,Taze Moore,Jamal Shead,Kyler Edwards,Michael Weathers,Stefan Todorovic,Jahmar Young Jr.,Kendric Davis,Emmanuel Bandoumel
2021-22,2022-02-27,2397245,330,0,2,Houston,SMU,Cougars,Mustangs,4,4,69,53,16,1436,Houston,216,216,0,Substitution: Ramon Walker Jr. in for Kyler Edwards.,NA,FALSE,FALSE,NA,NA,NA,NA,NA,NA,1,NA,NA,NA,NA,Fabian White Jr.,Josh Carlton,Taze Moore,Jamal Shead,Ramon Walker Jr.,Michael Weathers,Stefan Todorovic,Jahmar Young Jr.,Kendric Davis,Emmanuel Bandoumel
2021-22,2022-02-27,2397245,331,0,2,Houston,SMU,Cougars,Mustangs,4,4,69,54,15,1605,SMU,216,216,0,Michael Weathers makes free throw 2 of 2.,made,TRUE,FALSE,NA,NA,NA,NA,NA,NA,0,SMU,Houston,116,NA,Fabian White Jr.,Josh Carlton,Taze Moore,Jamal Shead,Ramon Walker Jr.,Michael Weathers,Stefan Todorovic,Jahmar Young Jr.,Kendric Davis,Emmanuel Bandoumel
2021-22,2022-02-27,2397245,332,0,2,Houston,SMU,Cougars,Mustangs,4,4,71,54,17,1436,Houston,192,192,24,Fabian White Jr. makes a jump shot from 10 feet out. Jamal Shead with the assist.,made,FALSE,FALSE,Jump Shot,28.7,14.549999999999997,1067641,Fabian White Jr.,Jamal Shead,0,Houston,SMU,117,NA,Fabian White Jr.,Josh Carlton,Taze Moore,Jamal Shead,Ramon Walker Jr.,Michael Weathers,Stefan Todorovic,Jahmar Young Jr.,Kendric Davis,Emmanuel Bandoumel
2021-22,2022-02-27,2397245,333,0,2,Houston,SMU,Cougars,Mustangs,4,4,71,54,17,1605,SMU,175,175,17,Josh Carlton blocks a Michael Weathers layup.,missed,FALSE,FALSE,Layup Shot,25,5.25,951207,Michael Weathers,NA,0,SMU,SMU,118,NA,Fabian White Jr.,Josh Carlton,Taze Moore,Jamal Shead,Ramon Walker Jr.,Michael Weathers,Stefan Todorovic,Jahmar Young Jr.,Kendric Davis,Emmanuel Bandoumel
2021-22,2022-02-27,2397245,334,0,2,Houston,SMU,Cougars,Mustangs,4,4,71,54,17,1436,Houston,175,175,0,Ramon Walker Jr. with a defensive rebound.,NA,FALSE,FALSE,NA,NA,NA,NA,NA,NA,0,SMU,Houston,118,NA,Fabian White Jr.,Josh Carlton,Taze Moore,Jamal Shead,Ramon Walker Jr.,Michael Weathers,Stefan Todorovic,Jahmar Young Jr.,Kendric Davis,Emmanuel Bandoumel
2021-22,2022-02-27,2397245,335,0,2,Houston,SMU,Cougars,Mustangs,3,4,71,54,17,1436,Houston,170,170,5,Cougars take a 30-second timeout.,NA,FALSE,FALSE,NA,NA,NA,NA,NA,NA,0,NA,NA,NA,NA,Fabian White Jr.,Josh Carlton,Taze Moore,Jamal Shead,Ramon Walker Jr.,Michael Weathers,Stefan Todorovic,Jahmar Young Jr.,Kendric Davis,Emmanuel Bandoumel
2021-22,2022-02-27,2397245,336,0,2,Houston,SMU,Cougars,Mustangs,3,4,71,54,17,1436,Houston,170,170,0,Substitution: Kyler Edwards in for Ramon Walker Jr..,NA,FALSE,FALSE,NA,NA,NA,NA,NA,NA,1,NA,NA,NA,NA,Fabian White Jr.,Josh Carlton,Taze Moore,Jamal Shead,Kyler Edwards,Michael Weathers,Stefan Todorovic,Jahmar Young Jr.,Kendric Davis,Emmanuel Bandoumel
2021-22,2022-02-27,2397245,337,0,2,Houston,SMU,Cougars,Mustangs,3,4,73,54,19,1436,Houston,148,148,22,Fabian White Jr. makes a jump shot from 9 feet out. Jamal Shead with the assist.,made,FALSE,FALSE,Jump Shot,26.8,13.950000000000003,1067641,Fabian White Jr.,Jamal Shead,0,Houston,SMU,119,NA,Fabian White Jr.,Josh Carlton,Taze Moore,Jamal Shead,Kyler Edwards,Michael Weathers,Stefan Todorovic,Jahmar Young Jr.,Kendric Davis,Emmanuel Bandoumel
2021-22,2022-02-27,2397245,338,0,2,Houston,SMU,Cougars,Mustangs,3,4,73,54,19,1605,SMU,139,139,9,Kendric Davis misses a 3-point jump shot from 24 feet out.,missed,FALSE,TRUE,Jump Shot,25.8,29.35,1132851,Kendric Davis,NA,0,SMU,SMU,120,NA,Fabian White Jr.,Josh Carlton,Taze Moore,Jamal Shead,Kyler Edwards,Michael Weathers,Stefan Todorovic,Jahmar Young Jr.,Kendric Davis,Emmanuel Bandoumel
2021-22,2022-02-27,2397245,339,0,2,Houston,SMU,Cougars,Mustangs,3,4,73,54,19,1436,Houston,139,139,0,Kyler Edwards with a defensive rebound.,NA,FALSE,FALSE,NA,NA,NA,NA,NA,NA,0,SMU,Houston,120,NA,Fabian White Jr.,Josh Carlton,Taze Moore,Jamal Shead,Kyler Edwards,Michael Weathers,Stefan Todorovic,Jahmar Young Jr.,Kendric Davis,Emmanuel Bandoumel
2021-22,2022-02-27,2397245,340,0,2,Houston,SMU,Cougars,Mustangs,3,4,73,54,19,1436,Houston,109,109,30,Kyler Edwards misses a jump shot from 20 feet out.,missed,FALSE,FALSE,Jump Shot,22.2,24.849999999999994,1139730,Kyler Edwards,NA,0,Houston,Houston,121,NA,Fabian White Jr.,Josh Carlton,Taze Moore,Jamal Shead,Kyler Edwards,Michael Weathers,Stefan Todorovic,Jahmar Young Jr.,Kendric Davis,Emmanuel Bandoumel
2021-22,2022-02-27,2397245,341,0,2,Houston,SMU,Cougars,Mustangs,3,4,73,54,19,1605,SMU,109,109,0,Kendric Davis with a defensive rebound.,NA,FALSE,FALSE,NA,NA,NA,NA,NA,NA,0,Houston,SMU,121,NA,Fabian White Jr.,Josh Carlton,Taze Moore,Jamal Shead,Kyler Edwards,Michael Weathers,Stefan Todorovic,Jahmar Young Jr.,Kendric Davis,Emmanuel Bandoumel
2021-22,2022-02-27,2397245,342,0,2,Houston,SMU,Cougars,Mustangs,3,4,73,56,17,1605,SMU,101,101,8,Kendric Davis makes a layup.,made,FALSE,FALSE,Layup Shot,26,6.25,1132851,Kendric Davis,NA,0,SMU,Houston,122,NA,Fabian White Jr.,Josh Carlton,Taze Moore,Jamal Shead,Kyler Edwards,Michael Weathers,Stefan Todorovic,Jahmar Young Jr.,Kendric Davis,Emmanuel Bandoumel
2021-22,2022-02-27,2397245,343,0,2,Houston,SMU,Cougars,Mustangs,3,3,73,56,17,1605,SMU,100,100,1,Mustangs take a 30-second timeout.,NA,FALSE,FALSE,NA,NA,NA,NA,NA,NA,0,NA,NA,NA,NA,Fabian White Jr.,Josh Carlton,Taze Moore,Jamal Shead,Kyler Edwards,Michael Weathers,Stefan Todorovic,Jahmar Young Jr.,Kendric Davis,Emmanuel Bandoumel
2021-22,2022-02-27,2397245,344,0,2,Houston,SMU,Cougars,Mustangs,3,3,73,56,17,1436,Houston,100,100,0,Substitution: Robbie Armbrester in for Josh Carlton.,NA,FALSE,FALSE,NA,NA,NA,NA,NA,NA,1,NA,NA,NA,NA,Fabian White Jr.,Robbie Armbrester,Taze Moore,Jamal Shead,Kyler Edwards,Michael Weathers,Stefan Todorovic,Jahmar Young Jr.,Kendric Davis,Emmanuel Bandoumel
2021-22,2022-02-27,2397245,345,0,2,Houston,SMU,Cougars,Mustangs,3,3,73,56,17,1436,Houston,100,100,0,Substitution: Ryan Elvin in for Kyler Edwards.,NA,FALSE,FALSE,NA,NA,NA,NA,NA,NA,1,NA,NA,NA,NA,Fabian White Jr.,Robbie Armbrester,Taze Moore,Jamal Shead,Ryan Elvin,Michael Weathers,Stefan Todorovic,Jahmar Young Jr.,Kendric Davis,Emmanuel Bandoumel
2021-22,2022-02-27,2397245,346,0,2,Houston,SMU,Cougars,Mustangs,3,3,73,56,17,1436,Houston,100,100,0,Substitution: Ja'Vier Francis in for Taze Moore.,NA,FALSE,FALSE,NA,NA,NA,NA,NA,NA,1,NA,NA,NA,NA,Fabian White Jr.,Robbie Armbrester,Ja'Vier Francis,Jamal Shead,Ryan Elvin,Michael Weathers,Stefan Todorovic,Jahmar Young Jr.,Kendric Davis,Emmanuel Bandoumel
2021-22,2022-02-27,2397245,347,0,2,Houston,SMU,Cougars,Mustangs,3,3,73,56,17,1436,Houston,100,100,0,Substitution: J'Wan Roberts in for Fabian White Jr..,NA,FALSE,FALSE,NA,NA,NA,NA,NA,NA,1,NA,NA,NA,NA,J'Wan Roberts,Robbie Armbrester,Ja'Vier Francis,Jamal Shead,Ryan Elvin,Michael Weathers,Stefan Todorovic,Jahmar Young Jr.,Kendric Davis,Emmanuel Bandoumel
2021-22,2022-02-27,2397245,348,0,2,Houston,SMU,Cougars,Mustangs,3,3,73,56,17,1605,SMU,100,100,0,Substitution: Jalen Smith in for Stefan Todorovic.,NA,FALSE,FALSE,NA,NA,NA,NA,NA,NA,1,NA,NA,NA,NA,J'Wan Roberts,Robbie Armbrester,Ja'Vier Francis,Jamal Shead,Ryan Elvin,Michael Weathers,Jalen Smith,Jahmar Young Jr.,Kendric Davis,Emmanuel Bandoumel
2021-22,2022-02-27,2397245,349,0,2,Houston,SMU,Cougars,Mustangs,3,3,73,56,17,1605,SMU,85,85,15,Personal foul committed by Emmanuel Bandoumel.,NA,FALSE,FALSE,NA,NA,NA,NA,NA,NA,0,Houston,Houston,123,NA,J'Wan Roberts,Robbie Armbrester,Ja'Vier Francis,Jamal Shead,Ryan Elvin,Michael Weathers,Jalen Smith,Jahmar Young Jr.,Kendric Davis,Emmanuel Bandoumel
2021-22,2022-02-27,2397245,350,0,2,Houston,SMU,Cougars,Mustangs,3,3,74,56,18,1436,Houston,85,85,0,Jamal Shead makes free throw 1 of 2.,made,TRUE,FALSE,NA,NA,NA,NA,NA,NA,0,Houston,Houston,123,NA,J'Wan Roberts,Robbie Armbrester,Ja'Vier Francis,Jamal Shead,Ryan Elvin,Michael Weathers,Jalen Smith,Jahmar Young Jr.,Kendric Davis,Emmanuel Bandoumel
2021-22,2022-02-27,2397245,351,0,2,Houston,SMU,Cougars,Mustangs,3,3,74,56,18,1605,SMU,85,85,0,Substitution: Stefan Todorovic in for Kendric Davis.,NA,FALSE,FALSE,NA,NA,NA,NA,NA,NA,1,NA,NA,NA,NA,J'Wan Roberts,Robbie Armbrester,Ja'Vier Francis,Jamal Shead,Ryan Elvin,Michael Weathers,Jalen Smith,Jahmar Young Jr.,Stefan Todorovic,Emmanuel Bandoumel
2021-22,2022-02-27,2397245,352,0,2,Houston,SMU,Cougars,Mustangs,3,3,75,56,19,1436,Houston,85,85,0,Jamal Shead makes free throw 2 of 2.,made,TRUE,FALSE,NA,NA,NA,NA,NA,NA,0,Houston,SMU,123,NA,J'Wan Roberts,Robbie Armbrester,Ja'Vier Francis,Jamal Shead,Ryan Elvin,Michael Weathers,Jalen Smith,Jahmar Young Jr.,Stefan Todorovic,Emmanuel Bandoumel
2021-22,2022-02-27,2397245,353,0,2,Houston,SMU,Cougars,Mustangs,3,3,75,56,19,1436,Houston,63,63,22,Shooting foul committed by Ja'Vier Francis.,NA,FALSE,FALSE,NA,NA,NA,NA,NA,NA,0,SMU,SMU,124,NA,J'Wan Roberts,Robbie Armbrester,Ja'Vier Francis,Jamal Shead,Ryan Elvin,Michael Weathers,Jalen Smith,Jahmar Young Jr.,Stefan Todorovic,Emmanuel Bandoumel
2021-22,2022-02-27,2397245,354,0,2,Houston,SMU,Cougars,Mustangs,3,3,75,57,18,1605,SMU,63,63,0,Michael Weathers makes free throw 1 of 2.,made,TRUE,FALSE,NA,NA,NA,NA,NA,NA,0,SMU,SMU,124,NA,J'Wan Roberts,Robbie Armbrester,Ja'Vier Francis,Jamal Shead,Ryan Elvin,Michael Weathers,Jalen Smith,Jahmar Young Jr.,Stefan Todorovic,Emmanuel Bandoumel
2021-22,2022-02-27,2397245,355,0,2,Houston,SMU,Cougars,Mustangs,3,3,75,58,17,1605,SMU,63,63,0,Michael Weathers makes free throw 2 of 2.,made,TRUE,FALSE,NA,NA,NA,NA,NA,NA,0,SMU,Houston,124,NA,J'Wan Roberts,Robbie Armbrester,Ja'Vier Francis,Jamal Shead,Ryan Elvin,Michael Weathers,Jalen Smith,Jahmar Young Jr.,Stefan Todorovic,Emmanuel Bandoumel
2021-22,2022-02-27,2397245,356,0,2,Houston,SMU,Cougars,Mustangs,3,3,75,58,17,1605,SMU,63,63,0,Substitution: Zach Nutall in for Stefan Todorovic.,NA,FALSE,FALSE,NA,NA,NA,NA,NA,NA,1,NA,NA,NA,NA,J'Wan Roberts,Robbie Armbrester,Ja'Vier Francis,Jamal Shead,Ryan Elvin,Michael Weathers,Jalen Smith,Jahmar Young Jr.,Zach Nutall,Emmanuel Bandoumel
2021-22,2022-02-27,2397245,357,0,2,Houston,SMU,Cougars,Mustangs,3,3,75,58,17,1436,Houston,45,45,18,Jalen Smith steals the ball from Ja'Vier Francis.,NA,FALSE,FALSE,NA,NA,NA,NA,NA,NA,0,Houston,SMU,125,NA,J'Wan Roberts,Robbie Armbrester,Ja'Vier Francis,Jamal Shead,Ryan Elvin,Michael Weathers,Jalen Smith,Jahmar Young Jr.,Zach Nutall,Emmanuel Bandoumel
2021-22,2022-02-27,2397245,358,0,2,Houston,SMU,Cougars,Mustangs,3,3,75,60,15,1605,SMU,39,39,6,Jahmar Young Jr. dunks. Emmanuel Bandoumel with the assist.,made,FALSE,FALSE,Dunk Shot,25,5.25,1132603,Jahmar Young Jr.,Emmanuel Bandoumel,0,SMU,Houston,126,NA,J'Wan Roberts,Robbie Armbrester,Ja'Vier Francis,Jamal Shead,Ryan Elvin,Michael Weathers,Jalen Smith,Jahmar Young Jr.,Zach Nutall,Emmanuel Bandoumel
2021-22,2022-02-27,2397245,359,0,2,Houston,SMU,Cougars,Mustangs,3,3,75,60,15,1436,Houston,32,32,7,J'Wan Roberts with a turnover - Bad Pass,NA,FALSE,FALSE,NA,NA,NA,NA,NA,NA,0,Houston,SMU,127,NA,J'Wan Roberts,Robbie Armbrester,Ja'Vier Francis,Jamal Shead,Ryan Elvin,Michael Weathers,Jalen Smith,Jahmar Young Jr.,Zach Nutall,Emmanuel Bandoumel
2021-22,2022-02-27,2397245,360,0,2,Houston,SMU,Cougars,Mustangs,3,3,75,60,15,1436,Houston,23,23,9,Shooting foul committed by Ryan Elvin.,NA,FALSE,FALSE,NA,NA,NA,NA,NA,NA,0,SMU,SMU,128,NA,J'Wan Roberts,Robbie Armbrester,Ja'Vier Francis,Jamal Shead,Ryan Elvin,Michael Weathers,Jalen Smith,Jahmar Young Jr.,Zach Nutall,Emmanuel Bandoumel
2021-22,2022-02-27,2397245,361,0,2,Houston,SMU,Cougars,Mustangs,3,3,75,60,15,1605,SMU,23,23,0,Jahmar Young Jr. misses free throw 1 of 2.,missed,TRUE,FALSE,NA,NA,NA,NA,NA,NA,0,SMU,SMU,128,NA,J'Wan Roberts,Robbie Armbrester,Ja'Vier Francis,Jamal Shead,Ryan Elvin,Michael Weathers,Jalen Smith,Jahmar Young Jr.,Zach Nutall,Emmanuel Bandoumel
2021-22,2022-02-27,2397245,363,0,2,Houston,SMU,Cougars,Mustangs,3,3,75,60,15,1605,SMU,23,23,0,Substitution: Darius McBride in for Emmanuel Bandoumel.,NA,FALSE,FALSE,NA,NA,NA,NA,NA,NA,1,NA,NA,NA,NA,J'Wan Roberts,Robbie Armbrester,Ja'Vier Francis,Jamal Shead,Ryan Elvin,Michael Weathers,Jalen Smith,Jahmar Young Jr.,Zach Nutall,Darius McBride
2021-22,2022-02-27,2397245,364,0,2,Houston,SMU,Cougars,Mustangs,3,3,75,60,15,1605,SMU,23,23,0,Substitution: Stefan Todorovic in for Michael Weathers.,NA,FALSE,FALSE,NA,NA,NA,NA,NA,NA,1,NA,NA,NA,NA,J'Wan Roberts,Robbie Armbrester,Ja'Vier Francis,Jamal Shead,Ryan Elvin,Stefan Todorovic,Jalen Smith,Jahmar Young Jr.,Zach Nutall,Darius McBride
2021-22,2022-02-27,2397245,365,0,2,Houston,SMU,Cougars,Mustangs,3,3,75,61,14,1605,SMU,23,23,0,Jahmar Young Jr. makes free throw 2 of 2.,made,TRUE,FALSE,NA,NA,NA,NA,NA,NA,0,SMU,Houston,128,NA,J'Wan Roberts,Robbie Armbrester,Ja'Vier Francis,Jamal Shead,Ryan Elvin,Stefan Todorovic,Jalen Smith,Jahmar Young Jr.,Zach Nutall,Darius McBride
2021-22,2022-02-27,2397245,366,0,2,Houston,SMU,Cougars,Mustangs,3,3,75,61,14,NA,NA,0,0,23,End of the 2nd Half,NA,FALSE,FALSE,NA,NA,NA,NA,NA,NA,0,NA,NA,NA,NA,J'Wan Roberts,Robbie Armbrester,Ja'Vier Francis,Jamal Shead,Ryan Elvin,Stefan Todorovic,Jalen Smith,Jahmar Young Jr.,Zach Nutall,Darius McBride
2021-22,2022-02-27,2397245,367,0,2,Houston,SMU,Cougars,Mustangs,3,3,75,61,14,NA,NA,0,0,0,End of the Game,NA,FALSE,FALSE,NA,NA,NA,NA,NA,NA,0,Houston,Houston,NA,NA,J'Wan Roberts,Robbie Armbrester,Ja'Vier Francis,Jamal Shead,Ryan Elvin,Stefan Todorovic,Jalen Smith,Jahmar Young Jr.,Zach Nutall,Darius McBride
