season,date,game_id,play_id,neutral,half,home,away,home_name,away_name,home_timeouts,away_timeouts,home_score,away_score,score_diff,team_id,event_team,game_secs_remaining,half_secs_remaining,play_length,desc,shot_outcome,free_throw,three_pt,shot_desc,loc_x,loc_y,shooter_id,shooter,assist,substitution,poss_before,poss_after,poss_number,sub_error,home_1,home_2,home_3,home_4,home_5,away_1,away_2,away_3,away_4,away_5
2021-22,2021-12-15,2397586,1,0,1,Oregon,Portland,Ducks,Pilots,4,4,0,0,0,1562,Oregon,NA,NA,NA,Starting Lineup - De'Vion Harmon,NA,FALSE,FALSE,NA,NA,NA,NA,NA,NA,1,NA,NA,NA,NA,De'Vion Harmon,Will Richardson,Jacob Young,Quincy Guerrier,N'Faly Dante,Moses Wood,Kristian Sjolund,Mike Meadows,Tyler Robertson,Chris Austin
2021-22,2021-12-15,2397586,1,0,1,Oregon,Portland,Ducks,Pilots,4,4,0,0,0,1562,Oregon,NA,NA,NA,Starting Lineup - Will Richardson,NA,FALSE,FALSE,NA,NA,NA,NA,NA,NA,1,NA,NA,NA,NA,De'Vion Harmon,Will Richardson,Jacob Young,Quincy Guerrier,N'Faly Dante,Moses Wood,Kristian Sjolund,Mike Meadows,Tyler Robertson,Chris Austin
2021-22,2021-12-15,2397586,1,0,1,Oregon,Portland,Ducks,Pilots,4,4,0,0,0,1572,Portland,NA,NA,NA,Starting Lineup - Moses Wood,NA,FALSE,FALSE,NA,NA,NA,NA,NA,NA,1,NA,NA,NA,NA,De'Vion Harmon,Will Richardson,Jacob Young,Quincy Guerrier,N'Faly Dante,Moses Wood,Kristian Sjolund,Mike Meadows,Tyler Robertson,Chris Austin
2021-22,2021-12-15,2397586,1,0,1,Oregon,Portland,Ducks,Pilots,4,4,0,0,0,1572,Portland,NA,NA,NA,Starting Lineup - Kristian Sjolund,NA,FALSE,FALSE,NA,NA,NA,NA,NA,NA,1,NA,NA,NA,NA,De'Vion Harmon,Will Richardson,Jacob Young,Quincy Guerrier,N'Faly Dante,Moses Wood,Kristian Sjolund,Mike Meadows,Tyler Robertson,Chris Austin
2021-22,2021-12-15,2397586,1,0,1,Oregon,Portland,Ducks,Pilots,4,4,0,0,0,1572,Portland,NA,NA,NA,Starting Lineup - Mike Meadows,NA,FALSE,FALSE,NA,NA,NA,NA,NA,NA,1,NA,NA,NA,NA,De'Vion Harmon,Will Richardson,Jacob Young,Quincy Guerrier,N'Faly Dante,Moses Wood,Kristian Sjolund,Mike Meadows,Tyler Robertson,Chris Austin
2021-22,2021-12-15,2397586,1,0,1,Oregon,Portland,Ducks,Pilots,4,4,0,0,0,1562,Oregon,NA,NA,NA,Starting Lineup - Jacob Young,NA,FALSE,FALSE,NA,NA,NA,NA,NA,NA,1,NA,NA,NA,NA,De'Vion Harmon,Will Richardson,Jacob Young,Quincy Guerrier,N'Faly Dante,Moses Wood,Kristian Sjolund,Mike Meadows,Tyler Robertson,Chris Austin
2021-22,2021-12-15,2397586,1,0,1,Oregon,Portland,Ducks,Pilots,4,4,0,0,0,1562,Oregon,NA,NA,NA,Starting Lineup - Quincy Guerrier,NA,FALSE,FALSE,NA,NA,NA,NA,NA,NA,1,NA,NA,NA,NA,De'Vion Harmon,Will Richardson,Jacob Young,Quincy Guerrier,N'Faly Dante,Moses Wood,Kristian Sjolund,Mike Meadows,Tyler Robertson,Chris Austin
2021-22,2021-12-15,2397586,1,0,1,Oregon,Portland,Ducks,Pilots,4,4,0,0,0,1572,Portland,NA,NA,NA,Starting Lineup - Tyler Robertson,NA,FALSE,FALSE,NA,NA,NA,NA,NA,NA,1,NA,NA,NA,NA,De'Vion Harmon,Will Richardson,Jacob Young,Quincy Guerrier,N'Faly Dante,Moses Wood,Kristian Sjolund,Mike Meadows,Tyler Robertson,Chris Austin
2021-22,2021-12-15,2397586,1,0,1,Oregon,Portland,Ducks,Pilots,4,4,0,0,0,1562,Oregon,NA,NA,NA,Starting Lineup - N'Faly Dante,NA,FALSE,FALSE,NA,NA,NA,NA,NA,NA,1,NA,NA,NA,NA,De'Vion Harmon,Will Richardson,Jacob Young,Quincy Guerrier,N'Faly Dante,Moses Wood,Kristian Sjolund,Mike Meadows,Tyler Robertson,Chris Austin
2021-22,2021-12-15,2397586,1,0,1,Oregon,Portland,Ducks,Pilots,4,4,0,0,0,1572,Portland,NA,NA,NA,Starting Lineup - Chris Austin,NA,FALSE,FALSE,NA,NA,NA,NA,NA,NA,1,NA,NA,NA,NA,De'Vion Harmon,Will Richardson,Jacob Young,Quincy Guerrier,N'Faly Dante,Moses Wood,Kristian Sjolund,Mike Meadows,Tyler Robertson,Chris Austin
2021-22,2021-12-15,2397586,2,0,1,Oregon,Portland,Ducks,Pilots,4,4,0,0,0,NA,NA,2400,1200,NA,Start of the 1st Half,NA,FALSE,FALSE,NA,NA,NA,NA,NA,NA,0,NA,Oregon,1,NA,De'Vion Harmon,Will Richardson,Jacob Young,Quincy Guerrier,N'Faly Dante,Moses Wood,Kristian Sjolund,Mike Meadows,Tyler Robertson,Chris Austin
2021-22,2021-12-15,2397586,3,0,1,Oregon,Portland,Ducks,Pilots,4,4,2,0,2,1562,Oregon,2381,1181,19,Quincy Guerrier makes a layup.,made,FALSE,FALSE,Layup Shot,26,6.25,1178161,Quincy Guerrier,NA,0,Oregon,Portland,1,NA,De'Vion Harmon,Will Richardson,Jacob Young,Quincy Guerrier,N'Faly Dante,Moses Wood,Kristian Sjolund,Mike Meadows,Tyler Robertson,Chris Austin
2021-22,2021-12-15,2397586,4,0,1,Oregon,Portland,Ducks,Pilots,4,4,2,0,2,1572,Portland,2352,1152,29,Tyler Robertson misses a jump shot from 15 feet out.,missed,FALSE,FALSE,Jump Shot,28.8,19.65,1175079,Tyler Robertson,NA,0,Portland,Oregon,2,NA,De'Vion Harmon,Will Richardson,Jacob Young,Quincy Guerrier,N'Faly Dante,Moses Wood,Kristian Sjolund,Mike Meadows,Tyler Robertson,Chris Austin
2021-22,2021-12-15,2397586,5,0,1,Oregon,Portland,Ducks,Pilots,4,4,2,0,2,1562,Oregon,2342,1142,10,Will Richardson misses a layup.,missed,FALSE,FALSE,Layup Shot,25,5.25,1134729,Will Richardson,NA,0,Oregon,Portland,3,NA,De'Vion Harmon,Will Richardson,Jacob Young,Quincy Guerrier,N'Faly Dante,Moses Wood,Kristian Sjolund,Mike Meadows,Tyler Robertson,Chris Austin
2021-22,2021-12-15,2397586,6,0,1,Oregon,Portland,Ducks,Pilots,4,4,2,0,2,1572,Portland,2334,1134,8,Tyler Robertson misses a 3-point jump shot from 24 feet out.,missed,FALSE,TRUE,Jump Shot,45.7,16.85,1175079,Tyler Robertson,NA,0,Portland,Portland,4,NA,De'Vion Harmon,Will Richardson,Jacob Young,Quincy Guerrier,N'Faly Dante,Moses Wood,Kristian Sjolund,Mike Meadows,Tyler Robertson,Chris Austin
2021-22,2021-12-15,2397586,7,0,1,Oregon,Portland,Ducks,Pilots,4,4,2,0,2,1572,Portland,2287,1087,47,Kristian Sjolund misses a 3-point jump shot from 24 feet out.,missed,FALSE,TRUE,Jump Shot,8.2,21.95,1132255,Kristian Sjolund,NA,0,Portland,Oregon,4,NA,De'Vion Harmon,Will Richardson,Jacob Young,Quincy Guerrier,N'Faly Dante,Moses Wood,Kristian Sjolund,Mike Meadows,Tyler Robertson,Chris Austin
2021-22,2021-12-15,2397586,8,0,1,Oregon,Portland,Ducks,Pilots,4,4,4,0,4,1562,Oregon,2276,1076,11,Will Richardson makes a jump shot from 15 feet out.,made,FALSE,FALSE,Jump Shot,29.7,19.75,1134729,Will Richardson,NA,0,Oregon,Oregon,5,NA,De'Vion Harmon,Will Richardson,Jacob Young,Quincy Guerrier,N'Faly Dante,Moses Wood,Kristian Sjolund,Mike Meadows,Tyler Robertson,Chris Austin
2021-22,2021-12-15,2397586,9,0,1,Oregon,Portland,Ducks,Pilots,4,4,4,0,4,1572,Portland,2275,1075,1,Shooting foul committed by Mike Meadows.,NA,FALSE,FALSE,NA,NA,NA,NA,NA,NA,0,Oregon,Oregon,5,NA,De'Vion Harmon,Will Richardson,Jacob Young,Quincy Guerrier,N'Faly Dante,Moses Wood,Kristian Sjolund,Mike Meadows,Tyler Robertson,Chris Austin
2021-22,2021-12-15,2397586,10,0,1,Oregon,Portland,Ducks,Pilots,4,3,4,0,4,1572,Portland,2275,1075,0,Pilots take a 30-second timeout.,NA,FALSE,FALSE,NA,NA,NA,NA,NA,NA,0,NA,NA,NA,NA,De'Vion Harmon,Will Richardson,Jacob Young,Quincy Guerrier,N'Faly Dante,Moses Wood,Kristian Sjolund,Mike Meadows,Tyler Robertson,Chris Austin
2021-22,2021-12-15,2397586,11,0,1,Oregon,Portland,Ducks,Pilots,4,3,5,0,5,1562,Oregon,2275,1075,0,Will Richardson makes free throw 1 of 1.,made,TRUE,FALSE,NA,NA,NA,NA,NA,NA,0,Oregon,Portland,5,NA,De'Vion Harmon,Will Richardson,Jacob Young,Quincy Guerrier,N'Faly Dante,Moses Wood,Kristian Sjolund,Mike Meadows,Tyler Robertson,Chris Austin
2021-22,2021-12-15,2397586,12,0,1,Oregon,Portland,Ducks,Pilots,4,3,5,2,3,1572,Portland,2257,1057,18,Chris Austin makes a jump shot from 9 feet out.,made,FALSE,FALSE,Jump Shot,25.8,14.65,1134068,Chris Austin,NA,0,Portland,Oregon,6,NA,De'Vion Harmon,Will Richardson,Jacob Young,Quincy Guerrier,N'Faly Dante,Moses Wood,Kristian Sjolund,Mike Meadows,Tyler Robertson,Chris Austin
2021-22,2021-12-15,2397586,13,0,1,Oregon,Portland,Ducks,Pilots,4,3,5,2,3,1562,Oregon,2237,1037,20,Jacob Young misses a 3-point jump shot from 24 feet out.,missed,FALSE,TRUE,Jump Shot,47.7,12.150000000000006,956543,Jacob Young,NA,0,Oregon,Portland,7,NA,De'Vion Harmon,Will Richardson,Jacob Young,Quincy Guerrier,N'Faly Dante,Moses Wood,Kristian Sjolund,Mike Meadows,Tyler Robertson,Chris Austin
2021-22,2021-12-15,2397586,14,0,1,Oregon,Portland,Ducks,Pilots,4,3,5,2,3,1572,Portland,2212,1012,25,Moses Wood misses a 3-point jump shot from 22 feet out.,missed,FALSE,TRUE,Jump Shot,4.699999999999999,13.15,1132861,Moses Wood,NA,0,Portland,Oregon,8,NA,De'Vion Harmon,Will Richardson,Jacob Young,Quincy Guerrier,N'Faly Dante,Moses Wood,Kristian Sjolund,Mike Meadows,Tyler Robertson,Chris Austin
2021-22,2021-12-15,2397586,15,0,1,Oregon,Portland,Ducks,Pilots,4,3,5,2,3,1562,Oregon,2198,998,14,De'Vion Harmon misses a jump shot from 16 feet out.,missed,FALSE,FALSE,Jump Shot,39.7,12.650000000000006,1175028,De'Vion Harmon,NA,0,Oregon,Oregon,9,NA,De'Vion Harmon,Will Richardson,Jacob Young,Quincy Guerrier,N'Faly Dante,Moses Wood,Kristian Sjolund,Mike Meadows,Tyler Robertson,Chris Austin
2021-22,2021-12-15,2397586,16,0,1,Oregon,Portland,Ducks,Pilots,4,3,5,2,3,1572,Portland,2178,978,20,Shooting foul committed by Kristian Sjolund.,NA,FALSE,FALSE,NA,NA,NA,NA,NA,NA,0,Oregon,Oregon,9,NA,De'Vion Harmon,Will Richardson,Jacob Young,Quincy Guerrier,N'Faly Dante,Moses Wood,Kristian Sjolund,Mike Meadows,Tyler Robertson,Chris Austin
2021-22,2021-12-15,2397586,17,0,1,Oregon,Portland,Ducks,Pilots,4,3,6,2,4,1562,Oregon,2178,978,0,De'Vion Harmon makes free throw 1 of 2.,made,TRUE,FALSE,NA,NA,NA,NA,NA,NA,0,Oregon,Oregon,9,NA,De'Vion Harmon,Will Richardson,Jacob Young,Quincy Guerrier,N'Faly Dante,Moses Wood,Kristian Sjolund,Mike Meadows,Tyler Robertson,Chris Austin
2021-22,2021-12-15,2397586,18,0,1,Oregon,Portland,Ducks,Pilots,4,3,6,2,4,1562,Oregon,2178,978,0,Substitution: Franck Kepnang in for N'Faly Dante.,NA,FALSE,FALSE,NA,NA,NA,NA,NA,NA,1,NA,NA,NA,NA,De'Vion Harmon,Will Richardson,Jacob Young,Quincy Guerrier,Franck Kepnang,Moses Wood,Kristian Sjolund,Mike Meadows,Tyler Robertson,Chris Austin
2021-22,2021-12-15,2397586,19,0,1,Oregon,Portland,Ducks,Pilots,4,3,6,2,4,1572,Portland,2178,978,0,Substitution: Chika Nduka in for Moses Wood.,NA,FALSE,FALSE,NA,NA,NA,NA,NA,NA,1,NA,NA,NA,NA,De'Vion Harmon,Will Richardson,Jacob Young,Quincy Guerrier,Franck Kepnang,Chika Nduka,Kristian Sjolund,Mike Meadows,Tyler Robertson,Chris Austin
2021-22,2021-12-15,2397586,20,0,1,Oregon,Portland,Ducks,Pilots,4,3,7,2,5,1562,Oregon,2178,978,0,De'Vion Harmon makes free throw 2 of 2.,made,TRUE,FALSE,NA,NA,NA,NA,NA,NA,0,Oregon,Portland,9,NA,De'Vion Harmon,Will Richardson,Jacob Young,Quincy Guerrier,Franck Kepnang,Chika Nduka,Kristian Sjolund,Mike Meadows,Tyler Robertson,Chris Austin
2021-22,2021-12-15,2397586,21,0,1,Oregon,Portland,Ducks,Pilots,4,3,7,5,2,1572,Portland,2175,975,3,Kristian Sjolund makes a 3-point jump shot from 25 feet out.,made,FALSE,TRUE,Jump Shot,41.2,24.55,1132255,Kristian Sjolund,NA,0,Portland,Oregon,10,NA,De'Vion Harmon,Will Richardson,Jacob Young,Quincy Guerrier,Franck Kepnang,Chika Nduka,Kristian Sjolund,Mike Meadows,Tyler Robertson,Chris Austin
2021-22,2021-12-15,2397586,22,0,1,Oregon,Portland,Ducks,Pilots,4,3,10,5,5,1562,Oregon,2158,958,17,Will Richardson makes a 3-point jump shot from 24 feet out.,made,FALSE,TRUE,Jump Shot,44.6,18.75,1134729,Will Richardson,NA,0,Oregon,Portland,11,NA,De'Vion Harmon,Will Richardson,Jacob Young,Quincy Guerrier,Franck Kepnang,Chika Nduka,Kristian Sjolund,Mike Meadows,Tyler Robertson,Chris Austin
2021-22,2021-12-15,2397586,23,0,1,Oregon,Portland,Ducks,Pilots,4,3,10,5,5,1572,Portland,2133,933,25,Kristian Sjolund misses a 3-point jump shot from 25 feet out.,missed,FALSE,TRUE,Jump Shot,20.8,29.65,1132255,Kristian Sjolund,NA,0,Portland,Oregon,12,NA,De'Vion Harmon,Will Richardson,Jacob Young,Quincy Guerrier,Franck Kepnang,Chika Nduka,Kristian Sjolund,Mike Meadows,Tyler Robertson,Chris Austin
2021-22,2021-12-15,2397586,24,0,1,Oregon,Portland,Ducks,Pilots,4,3,13,5,8,1562,Oregon,2122,922,11,Quincy Guerrier makes a 3-point jump shot from 25 feet out.,made,FALSE,TRUE,Jump Shot,10.799999999999997,25.349999999999994,1178161,Quincy Guerrier,NA,0,Oregon,Portland,13,NA,De'Vion Harmon,Will Richardson,Jacob Young,Quincy Guerrier,Franck Kepnang,Chika Nduka,Kristian Sjolund,Mike Meadows,Tyler Robertson,Chris Austin
2021-22,2021-12-15,2397586,25,0,1,Oregon,Portland,Ducks,Pilots,4,3,13,8,5,1572,Portland,2107,907,15,Mike Meadows makes a 3-point jump shot from 26 feet out.,made,FALSE,TRUE,Jump Shot,45.5,21.45,1346405,Mike Meadows,NA,0,Portland,Oregon,14,NA,De'Vion Harmon,Will Richardson,Jacob Young,Quincy Guerrier,Franck Kepnang,Chika Nduka,Kristian Sjolund,Mike Meadows,Tyler Robertson,Chris Austin
2021-22,2021-12-15,2397586,26,0,1,Oregon,Portland,Ducks,Pilots,4,3,15,8,7,1562,Oregon,2088,888,19,Franck Kepnang makes a layup.,made,FALSE,FALSE,Layup Shot,25,5.25,1265909,Franck Kepnang,NA,0,Oregon,Portland,15,NA,De'Vion Harmon,Will Richardson,Jacob Young,Quincy Guerrier,Franck Kepnang,Chika Nduka,Kristian Sjolund,Mike Meadows,Tyler Robertson,Chris Austin
2021-22,2021-12-15,2397586,27,0,1,Oregon,Portland,Ducks,Pilots,4,3,15,8,7,1562,Oregon,2079,879,9,Personal foul committed by Franck Kepnang.,NA,FALSE,FALSE,NA,NA,NA,NA,NA,NA,0,Portland,Portland,16,NA,De'Vion Harmon,Will Richardson,Jacob Young,Quincy Guerrier,Franck Kepnang,Chika Nduka,Kristian Sjolund,Mike Meadows,Tyler Robertson,Chris Austin
2021-22,2021-12-15,2397586,28,0,1,Oregon,Portland,Ducks,Pilots,4,3,15,8,7,NA,NA,2079,879,0,Official TV timeout.,NA,FALSE,FALSE,NA,NA,NA,NA,NA,NA,0,NA,NA,NA,NA,De'Vion Harmon,Will Richardson,Jacob Young,Quincy Guerrier,Franck Kepnang,Chika Nduka,Kristian Sjolund,Mike Meadows,Tyler Robertson,Chris Austin
2021-22,2021-12-15,2397586,29,0,1,Oregon,Portland,Ducks,Pilots,4,3,15,8,7,1562,Oregon,2052,852,27,Franck Kepnang misses a jump shot from 18 feet out.,missed,FALSE,FALSE,Jump Shot,28,22.25,1265909,Franck Kepnang,NA,0,Oregon,Oregon,16,NA,De'Vion Harmon,Will Richardson,Jacob Young,Quincy Guerrier,Franck Kepnang,Chika Nduka,Kristian Sjolund,Mike Meadows,Tyler Robertson,Chris Austin
2021-22,2021-12-15,2397586,30,0,1,Oregon,Portland,Ducks,Pilots,4,3,17,8,9,1562,Oregon,2044,844,8,Franck Kepnang makes a layup.,made,FALSE,FALSE,Layup Shot,25,5.25,1265909,Franck Kepnang,NA,0,Oregon,Oregon,16,NA,De'Vion Harmon,Will Richardson,Jacob Young,Quincy Guerrier,Franck Kepnang,Chika Nduka,Kristian Sjolund,Mike Meadows,Tyler Robertson,Chris Austin
2021-22,2021-12-15,2397586,31,0,1,Oregon,Portland,Ducks,Pilots,4,3,17,8,9,1572,Portland,2043,843,1,Shooting foul committed by Chika Nduka.,NA,FALSE,FALSE,NA,NA,NA,NA,NA,NA,0,Oregon,Oregon,16,NA,De'Vion Harmon,Will Richardson,Jacob Young,Quincy Guerrier,Franck Kepnang,Chika Nduka,Kristian Sjolund,Mike Meadows,Tyler Robertson,Chris Austin
2021-22,2021-12-15,2397586,32,0,1,Oregon,Portland,Ducks,Pilots,4,3,17,8,9,1562,Oregon,2043,843,0,Substitution: Rivaldo Soares in for Jacob Young.,NA,FALSE,FALSE,NA,NA,NA,NA,NA,NA,1,NA,NA,NA,NA,De'Vion Harmon,Will Richardson,Rivaldo Soares,Quincy Guerrier,Franck Kepnang,Chika Nduka,Kristian Sjolund,Mike Meadows,Tyler Robertson,Chris Austin
2021-22,2021-12-15,2397586,33,0,1,Oregon,Portland,Ducks,Pilots,4,3,17,8,9,1572,Portland,2043,843,0,Substitution: Moses Wood in for Chika Nduka.,NA,FALSE,FALSE,NA,NA,NA,NA,NA,NA,1,NA,NA,NA,NA,De'Vion Harmon,Will Richardson,Rivaldo Soares,Quincy Guerrier,Franck Kepnang,Moses Wood,Kristian Sjolund,Mike Meadows,Tyler Robertson,Chris Austin
2021-22,2021-12-15,2397586,34,0,1,Oregon,Portland,Ducks,Pilots,4,3,17,8,9,1572,Portland,2043,843,0,Substitution: Matheus Silveira in for Kristian Sjolund.,NA,FALSE,FALSE,NA,NA,NA,NA,NA,NA,1,NA,NA,NA,NA,De'Vion Harmon,Will Richardson,Rivaldo Soares,Quincy Guerrier,Franck Kepnang,Moses Wood,Matheus Silveira,Mike Meadows,Tyler Robertson,Chris Austin
2021-22,2021-12-15,2397586,35,0,1,Oregon,Portland,Ducks,Pilots,4,3,18,8,10,1562,Oregon,2043,843,0,Franck Kepnang makes free throw 1 of 1.,made,TRUE,FALSE,NA,NA,NA,NA,NA,NA,0,Oregon,Portland,16,NA,De'Vion Harmon,Will Richardson,Rivaldo Soares,Quincy Guerrier,Franck Kepnang,Moses Wood,Matheus Silveira,Mike Meadows,Tyler Robertson,Chris Austin
2021-22,2021-12-15,2397586,36,0,1,Oregon,Portland,Ducks,Pilots,4,3,18,10,8,1572,Portland,2040,840,3,Chris Austin makes a layup.,made,FALSE,FALSE,Layup Shot,25,5.25,1134068,Chris Austin,NA,0,Portland,Oregon,17,NA,De'Vion Harmon,Will Richardson,Rivaldo Soares,Quincy Guerrier,Franck Kepnang,Moses Wood,Matheus Silveira,Mike Meadows,Tyler Robertson,Chris Austin
2021-22,2021-12-15,2397586,37,0,1,Oregon,Portland,Ducks,Pilots,4,3,18,10,8,1562,Oregon,2011,811,29,Personal foul committed by Franck Kepnang.,NA,FALSE,FALSE,NA,NA,NA,NA,NA,NA,0,Portland,Portland,18,NA,De'Vion Harmon,Will Richardson,Rivaldo Soares,Quincy Guerrier,Franck Kepnang,Moses Wood,Matheus Silveira,Mike Meadows,Tyler Robertson,Chris Austin
2021-22,2021-12-15,2397586,38,0,1,Oregon,Portland,Ducks,Pilots,4,3,18,10,8,1562,Oregon,2011,811,0,Substitution: N'Faly Dante in for Franck Kepnang.,NA,FALSE,FALSE,NA,NA,NA,NA,NA,NA,1,NA,NA,NA,NA,De'Vion Harmon,Will Richardson,Rivaldo Soares,Quincy Guerrier,N'Faly Dante,Moses Wood,Matheus Silveira,Mike Meadows,Tyler Robertson,Chris Austin
2021-22,2021-12-15,2397586,39,0,1,Oregon,Portland,Ducks,Pilots,4,3,18,10,8,1562,Oregon,1989,789,22,De'Vion Harmon misses a layup.,missed,FALSE,FALSE,Layup Shot,26,6.25,1175028,De'Vion Harmon,NA,0,Oregon,Portland,18,NA,De'Vion Harmon,Will Richardson,Rivaldo Soares,Quincy Guerrier,N'Faly Dante,Moses Wood,Matheus Silveira,Mike Meadows,Tyler Robertson,Chris Austin
2021-22,2021-12-15,2397586,40,0,1,Oregon,Portland,Ducks,Pilots,4,3,18,10,8,1572,Portland,1984,784,5,Moses Wood misses a jump shot from 17 feet out.,missed,FALSE,FALSE,Jump Shot,15.6,19.65,1132861,Moses Wood,NA,0,Portland,Portland,19,NA,De'Vion Harmon,Will Richardson,Rivaldo Soares,Quincy Guerrier,N'Faly Dante,Moses Wood,Matheus Silveira,Mike Meadows,Tyler Robertson,Chris Austin
2021-22,2021-12-15,2397586,41,0,1,Oregon,Portland,Ducks,Pilots,4,3,18,10,8,1562,Oregon,1978,778,6,Personal foul committed by De'Vion Harmon.,NA,FALSE,FALSE,NA,NA,NA,NA,NA,NA,0,Portland,Portland,19,NA,De'Vion Harmon,Will Richardson,Rivaldo Soares,Quincy Guerrier,N'Faly Dante,Moses Wood,Matheus Silveira,Mike Meadows,Tyler Robertson,Chris Austin
2021-22,2021-12-15,2397586,42,0,1,Oregon,Portland,Ducks,Pilots,4,3,18,10,8,1572,Portland,1966,766,12,Offensive foul committed by Matheus Silveira.,NA,FALSE,FALSE,NA,NA,NA,NA,NA,NA,0,Portland,Oregon,19,NA,De'Vion Harmon,Will Richardson,Rivaldo Soares,Quincy Guerrier,N'Faly Dante,Moses Wood,Matheus Silveira,Mike Meadows,Tyler Robertson,Chris Austin
2021-22,2021-12-15,2397586,43,0,1,Oregon,Portland,Ducks,Pilots,4,3,18,10,8,1572,Portland,1958,758,8,Personal foul committed by Tyler Robertson.,NA,FALSE,FALSE,NA,NA,NA,NA,NA,NA,0,Oregon,Oregon,20,NA,De'Vion Harmon,Will Richardson,Rivaldo Soares,Quincy Guerrier,N'Faly Dante,Moses Wood,Matheus Silveira,Mike Meadows,Tyler Robertson,Chris Austin
2021-22,2021-12-15,2397586,44,0,1,Oregon,Portland,Ducks,Pilots,4,3,20,10,10,1562,Oregon,1953,753,5,N'Faly Dante makes a layup.,made,FALSE,FALSE,Layup Shot,25,5.25,1194079,N'Faly Dante,NA,0,Oregon,Portland,20,NA,De'Vion Harmon,Will Richardson,Rivaldo Soares,Quincy Guerrier,N'Faly Dante,Moses Wood,Matheus Silveira,Mike Meadows,Tyler Robertson,Chris Austin
2021-22,2021-12-15,2397586,45,0,1,Oregon,Portland,Ducks,Pilots,4,3,20,10,10,1562,Oregon,1933,733,20,Personal foul committed by Quincy Guerrier.,NA,FALSE,FALSE,NA,NA,NA,NA,NA,NA,0,Portland,Portland,21,NA,De'Vion Harmon,Will Richardson,Rivaldo Soares,Quincy Guerrier,N'Faly Dante,Moses Wood,Matheus Silveira,Mike Meadows,Tyler Robertson,Chris Austin
2021-22,2021-12-15,2397586,46,0,1,Oregon,Portland,Ducks,Pilots,4,3,20,10,10,1562,Oregon,1933,733,0,Substitution: Eric Williams Jr. in for Quincy Guerrier.,NA,FALSE,FALSE,NA,NA,NA,NA,NA,NA,1,NA,NA,NA,NA,De'Vion Harmon,Will Richardson,Rivaldo Soares,Eric Williams Jr.,N'Faly Dante,Moses Wood,Matheus Silveira,Mike Meadows,Tyler Robertson,Chris Austin
2021-22,2021-12-15,2397586,47,0,1,Oregon,Portland,Ducks,Pilots,4,3,20,10,10,1572,Portland,1933,733,0,Substitution: Kristian Sjolund in for Matheus Silveira.,NA,FALSE,FALSE,NA,NA,NA,NA,NA,NA,1,NA,NA,NA,NA,De'Vion Harmon,Will Richardson,Rivaldo Soares,Eric Williams Jr.,N'Faly Dante,Moses Wood,Kristian Sjolund,Mike Meadows,Tyler Robertson,Chris Austin
2021-22,2021-12-15,2397586,48,0,1,Oregon,Portland,Ducks,Pilots,4,3,20,10,10,1562,Oregon,1926,726,7,Shooting foul committed by N'Faly Dante.,NA,FALSE,FALSE,NA,NA,NA,NA,NA,NA,0,Portland,Portland,21,NA,De'Vion Harmon,Will Richardson,Rivaldo Soares,Eric Williams Jr.,N'Faly Dante,Moses Wood,Kristian Sjolund,Mike Meadows,Tyler Robertson,Chris Austin
2021-22,2021-12-15,2397586,49,0,1,Oregon,Portland,Ducks,Pilots,4,3,20,11,9,1572,Portland,1926,726,0,Chris Austin makes free throw 1 of 2.,made,TRUE,FALSE,NA,NA,NA,NA,NA,NA,0,Portland,Portland,21,NA,De'Vion Harmon,Will Richardson,Rivaldo Soares,Eric Williams Jr.,N'Faly Dante,Moses Wood,Kristian Sjolund,Mike Meadows,Tyler Robertson,Chris Austin
2021-22,2021-12-15,2397586,50,0,1,Oregon,Portland,Ducks,Pilots,4,3,20,11,9,1572,Portland,1926,726,0,Chris Austin misses free throw 2 of 2.,missed,TRUE,FALSE,NA,NA,NA,NA,NA,NA,0,Portland,Oregon,21,NA,De'Vion Harmon,Will Richardson,Rivaldo Soares,Eric Williams Jr.,N'Faly Dante,Moses Wood,Kristian Sjolund,Mike Meadows,Tyler Robertson,Chris Austin
2021-22,2021-12-15,2397586,51,0,1,Oregon,Portland,Ducks,Pilots,4,3,20,11,9,1562,Oregon,1912,712,14,N'Faly Dante misses a layup.,missed,FALSE,FALSE,Layup Shot,26,6.25,1194079,N'Faly Dante,NA,0,Oregon,Oregon,22,NA,De'Vion Harmon,Will Richardson,Rivaldo Soares,Eric Williams Jr.,N'Faly Dante,Moses Wood,Kristian Sjolund,Mike Meadows,Tyler Robertson,Chris Austin
2021-22,2021-12-15,2397586,52,0,1,Oregon,Portland,Ducks,Pilots,4,3,22,11,11,1562,Oregon,1910,710,2,N'Faly Dante makes a layup.,made,FALSE,FALSE,Layup Shot,25,5.25,1194079,N'Faly Dante,NA,0,Oregon,Portland,22,NA,De'Vion Harmon,Will Richardson,Rivaldo Soares,Eric Williams Jr.,N'Faly Dante,Moses Wood,Kristian Sjolund,Mike Meadows,Tyler Robertson,Chris Austin
2021-22,2021-12-15,2397586,53,0,1,Oregon,Portland,Ducks,Pilots,4,3,22,11,11,1572,Portland,1889,689,21,Personal foul committed by Mike Meadows.,NA,FALSE,FALSE,NA,NA,NA,NA,NA,NA,0,Oregon,Oregon,23,NA,De'Vion Harmon,Will Richardson,Rivaldo Soares,Eric Williams Jr.,N'Faly Dante,Moses Wood,Kristian Sjolund,Mike Meadows,Tyler Robertson,Chris Austin
2021-22,2021-12-15,2397586,54,0,1,Oregon,Portland,Ducks,Pilots,4,3,22,11,11,NA,NA,1889,689,0,Official TV timeout.,NA,FALSE,FALSE,NA,NA,NA,NA,NA,NA,0,NA,NA,NA,NA,De'Vion Harmon,Will Richardson,Rivaldo Soares,Eric Williams Jr.,N'Faly Dante,Moses Wood,Kristian Sjolund,Mike Meadows,Tyler Robertson,Chris Austin
2021-22,2021-12-15,2397586,55,0,1,Oregon,Portland,Ducks,Pilots,4,3,22,11,11,1562,Oregon,1889,689,0,Substitution: Jacob Young in for De'Vion Harmon.,NA,FALSE,FALSE,NA,NA,NA,NA,NA,NA,1,NA,NA,NA,NA,Jacob Young,Will Richardson,Rivaldo Soares,Eric Williams Jr.,N'Faly Dante,Moses Wood,Kristian Sjolund,Mike Meadows,Tyler Robertson,Chris Austin
2021-22,2021-12-15,2397586,56,0,1,Oregon,Portland,Ducks,Pilots,4,3,24,11,13,1562,Oregon,1876,676,13,N'Faly Dante dunks.,made,FALSE,FALSE,Dunk Shot,25,5.25,1194079,N'Faly Dante,NA,0,Oregon,Portland,23,NA,Jacob Young,Will Richardson,Rivaldo Soares,Eric Williams Jr.,N'Faly Dante,Moses Wood,Kristian Sjolund,Mike Meadows,Tyler Robertson,Chris Austin
2021-22,2021-12-15,2397586,57,0,1,Oregon,Portland,Ducks,Pilots,4,3,24,11,13,1572,Portland,1850,650,26,Chris Austin misses a 3-point jump shot from 24 feet out.,missed,FALSE,TRUE,Jump Shot,45.2,18.95,1134068,Chris Austin,NA,0,Portland,Oregon,24,NA,Jacob Young,Will Richardson,Rivaldo Soares,Eric Williams Jr.,N'Faly Dante,Moses Wood,Kristian Sjolund,Mike Meadows,Tyler Robertson,Chris Austin
2021-22,2021-12-15,2397586,58,0,1,Oregon,Portland,Ducks,Pilots,4,3,27,11,16,1562,Oregon,1845,645,5,Eric Williams Jr. makes a 3-point jump shot from 25 feet out.,made,FALSE,TRUE,Jump Shot,11.799999999999997,26.549999999999997,1061775,Eric Williams Jr.,NA,0,Oregon,Portland,25,NA,Jacob Young,Will Richardson,Rivaldo Soares,Eric Williams Jr.,N'Faly Dante,Moses Wood,Kristian Sjolund,Mike Meadows,Tyler Robertson,Chris Austin
2021-22,2021-12-15,2397586,59,0,1,Oregon,Portland,Ducks,Pilots,4,2,27,11,16,1572,Portland,1845,645,0,Pilots take a 30-second timeout.,NA,FALSE,FALSE,NA,NA,NA,NA,NA,NA,0,NA,NA,NA,NA,Jacob Young,Will Richardson,Rivaldo Soares,Eric Williams Jr.,N'Faly Dante,Moses Wood,Kristian Sjolund,Mike Meadows,Tyler Robertson,Chris Austin
2021-22,2021-12-15,2397586,60,0,1,Oregon,Portland,Ducks,Pilots,4,2,27,11,16,1572,Portland,1845,645,0,Substitution: Matija Svetozarevic in for Kristian Sjolund.,NA,FALSE,FALSE,NA,NA,NA,NA,NA,NA,1,NA,NA,NA,NA,Jacob Young,Will Richardson,Rivaldo Soares,Eric Williams Jr.,N'Faly Dante,Moses Wood,Matija Svetozarevic,Mike Meadows,Tyler Robertson,Chris Austin
2021-22,2021-12-15,2397586,61,0,1,Oregon,Portland,Ducks,Pilots,4,2,27,11,16,1572,Portland,1845,645,0,Substitution: Matheus Silveira in for Chris Austin.,NA,FALSE,FALSE,NA,NA,NA,NA,NA,NA,1,NA,NA,NA,NA,Jacob Young,Will Richardson,Rivaldo Soares,Eric Williams Jr.,N'Faly Dante,Moses Wood,Matija Svetozarevic,Mike Meadows,Tyler Robertson,Matheus Silveira
2021-22,2021-12-15,2397586,62,0,1,Oregon,Portland,Ducks,Pilots,4,2,27,11,16,1572,Portland,1826,626,19,Matheus Silveira misses a layup.,missed,FALSE,FALSE,Layup Shot,26,6.25,1135210,Matheus Silveira,NA,0,Portland,Portland,26,NA,Jacob Young,Will Richardson,Rivaldo Soares,Eric Williams Jr.,N'Faly Dante,Moses Wood,Matija Svetozarevic,Mike Meadows,Tyler Robertson,Matheus Silveira
2021-22,2021-12-15,2397586,63,0,1,Oregon,Portland,Ducks,Pilots,4,2,27,13,14,1572,Portland,1823,623,3,Moses Wood makes a layup.,made,FALSE,FALSE,Layup Shot,25,5.25,1132861,Moses Wood,NA,0,Portland,Oregon,26,NA,Jacob Young,Will Richardson,Rivaldo Soares,Eric Williams Jr.,N'Faly Dante,Moses Wood,Matija Svetozarevic,Mike Meadows,Tyler Robertson,Matheus Silveira
2021-22,2021-12-15,2397586,64,0,1,Oregon,Portland,Ducks,Pilots,4,2,27,13,14,1562,Oregon,1802,602,21,Jacob Young misses a 3-point jump shot from 26 feet out.,missed,FALSE,TRUE,Jump Shot,42.4,25.049999999999997,956543,Jacob Young,NA,0,Oregon,Portland,27,NA,Jacob Young,Will Richardson,Rivaldo Soares,Eric Williams Jr.,N'Faly Dante,Moses Wood,Matija Svetozarevic,Mike Meadows,Tyler Robertson,Matheus Silveira
2021-22,2021-12-15,2397586,65,0,1,Oregon,Portland,Ducks,Pilots,4,2,27,13,14,1562,Oregon,1775,575,27,Personal foul committed by Eric Williams Jr..,NA,FALSE,FALSE,NA,NA,NA,NA,NA,NA,0,Portland,Portland,28,NA,Jacob Young,Will Richardson,Rivaldo Soares,Eric Williams Jr.,N'Faly Dante,Moses Wood,Matija Svetozarevic,Mike Meadows,Tyler Robertson,Matheus Silveira
2021-22,2021-12-15,2397586,66,0,1,Oregon,Portland,Ducks,Pilots,4,2,27,13,14,1572,Portland,1759,559,16,Moses Wood misses a 3-point jump shot from 24 feet out.,missed,FALSE,TRUE,Jump Shot,42.4,21.15,1132861,Moses Wood,NA,0,Portland,Portland,28,NA,Jacob Young,Will Richardson,Rivaldo Soares,Eric Williams Jr.,N'Faly Dante,Moses Wood,Matija Svetozarevic,Mike Meadows,Tyler Robertson,Matheus Silveira
2021-22,2021-12-15,2397586,67,0,1,Oregon,Portland,Ducks,Pilots,4,2,27,13,14,1572,Portland,1756,556,3,Mike Meadows misses a jump shot from 12 feet out.,missed,FALSE,FALSE,Jump Shot,26.1,17.45,1346405,Mike Meadows,NA,0,Portland,Oregon,28,NA,Jacob Young,Will Richardson,Rivaldo Soares,Eric Williams Jr.,N'Faly Dante,Moses Wood,Matija Svetozarevic,Mike Meadows,Tyler Robertson,Matheus Silveira
2021-22,2021-12-15,2397586,68,0,1,Oregon,Portland,Ducks,Pilots,4,2,27,13,14,1562,Oregon,1739,539,17,Offensive foul committed by Eric Williams Jr..,NA,FALSE,FALSE,NA,NA,NA,NA,NA,NA,0,Oregon,Portland,29,NA,Jacob Young,Will Richardson,Rivaldo Soares,Eric Williams Jr.,N'Faly Dante,Moses Wood,Matija Svetozarevic,Mike Meadows,Tyler Robertson,Matheus Silveira
2021-22,2021-12-15,2397586,69,0,1,Oregon,Portland,Ducks,Pilots,4,2,27,13,14,1562,Oregon,1739,539,0,Substitution: Quincy Guerrier in for Eric Williams Jr..,NA,FALSE,FALSE,NA,NA,NA,NA,NA,NA,1,NA,NA,NA,NA,Jacob Young,Will Richardson,Rivaldo Soares,Quincy Guerrier,N'Faly Dante,Moses Wood,Matija Svetozarevic,Mike Meadows,Tyler Robertson,Matheus Silveira
2021-22,2021-12-15,2397586,70,0,1,Oregon,Portland,Ducks,Pilots,4,2,29,13,16,1562,Oregon,1721,521,18,N'Faly Dante makes a layup.,made,FALSE,FALSE,Layup Shot,25,5.25,1194079,N'Faly Dante,NA,0,Oregon,Portland,30,NA,Jacob Young,Will Richardson,Rivaldo Soares,Quincy Guerrier,N'Faly Dante,Moses Wood,Matija Svetozarevic,Mike Meadows,Tyler Robertson,Matheus Silveira
2021-22,2021-12-15,2397586,71,0,1,Oregon,Portland,Ducks,Pilots,4,2,29,13,16,1572,Portland,1697,497,24,Mike Meadows misses a jump shot from 15 feet out.,missed,FALSE,FALSE,Jump Shot,37.3,13.85,1346405,Mike Meadows,NA,0,Portland,Oregon,31,NA,Jacob Young,Will Richardson,Rivaldo Soares,Quincy Guerrier,N'Faly Dante,Moses Wood,Matija Svetozarevic,Mike Meadows,Tyler Robertson,Matheus Silveira
2021-22,2021-12-15,2397586,72,0,1,Oregon,Portland,Ducks,Pilots,4,2,31,13,18,1562,Oregon,1685,485,12,Will Richardson makes a layup.,made,FALSE,FALSE,Layup Shot,26,6.25,1134729,Will Richardson,NA,0,Oregon,Portland,32,NA,Jacob Young,Will Richardson,Rivaldo Soares,Quincy Guerrier,N'Faly Dante,Moses Wood,Matija Svetozarevic,Mike Meadows,Tyler Robertson,Matheus Silveira
2021-22,2021-12-15,2397586,73,0,1,Oregon,Portland,Ducks,Pilots,4,2,31,16,15,1572,Portland,1674,474,11,Tyler Robertson makes a 3-point jump shot from 23 feet out.,made,FALSE,TRUE,Jump Shot,3.8000000000000007,15.15,1175079,Tyler Robertson,NA,0,Portland,Oregon,33,NA,Jacob Young,Will Richardson,Rivaldo Soares,Quincy Guerrier,N'Faly Dante,Moses Wood,Matija Svetozarevic,Mike Meadows,Tyler Robertson,Matheus Silveira
2021-22,2021-12-15,2397586,74,0,1,Oregon,Portland,Ducks,Pilots,4,2,31,16,15,1572,Portland,1653,453,21,Personal foul committed by Moses Wood.,NA,FALSE,FALSE,NA,NA,NA,NA,NA,NA,0,Oregon,Oregon,34,NA,Jacob Young,Will Richardson,Rivaldo Soares,Quincy Guerrier,N'Faly Dante,Moses Wood,Matija Svetozarevic,Mike Meadows,Tyler Robertson,Matheus Silveira
2021-22,2021-12-15,2397586,75,0,1,Oregon,Portland,Ducks,Pilots,4,2,31,16,15,NA,NA,1653,453,0,Official TV timeout.,NA,FALSE,FALSE,NA,NA,NA,NA,NA,NA,0,NA,NA,NA,NA,Jacob Young,Will Richardson,Rivaldo Soares,Quincy Guerrier,N'Faly Dante,Moses Wood,Matija Svetozarevic,Mike Meadows,Tyler Robertson,Matheus Silveira
2021-22,2021-12-15,2397586,76,0,1,Oregon,Portland,Ducks,Pilots,4,2,31,16,15,1562,Oregon,1653,453,0,Substitution: De'Vion Harmon in for N'Faly Dante.,NA,FALSE,FALSE,NA,NA,NA,NA,NA,NA,1,NA,NA,NA,NA,Jacob Young,Will Richardson,Rivaldo Soares,Quincy Guerrier,De'Vion Harmon,Moses Wood,Matija Svetozarevic,Mike Meadows,Tyler Robertson,Matheus Silveira
2021-22,2021-12-15,2397586,77,0,1,Oregon,Portland,Ducks,Pilots,4,2,31,16,15,1562,Oregon,1653,453,0,Substitution: Isaac Johnson in for Will Richardson.,NA,FALSE,FALSE,NA,NA,NA,NA,NA,NA,1,NA,NA,NA,NA,Jacob Young,Isaac Johnson,Rivaldo Soares,Quincy Guerrier,De'Vion Harmon,Moses Wood,Matija Svetozarevic,Mike Meadows,Tyler Robertson,Matheus Silveira
2021-22,2021-12-15,2397586,78,0,1,Oregon,Portland,Ducks,Pilots,4,2,31,16,15,1572,Portland,1653,453,0,Substitution: Chris Austin in for Matheus Silveira.,NA,FALSE,FALSE,NA,NA,NA,NA,NA,NA,1,NA,NA,NA,NA,Jacob Young,Isaac Johnson,Rivaldo Soares,Quincy Guerrier,De'Vion Harmon,Moses Wood,Matija Svetozarevic,Mike Meadows,Tyler Robertson,Chris Austin
2021-22,2021-12-15,2397586,79,0,1,Oregon,Portland,Ducks,Pilots,4,2,31,16,15,1572,Portland,1653,453,0,Substitution: Vasilije Vucinic in for Matija Svetozarevic.,NA,FALSE,FALSE,NA,NA,NA,NA,NA,NA,1,NA,NA,NA,NA,Jacob Young,Isaac Johnson,Rivaldo Soares,Quincy Guerrier,De'Vion Harmon,Moses Wood,Vasilije Vucinic,Mike Meadows,Tyler Robertson,Chris Austin
2021-22,2021-12-15,2397586,80,0,1,Oregon,Portland,Ducks,Pilots,4,2,31,16,15,1562,Oregon,1653,453,0,Jacob Young misses free throw 1 of 1.,missed,TRUE,FALSE,NA,NA,NA,NA,NA,NA,0,Oregon,Portland,34,NA,Jacob Young,Isaac Johnson,Rivaldo Soares,Quincy Guerrier,De'Vion Harmon,Moses Wood,Vasilije Vucinic,Mike Meadows,Tyler Robertson,Chris Austin
2021-22,2021-12-15,2397586,81,0,1,Oregon,Portland,Ducks,Pilots,4,2,31,16,15,1562,Oregon,1634,434,19,Shooting foul committed by Isaac Johnson.,NA,FALSE,FALSE,NA,NA,NA,NA,NA,NA,0,Portland,Portland,35,NA,Jacob Young,Isaac Johnson,Rivaldo Soares,Quincy Guerrier,De'Vion Harmon,Moses Wood,Vasilije Vucinic,Mike Meadows,Tyler Robertson,Chris Austin
2021-22,2021-12-15,2397586,82,0,1,Oregon,Portland,Ducks,Pilots,4,2,31,17,14,1572,Portland,1634,434,0,Moses Wood makes free throw 1 of 2.,made,TRUE,FALSE,NA,NA,NA,NA,NA,NA,0,Portland,Portland,35,NA,Jacob Young,Isaac Johnson,Rivaldo Soares,Quincy Guerrier,De'Vion Harmon,Moses Wood,Vasilije Vucinic,Mike Meadows,Tyler Robertson,Chris Austin
2021-22,2021-12-15,2397586,83,0,1,Oregon,Portland,Ducks,Pilots,4,2,31,18,13,1572,Portland,1634,434,0,Moses Wood makes free throw 2 of 2.,made,TRUE,FALSE,NA,NA,NA,NA,NA,NA,0,Portland,Oregon,35,NA,Jacob Young,Isaac Johnson,Rivaldo Soares,Quincy Guerrier,De'Vion Harmon,Moses Wood,Vasilije Vucinic,Mike Meadows,Tyler Robertson,Chris Austin
2021-22,2021-12-15,2397586,84,0,1,Oregon,Portland,Ducks,Pilots,4,2,33,18,15,1562,Oregon,1623,423,11,Isaac Johnson dunks.,made,FALSE,FALSE,Dunk Shot,26,6.25,1326878,Isaac Johnson,NA,0,Oregon,Portland,36,NA,Jacob Young,Isaac Johnson,Rivaldo Soares,Quincy Guerrier,De'Vion Harmon,Moses Wood,Vasilije Vucinic,Mike Meadows,Tyler Robertson,Chris Austin
2021-22,2021-12-15,2397586,85,0,1,Oregon,Portland,Ducks,Pilots,4,2,35,18,17,1562,Oregon,1602,402,21,Quincy Guerrier makes a jump shot from 9 feet out.,made,FALSE,FALSE,Jump Shot,23,14.349999999999994,1178161,Quincy Guerrier,NA,0,Oregon,Portland,37,NA,Jacob Young,Isaac Johnson,Rivaldo Soares,Quincy Guerrier,De'Vion Harmon,Moses Wood,Vasilije Vucinic,Mike Meadows,Tyler Robertson,Chris Austin
2021-22,2021-12-15,2397586,86,0,1,Oregon,Portland,Ducks,Pilots,4,2,35,20,15,1572,Portland,1574,374,28,Chris Austin makes a jump shot from 14 feet out.,made,FALSE,FALSE,Jump Shot,34.8,14.85,1134068,Chris Austin,NA,0,Portland,Oregon,38,NA,Jacob Young,Isaac Johnson,Rivaldo Soares,Quincy Guerrier,De'Vion Harmon,Moses Wood,Vasilije Vucinic,Mike Meadows,Tyler Robertson,Chris Austin
2021-22,2021-12-15,2397586,87,0,1,Oregon,Portland,Ducks,Pilots,4,2,37,20,17,1562,Oregon,1555,355,19,De'Vion Harmon makes a layup.,made,FALSE,FALSE,Layup Shot,25,5.25,1175028,De'Vion Harmon,NA,0,Oregon,Portland,39,NA,Jacob Young,Isaac Johnson,Rivaldo Soares,Quincy Guerrier,De'Vion Harmon,Moses Wood,Vasilije Vucinic,Mike Meadows,Tyler Robertson,Chris Austin
2021-22,2021-12-15,2397586,88,0,1,Oregon,Portland,Ducks,Pilots,4,2,37,22,15,1572,Portland,1536,336,19,Mike Meadows makes a jump shot from 18 feet out.,made,FALSE,FALSE,Jump Shot,15.1,20.45,1346405,Mike Meadows,NA,0,Portland,Oregon,40,NA,Jacob Young,Isaac Johnson,Rivaldo Soares,Quincy Guerrier,De'Vion Harmon,Moses Wood,Vasilije Vucinic,Mike Meadows,Tyler Robertson,Chris Austin
2021-22,2021-12-15,2397586,89,0,1,Oregon,Portland,Ducks,Pilots,4,2,37,25,12,1572,Portland,1515,315,21,Tyler Robertson makes a 3-point jump shot from 24 feet out.,made,FALSE,TRUE,Jump Shot,43.5,20.95,1175079,Tyler Robertson,NA,0,Portland,Oregon,41,NA,Jacob Young,Isaac Johnson,Rivaldo Soares,Quincy Guerrier,De'Vion Harmon,Moses Wood,Vasilije Vucinic,Mike Meadows,Tyler Robertson,Chris Austin
2021-22,2021-12-15,2397586,90,0,1,Oregon,Portland,Ducks,Pilots,3,2,37,25,12,1562,Oregon,1511,311,4,Ducks take a 30-second timeout.,NA,FALSE,FALSE,NA,NA,NA,NA,NA,NA,0,NA,NA,NA,NA,Jacob Young,Isaac Johnson,Rivaldo Soares,Quincy Guerrier,De'Vion Harmon,Moses Wood,Vasilije Vucinic,Mike Meadows,Tyler Robertson,Chris Austin
2021-22,2021-12-15,2397586,91,0,1,Oregon,Portland,Ducks,Pilots,3,2,37,25,12,1562,Oregon,1511,311,0,Substitution: Will Richardson in for Isaac Johnson.,NA,FALSE,FALSE,NA,NA,NA,NA,NA,NA,1,NA,NA,NA,NA,Jacob Young,Will Richardson,Rivaldo Soares,Quincy Guerrier,De'Vion Harmon,Moses Wood,Vasilije Vucinic,Mike Meadows,Tyler Robertson,Chris Austin
2021-22,2021-12-15,2397586,92,0,1,Oregon,Portland,Ducks,Pilots,3,2,37,25,12,1562,Oregon,1511,311,0,Substitution: N'Faly Dante in for Rivaldo Soares.,NA,FALSE,FALSE,NA,NA,NA,NA,NA,NA,1,NA,NA,NA,NA,Jacob Young,Will Richardson,N'Faly Dante,Quincy Guerrier,De'Vion Harmon,Moses Wood,Vasilije Vucinic,Mike Meadows,Tyler Robertson,Chris Austin
2021-22,2021-12-15,2397586,93,0,1,Oregon,Portland,Ducks,Pilots,3,2,37,25,12,1572,Portland,1511,311,0,Substitution: Kristian Sjolund in for Vasilije Vucinic.,NA,FALSE,FALSE,NA,NA,NA,NA,NA,NA,1,NA,NA,NA,NA,Jacob Young,Will Richardson,N'Faly Dante,Quincy Guerrier,De'Vion Harmon,Moses Wood,Kristian Sjolund,Mike Meadows,Tyler Robertson,Chris Austin
2021-22,2021-12-15,2397586,94,0,1,Oregon,Portland,Ducks,Pilots,3,2,40,25,15,1562,Oregon,1502,302,9,De'Vion Harmon makes a 3-point jump shot from 24 feet out.,made,FALSE,TRUE,Jump Shot,46.9,14.349999999999994,1175028,De'Vion Harmon,NA,0,Oregon,Portland,42,NA,Jacob Young,Will Richardson,N'Faly Dante,Quincy Guerrier,De'Vion Harmon,Moses Wood,Kristian Sjolund,Mike Meadows,Tyler Robertson,Chris Austin
2021-22,2021-12-15,2397586,95,0,1,Oregon,Portland,Ducks,Pilots,3,2,40,25,15,1572,Portland,1483,283,19,Chris Austin misses a jump shot from 13 feet out.,missed,FALSE,FALSE,Jump Shot,24.2,18.55,1134068,Chris Austin,NA,0,Portland,Portland,43,NA,Jacob Young,Will Richardson,N'Faly Dante,Quincy Guerrier,De'Vion Harmon,Moses Wood,Kristian Sjolund,Mike Meadows,Tyler Robertson,Chris Austin
2021-22,2021-12-15,2397586,96,0,1,Oregon,Portland,Ducks,Pilots,3,2,40,25,15,1572,Portland,1468,268,15,Chris Austin misses a jump shot from 16 feet out.,missed,FALSE,FALSE,Jump Shot,36.1,16.35,1134068,Chris Austin,NA,0,Portland,Oregon,43,NA,Jacob Young,Will Richardson,N'Faly Dante,Quincy Guerrier,De'Vion Harmon,Moses Wood,Kristian Sjolund,Mike Meadows,Tyler Robertson,Chris Austin
2021-22,2021-12-15,2397586,97,0,1,Oregon,Portland,Ducks,Pilots,3,2,40,25,15,1572,Portland,1467,267,1,Personal foul committed by Moses Wood.,NA,FALSE,FALSE,NA,NA,NA,NA,NA,NA,0,Oregon,Oregon,44,NA,Jacob Young,Will Richardson,N'Faly Dante,Quincy Guerrier,De'Vion Harmon,Moses Wood,Kristian Sjolund,Mike Meadows,Tyler Robertson,Chris Austin
2021-22,2021-12-15,2397586,98,0,1,Oregon,Portland,Ducks,Pilots,3,2,41,25,16,1562,Oregon,1467,267,0,De'Vion Harmon makes free throw 1 of 1.,made,TRUE,FALSE,NA,NA,NA,NA,NA,NA,0,Oregon,Portland,44,NA,Jacob Young,Will Richardson,N'Faly Dante,Quincy Guerrier,De'Vion Harmon,Moses Wood,Kristian Sjolund,Mike Meadows,Tyler Robertson,Chris Austin
2021-22,2021-12-15,2397586,99,0,1,Oregon,Portland,Ducks,Pilots,3,2,42,25,17,1562,Oregon,1467,267,0,De'Vion Harmon makes free throw 2 of 2.,made,TRUE,FALSE,NA,NA,NA,NA,NA,NA,0,Oregon,Portland,45,NA,Jacob Young,Will Richardson,N'Faly Dante,Quincy Guerrier,De'Vion Harmon,Moses Wood,Kristian Sjolund,Mike Meadows,Tyler Robertson,Chris Austin
2021-22,2021-12-15,2397586,100,0,1,Oregon,Portland,Ducks,Pilots,3,2,42,25,17,1562,Oregon,1445,245,22,Jacob Young misses a layup.,missed,FALSE,FALSE,Layup Shot,25,5.25,956543,Jacob Young,NA,0,Oregon,Oregon,46,NA,Jacob Young,Will Richardson,N'Faly Dante,Quincy Guerrier,De'Vion Harmon,Moses Wood,Kristian Sjolund,Mike Meadows,Tyler Robertson,Chris Austin
2021-22,2021-12-15,2397586,101,0,1,Oregon,Portland,Ducks,Pilots,3,2,42,25,17,NA,NA,1440,240,5,Official TV timeout.,NA,FALSE,FALSE,NA,NA,NA,NA,NA,NA,0,NA,NA,NA,NA,Jacob Young,Will Richardson,N'Faly Dante,Quincy Guerrier,De'Vion Harmon,Moses Wood,Kristian Sjolund,Mike Meadows,Tyler Robertson,Chris Austin
2021-22,2021-12-15,2397586,102,0,1,Oregon,Portland,Ducks,Pilots,3,2,42,25,17,1562,Oregon,1428,228,12,De'Vion Harmon misses a jump shot from 17 feet out.,missed,FALSE,FALSE,Jump Shot,36.3,18.049999999999997,1175028,De'Vion Harmon,NA,0,Oregon,Portland,46,NA,Jacob Young,Will Richardson,N'Faly Dante,Quincy Guerrier,De'Vion Harmon,Moses Wood,Kristian Sjolund,Mike Meadows,Tyler Robertson,Chris Austin
2021-22,2021-12-15,2397586,103,0,1,Oregon,Portland,Ducks,Pilots,3,2,42,25,17,1572,Portland,1417,217,11,Kristian Sjolund misses a jump shot from 16 feet out.,missed,FALSE,FALSE,Jump Shot,13.9,16.35,1132255,Kristian Sjolund,NA,0,Portland,Oregon,47,NA,Jacob Young,Will Richardson,N'Faly Dante,Quincy Guerrier,De'Vion Harmon,Moses Wood,Kristian Sjolund,Mike Meadows,Tyler Robertson,Chris Austin
2021-22,2021-12-15,2397586,104,0,1,Oregon,Portland,Ducks,Pilots,3,2,42,25,17,1572,Portland,1412,212,5,Personal foul committed by Moses Wood.,NA,FALSE,FALSE,NA,NA,NA,NA,NA,NA,0,Oregon,Oregon,48,NA,Jacob Young,Will Richardson,N'Faly Dante,Quincy Guerrier,De'Vion Harmon,Moses Wood,Kristian Sjolund,Mike Meadows,Tyler Robertson,Chris Austin
2021-22,2021-12-15,2397586,105,0,1,Oregon,Portland,Ducks,Pilots,3,2,42,25,17,1572,Portland,1412,212,0,Substitution: Chika Nduka in for Moses Wood.,NA,FALSE,FALSE,NA,NA,NA,NA,NA,NA,1,NA,NA,NA,NA,Jacob Young,Will Richardson,N'Faly Dante,Quincy Guerrier,De'Vion Harmon,Chika Nduka,Kristian Sjolund,Mike Meadows,Tyler Robertson,Chris Austin
2021-22,2021-12-15,2397586,106,0,1,Oregon,Portland,Ducks,Pilots,3,2,42,25,17,1562,Oregon,1412,212,0,Quincy Guerrier misses free throw 1 of 1.,missed,TRUE,FALSE,NA,NA,NA,NA,NA,NA,0,Oregon,Portland,48,NA,Jacob Young,Will Richardson,N'Faly Dante,Quincy Guerrier,De'Vion Harmon,Chika Nduka,Kristian Sjolund,Mike Meadows,Tyler Robertson,Chris Austin
2021-22,2021-12-15,2397586,107,0,1,Oregon,Portland,Ducks,Pilots,3,2,42,25,17,1572,Portland,1394,194,18,Tyler Robertson misses a layup.,missed,FALSE,FALSE,Layup Shot,25,5.25,1175079,Tyler Robertson,NA,0,Portland,Oregon,49,NA,Jacob Young,Will Richardson,N'Faly Dante,Quincy Guerrier,De'Vion Harmon,Chika Nduka,Kristian Sjolund,Mike Meadows,Tyler Robertson,Chris Austin
2021-22,2021-12-15,2397586,108,0,1,Oregon,Portland,Ducks,Pilots,3,2,42,25,17,1562,Oregon,1383,183,11,Will Richardson misses a jump shot from 14 feet out.,missed,FALSE,FALSE,Jump Shot,37.8,10.25,1134729,Will Richardson,NA,0,Oregon,Portland,50,NA,Jacob Young,Will Richardson,N'Faly Dante,Quincy Guerrier,De'Vion Harmon,Chika Nduka,Kristian Sjolund,Mike Meadows,Tyler Robertson,Chris Austin
2021-22,2021-12-15,2397586,109,0,1,Oregon,Portland,Ducks,Pilots,3,2,42,28,14,1572,Portland,1359,159,24,Mike Meadows makes a 3-point jump shot from 26 feet out.,made,FALSE,TRUE,Jump Shot,43.5,24.25,1346405,Mike Meadows,NA,0,Portland,Oregon,51,NA,Jacob Young,Will Richardson,N'Faly Dante,Quincy Guerrier,De'Vion Harmon,Chika Nduka,Kristian Sjolund,Mike Meadows,Tyler Robertson,Chris Austin
2021-22,2021-12-15,2397586,110,0,1,Oregon,Portland,Ducks,Pilots,3,2,42,28,14,1562,Oregon,1342,142,17,Jacob Young misses a 3-point jump shot from 22 feet out.,missed,FALSE,TRUE,Jump Shot,12.5,23.349999999999994,956543,Jacob Young,NA,0,Oregon,Portland,52,NA,Jacob Young,Will Richardson,N'Faly Dante,Quincy Guerrier,De'Vion Harmon,Chika Nduka,Kristian Sjolund,Mike Meadows,Tyler Robertson,Chris Austin
2021-22,2021-12-15,2397586,111,0,1,Oregon,Portland,Ducks,Pilots,3,2,42,28,14,1572,Portland,1328,128,14,Substitution: Yaru Harvey in for Mike Meadows.,NA,FALSE,FALSE,NA,NA,NA,NA,NA,NA,1,NA,NA,NA,NA,Jacob Young,Will Richardson,N'Faly Dante,Quincy Guerrier,De'Vion Harmon,Chika Nduka,Kristian Sjolund,Yaru Harvey,Tyler Robertson,Chris Austin
2021-22,2021-12-15,2397586,112,0,1,Oregon,Portland,Ducks,Pilots,3,2,42,28,14,1572,Portland,1318,118,10,Chris Austin misses a jump shot from 13 feet out.,missed,FALSE,FALSE,Jump Shot,24.7,17.95,1134068,Chris Austin,NA,0,Portland,Oregon,53,NA,Jacob Young,Will Richardson,N'Faly Dante,Quincy Guerrier,De'Vion Harmon,Chika Nduka,Kristian Sjolund,Yaru Harvey,Tyler Robertson,Chris Austin
2021-22,2021-12-15,2397586,113,0,1,Oregon,Portland,Ducks,Pilots,3,2,44,28,16,1562,Oregon,1306,106,12,N'Faly Dante makes a layup.,made,FALSE,FALSE,Layup Shot,25,5.25,1194079,N'Faly Dante,NA,0,Oregon,Portland,54,NA,Jacob Young,Will Richardson,N'Faly Dante,Quincy Guerrier,De'Vion Harmon,Chika Nduka,Kristian Sjolund,Yaru Harvey,Tyler Robertson,Chris Austin
2021-22,2021-12-15,2397586,114,0,1,Oregon,Portland,Ducks,Pilots,3,2,44,30,14,1572,Portland,1288,88,18,Kristian Sjolund makes a layup.,made,FALSE,FALSE,Layup Shot,25,5.25,1132255,Kristian Sjolund,NA,0,Portland,Oregon,55,NA,Jacob Young,Will Richardson,N'Faly Dante,Quincy Guerrier,De'Vion Harmon,Chika Nduka,Kristian Sjolund,Yaru Harvey,Tyler Robertson,Chris Austin
2021-22,2021-12-15,2397586,115,0,1,Oregon,Portland,Ducks,Pilots,3,2,44,30,14,1562,Oregon,1277,77,11,Will Richardson misses a 3-point jump shot from 25 feet out.,missed,FALSE,TRUE,Jump Shot,43.3,21.849999999999994,1134729,Will Richardson,NA,0,Oregon,Portland,56,NA,Jacob Young,Will Richardson,N'Faly Dante,Quincy Guerrier,De'Vion Harmon,Chika Nduka,Kristian Sjolund,Yaru Harvey,Tyler Robertson,Chris Austin
2021-22,2021-12-15,2397586,116,0,1,Oregon,Portland,Ducks,Pilots,3,2,44,30,14,1562,Oregon,1274,74,3,Personal foul committed by N'Faly Dante.,NA,FALSE,FALSE,NA,NA,NA,NA,NA,NA,0,Portland,Portland,57,NA,Jacob Young,Will Richardson,N'Faly Dante,Quincy Guerrier,De'Vion Harmon,Chika Nduka,Kristian Sjolund,Yaru Harvey,Tyler Robertson,Chris Austin
2021-22,2021-12-15,2397586,117,0,1,Oregon,Portland,Ducks,Pilots,3,2,44,31,13,1572,Portland,1274,74,0,Tyler Robertson makes free throw 1 of 1.,made,TRUE,FALSE,NA,NA,NA,NA,NA,NA,0,Portland,Oregon,57,NA,Jacob Young,Will Richardson,N'Faly Dante,Quincy Guerrier,De'Vion Harmon,Chika Nduka,Kristian Sjolund,Yaru Harvey,Tyler Robertson,Chris Austin
2021-22,2021-12-15,2397586,118,0,1,Oregon,Portland,Ducks,Pilots,3,2,44,32,12,1572,Portland,1274,74,0,Tyler Robertson makes free throw 2 of 2.,made,TRUE,FALSE,NA,NA,NA,NA,NA,NA,0,Portland,Oregon,58,NA,Jacob Young,Will Richardson,N'Faly Dante,Quincy Guerrier,De'Vion Harmon,Chika Nduka,Kristian Sjolund,Yaru Harvey,Tyler Robertson,Chris Austin
2021-22,2021-12-15,2397586,119,0,1,Oregon,Portland,Ducks,Pilots,3,2,46,32,14,1562,Oregon,1253,53,21,Quincy Guerrier makes a layup.,made,FALSE,FALSE,Layup Shot,26,6.25,1178161,Quincy Guerrier,NA,0,Oregon,Portland,59,NA,Jacob Young,Will Richardson,N'Faly Dante,Quincy Guerrier,De'Vion Harmon,Chika Nduka,Kristian Sjolund,Yaru Harvey,Tyler Robertson,Chris Austin
2021-22,2021-12-15,2397586,120,0,1,Oregon,Portland,Ducks,Pilots,3,2,46,32,14,1572,Portland,1240,40,13,Kristian Sjolund misses a 3-point jump shot from 24 feet out.,missed,FALSE,TRUE,Jump Shot,3.6999999999999993,17.05,1132255,Kristian Sjolund,NA,0,Portland,Portland,60,NA,Jacob Young,Will Richardson,N'Faly Dante,Quincy Guerrier,De'Vion Harmon,Chika Nduka,Kristian Sjolund,Yaru Harvey,Tyler Robertson,Chris Austin
2021-22,2021-12-15,2397586,121,0,1,Oregon,Portland,Ducks,Pilots,3,2,46,32,14,1572,Portland,1201,1,39,Chika Nduka misses a 3-point jump shot from 25 feet out.,missed,FALSE,TRUE,Jump Shot,37.2,27.45,1325419,Chika Nduka,NA,0,Portland,Oregon,60,NA,Jacob Young,Will Richardson,N'Faly Dante,Quincy Guerrier,De'Vion Harmon,Chika Nduka,Kristian Sjolund,Yaru Harvey,Tyler Robertson,Chris Austin
2021-22,2021-12-15,2397586,122,0,1,Oregon,Portland,Ducks,Pilots,3,2,46,32,14,NA,NA,1200,0,1,End of the 1st Half,NA,FALSE,FALSE,NA,NA,NA,NA,NA,NA,0,NA,NA,NA,NA,Jacob Young,Will Richardson,N'Faly Dante,Quincy Guerrier,De'Vion Harmon,Chika Nduka,Kristian Sjolund,Yaru Harvey,Tyler Robertson,Chris Austin
2021-22,2021-12-15,2397586,123,0,2,Oregon,Portland,Ducks,Pilots,4,4,46,32,14,NA,NA,1200,1200,0,Start of the 2nd Half,NA,FALSE,FALSE,NA,NA,NA,NA,NA,NA,0,NA,NA,61,NA,Jacob Young,Will Richardson,N'Faly Dante,Quincy Guerrier,De'Vion Harmon,Chika Nduka,Kristian Sjolund,Yaru Harvey,Tyler Robertson,Chris Austin
2021-22,2021-12-15,2397586,124,0,2,Oregon,Portland,Ducks,Pilots,4,4,46,32,14,1572,Portland,1199,1199,1,Substitution: Moses Wood in for Chika Nduka.,NA,FALSE,FALSE,NA,NA,NA,NA,NA,NA,1,NA,NA,NA,NA,Jacob Young,Will Richardson,N'Faly Dante,Quincy Guerrier,De'Vion Harmon,Moses Wood,Kristian Sjolund,Yaru Harvey,Tyler Robertson,Chris Austin
2021-22,2021-12-15,2397586,125,0,2,Oregon,Portland,Ducks,Pilots,4,4,46,32,14,1562,Oregon,1199,1199,0,Substitution: Nate Bittle in for N'Faly Dante.,NA,FALSE,FALSE,NA,NA,NA,NA,NA,NA,1,NA,NA,NA,NA,Jacob Young,Will Richardson,Nate Bittle,Quincy Guerrier,De'Vion Harmon,Moses Wood,Kristian Sjolund,Yaru Harvey,Tyler Robertson,Chris Austin
2021-22,2021-12-15,2397586,126,0,2,Oregon,Portland,Ducks,Pilots,4,4,49,32,17,1562,Oregon,1183,1183,16,Will Richardson makes a 3-point jump shot from 25 feet out.,made,FALSE,TRUE,Jump Shot,36.8,27.650000000000006,1134729,Will Richardson,NA,0,Oregon,Portland,62,NA,Jacob Young,Will Richardson,Nate Bittle,Quincy Guerrier,De'Vion Harmon,Moses Wood,Kristian Sjolund,Yaru Harvey,Tyler Robertson,Chris Austin
2021-22,2021-12-15,2397586,127,0,2,Oregon,Portland,Ducks,Pilots,4,4,49,32,17,1562,Oregon,1158,1158,25,Shooting foul committed by Will Richardson.,NA,FALSE,FALSE,NA,NA,NA,NA,NA,NA,0,Portland,Portland,63,NA,Jacob Young,Will Richardson,Nate Bittle,Quincy Guerrier,De'Vion Harmon,Moses Wood,Kristian Sjolund,Yaru Harvey,Tyler Robertson,Chris Austin
2021-22,2021-12-15,2397586,128,0,2,Oregon,Portland,Ducks,Pilots,4,4,49,33,16,1572,Portland,1158,1158,0,Chris Austin makes free throw 1 of 2.,made,TRUE,FALSE,NA,NA,NA,NA,NA,NA,0,Portland,Portland,63,NA,Jacob Young,Will Richardson,Nate Bittle,Quincy Guerrier,De'Vion Harmon,Moses Wood,Kristian Sjolund,Yaru Harvey,Tyler Robertson,Chris Austin
2021-22,2021-12-15,2397586,129,0,2,Oregon,Portland,Ducks,Pilots,4,4,49,34,15,1572,Portland,1158,1158,0,Chris Austin makes free throw 2 of 2.,made,TRUE,FALSE,NA,NA,NA,NA,NA,NA,0,Portland,Oregon,63,NA,Jacob Young,Will Richardson,Nate Bittle,Quincy Guerrier,De'Vion Harmon,Moses Wood,Kristian Sjolund,Yaru Harvey,Tyler Robertson,Chris Austin
2021-22,2021-12-15,2397586,130,0,2,Oregon,Portland,Ducks,Pilots,4,4,52,34,18,1562,Oregon,1141,1141,17,De'Vion Harmon makes a 3-point jump shot from 24 feet out.,made,FALSE,TRUE,Jump Shot,44.1,20.25,1175028,De'Vion Harmon,NA,0,Oregon,Portland,64,NA,Jacob Young,Will Richardson,Nate Bittle,Quincy Guerrier,De'Vion Harmon,Moses Wood,Kristian Sjolund,Yaru Harvey,Tyler Robertson,Chris Austin
2021-22,2021-12-15,2397586,131,0,2,Oregon,Portland,Ducks,Pilots,4,4,52,37,15,1572,Portland,1123,1123,18,Kristian Sjolund makes a 3-point jump shot from 23 feet out.,made,FALSE,TRUE,Jump Shot,5.5,18.25,1132255,Kristian Sjolund,NA,0,Portland,Oregon,65,NA,Jacob Young,Will Richardson,Nate Bittle,Quincy Guerrier,De'Vion Harmon,Moses Wood,Kristian Sjolund,Yaru Harvey,Tyler Robertson,Chris Austin
2021-22,2021-12-15,2397586,132,0,2,Oregon,Portland,Ducks,Pilots,4,4,54,37,17,1562,Oregon,1103,1103,20,Quincy Guerrier makes a layup.,made,FALSE,FALSE,Layup Shot,26,6.25,1178161,Quincy Guerrier,NA,0,Oregon,Portland,66,NA,Jacob Young,Will Richardson,Nate Bittle,Quincy Guerrier,De'Vion Harmon,Moses Wood,Kristian Sjolund,Yaru Harvey,Tyler Robertson,Chris Austin
2021-22,2021-12-15,2397586,133,0,2,Oregon,Portland,Ducks,Pilots,4,4,54,37,17,1562,Oregon,1093,1093,10,Personal foul committed by De'Vion Harmon.,NA,FALSE,FALSE,NA,NA,NA,NA,NA,NA,0,Portland,Portland,67,NA,Jacob Young,Will Richardson,Nate Bittle,Quincy Guerrier,De'Vion Harmon,Moses Wood,Kristian Sjolund,Yaru Harvey,Tyler Robertson,Chris Austin
2021-22,2021-12-15,2397586,134,0,2,Oregon,Portland,Ducks,Pilots,4,4,54,40,14,1572,Portland,1091,1091,2,Kristian Sjolund makes a 3-point jump shot from 25 feet out.,made,FALSE,TRUE,Jump Shot,42.6,22.55,1132255,Kristian Sjolund,NA,0,Portland,Oregon,67,NA,Jacob Young,Will Richardson,Nate Bittle,Quincy Guerrier,De'Vion Harmon,Moses Wood,Kristian Sjolund,Yaru Harvey,Tyler Robertson,Chris Austin
2021-22,2021-12-15,2397586,135,0,2,Oregon,Portland,Ducks,Pilots,4,4,56,40,16,1562,Oregon,1074,1074,17,Will Richardson makes a layup.,made,FALSE,FALSE,Layup Shot,26,6.25,1134729,Will Richardson,NA,0,Oregon,Portland,68,NA,Jacob Young,Will Richardson,Nate Bittle,Quincy Guerrier,De'Vion Harmon,Moses Wood,Kristian Sjolund,Yaru Harvey,Tyler Robertson,Chris Austin
2021-22,2021-12-15,2397586,136,0,2,Oregon,Portland,Ducks,Pilots,4,4,56,40,16,1572,Portland,1050,1050,24,Kristian Sjolund misses a 3-point jump shot from 24 feet out.,missed,FALSE,TRUE,Jump Shot,34.8,27.65,1132255,Kristian Sjolund,NA,0,Portland,Oregon,69,NA,Jacob Young,Will Richardson,Nate Bittle,Quincy Guerrier,De'Vion Harmon,Moses Wood,Kristian Sjolund,Yaru Harvey,Tyler Robertson,Chris Austin
2021-22,2021-12-15,2397586,137,0,2,Oregon,Portland,Ducks,Pilots,4,4,58,40,18,1562,Oregon,1030,1030,20,Quincy Guerrier makes a layup.,made,FALSE,FALSE,Layup Shot,26,6.25,1178161,Quincy Guerrier,NA,0,Oregon,Portland,70,NA,Jacob Young,Will Richardson,Nate Bittle,Quincy Guerrier,De'Vion Harmon,Moses Wood,Kristian Sjolund,Yaru Harvey,Tyler Robertson,Chris Austin
2021-22,2021-12-15,2397586,138,0,2,Oregon,Portland,Ducks,Pilots,4,4,58,43,15,1572,Portland,1006,1006,24,Mike Meadows makes a 3-point jump shot from 24 feet out.,made,FALSE,TRUE,Jump Shot,46.2,16.25,1346405,Mike Meadows,NA,0,Portland,Oregon,71,NA,Jacob Young,Will Richardson,Nate Bittle,Quincy Guerrier,De'Vion Harmon,Moses Wood,Kristian Sjolund,Yaru Harvey,Tyler Robertson,Chris Austin
2021-22,2021-12-15,2397586,139,0,2,Oregon,Portland,Ducks,Pilots,4,4,58,43,15,1572,Portland,996,996,10,Personal foul committed by Moses Wood.,NA,FALSE,FALSE,NA,NA,NA,NA,NA,NA,0,Oregon,Oregon,72,NA,Jacob Young,Will Richardson,Nate Bittle,Quincy Guerrier,De'Vion Harmon,Moses Wood,Kristian Sjolund,Yaru Harvey,Tyler Robertson,Chris Austin
2021-22,2021-12-15,2397586,140,0,2,Oregon,Portland,Ducks,Pilots,4,4,61,43,18,1562,Oregon,989,989,7,De'Vion Harmon makes a 3-point jump shot from 27 feet out.,made,FALSE,TRUE,Jump Shot,38.4,28.75,1175028,De'Vion Harmon,NA,0,Oregon,Portland,72,NA,Jacob Young,Will Richardson,Nate Bittle,Quincy Guerrier,De'Vion Harmon,Moses Wood,Kristian Sjolund,Yaru Harvey,Tyler Robertson,Chris Austin
2021-22,2021-12-15,2397586,141,0,2,Oregon,Portland,Ducks,Pilots,4,4,61,46,15,1572,Portland,973,973,16,Kristian Sjolund makes a 3-point jump shot from 24 feet out.,made,FALSE,TRUE,Jump Shot,10.6,24.75,1132255,Kristian Sjolund,NA,0,Portland,Oregon,73,NA,Jacob Young,Will Richardson,Nate Bittle,Quincy Guerrier,De'Vion Harmon,Moses Wood,Kristian Sjolund,Yaru Harvey,Tyler Robertson,Chris Austin
2021-22,2021-12-15,2397586,142,0,2,Oregon,Portland,Ducks,Pilots,4,4,61,46,15,1562,Oregon,954,954,19,Will Richardson misses a 3-point jump shot from 23 feet out.,missed,FALSE,TRUE,Jump Shot,47,11.450000000000003,1134729,Will Richardson,NA,0,Oregon,Oregon,74,NA,Jacob Young,Will Richardson,Nate Bittle,Quincy Guerrier,De'Vion Harmon,Moses Wood,Kristian Sjolund,Yaru Harvey,Tyler Robertson,Chris Austin
2021-22,2021-12-15,2397586,143,0,2,Oregon,Portland,Ducks,Pilots,4,4,63,46,17,1562,Oregon,948,948,6,N'Faly Dante makes a layup.,made,FALSE,FALSE,Layup Shot,25,5.25,1194079,N'Faly Dante,NA,0,Oregon,Oregon,74,NA,Jacob Young,Will Richardson,Nate Bittle,Quincy Guerrier,De'Vion Harmon,Moses Wood,Kristian Sjolund,Yaru Harvey,Tyler Robertson,Chris Austin
2021-22,2021-12-15,2397586,144,0,2,Oregon,Portland,Ducks,Pilots,4,4,63,46,17,1572,Portland,948,948,0,Shooting foul committed by Tyler Robertson.,NA,FALSE,FALSE,NA,NA,NA,NA,NA,NA,0,Oregon,Oregon,74,NA,Jacob Young,Will Richardson,Nate Bittle,Quincy Guerrier,De'Vion Harmon,Moses Wood,Kristian Sjolund,Yaru Harvey,Tyler Robertson,Chris Austin
2021-22,2021-12-15,2397586,145,0,2,Oregon,Portland,Ducks,Pilots,4,4,63,46,17,NA,NA,948,948,0,Official TV timeout.,NA,FALSE,FALSE,NA,NA,NA,NA,NA,NA,0,NA,NA,NA,NA,Jacob Young,Will Richardson,Nate Bittle,Quincy Guerrier,De'Vion Harmon,Moses Wood,Kristian Sjolund,Yaru Harvey,Tyler Robertson,Chris Austin
2021-22,2021-12-15,2397586,146,0,2,Oregon,Portland,Ducks,Pilots,4,4,63,46,17,1572,Portland,948,948,0,Substitution: Matheus Silveira in for Moses Wood.,NA,FALSE,FALSE,NA,NA,NA,NA,NA,NA,1,NA,NA,NA,NA,Jacob Young,Will Richardson,Nate Bittle,Quincy Guerrier,De'Vion Harmon,Matheus Silveira,Kristian Sjolund,Yaru Harvey,Tyler Robertson,Chris Austin
2021-22,2021-12-15,2397586,147,0,2,Oregon,Portland,Ducks,Pilots,4,4,63,46,17,1562,Oregon,948,948,0,N'Faly Dante misses free throw 1 of 1.,missed,TRUE,FALSE,NA,NA,NA,NA,NA,NA,0,Oregon,Portland,74,NA,Jacob Young,Will Richardson,Nate Bittle,Quincy Guerrier,De'Vion Harmon,Matheus Silveira,Kristian Sjolund,Yaru Harvey,Tyler Robertson,Chris Austin
2021-22,2021-12-15,2397586,148,0,2,Oregon,Portland,Ducks,Pilots,4,4,63,46,17,1572,Portland,934,934,14,Chris Austin misses a 3-point jump shot from 24 feet out.,missed,FALSE,TRUE,Jump Shot,4.699999999999999,18.75,1134068,Chris Austin,NA,0,Portland,Portland,75,NA,Jacob Young,Will Richardson,Nate Bittle,Quincy Guerrier,De'Vion Harmon,Matheus Silveira,Kristian Sjolund,Yaru Harvey,Tyler Robertson,Chris Austin
2021-22,2021-12-15,2397586,149,0,2,Oregon,Portland,Ducks,Pilots,4,4,63,46,17,1572,Portland,923,923,11,Mike Meadows misses a jump shot from 18 feet out.,missed,FALSE,FALSE,Jump Shot,26.8,22.85,1346405,Mike Meadows,NA,0,Portland,Oregon,75,NA,Jacob Young,Will Richardson,Nate Bittle,Quincy Guerrier,De'Vion Harmon,Matheus Silveira,Kristian Sjolund,Yaru Harvey,Tyler Robertson,Chris Austin
2021-22,2021-12-15,2397586,150,0,2,Oregon,Portland,Ducks,Pilots,4,4,63,46,17,1562,Oregon,908,908,15,Will Richardson misses a layup.,missed,FALSE,FALSE,Layup Shot,25,5.25,1134729,Will Richardson,NA,0,Oregon,Oregon,76,NA,Jacob Young,Will Richardson,Nate Bittle,Quincy Guerrier,De'Vion Harmon,Matheus Silveira,Kristian Sjolund,Yaru Harvey,Tyler Robertson,Chris Austin
2021-22,2021-12-15,2397586,151,0,2,Oregon,Portland,Ducks,Pilots,4,4,63,46,17,1562,Oregon,903,903,5,Quincy Guerrier misses a layup.,missed,FALSE,FALSE,Layup Shot,25,5.25,1178161,Quincy Guerrier,NA,0,Oregon,Oregon,76,NA,Jacob Young,Will Richardson,Nate Bittle,Quincy Guerrier,De'Vion Harmon,Matheus Silveira,Kristian Sjolund,Yaru Harvey,Tyler Robertson,Chris Austin
2021-22,2021-12-15,2397586,152,0,2,Oregon,Portland,Ducks,Pilots,4,4,63,46,17,1562,Oregon,899,899,4,N'Faly Dante misses a layup.,missed,FALSE,FALSE,Layup Shot,26,6.25,1194079,N'Faly Dante,NA,0,Oregon,Oregon,76,NA,Jacob Young,Will Richardson,Nate Bittle,Quincy Guerrier,De'Vion Harmon,Matheus Silveira,Kristian Sjolund,Yaru Harvey,Tyler Robertson,Chris Austin
2021-22,2021-12-15,2397586,153,0,2,Oregon,Portland,Ducks,Pilots,4,4,63,46,17,1562,Oregon,891,891,8,Quincy Guerrier misses a jump shot from 15 feet out.,missed,FALSE,FALSE,Jump Shot,38,12.25,1178161,Quincy Guerrier,NA,0,Oregon,Oregon,76,NA,Jacob Young,Will Richardson,Nate Bittle,Quincy Guerrier,De'Vion Harmon,Matheus Silveira,Kristian Sjolund,Yaru Harvey,Tyler Robertson,Chris Austin
2021-22,2021-12-15,2397586,154,0,2,Oregon,Portland,Ducks,Pilots,4,4,65,46,19,1562,Oregon,886,886,5,N'Faly Dante makes a layup.,made,FALSE,FALSE,Layup Shot,25,5.25,1194079,N'Faly Dante,NA,0,Oregon,Oregon,76,NA,Jacob Young,Will Richardson,Nate Bittle,Quincy Guerrier,De'Vion Harmon,Matheus Silveira,Kristian Sjolund,Yaru Harvey,Tyler Robertson,Chris Austin
2021-22,2021-12-15,2397586,155,0,2,Oregon,Portland,Ducks,Pilots,4,4,65,46,19,1572,Portland,885,885,1,Shooting foul committed by Matheus Silveira.,NA,FALSE,FALSE,NA,NA,NA,NA,NA,NA,0,Oregon,Oregon,76,NA,Jacob Young,Will Richardson,Nate Bittle,Quincy Guerrier,De'Vion Harmon,Matheus Silveira,Kristian Sjolund,Yaru Harvey,Tyler Robertson,Chris Austin
2021-22,2021-12-15,2397586,156,0,2,Oregon,Portland,Ducks,Pilots,4,3,65,46,19,1572,Portland,885,885,0,Pilots take a full timeout.,NA,FALSE,FALSE,NA,NA,NA,NA,NA,NA,0,NA,NA,NA,NA,Jacob Young,Will Richardson,Nate Bittle,Quincy Guerrier,De'Vion Harmon,Matheus Silveira,Kristian Sjolund,Yaru Harvey,Tyler Robertson,Chris Austin
2021-22,2021-12-15,2397586,157,0,2,Oregon,Portland,Ducks,Pilots,4,3,66,46,20,1562,Oregon,885,885,0,N'Faly Dante makes free throw 1 of 1.,made,TRUE,FALSE,NA,NA,NA,NA,NA,NA,0,Oregon,Portland,76,NA,Jacob Young,Will Richardson,Nate Bittle,Quincy Guerrier,De'Vion Harmon,Matheus Silveira,Kristian Sjolund,Yaru Harvey,Tyler Robertson,Chris Austin
2021-22,2021-12-15,2397586,158,0,2,Oregon,Portland,Ducks,Pilots,4,3,66,46,20,1562,Oregon,885,885,0,Substitution: Franck Kepnang in for N'Faly Dante.,NA,FALSE,FALSE,NA,NA,NA,NA,NA,NA,1,NA,NA,NA,Player leaving not previously in game,Jacob Young,Will Richardson,Nate Bittle,Quincy Guerrier,De'Vion Harmon,Matheus Silveira,Kristian Sjolund,Yaru Harvey,Tyler Robertson,Chris Austin
2021-22,2021-12-15,2397586,159,0,2,Oregon,Portland,Ducks,Pilots,4,3,66,46,20,1572,Portland,878,878,7,Chris Austin misses a jump shot from 17 feet out.,missed,FALSE,FALSE,Jump Shot,32.4,20.85,1134068,Chris Austin,NA,0,Portland,Oregon,77,NA,Jacob Young,Will Richardson,Nate Bittle,Quincy Guerrier,De'Vion Harmon,Matheus Silveira,Kristian Sjolund,Yaru Harvey,Tyler Robertson,Chris Austin
2021-22,2021-12-15,2397586,160,0,2,Oregon,Portland,Ducks,Pilots,4,3,68,46,22,1562,Oregon,866,866,12,Franck Kepnang dunks.,made,FALSE,FALSE,Dunk Shot,25,5.25,1265909,Franck Kepnang,NA,0,Oregon,Portland,78,NA,Jacob Young,Will Richardson,Nate Bittle,Quincy Guerrier,De'Vion Harmon,Matheus Silveira,Kristian Sjolund,Yaru Harvey,Tyler Robertson,Chris Austin
2021-22,2021-12-15,2397586,161,0,2,Oregon,Portland,Ducks,Pilots,4,3,68,46,22,1562,Oregon,855,855,11,Shooting foul committed by Will Richardson.,NA,FALSE,FALSE,NA,NA,NA,NA,NA,NA,0,Portland,Portland,79,NA,Jacob Young,Will Richardson,Nate Bittle,Quincy Guerrier,De'Vion Harmon,Matheus Silveira,Kristian Sjolund,Yaru Harvey,Tyler Robertson,Chris Austin
2021-22,2021-12-15,2397586,162,0,2,Oregon,Portland,Ducks,Pilots,4,3,68,47,21,1572,Portland,855,855,0,Tyler Robertson makes free throw 1 of 2.,made,TRUE,FALSE,NA,NA,NA,NA,NA,NA,0,Portland,Portland,79,NA,Jacob Young,Will Richardson,Nate Bittle,Quincy Guerrier,De'Vion Harmon,Matheus Silveira,Kristian Sjolund,Yaru Harvey,Tyler Robertson,Chris Austin
2021-22,2021-12-15,2397586,163,0,2,Oregon,Portland,Ducks,Pilots,4,3,68,47,21,1562,Oregon,855,855,0,Substitution: Eric Williams Jr. in for Will Richardson.,NA,FALSE,FALSE,NA,NA,NA,NA,NA,NA,1,NA,NA,NA,NA,Jacob Young,Eric Williams Jr.,Nate Bittle,Quincy Guerrier,De'Vion Harmon,Matheus Silveira,Kristian Sjolund,Yaru Harvey,Tyler Robertson,Chris Austin
2021-22,2021-12-15,2397586,164,0,2,Oregon,Portland,Ducks,Pilots,4,3,68,48,20,1572,Portland,855,855,0,Tyler Robertson makes free throw 2 of 2.,made,TRUE,FALSE,NA,NA,NA,NA,NA,NA,0,Portland,Oregon,79,NA,Jacob Young,Eric Williams Jr.,Nate Bittle,Quincy Guerrier,De'Vion Harmon,Matheus Silveira,Kristian Sjolund,Yaru Harvey,Tyler Robertson,Chris Austin
2021-22,2021-12-15,2397586,165,0,2,Oregon,Portland,Ducks,Pilots,4,3,68,48,20,1572,Portland,855,855,0,Substitution: Matija Svetozarevic in for Tyler Robertson.,NA,FALSE,FALSE,NA,NA,NA,NA,NA,NA,1,NA,NA,NA,NA,Jacob Young,Eric Williams Jr.,Nate Bittle,Quincy Guerrier,De'Vion Harmon,Matheus Silveira,Kristian Sjolund,Yaru Harvey,Matija Svetozarevic,Chris Austin
2021-22,2021-12-15,2397586,166,0,2,Oregon,Portland,Ducks,Pilots,4,3,68,48,20,1562,Oregon,837,837,18,Quincy Guerrier misses a layup.,missed,FALSE,FALSE,Layup Shot,25,5.25,1178161,Quincy Guerrier,NA,0,Oregon,Oregon,80,NA,Jacob Young,Eric Williams Jr.,Nate Bittle,Quincy Guerrier,De'Vion Harmon,Matheus Silveira,Kristian Sjolund,Yaru Harvey,Matija Svetozarevic,Chris Austin
2021-22,2021-12-15,2397586,167,0,2,Oregon,Portland,Ducks,Pilots,4,3,70,48,22,1562,Oregon,826,826,11,De'Vion Harmon makes a jump shot from 11 feet out.,made,FALSE,FALSE,Jump Shot,25.4,16.75,1175028,De'Vion Harmon,NA,0,Oregon,Portland,80,NA,Jacob Young,Eric Williams Jr.,Nate Bittle,Quincy Guerrier,De'Vion Harmon,Matheus Silveira,Kristian Sjolund,Yaru Harvey,Matija Svetozarevic,Chris Austin
2021-22,2021-12-15,2397586,168,0,2,Oregon,Portland,Ducks,Pilots,4,3,70,48,22,1562,Oregon,802,802,24,Personal foul committed by De'Vion Harmon.,NA,FALSE,FALSE,NA,NA,NA,NA,NA,NA,0,Portland,Portland,81,NA,Jacob Young,Eric Williams Jr.,Nate Bittle,Quincy Guerrier,De'Vion Harmon,Matheus Silveira,Kristian Sjolund,Yaru Harvey,Matija Svetozarevic,Chris Austin
2021-22,2021-12-15,2397586,169,0,2,Oregon,Portland,Ducks,Pilots,4,3,70,48,22,1572,Portland,802,802,0,Kristian Sjolund misses a 3-point jump shot from 24 feet out.,missed,FALSE,TRUE,Jump Shot,4,17.45,1132255,Kristian Sjolund,NA,0,Portland,Portland,81,NA,Jacob Young,Eric Williams Jr.,Nate Bittle,Quincy Guerrier,De'Vion Harmon,Matheus Silveira,Kristian Sjolund,Yaru Harvey,Matija Svetozarevic,Chris Austin
2021-22,2021-12-15,2397586,170,0,2,Oregon,Portland,Ducks,Pilots,4,3,70,48,22,1562,Oregon,800,800,2,Shooting foul committed by Franck Kepnang.,NA,FALSE,FALSE,NA,NA,NA,NA,NA,NA,0,Portland,Portland,81,NA,Jacob Young,Eric Williams Jr.,Nate Bittle,Quincy Guerrier,De'Vion Harmon,Matheus Silveira,Kristian Sjolund,Yaru Harvey,Matija Svetozarevic,Chris Austin
2021-22,2021-12-15,2397586,171,0,2,Oregon,Portland,Ducks,Pilots,4,3,70,49,21,1572,Portland,800,800,0,Chris Austin makes free throw 1 of 2.,made,TRUE,FALSE,NA,NA,NA,NA,NA,NA,0,Portland,Portland,81,NA,Jacob Young,Eric Williams Jr.,Nate Bittle,Quincy Guerrier,De'Vion Harmon,Matheus Silveira,Kristian Sjolund,Yaru Harvey,Matija Svetozarevic,Chris Austin
2021-22,2021-12-15,2397586,172,0,2,Oregon,Portland,Ducks,Pilots,4,3,70,49,21,1562,Oregon,800,800,0,Substitution: Jacob Young in for De'Vion Harmon.,NA,FALSE,FALSE,NA,NA,NA,NA,NA,NA,1,NA,NA,NA,Sub already in game,Jacob Young,Eric Williams Jr.,Nate Bittle,Quincy Guerrier,De'Vion Harmon,Matheus Silveira,Kristian Sjolund,Yaru Harvey,Matija Svetozarevic,Chris Austin
2021-22,2021-12-15,2397586,173,0,2,Oregon,Portland,Ducks,Pilots,4,3,70,50,20,1572,Portland,800,800,0,Chris Austin makes free throw 2 of 2.,made,TRUE,FALSE,NA,NA,NA,NA,NA,NA,0,Portland,Oregon,81,NA,Jacob Young,Eric Williams Jr.,Nate Bittle,Quincy Guerrier,De'Vion Harmon,Matheus Silveira,Kristian Sjolund,Yaru Harvey,Matija Svetozarevic,Chris Austin
2021-22,2021-12-15,2397586,174,0,2,Oregon,Portland,Ducks,Pilots,4,3,70,50,20,1562,Oregon,761,761,39,Jacob Young misses a jump shot from 16 feet out.,missed,FALSE,FALSE,Jump Shot,39,13.849999999999994,956543,Jacob Young,NA,0,Oregon,Oregon,82,NA,Jacob Young,Eric Williams Jr.,Nate Bittle,Quincy Guerrier,De'Vion Harmon,Matheus Silveira,Kristian Sjolund,Yaru Harvey,Matija Svetozarevic,Chris Austin
2021-22,2021-12-15,2397586,175,0,2,Oregon,Portland,Ducks,Pilots,4,3,72,50,22,1562,Oregon,756,756,5,Quincy Guerrier makes a layup.,made,FALSE,FALSE,Layup Shot,26,6.25,1178161,Quincy Guerrier,NA,0,Oregon,Portland,82,NA,Jacob Young,Eric Williams Jr.,Nate Bittle,Quincy Guerrier,De'Vion Harmon,Matheus Silveira,Kristian Sjolund,Yaru Harvey,Matija Svetozarevic,Chris Austin
2021-22,2021-12-15,2397586,176,0,2,Oregon,Portland,Ducks,Pilots,4,3,72,52,20,1572,Portland,739,739,17,Moses Wood makes a layup.,made,FALSE,FALSE,Layup Shot,25,5.25,1132861,Moses Wood,NA,0,Portland,Oregon,83,NA,Jacob Young,Eric Williams Jr.,Nate Bittle,Quincy Guerrier,De'Vion Harmon,Matheus Silveira,Kristian Sjolund,Yaru Harvey,Matija Svetozarevic,Chris Austin
2021-22,2021-12-15,2397586,177,0,2,Oregon,Portland,Ducks,Pilots,4,3,72,52,20,1562,Oregon,718,718,21,Offensive foul committed by Quincy Guerrier.,NA,FALSE,FALSE,NA,NA,NA,NA,NA,NA,0,Oregon,Portland,84,NA,Jacob Young,Eric Williams Jr.,Nate Bittle,Quincy Guerrier,De'Vion Harmon,Matheus Silveira,Kristian Sjolund,Yaru Harvey,Matija Svetozarevic,Chris Austin
2021-22,2021-12-15,2397586,178,0,2,Oregon,Portland,Ducks,Pilots,4,3,72,52,20,NA,NA,718,718,0,Official TV timeout.,NA,FALSE,FALSE,NA,NA,NA,NA,NA,NA,0,NA,NA,NA,NA,Jacob Young,Eric Williams Jr.,Nate Bittle,Quincy Guerrier,De'Vion Harmon,Matheus Silveira,Kristian Sjolund,Yaru Harvey,Matija Svetozarevic,Chris Austin
2021-22,2021-12-15,2397586,179,0,2,Oregon,Portland,Ducks,Pilots,4,3,72,52,20,1562,Oregon,718,718,0,Substitution: Will Richardson in for Quincy Guerrier.,NA,FALSE,FALSE,NA,NA,NA,NA,NA,NA,1,NA,NA,NA,NA,Jacob Young,Eric Williams Jr.,Nate Bittle,Will Richardson,De'Vion Harmon,Matheus Silveira,Kristian Sjolund,Yaru Harvey,Matija Svetozarevic,Chris Austin
2021-22,2021-12-15,2397586,180,0,2,Oregon,Portland,Ducks,Pilots,4,3,72,54,18,1572,Portland,703,703,15,Moses Wood makes a jump shot from 17 feet out.,made,FALSE,FALSE,Jump Shot,16.9,19.95,1132861,Moses Wood,NA,0,Portland,Oregon,85,NA,Jacob Young,Eric Williams Jr.,Nate Bittle,Will Richardson,De'Vion Harmon,Matheus Silveira,Kristian Sjolund,Yaru Harvey,Matija Svetozarevic,Chris Austin
2021-22,2021-12-15,2397586,181,0,2,Oregon,Portland,Ducks,Pilots,4,3,72,54,18,1572,Portland,689,689,14,Personal foul committed by Chris Austin.,NA,FALSE,FALSE,NA,NA,NA,NA,NA,NA,0,Oregon,Oregon,86,NA,Jacob Young,Eric Williams Jr.,Nate Bittle,Will Richardson,De'Vion Harmon,Matheus Silveira,Kristian Sjolund,Yaru Harvey,Matija Svetozarevic,Chris Austin
2021-22,2021-12-15,2397586,182,0,2,Oregon,Portland,Ducks,Pilots,4,3,72,54,18,1562,Oregon,688,688,1,Rivaldo Soares misses a 3-point jump shot from 24 feet out.,missed,FALSE,TRUE,Jump Shot,39,25.25,1326874,Rivaldo Soares,NA,0,Oregon,Portland,86,NA,Jacob Young,Eric Williams Jr.,Nate Bittle,Will Richardson,De'Vion Harmon,Matheus Silveira,Kristian Sjolund,Yaru Harvey,Matija Svetozarevic,Chris Austin
2021-22,2021-12-15,2397586,183,0,2,Oregon,Portland,Ducks,Pilots,4,3,72,54,18,1562,Oregon,672,672,16,Shooting foul committed by Franck Kepnang.,NA,FALSE,FALSE,NA,NA,NA,NA,NA,NA,0,Portland,Portland,87,NA,Jacob Young,Eric Williams Jr.,Nate Bittle,Will Richardson,De'Vion Harmon,Matheus Silveira,Kristian Sjolund,Yaru Harvey,Matija Svetozarevic,Chris Austin
2021-22,2021-12-15,2397586,184,0,2,Oregon,Portland,Ducks,Pilots,4,3,72,55,17,1572,Portland,672,672,0,Chris Austin makes free throw 1 of 2.,made,TRUE,FALSE,NA,NA,NA,NA,NA,NA,0,Portland,Portland,87,NA,Jacob Young,Eric Williams Jr.,Nate Bittle,Will Richardson,De'Vion Harmon,Matheus Silveira,Kristian Sjolund,Yaru Harvey,Matija Svetozarevic,Chris Austin
2021-22,2021-12-15,2397586,185,0,2,Oregon,Portland,Ducks,Pilots,4,3,72,55,17,1562,Oregon,672,672,0,Substitution: N'Faly Dante in for Franck Kepnang.,NA,FALSE,FALSE,NA,NA,NA,NA,NA,NA,1,NA,NA,NA,Player leaving not previously in game,Jacob Young,Eric Williams Jr.,Nate Bittle,Will Richardson,De'Vion Harmon,Matheus Silveira,Kristian Sjolund,Yaru Harvey,Matija Svetozarevic,Chris Austin
2021-22,2021-12-15,2397586,186,0,2,Oregon,Portland,Ducks,Pilots,4,3,72,56,16,1572,Portland,672,672,0,Chris Austin makes free throw 2 of 2.,made,TRUE,FALSE,NA,NA,NA,NA,NA,NA,0,Portland,Oregon,87,NA,Jacob Young,Eric Williams Jr.,Nate Bittle,Will Richardson,De'Vion Harmon,Matheus Silveira,Kristian Sjolund,Yaru Harvey,Matija Svetozarevic,Chris Austin
2021-22,2021-12-15,2397586,187,0,2,Oregon,Portland,Ducks,Pilots,4,3,72,56,16,1572,Portland,652,652,20,Shooting foul committed by Vasilije Vucinic.,NA,FALSE,FALSE,NA,NA,NA,NA,NA,NA,0,Oregon,Oregon,88,NA,Jacob Young,Eric Williams Jr.,Nate Bittle,Will Richardson,De'Vion Harmon,Matheus Silveira,Kristian Sjolund,Yaru Harvey,Matija Svetozarevic,Chris Austin
2021-22,2021-12-15,2397586,188,0,2,Oregon,Portland,Ducks,Pilots,4,3,73,56,17,1562,Oregon,652,652,0,Will Richardson makes free throw 1 of 2.,made,TRUE,FALSE,NA,NA,NA,NA,NA,NA,0,Oregon,Oregon,88,NA,Jacob Young,Eric Williams Jr.,Nate Bittle,Will Richardson,De'Vion Harmon,Matheus Silveira,Kristian Sjolund,Yaru Harvey,Matija Svetozarevic,Chris Austin
2021-22,2021-12-15,2397586,189,0,2,Oregon,Portland,Ducks,Pilots,4,3,73,56,17,1562,Oregon,652,652,0,Will Richardson misses free throw 2 of 2.,missed,TRUE,FALSE,NA,NA,NA,NA,NA,NA,0,Oregon,Portland,88,NA,Jacob Young,Eric Williams Jr.,Nate Bittle,Will Richardson,De'Vion Harmon,Matheus Silveira,Kristian Sjolund,Yaru Harvey,Matija Svetozarevic,Chris Austin
2021-22,2021-12-15,2397586,190,0,2,Oregon,Portland,Ducks,Pilots,4,3,73,56,17,1572,Portland,632,632,20,Moses Wood misses a 3-point jump shot from 25 feet out.,missed,FALSE,TRUE,Jump Shot,47.4,15.65,1132861,Moses Wood,NA,0,Portland,Oregon,89,NA,Jacob Young,Eric Williams Jr.,Nate Bittle,Will Richardson,De'Vion Harmon,Matheus Silveira,Kristian Sjolund,Yaru Harvey,Matija Svetozarevic,Chris Austin
2021-22,2021-12-15,2397586,191,0,2,Oregon,Portland,Ducks,Pilots,4,3,75,56,19,1562,Oregon,618,618,14,Will Richardson makes a layup.,made,FALSE,FALSE,Layup Shot,26,6.25,1134729,Will Richardson,NA,0,Oregon,Portland,90,NA,Jacob Young,Eric Williams Jr.,Nate Bittle,Will Richardson,De'Vion Harmon,Matheus Silveira,Kristian Sjolund,Yaru Harvey,Matija Svetozarevic,Chris Austin
2021-22,2021-12-15,2397586,192,0,2,Oregon,Portland,Ducks,Pilots,4,3,75,56,19,1562,Oregon,586,586,32,Rivaldo Soares misses a jump shot from 15 feet out.,missed,FALSE,FALSE,Jump Shot,36.5,14.650000000000006,1326874,Rivaldo Soares,NA,0,Oregon,Portland,91,NA,Jacob Young,Eric Williams Jr.,Nate Bittle,Will Richardson,De'Vion Harmon,Matheus Silveira,Kristian Sjolund,Yaru Harvey,Matija Svetozarevic,Chris Austin
2021-22,2021-12-15,2397586,193,0,2,Oregon,Portland,Ducks,Pilots,4,3,75,58,17,1572,Portland,582,582,4,Chris Austin makes a layup.,made,FALSE,FALSE,Layup Shot,25,5.25,1134068,Chris Austin,NA,0,Portland,Oregon,92,NA,Jacob Young,Eric Williams Jr.,Nate Bittle,Will Richardson,De'Vion Harmon,Matheus Silveira,Kristian Sjolund,Yaru Harvey,Matija Svetozarevic,Chris Austin
2021-22,2021-12-15,2397586,194,0,2,Oregon,Portland,Ducks,Pilots,4,3,77,58,19,1562,Oregon,571,571,11,N'Faly Dante dunks.,made,FALSE,FALSE,Dunk Shot,25,5.25,1194079,N'Faly Dante,NA,0,Oregon,Portland,93,NA,Jacob Young,Eric Williams Jr.,Nate Bittle,Will Richardson,De'Vion Harmon,Matheus Silveira,Kristian Sjolund,Yaru Harvey,Matija Svetozarevic,Chris Austin
2021-22,2021-12-15,2397586,195,0,2,Oregon,Portland,Ducks,Pilots,4,3,77,58,19,1572,Portland,553,553,18,Kristian Sjolund misses a jump shot from 18 feet out.,missed,FALSE,FALSE,Jump Shot,38.2,17.75,1132255,Kristian Sjolund,NA,0,Portland,Oregon,94,NA,Jacob Young,Eric Williams Jr.,Nate Bittle,Will Richardson,De'Vion Harmon,Matheus Silveira,Kristian Sjolund,Yaru Harvey,Matija Svetozarevic,Chris Austin
2021-22,2021-12-15,2397586,196,0,2,Oregon,Portland,Ducks,Pilots,4,3,80,58,22,1562,Oregon,543,543,10,Rivaldo Soares makes a 3-point jump shot from 25 feet out.,made,FALSE,TRUE,Jump Shot,8.200000000000003,24.349999999999994,1326874,Rivaldo Soares,NA,0,Oregon,Portland,95,NA,Jacob Young,Eric Williams Jr.,Nate Bittle,Will Richardson,De'Vion Harmon,Matheus Silveira,Kristian Sjolund,Yaru Harvey,Matija Svetozarevic,Chris Austin
2021-22,2021-12-15,2397586,197,0,2,Oregon,Portland,Ducks,Pilots,4,3,80,61,19,1572,Portland,529,529,14,Mike Meadows makes a 3-point jump shot from 25 feet out.,made,FALSE,TRUE,Jump Shot,39.2,25.25,1346405,Mike Meadows,NA,0,Portland,Oregon,96,NA,Jacob Young,Eric Williams Jr.,Nate Bittle,Will Richardson,De'Vion Harmon,Matheus Silveira,Kristian Sjolund,Yaru Harvey,Matija Svetozarevic,Chris Austin
2021-22,2021-12-15,2397586,198,0,2,Oregon,Portland,Ducks,Pilots,4,3,80,61,19,1572,Portland,504,504,25,Personal foul committed by Tyler Robertson.,NA,FALSE,FALSE,NA,NA,NA,NA,NA,NA,0,Oregon,Oregon,97,NA,Jacob Young,Eric Williams Jr.,Nate Bittle,Will Richardson,De'Vion Harmon,Matheus Silveira,Kristian Sjolund,Yaru Harvey,Matija Svetozarevic,Chris Austin
2021-22,2021-12-15,2397586,199,0,2,Oregon,Portland,Ducks,Pilots,4,3,80,61,19,1562,Oregon,504,504,0,Substitution: Quincy Guerrier in for Rivaldo Soares.,NA,FALSE,FALSE,NA,NA,NA,NA,NA,NA,1,NA,NA,NA,Player leaving not previously in game,Jacob Young,Eric Williams Jr.,Nate Bittle,Will Richardson,De'Vion Harmon,Matheus Silveira,Kristian Sjolund,Yaru Harvey,Matija Svetozarevic,Chris Austin
2021-22,2021-12-15,2397586,200,0,2,Oregon,Portland,Ducks,Pilots,4,3,80,61,19,1562,Oregon,504,504,0,Substitution: Isaac Johnson in for N'Faly Dante.,NA,FALSE,FALSE,NA,NA,NA,NA,NA,NA,1,NA,NA,NA,Player leaving not previously in game,Jacob Young,Eric Williams Jr.,Nate Bittle,Will Richardson,De'Vion Harmon,Matheus Silveira,Kristian Sjolund,Yaru Harvey,Matija Svetozarevic,Chris Austin
2021-22,2021-12-15,2397586,201,0,2,Oregon,Portland,Ducks,Pilots,4,3,82,61,21,1562,Oregon,497,497,7,Isaac Johnson dunks.,made,FALSE,FALSE,Dunk Shot,26,6.25,1326878,Isaac Johnson,NA,0,Oregon,Portland,97,NA,Jacob Young,Eric Williams Jr.,Nate Bittle,Will Richardson,De'Vion Harmon,Matheus Silveira,Kristian Sjolund,Yaru Harvey,Matija Svetozarevic,Chris Austin
2021-22,2021-12-15,2397586,202,0,2,Oregon,Portland,Ducks,Pilots,4,3,82,63,19,1572,Portland,474,474,23,Chris Austin makes a layup.,made,FALSE,FALSE,Layup Shot,25,5.25,1134068,Chris Austin,NA,0,Portland,Oregon,98,NA,Jacob Young,Eric Williams Jr.,Nate Bittle,Will Richardson,De'Vion Harmon,Matheus Silveira,Kristian Sjolund,Yaru Harvey,Matija Svetozarevic,Chris Austin
2021-22,2021-12-15,2397586,203,0,2,Oregon,Portland,Ducks,Pilots,4,3,84,63,21,1562,Oregon,451,451,23,Quincy Guerrier makes a jump shot from 12 feet out.,made,FALSE,FALSE,Jump Shot,25.8,16.75,1178161,Quincy Guerrier,NA,0,Oregon,Portland,99,NA,Jacob Young,Eric Williams Jr.,Nate Bittle,Will Richardson,De'Vion Harmon,Matheus Silveira,Kristian Sjolund,Yaru Harvey,Matija Svetozarevic,Chris Austin
2021-22,2021-12-15,2397586,204,0,2,Oregon,Portland,Ducks,Pilots,4,3,84,63,21,1572,Portland,441,441,10,Matija Svetozarevic misses a jump shot from 14 feet out.,missed,FALSE,FALSE,Jump Shot,13.2,12.65,1325418,Matija Svetozarevic,NA,0,Portland,Portland,100,NA,Jacob Young,Eric Williams Jr.,Nate Bittle,Will Richardson,De'Vion Harmon,Matheus Silveira,Kristian Sjolund,Yaru Harvey,Matija Svetozarevic,Chris Austin
2021-22,2021-12-15,2397586,205,0,2,Oregon,Portland,Ducks,Pilots,4,3,84,63,21,1572,Portland,435,435,6,Chris Austin misses a 3-point jump shot from 26 feet out.,missed,FALSE,TRUE,Jump Shot,47.2,18.75,1134068,Chris Austin,NA,0,Portland,Oregon,100,NA,Jacob Young,Eric Williams Jr.,Nate Bittle,Will Richardson,De'Vion Harmon,Matheus Silveira,Kristian Sjolund,Yaru Harvey,Matija Svetozarevic,Chris Austin
2021-22,2021-12-15,2397586,206,0,2,Oregon,Portland,Ducks,Pilots,4,3,84,63,21,1562,Oregon,421,421,14,Jacob Young misses a jump shot from 16 feet out.,missed,FALSE,FALSE,Jump Shot,36.3,16.349999999999994,956543,Jacob Young,NA,0,Oregon,Oregon,101,NA,Jacob Young,Eric Williams Jr.,Nate Bittle,Will Richardson,De'Vion Harmon,Matheus Silveira,Kristian Sjolund,Yaru Harvey,Matija Svetozarevic,Chris Austin
2021-22,2021-12-15,2397586,207,0,2,Oregon,Portland,Ducks,Pilots,4,3,84,63,21,1562,Oregon,409,409,12,Quincy Guerrier misses a 3-point jump shot from 24 feet out.,missed,FALSE,TRUE,Jump Shot,14.399999999999999,27.049999999999997,1178161,Quincy Guerrier,NA,0,Oregon,Portland,101,NA,Jacob Young,Eric Williams Jr.,Nate Bittle,Will Richardson,De'Vion Harmon,Matheus Silveira,Kristian Sjolund,Yaru Harvey,Matija Svetozarevic,Chris Austin
2021-22,2021-12-15,2397586,208,0,2,Oregon,Portland,Ducks,Pilots,4,3,84,63,21,1572,Portland,398,398,11,Mike Meadows misses a jump shot from 17 feet out.,missed,FALSE,FALSE,Jump Shot,19,20.65,1346405,Mike Meadows,NA,0,Portland,Portland,102,NA,Jacob Young,Eric Williams Jr.,Nate Bittle,Will Richardson,De'Vion Harmon,Matheus Silveira,Kristian Sjolund,Yaru Harvey,Matija Svetozarevic,Chris Austin
2021-22,2021-12-15,2397586,209,0,2,Oregon,Portland,Ducks,Pilots,4,3,84,63,21,1572,Portland,392,392,6,Kristian Sjolund misses a 3-point jump shot from 25 feet out.,missed,FALSE,TRUE,Jump Shot,37.3,27.25,1132255,Kristian Sjolund,NA,0,Portland,Oregon,102,NA,Jacob Young,Eric Williams Jr.,Nate Bittle,Will Richardson,De'Vion Harmon,Matheus Silveira,Kristian Sjolund,Yaru Harvey,Matija Svetozarevic,Chris Austin
2021-22,2021-12-15,2397586,210,0,2,Oregon,Portland,Ducks,Pilots,4,3,84,63,21,1562,Oregon,390,390,2,Jacob Young misses a 3-point jump shot from 22 feet out.,missed,FALSE,TRUE,Jump Shot,9.600000000000001,21.650000000000006,956543,Jacob Young,NA,0,Oregon,Oregon,103,NA,Jacob Young,Eric Williams Jr.,Nate Bittle,Will Richardson,De'Vion Harmon,Matheus Silveira,Kristian Sjolund,Yaru Harvey,Matija Svetozarevic,Chris Austin
2021-22,2021-12-15,2397586,211,0,2,Oregon,Portland,Ducks,Pilots,4,3,84,63,21,1572,Portland,386,386,4,Personal foul committed by Chris Austin.,NA,FALSE,FALSE,NA,NA,NA,NA,NA,NA,0,Oregon,Oregon,103,NA,Jacob Young,Eric Williams Jr.,Nate Bittle,Will Richardson,De'Vion Harmon,Matheus Silveira,Kristian Sjolund,Yaru Harvey,Matija Svetozarevic,Chris Austin
2021-22,2021-12-15,2397586,212,0,2,Oregon,Portland,Ducks,Pilots,4,3,84,63,21,NA,NA,386,386,0,Official TV timeout.,NA,FALSE,FALSE,NA,NA,NA,NA,NA,NA,0,NA,NA,NA,NA,Jacob Young,Eric Williams Jr.,Nate Bittle,Will Richardson,De'Vion Harmon,Matheus Silveira,Kristian Sjolund,Yaru Harvey,Matija Svetozarevic,Chris Austin
2021-22,2021-12-15,2397586,213,0,2,Oregon,Portland,Ducks,Pilots,4,3,85,63,22,1562,Oregon,386,386,0,Isaac Johnson makes free throw 1 of 2.,made,TRUE,FALSE,NA,NA,NA,NA,NA,NA,0,Oregon,Oregon,103,NA,Jacob Young,Eric Williams Jr.,Nate Bittle,Will Richardson,De'Vion Harmon,Matheus Silveira,Kristian Sjolund,Yaru Harvey,Matija Svetozarevic,Chris Austin
2021-22,2021-12-15,2397586,214,0,2,Oregon,Portland,Ducks,Pilots,4,3,86,63,23,1562,Oregon,386,386,0,Isaac Johnson makes free throw 2 of 2.,made,TRUE,FALSE,NA,NA,NA,NA,NA,NA,0,Oregon,Portland,103,NA,Jacob Young,Eric Williams Jr.,Nate Bittle,Will Richardson,De'Vion Harmon,Matheus Silveira,Kristian Sjolund,Yaru Harvey,Matija Svetozarevic,Chris Austin
2021-22,2021-12-15,2397586,215,0,2,Oregon,Portland,Ducks,Pilots,4,3,86,63,23,1572,Portland,369,369,17,Chris Austin misses a jump shot from 18 feet out.,missed,FALSE,FALSE,Jump Shot,10.1,14.85,1134068,Chris Austin,NA,0,Portland,Oregon,104,NA,Jacob Young,Eric Williams Jr.,Nate Bittle,Will Richardson,De'Vion Harmon,Matheus Silveira,Kristian Sjolund,Yaru Harvey,Matija Svetozarevic,Chris Austin
2021-22,2021-12-15,2397586,216,0,2,Oregon,Portland,Ducks,Pilots,4,3,86,63,23,1562,Oregon,362,362,7,Jacob Young misses a 3-point jump shot from 24 feet out.,missed,FALSE,TRUE,Jump Shot,39.2,24.75,956543,Jacob Young,NA,0,Oregon,Portland,105,NA,Jacob Young,Eric Williams Jr.,Nate Bittle,Will Richardson,De'Vion Harmon,Matheus Silveira,Kristian Sjolund,Yaru Harvey,Matija Svetozarevic,Chris Austin
2021-22,2021-12-15,2397586,217,0,2,Oregon,Portland,Ducks,Pilots,4,3,86,63,23,1562,Oregon,352,352,10,Personal foul committed by Eric Williams Jr..,NA,FALSE,FALSE,NA,NA,NA,NA,NA,NA,0,Portland,Portland,106,NA,Jacob Young,Eric Williams Jr.,Nate Bittle,Will Richardson,De'Vion Harmon,Matheus Silveira,Kristian Sjolund,Yaru Harvey,Matija Svetozarevic,Chris Austin
2021-22,2021-12-15,2397586,218,0,2,Oregon,Portland,Ducks,Pilots,4,3,86,64,22,1572,Portland,352,352,0,Chris Austin makes free throw 1 of 1.,made,TRUE,FALSE,NA,NA,NA,NA,NA,NA,0,Portland,Oregon,106,NA,Jacob Young,Eric Williams Jr.,Nate Bittle,Will Richardson,De'Vion Harmon,Matheus Silveira,Kristian Sjolund,Yaru Harvey,Matija Svetozarevic,Chris Austin
2021-22,2021-12-15,2397586,219,0,2,Oregon,Portland,Ducks,Pilots,4,3,86,65,21,1572,Portland,352,352,0,Chris Austin makes free throw 2 of 2.,made,TRUE,FALSE,NA,NA,NA,NA,NA,NA,0,Portland,Oregon,107,NA,Jacob Young,Eric Williams Jr.,Nate Bittle,Will Richardson,De'Vion Harmon,Matheus Silveira,Kristian Sjolund,Yaru Harvey,Matija Svetozarevic,Chris Austin
2021-22,2021-12-15,2397586,220,0,2,Oregon,Portland,Ducks,Pilots,4,3,86,65,21,1562,Oregon,336,336,16,De'Vion Harmon misses a 3-point jump shot from 24 feet out.,missed,FALSE,TRUE,Jump Shot,5,19.25,1175028,De'Vion Harmon,NA,0,Oregon,Oregon,108,NA,Jacob Young,Eric Williams Jr.,Nate Bittle,Will Richardson,De'Vion Harmon,Matheus Silveira,Kristian Sjolund,Yaru Harvey,Matija Svetozarevic,Chris Austin
2021-22,2021-12-15,2397586,221,0,2,Oregon,Portland,Ducks,Pilots,4,3,86,65,21,1562,Oregon,326,326,10,Isaac Johnson misses a jump shot from 17 feet out.,missed,FALSE,FALSE,Jump Shot,35.1,18.549999999999997,1326878,Isaac Johnson,NA,0,Oregon,Oregon,108,NA,Jacob Young,Eric Williams Jr.,Nate Bittle,Will Richardson,De'Vion Harmon,Matheus Silveira,Kristian Sjolund,Yaru Harvey,Matija Svetozarevic,Chris Austin
2021-22,2021-12-15,2397586,222,0,2,Oregon,Portland,Ducks,Pilots,4,3,86,65,21,1562,Oregon,319,319,7,Eric Williams Jr. misses a layup.,missed,FALSE,FALSE,Layup Shot,25,5.25,1061775,Eric Williams Jr.,NA,0,Oregon,Oregon,108,NA,Jacob Young,Eric Williams Jr.,Nate Bittle,Will Richardson,De'Vion Harmon,Matheus Silveira,Kristian Sjolund,Yaru Harvey,Matija Svetozarevic,Chris Austin
2021-22,2021-12-15,2397586,223,0,2,Oregon,Portland,Ducks,Pilots,4,3,88,65,23,1562,Oregon,301,301,18,De'Vion Harmon makes a layup.,made,FALSE,FALSE,Layup Shot,25,5.25,1175028,De'Vion Harmon,NA,0,Oregon,Portland,108,NA,Jacob Young,Eric Williams Jr.,Nate Bittle,Will Richardson,De'Vion Harmon,Matheus Silveira,Kristian Sjolund,Yaru Harvey,Matija Svetozarevic,Chris Austin
2021-22,2021-12-15,2397586,224,0,2,Oregon,Portland,Ducks,Pilots,4,3,88,65,23,1562,Oregon,275,275,26,Personal foul committed by Isaac Johnson.,NA,FALSE,FALSE,NA,NA,NA,NA,NA,NA,0,Portland,Portland,109,NA,Jacob Young,Eric Williams Jr.,Nate Bittle,Will Richardson,De'Vion Harmon,Matheus Silveira,Kristian Sjolund,Yaru Harvey,Matija Svetozarevic,Chris Austin
2021-22,2021-12-15,2397586,225,0,2,Oregon,Portland,Ducks,Pilots,4,3,88,65,23,1572,Portland,275,275,0,Vasilije Vucinic misses free throw 1 of 1.,missed,TRUE,FALSE,NA,NA,NA,NA,NA,NA,0,Portland,Oregon,109,NA,Jacob Young,Eric Williams Jr.,Nate Bittle,Will Richardson,De'Vion Harmon,Matheus Silveira,Kristian Sjolund,Yaru Harvey,Matija Svetozarevic,Chris Austin
2021-22,2021-12-15,2397586,226,0,2,Oregon,Portland,Ducks,Pilots,4,3,88,65,23,1572,Portland,265,265,10,Personal foul committed by Chika Nduka.,NA,FALSE,FALSE,NA,NA,NA,NA,NA,NA,0,Oregon,Oregon,110,NA,Jacob Young,Eric Williams Jr.,Nate Bittle,Will Richardson,De'Vion Harmon,Matheus Silveira,Kristian Sjolund,Yaru Harvey,Matija Svetozarevic,Chris Austin
2021-22,2021-12-15,2397586,227,0,2,Oregon,Portland,Ducks,Pilots,4,3,89,65,24,1562,Oregon,265,265,0,Nate Bittle makes free throw 1 of 2.,made,TRUE,FALSE,NA,NA,NA,NA,NA,NA,0,Oregon,Oregon,110,NA,Jacob Young,Eric Williams Jr.,Nate Bittle,Will Richardson,De'Vion Harmon,Matheus Silveira,Kristian Sjolund,Yaru Harvey,Matija Svetozarevic,Chris Austin
2021-22,2021-12-15,2397586,228,0,2,Oregon,Portland,Ducks,Pilots,4,3,89,65,24,1562,Oregon,265,265,0,Nate Bittle misses free throw 2 of 2.,missed,TRUE,FALSE,NA,NA,NA,NA,NA,NA,0,Oregon,Oregon,110,NA,Jacob Young,Eric Williams Jr.,Nate Bittle,Will Richardson,De'Vion Harmon,Matheus Silveira,Kristian Sjolund,Yaru Harvey,Matija Svetozarevic,Chris Austin
2021-22,2021-12-15,2397586,229,0,2,Oregon,Portland,Ducks,Pilots,4,3,89,65,24,1562,Oregon,243,243,22,Jacob Young misses a layup.,missed,FALSE,FALSE,Layup Shot,25,5.25,956543,Jacob Young,NA,0,Oregon,Oregon,110,NA,Jacob Young,Eric Williams Jr.,Nate Bittle,Will Richardson,De'Vion Harmon,Matheus Silveira,Kristian Sjolund,Yaru Harvey,Matija Svetozarevic,Chris Austin
2021-22,2021-12-15,2397586,230,0,2,Oregon,Portland,Ducks,Pilots,4,3,89,65,24,1572,Portland,237,237,6,Personal foul committed by Chika Nduka.,NA,FALSE,FALSE,NA,NA,NA,NA,NA,NA,0,Oregon,Oregon,110,NA,Jacob Young,Eric Williams Jr.,Nate Bittle,Will Richardson,De'Vion Harmon,Matheus Silveira,Kristian Sjolund,Yaru Harvey,Matija Svetozarevic,Chris Austin
2021-22,2021-12-15,2397586,231,0,2,Oregon,Portland,Ducks,Pilots,4,3,90,65,25,1562,Oregon,237,237,0,Jacob Young makes free throw 1 of 2.,made,TRUE,FALSE,NA,NA,NA,NA,NA,NA,0,Oregon,Oregon,110,NA,Jacob Young,Eric Williams Jr.,Nate Bittle,Will Richardson,De'Vion Harmon,Matheus Silveira,Kristian Sjolund,Yaru Harvey,Matija Svetozarevic,Chris Austin
2021-22,2021-12-15,2397586,232,0,2,Oregon,Portland,Ducks,Pilots,4,3,91,65,26,1562,Oregon,237,237,0,Jacob Young makes free throw 2 of 2.,made,TRUE,FALSE,NA,NA,NA,NA,NA,NA,0,Oregon,Portland,110,NA,Jacob Young,Eric Williams Jr.,Nate Bittle,Will Richardson,De'Vion Harmon,Matheus Silveira,Kristian Sjolund,Yaru Harvey,Matija Svetozarevic,Chris Austin
2021-22,2021-12-15,2397586,233,0,2,Oregon,Portland,Ducks,Pilots,4,3,93,65,28,1562,Oregon,213,213,24,N'Faly Dante makes a layup.,made,FALSE,FALSE,Layup Shot,25,5.25,1194079,N'Faly Dante,NA,0,Oregon,Oregon,111,NA,Jacob Young,Eric Williams Jr.,Nate Bittle,Will Richardson,De'Vion Harmon,Matheus Silveira,Kristian Sjolund,Yaru Harvey,Matija Svetozarevic,Chris Austin
2021-22,2021-12-15,2397586,234,0,2,Oregon,Portland,Ducks,Pilots,4,3,93,65,28,1572,Portland,213,213,0,Shooting foul committed by Wyatt Watson.,NA,FALSE,FALSE,NA,NA,NA,NA,NA,NA,0,Oregon,Oregon,111,NA,Jacob Young,Eric Williams Jr.,Nate Bittle,Will Richardson,De'Vion Harmon,Matheus Silveira,Kristian Sjolund,Yaru Harvey,Matija Svetozarevic,Chris Austin
2021-22,2021-12-15,2397586,235,0,2,Oregon,Portland,Ducks,Pilots,4,3,94,65,29,1562,Oregon,213,213,0,N'Faly Dante makes free throw 1 of 1.,made,TRUE,FALSE,NA,NA,NA,NA,NA,NA,0,Oregon,Portland,111,NA,Jacob Young,Eric Williams Jr.,Nate Bittle,Will Richardson,De'Vion Harmon,Matheus Silveira,Kristian Sjolund,Yaru Harvey,Matija Svetozarevic,Chris Austin
2021-22,2021-12-15,2397586,236,0,2,Oregon,Portland,Ducks,Pilots,4,3,94,65,29,1562,Oregon,198,198,15,Personal foul committed by Franck Kepnang.,NA,FALSE,FALSE,NA,NA,NA,NA,NA,NA,0,Portland,Portland,112,NA,Jacob Young,Eric Williams Jr.,Nate Bittle,Will Richardson,De'Vion Harmon,Matheus Silveira,Kristian Sjolund,Yaru Harvey,Matija Svetozarevic,Chris Austin
2021-22,2021-12-15,2397586,237,0,2,Oregon,Portland,Ducks,Pilots,4,3,94,65,29,1572,Portland,198,198,0,Vasilije Vucinic misses free throw 1 of 2.,missed,TRUE,FALSE,NA,NA,NA,NA,NA,NA,0,Portland,Portland,112,NA,Jacob Young,Eric Williams Jr.,Nate Bittle,Will Richardson,De'Vion Harmon,Matheus Silveira,Kristian Sjolund,Yaru Harvey,Matija Svetozarevic,Chris Austin
2021-22,2021-12-15,2397586,238,0,2,Oregon,Portland,Ducks,Pilots,4,3,94,66,28,1572,Portland,198,198,0,Vasilije Vucinic makes free throw 2 of 2.,made,TRUE,FALSE,NA,NA,NA,NA,NA,NA,0,Portland,Oregon,112,NA,Jacob Young,Eric Williams Jr.,Nate Bittle,Will Richardson,De'Vion Harmon,Matheus Silveira,Kristian Sjolund,Yaru Harvey,Matija Svetozarevic,Chris Austin
2021-22,2021-12-15,2397586,239,0,2,Oregon,Portland,Ducks,Pilots,4,3,94,66,28,1562,Oregon,177,177,21,Isaac Johnson misses a jump shot from 16 feet out.,missed,FALSE,FALSE,Jump Shot,35.8,16.349999999999994,1326878,Isaac Johnson,NA,0,Oregon,Portland,113,NA,Jacob Young,Eric Williams Jr.,Nate Bittle,Will Richardson,De'Vion Harmon,Matheus Silveira,Kristian Sjolund,Yaru Harvey,Matija Svetozarevic,Chris Austin
2021-22,2021-12-15,2397586,240,0,2,Oregon,Portland,Ducks,Pilots,4,3,94,69,25,1572,Portland,170,170,7,Wyatt Watson makes a 3-point jump shot from 24 feet out.,made,FALSE,TRUE,Jump Shot,4.5,17.75,1135014,Wyatt Watson,NA,0,Portland,Oregon,114,NA,Jacob Young,Eric Williams Jr.,Nate Bittle,Will Richardson,De'Vion Harmon,Matheus Silveira,Kristian Sjolund,Yaru Harvey,Matija Svetozarevic,Chris Austin
2021-22,2021-12-15,2397586,241,0,2,Oregon,Portland,Ducks,Pilots,4,3,96,69,27,1562,Oregon,136,136,34,Nate Bittle makes a hook shot from 10 feet out.,made,FALSE,FALSE,Hook Shot,25.1,15.150000000000006,1326876,Nate Bittle,NA,0,Oregon,Portland,115,NA,Jacob Young,Eric Williams Jr.,Nate Bittle,Will Richardson,De'Vion Harmon,Matheus Silveira,Kristian Sjolund,Yaru Harvey,Matija Svetozarevic,Chris Austin
2021-22,2021-12-15,2397586,242,0,2,Oregon,Portland,Ducks,Pilots,4,3,96,69,27,1572,Portland,110,110,26,Wyatt Watson misses a 3-point jump shot from 24 feet out.,missed,FALSE,TRUE,Jump Shot,45.3,17.75,1135014,Wyatt Watson,NA,0,Portland,Oregon,116,NA,Jacob Young,Eric Williams Jr.,Nate Bittle,Will Richardson,De'Vion Harmon,Matheus Silveira,Kristian Sjolund,Yaru Harvey,Matija Svetozarevic,Chris Austin
2021-22,2021-12-15,2397586,243,0,2,Oregon,Portland,Ducks,Pilots,4,3,96,69,27,1562,Oregon,97,97,13,Nate Bittle misses a 3-point jump shot from 22 feet out.,missed,FALSE,TRUE,Jump Shot,43.5,17.75,1326876,Nate Bittle,NA,0,Oregon,Portland,117,NA,Jacob Young,Eric Williams Jr.,Nate Bittle,Will Richardson,De'Vion Harmon,Matheus Silveira,Kristian Sjolund,Yaru Harvey,Matija Svetozarevic,Chris Austin
2021-22,2021-12-15,2397586,244,0,2,Oregon,Portland,Ducks,Pilots,4,3,96,69,27,1572,Portland,64,64,33,Chika Nduka misses a jump shot from 15 feet out.,missed,FALSE,FALSE,Jump Shot,12.2,13.85,1325419,Chika Nduka,NA,0,Portland,Oregon,118,NA,Jacob Young,Eric Williams Jr.,Nate Bittle,Will Richardson,De'Vion Harmon,Matheus Silveira,Kristian Sjolund,Yaru Harvey,Matija Svetozarevic,Chris Austin
2021-22,2021-12-15,2397586,245,0,2,Oregon,Portland,Ducks,Pilots,4,3,96,69,27,1562,Oregon,55,55,9,Rivaldo Soares misses a 3-point jump shot from 24 feet out.,missed,FALSE,TRUE,Jump Shot,40.9,23.650000000000006,1326874,Rivaldo Soares,NA,0,Oregon,Portland,119,NA,Jacob Young,Eric Williams Jr.,Nate Bittle,Will Richardson,De'Vion Harmon,Matheus Silveira,Kristian Sjolund,Yaru Harvey,Matija Svetozarevic,Chris Austin
2021-22,2021-12-15,2397586,246,0,2,Oregon,Portland,Ducks,Pilots,4,3,96,69,27,1572,Portland,40,40,15,Yaru Harvey misses a jump shot from 19 feet out.,missed,FALSE,FALSE,Jump Shot,18.1,22.55,1325440,Yaru Harvey,NA,0,Portland,Portland,120,NA,Jacob Young,Eric Williams Jr.,Nate Bittle,Will Richardson,De'Vion Harmon,Matheus Silveira,Kristian Sjolund,Yaru Harvey,Matija Svetozarevic,Chris Austin
2021-22,2021-12-15,2397586,247,0,2,Oregon,Portland,Ducks,Pilots,4,3,96,69,27,1572,Portland,29,29,11,Chika Nduka misses a jump shot from 17 feet out.,missed,FALSE,FALSE,Jump Shot,18.6,20.95,1325419,Chika Nduka,NA,0,Portland,Portland,120,NA,Jacob Young,Eric Williams Jr.,Nate Bittle,Will Richardson,De'Vion Harmon,Matheus Silveira,Kristian Sjolund,Yaru Harvey,Matija Svetozarevic,Chris Austin
2021-22,2021-12-15,2397586,248,0,2,Oregon,Portland,Ducks,Pilots,4,3,96,69,27,1562,Oregon,26,26,3,Personal foul committed by Isaac Johnson.,NA,FALSE,FALSE,NA,NA,NA,NA,NA,NA,0,Portland,Portland,120,NA,Jacob Young,Eric Williams Jr.,Nate Bittle,Will Richardson,De'Vion Harmon,Matheus Silveira,Kristian Sjolund,Yaru Harvey,Matija Svetozarevic,Chris Austin
2021-22,2021-12-15,2397586,249,0,2,Oregon,Portland,Ducks,Pilots,4,3,96,70,26,1572,Portland,26,26,0,Matheus Silveira makes free throw 1 of 2.,made,TRUE,FALSE,NA,NA,NA,NA,NA,NA,0,Portland,Portland,120,NA,Jacob Young,Eric Williams Jr.,Nate Bittle,Will Richardson,De'Vion Harmon,Matheus Silveira,Kristian Sjolund,Yaru Harvey,Matija Svetozarevic,Chris Austin
2021-22,2021-12-15,2397586,250,0,2,Oregon,Portland,Ducks,Pilots,4,3,96,71,25,1572,Portland,26,26,0,Matheus Silveira makes free throw 2 of 2.,made,TRUE,FALSE,NA,NA,NA,NA,NA,NA,0,Portland,Oregon,120,NA,Jacob Young,Eric Williams Jr.,Nate Bittle,Will Richardson,De'Vion Harmon,Matheus Silveira,Kristian Sjolund,Yaru Harvey,Matija Svetozarevic,Chris Austin
2021-22,2021-12-15,2397586,251,0,2,Oregon,Portland,Ducks,Pilots,4,3,96,71,25,NA,NA,0,0,26,End of the 2nd Half,NA,FALSE,FALSE,NA,NA,NA,NA,NA,NA,0,NA,NA,NA,NA,Jacob Young,Eric Williams Jr.,Nate Bittle,Will Richardson,De'Vion Harmon,Matheus Silveira,Kristian Sjolund,Yaru Harvey,Matija Svetozarevic,Chris Austin
2021-22,2021-12-15,2397586,252,0,2,Oregon,Portland,Ducks,Pilots,4,3,96,71,25,NA,NA,0,0,0,End of the Game,NA,FALSE,FALSE,NA,NA,NA,NA,NA,NA,0,Oregon,Oregon,NA,NA,Jacob Young,Eric Williams Jr.,Nate Bittle,Will Richardson,De'Vion Harmon,Matheus Silveira,Kristian Sjolund,Yaru Harvey,Matija Svetozarevic,Chris Austin
