season,date,game_id,play_id,neutral,half,home,away,home_name,away_name,home_timeouts,away_timeouts,home_score,away_score,score_diff,team_id,event_team,game_secs_remaining,half_secs_remaining,play_length,desc,shot_outcome,free_throw,three_pt,shot_desc,loc_x,loc_y,shooter_id,shooter,assist,substitution,poss_before,poss_after,poss_number,sub_error,home_1,home_2,home_3,home_4,home_5,away_1,away_2,away_3,away_4,away_5
2021-22,2022-03-10,2439115,1,1,1,UAB,Florida Atlantic,Blazers,Owls,4,4,0,0,0,1415,Florida Atlantic,NA,NA,NA,Starting Lineup - Everett Winchester,NA,FALSE,FALSE,NA,NA,NA,NA,NA,NA,1,NA,NA,NA,NA,Jordan Walker,Trey Jemison,Quan Jackson,Michael Ertel,KJ Buffen,Everett Winchester,Michael Forrest,Bryan Greenlee,Vladislav Goldin,Alijah Martin
2021-22,2022-03-10,2439115,1,1,1,UAB,Florida Atlantic,Blazers,Owls,4,4,0,0,0,1415,Florida Atlantic,NA,NA,NA,Starting Lineup - Michael Forrest,NA,FALSE,FALSE,NA,NA,NA,NA,NA,NA,1,NA,NA,NA,NA,Jordan Walker,Trey Jemison,Quan Jackson,Michael Ertel,KJ Buffen,Everett Winchester,Michael Forrest,Bryan Greenlee,Vladislav Goldin,Alijah Martin
2021-22,2022-03-10,2439115,1,1,1,UAB,Florida Atlantic,Blazers,Owls,4,4,0,0,0,1415,Florida Atlantic,NA,NA,NA,Starting Lineup - Bryan Greenlee,NA,FALSE,FALSE,NA,NA,NA,NA,NA,NA,1,NA,NA,NA,NA,Jordan Walker,Trey Jemison,Quan Jackson,Michael Ertel,KJ Buffen,Everett Winchester,Michael Forrest,Bryan Greenlee,Vladislav Goldin,Alijah Martin
2021-22,2022-03-10,2439115,1,1,1,UAB,Florida Atlantic,Blazers,Owls,4,4,0,0,0,1303,UAB,NA,NA,NA,Starting Lineup - Jordan Walker,NA,FALSE,FALSE,NA,NA,NA,NA,NA,NA,1,NA,NA,NA,NA,Jordan Walker,Trey Jemison,Quan Jackson,Michael Ertel,KJ Buffen,Everett Winchester,Michael Forrest,Bryan Greenlee,Vladislav Goldin,Alijah Martin
2021-22,2022-03-10,2439115,1,1,1,UAB,Florida Atlantic,Blazers,Owls,4,4,0,0,0,1303,UAB,NA,NA,NA,Starting Lineup - Trey Jemison,NA,FALSE,FALSE,NA,NA,NA,NA,NA,NA,1,NA,NA,NA,NA,Jordan Walker,Trey Jemison,Quan Jackson,Michael Ertel,KJ Buffen,Everett Winchester,Michael Forrest,Bryan Greenlee,Vladislav Goldin,Alijah Martin
2021-22,2022-03-10,2439115,1,1,1,UAB,Florida Atlantic,Blazers,Owls,4,4,0,0,0,1415,Florida Atlantic,NA,NA,NA,Starting Lineup - Vladislav Goldin,NA,FALSE,FALSE,NA,NA,NA,NA,NA,NA,1,NA,NA,NA,NA,Jordan Walker,Trey Jemison,Quan Jackson,Michael Ertel,KJ Buffen,Everett Winchester,Michael Forrest,Bryan Greenlee,Vladislav Goldin,Alijah Martin
2021-22,2022-03-10,2439115,1,1,1,UAB,Florida Atlantic,Blazers,Owls,4,4,0,0,0,1303,UAB,NA,NA,NA,Starting Lineup - Quan Jackson,NA,FALSE,FALSE,NA,NA,NA,NA,NA,NA,1,NA,NA,NA,NA,Jordan Walker,Trey Jemison,Quan Jackson,Michael Ertel,KJ Buffen,Everett Winchester,Michael Forrest,Bryan Greenlee,Vladislav Goldin,Alijah Martin
2021-22,2022-03-10,2439115,1,1,1,UAB,Florida Atlantic,Blazers,Owls,4,4,0,0,0,1303,UAB,NA,NA,NA,Starting Lineup - Michael Ertel,NA,FALSE,FALSE,NA,NA,NA,NA,NA,NA,1,NA,NA,NA,NA,Jordan Walker,Trey Jemison,Quan Jackson,Michael Ertel,KJ Buffen,Everett Winchester,Michael Forrest,Bryan Greenlee,Vladislav Goldin,Alijah Martin
2021-22,2022-03-10,2439115,1,1,1,UAB,Florida Atlantic,Blazers,Owls,4,4,0,0,0,1303,UAB,NA,NA,NA,Starting Lineup - KJ Buffen,NA,FALSE,FALSE,NA,NA,NA,NA,NA,NA,1,NA,NA,NA,NA,Jordan Walker,Trey Jemison,Quan Jackson,Michael Ertel,KJ Buffen,Everett Winchester,Michael Forrest,Bryan Greenlee,Vladislav Goldin,Alijah Martin
2021-22,2022-03-10,2439115,1,1,1,UAB,Florida Atlantic,Blazers,Owls,4,4,0,0,0,1415,Florida Atlantic,NA,NA,NA,Starting Lineup - Alijah Martin,NA,FALSE,FALSE,NA,NA,NA,NA,NA,NA,1,NA,NA,NA,NA,Jordan Walker,Trey Jemison,Quan Jackson,Michael Ertel,KJ Buffen,Everett Winchester,Michael Forrest,Bryan Greenlee,Vladislav Goldin,Alijah Martin
2021-22,2022-03-10,2439115,2,1,1,UAB,Florida Atlantic,Blazers,Owls,4,4,0,0,0,NA,NA,2400,1200,NA,Start of the 1st Half,NA,FALSE,FALSE,NA,NA,NA,NA,NA,NA,0,NA,Florida Atlantic,1,NA,Jordan Walker,Trey Jemison,Quan Jackson,Michael Ertel,KJ Buffen,Everett Winchester,Michael Forrest,Bryan Greenlee,Vladislav Goldin,Alijah Martin
2021-22,2022-03-10,2439115,3,1,1,UAB,Florida Atlantic,Blazers,Owls,4,4,0,0,0,1303,UAB,2371,1171,29,Shooting foul committed by Jordan Walker.,NA,FALSE,FALSE,NA,NA,NA,NA,NA,NA,0,Florida Atlantic,Florida Atlantic,1,NA,Jordan Walker,Trey Jemison,Quan Jackson,Michael Ertel,KJ Buffen,Everett Winchester,Michael Forrest,Bryan Greenlee,Vladislav Goldin,Alijah Martin
2021-22,2022-03-10,2439115,4,1,1,UAB,Florida Atlantic,Blazers,Owls,4,4,0,1,-1,1415,Florida Atlantic,2371,1171,0,Michael Forrest makes free throw 1 of 3.,made,TRUE,FALSE,NA,NA,NA,NA,NA,NA,0,Florida Atlantic,Florida Atlantic,1,NA,Jordan Walker,Trey Jemison,Quan Jackson,Michael Ertel,KJ Buffen,Everett Winchester,Michael Forrest,Bryan Greenlee,Vladislav Goldin,Alijah Martin
2021-22,2022-03-10,2439115,5,1,1,UAB,Florida Atlantic,Blazers,Owls,4,4,0,2,-2,1415,Florida Atlantic,2371,1171,0,Michael Forrest makes free throw 2 of 3.,made,TRUE,FALSE,NA,NA,NA,NA,NA,NA,0,Florida Atlantic,Florida Atlantic,1,NA,Jordan Walker,Trey Jemison,Quan Jackson,Michael Ertel,KJ Buffen,Everett Winchester,Michael Forrest,Bryan Greenlee,Vladislav Goldin,Alijah Martin
2021-22,2022-03-10,2439115,6,1,1,UAB,Florida Atlantic,Blazers,Owls,4,4,0,3,-3,1415,Florida Atlantic,2371,1171,0,Michael Forrest makes free throw 3 of 3.,made,TRUE,FALSE,NA,NA,NA,NA,NA,NA,0,Florida Atlantic,UAB,1,NA,Jordan Walker,Trey Jemison,Quan Jackson,Michael Ertel,KJ Buffen,Everett Winchester,Michael Forrest,Bryan Greenlee,Vladislav Goldin,Alijah Martin
2021-22,2022-03-10,2439115,7,1,1,UAB,Florida Atlantic,Blazers,Owls,4,4,0,3,-3,1303,UAB,2353,1153,18,Trey Jemison with a turnover - Traveling,NA,FALSE,FALSE,NA,NA,NA,NA,NA,NA,0,UAB,Florida Atlantic,2,NA,Jordan Walker,Trey Jemison,Quan Jackson,Michael Ertel,KJ Buffen,Everett Winchester,Michael Forrest,Bryan Greenlee,Vladislav Goldin,Alijah Martin
2021-22,2022-03-10,2439115,8,1,1,UAB,Florida Atlantic,Blazers,Owls,4,4,0,3,-3,1415,Florida Atlantic,2336,1136,17,Michael Forrest misses a 3-point jump shot from 24 feet out.,missed,FALSE,TRUE,Jump Shot,39.9,23.65,1134291,Michael Forrest,NA,0,Florida Atlantic,Florida Atlantic,3,NA,Jordan Walker,Trey Jemison,Quan Jackson,Michael Ertel,KJ Buffen,Everett Winchester,Michael Forrest,Bryan Greenlee,Vladislav Goldin,Alijah Martin
2021-22,2022-03-10,2439115,9,1,1,UAB,Florida Atlantic,Blazers,Owls,4,4,0,3,-3,1303,UAB,2336,1136,0,KJ Buffen with a defensive rebound.,NA,FALSE,FALSE,NA,NA,NA,NA,NA,NA,0,Florida Atlantic,UAB,3,NA,Jordan Walker,Trey Jemison,Quan Jackson,Michael Ertel,KJ Buffen,Everett Winchester,Michael Forrest,Bryan Greenlee,Vladislav Goldin,Alijah Martin
2021-22,2022-03-10,2439115,10,1,1,UAB,Florida Atlantic,Blazers,Owls,4,4,3,3,0,1303,UAB,2325,1125,11,Jordan Walker makes a 3-point jump shot from 24 feet out.,made,FALSE,TRUE,Jump Shot,22.9,29.450000000000003,1175173,Jordan Walker,NA,0,UAB,Florida Atlantic,4,NA,Jordan Walker,Trey Jemison,Quan Jackson,Michael Ertel,KJ Buffen,Everett Winchester,Michael Forrest,Bryan Greenlee,Vladislav Goldin,Alijah Martin
2021-22,2022-03-10,2439115,11,1,1,UAB,Florida Atlantic,Blazers,Owls,4,4,3,3,0,1415,Florida Atlantic,2290,1090,35,Owls with a turnover: Shot Clock Turnover,NA,FALSE,FALSE,NA,NA,NA,NA,NA,NA,0,Florida Atlantic,UAB,5,NA,Jordan Walker,Trey Jemison,Quan Jackson,Michael Ertel,KJ Buffen,Everett Winchester,Michael Forrest,Bryan Greenlee,Vladislav Goldin,Alijah Martin
2021-22,2022-03-10,2439115,12,1,1,UAB,Florida Atlantic,Blazers,Owls,4,4,3,3,0,1303,UAB,2276,1076,14,Jordan Walker misses a 3-point jump shot from 24 feet out.,missed,FALSE,TRUE,Jump Shot,10.799999999999997,24.25,1175173,Jordan Walker,NA,0,UAB,Florida Atlantic,6,NA,Jordan Walker,Trey Jemison,Quan Jackson,Michael Ertel,KJ Buffen,Everett Winchester,Michael Forrest,Bryan Greenlee,Vladislav Goldin,Alijah Martin
2021-22,2022-03-10,2439115,14,1,1,UAB,Florida Atlantic,Blazers,Owls,4,4,3,3,0,1415,Florida Atlantic,2265,1065,11,Alijah Martin misses a jump shot from 7 feet out.,missed,FALSE,FALSE,Jump Shot,20.7,10.25,1232344,Alijah Martin,NA,0,Florida Atlantic,Florida Atlantic,7,NA,Jordan Walker,Trey Jemison,Quan Jackson,Michael Ertel,KJ Buffen,Everett Winchester,Michael Forrest,Bryan Greenlee,Vladislav Goldin,Alijah Martin
2021-22,2022-03-10,2439115,15,1,1,UAB,Florida Atlantic,Blazers,Owls,4,4,3,3,0,1303,UAB,2265,1065,0,Michael Ertel with a defensive rebound.,NA,FALSE,FALSE,NA,NA,NA,NA,NA,NA,0,Florida Atlantic,UAB,7,NA,Jordan Walker,Trey Jemison,Quan Jackson,Michael Ertel,KJ Buffen,Everett Winchester,Michael Forrest,Bryan Greenlee,Vladislav Goldin,Alijah Martin
2021-22,2022-03-10,2439115,16,1,1,UAB,Florida Atlantic,Blazers,Owls,4,4,6,3,3,1303,UAB,2256,1056,9,Jordan Walker makes a 3-point jump shot from 26 feet out. Michael Ertel with the assist.,made,FALSE,TRUE,Jump Shot,6.200000000000003,22.549999999999997,1175173,Jordan Walker,Michael Ertel,0,UAB,Florida Atlantic,8,NA,Jordan Walker,Trey Jemison,Quan Jackson,Michael Ertel,KJ Buffen,Everett Winchester,Michael Forrest,Bryan Greenlee,Vladislav Goldin,Alijah Martin
2021-22,2022-03-10,2439115,17,1,1,UAB,Florida Atlantic,Blazers,Owls,4,4,6,3,3,1303,UAB,2244,1044,12,Personal foul committed by KJ Buffen.,NA,FALSE,FALSE,NA,NA,NA,NA,NA,NA,0,Florida Atlantic,Florida Atlantic,9,NA,Jordan Walker,Trey Jemison,Quan Jackson,Michael Ertel,KJ Buffen,Everett Winchester,Michael Forrest,Bryan Greenlee,Vladislav Goldin,Alijah Martin
2021-22,2022-03-10,2439115,18,1,1,UAB,Florida Atlantic,Blazers,Owls,4,4,6,3,3,1415,Florida Atlantic,2225,1025,19,Alijah Martin misses a 3-point jump shot from 25 feet out.,missed,FALSE,TRUE,Jump Shot,20.5,29.85,1232344,Alijah Martin,NA,0,Florida Atlantic,UAB,9,NA,Jordan Walker,Trey Jemison,Quan Jackson,Michael Ertel,KJ Buffen,Everett Winchester,Michael Forrest,Bryan Greenlee,Vladislav Goldin,Alijah Martin
2021-22,2022-03-10,2439115,20,1,1,UAB,Florida Atlantic,Blazers,Owls,4,4,9,3,6,1303,UAB,2210,1010,15,Jordan Walker makes a 3-point jump shot from 23 feet out.,made,FALSE,TRUE,Jump Shot,9.899999999999999,22.849999999999994,1175173,Jordan Walker,NA,0,UAB,Florida Atlantic,10,NA,Jordan Walker,Trey Jemison,Quan Jackson,Michael Ertel,KJ Buffen,Everett Winchester,Michael Forrest,Bryan Greenlee,Vladislav Goldin,Alijah Martin
2021-22,2022-03-10,2439115,21,1,1,UAB,Florida Atlantic,Blazers,Owls,4,4,9,3,6,1303,UAB,2191,991,19,Personal foul committed by KJ Buffen.,NA,FALSE,FALSE,NA,NA,NA,NA,NA,NA,0,Florida Atlantic,Florida Atlantic,11,NA,Jordan Walker,Trey Jemison,Quan Jackson,Michael Ertel,KJ Buffen,Everett Winchester,Michael Forrest,Bryan Greenlee,Vladislav Goldin,Alijah Martin
2021-22,2022-03-10,2439115,22,1,1,UAB,Florida Atlantic,Blazers,Owls,4,4,9,3,6,1303,UAB,2191,991,0,Substitution: Tavin Lovan in for KJ Buffen.,NA,FALSE,FALSE,NA,NA,NA,NA,NA,NA,1,NA,NA,NA,NA,Jordan Walker,Trey Jemison,Quan Jackson,Michael Ertel,Tavin Lovan,Everett Winchester,Michael Forrest,Bryan Greenlee,Vladislav Goldin,Alijah Martin
2021-22,2022-03-10,2439115,23,1,1,UAB,Florida Atlantic,Blazers,Owls,4,4,9,5,4,1415,Florida Atlantic,2190,990,1,Alijah Martin makes a jump shot from 13 feet out.,made,FALSE,FALSE,Jump Shot,37.5,7.35,1232344,Alijah Martin,NA,0,Florida Atlantic,UAB,11,NA,Jordan Walker,Trey Jemison,Quan Jackson,Michael Ertel,Tavin Lovan,Everett Winchester,Michael Forrest,Bryan Greenlee,Vladislav Goldin,Alijah Martin
2021-22,2022-03-10,2439115,24,1,1,UAB,Florida Atlantic,Blazers,Owls,4,4,9,5,4,1303,UAB,2169,969,21,Tavin Lovan misses a jump shot from 8 feet out.,missed,FALSE,FALSE,Jump Shot,21,11.650000000000006,1134575,Tavin Lovan,NA,0,UAB,UAB,12,NA,Jordan Walker,Trey Jemison,Quan Jackson,Michael Ertel,Tavin Lovan,Everett Winchester,Michael Forrest,Bryan Greenlee,Vladislav Goldin,Alijah Martin
2021-22,2022-03-10,2439115,25,1,1,UAB,Florida Atlantic,Blazers,Owls,4,4,9,5,4,1415,Florida Atlantic,2169,969,0,Vladislav Goldin with a defensive rebound.,NA,FALSE,FALSE,NA,NA,NA,NA,NA,NA,0,UAB,Florida Atlantic,12,NA,Jordan Walker,Trey Jemison,Quan Jackson,Michael Ertel,Tavin Lovan,Everett Winchester,Michael Forrest,Bryan Greenlee,Vladislav Goldin,Alijah Martin
2021-22,2022-03-10,2439115,26,1,1,UAB,Florida Atlantic,Blazers,Owls,4,4,9,8,1,1415,Florida Atlantic,2158,958,11,Alijah Martin makes a 3-point jump shot from 23 feet out. Bryan Greenlee with the assist.,made,FALSE,TRUE,Jump Shot,2,4.35,1232344,Alijah Martin,Bryan Greenlee,0,Florida Atlantic,UAB,13,NA,Jordan Walker,Trey Jemison,Quan Jackson,Michael Ertel,Tavin Lovan,Everett Winchester,Michael Forrest,Bryan Greenlee,Vladislav Goldin,Alijah Martin
2021-22,2022-03-10,2439115,27,1,1,UAB,Florida Atlantic,Blazers,Owls,4,4,9,8,1,1303,UAB,2136,936,22,Jordan Walker misses a jump shot from 6 feet out.,missed,FALSE,FALSE,Jump Shot,26,11.25,1175173,Jordan Walker,NA,0,UAB,UAB,14,NA,Jordan Walker,Trey Jemison,Quan Jackson,Michael Ertel,Tavin Lovan,Everett Winchester,Michael Forrest,Bryan Greenlee,Vladislav Goldin,Alijah Martin
2021-22,2022-03-10,2439115,28,1,1,UAB,Florida Atlantic,Blazers,Owls,4,4,9,8,1,1303,UAB,2136,936,0,Jordan Walker with an offensive rebound.,NA,FALSE,FALSE,NA,NA,NA,NA,NA,NA,0,UAB,UAB,14,NA,Jordan Walker,Trey Jemison,Quan Jackson,Michael Ertel,Tavin Lovan,Everett Winchester,Michael Forrest,Bryan Greenlee,Vladislav Goldin,Alijah Martin
2021-22,2022-03-10,2439115,29,1,1,UAB,Florida Atlantic,Blazers,Owls,4,4,12,8,4,1303,UAB,2127,927,9,Michael Ertel makes a 3-point jump shot from 24 feet out. Quan Jackson with the assist.,made,FALSE,TRUE,Jump Shot,34.6,27.450000000000003,1089760,Michael Ertel,Quan Jackson,0,UAB,Florida Atlantic,14,NA,Jordan Walker,Trey Jemison,Quan Jackson,Michael Ertel,Tavin Lovan,Everett Winchester,Michael Forrest,Bryan Greenlee,Vladislav Goldin,Alijah Martin
2021-22,2022-03-10,2439115,30,1,1,UAB,Florida Atlantic,Blazers,Owls,4,4,12,8,4,1415,Florida Atlantic,2118,918,9,Bryan Greenlee misses a layup.,missed,FALSE,FALSE,Layup Shot,26,6.25,1175998,Bryan Greenlee,NA,0,Florida Atlantic,Florida Atlantic,15,NA,Jordan Walker,Trey Jemison,Quan Jackson,Michael Ertel,Tavin Lovan,Everett Winchester,Michael Forrest,Bryan Greenlee,Vladislav Goldin,Alijah Martin
2021-22,2022-03-10,2439115,31,1,1,UAB,Florida Atlantic,Blazers,Owls,4,4,12,8,4,1303,UAB,2118,918,0,Jordan Walker with a defensive rebound.,NA,FALSE,FALSE,NA,NA,NA,NA,NA,NA,0,Florida Atlantic,UAB,15,NA,Jordan Walker,Trey Jemison,Quan Jackson,Michael Ertel,Tavin Lovan,Everett Winchester,Michael Forrest,Bryan Greenlee,Vladislav Goldin,Alijah Martin
2021-22,2022-03-10,2439115,32,1,1,UAB,Florida Atlantic,Blazers,Owls,4,4,12,8,4,1303,UAB,2110,910,8,Quan Jackson misses a jump shot from 9 feet out.,missed,FALSE,FALSE,Jump Shot,33.8,8.75,957568,Quan Jackson,NA,0,UAB,UAB,16,NA,Jordan Walker,Trey Jemison,Quan Jackson,Michael Ertel,Tavin Lovan,Everett Winchester,Michael Forrest,Bryan Greenlee,Vladislav Goldin,Alijah Martin
2021-22,2022-03-10,2439115,33,1,1,UAB,Florida Atlantic,Blazers,Owls,4,4,12,8,4,1303,UAB,2110,910,0,Quan Jackson with an offensive rebound.,NA,FALSE,FALSE,NA,NA,NA,NA,NA,NA,0,UAB,UAB,16,NA,Jordan Walker,Trey Jemison,Quan Jackson,Michael Ertel,Tavin Lovan,Everett Winchester,Michael Forrest,Bryan Greenlee,Vladislav Goldin,Alijah Martin
2021-22,2022-03-10,2439115,34,1,1,UAB,Florida Atlantic,Blazers,Owls,4,4,12,8,4,1415,Florida Atlantic,2105,905,5,Personal foul committed by Michael Forrest.,NA,FALSE,FALSE,NA,NA,NA,NA,NA,NA,0,UAB,UAB,16,NA,Jordan Walker,Trey Jemison,Quan Jackson,Michael Ertel,Tavin Lovan,Everett Winchester,Michael Forrest,Bryan Greenlee,Vladislav Goldin,Alijah Martin
2021-22,2022-03-10,2439115,35,1,1,UAB,Florida Atlantic,Blazers,Owls,4,4,12,8,4,NA,NA,2105,905,0,Official TV timeout.,NA,FALSE,FALSE,NA,NA,NA,NA,NA,NA,0,NA,NA,NA,NA,Jordan Walker,Trey Jemison,Quan Jackson,Michael Ertel,Tavin Lovan,Everett Winchester,Michael Forrest,Bryan Greenlee,Vladislav Goldin,Alijah Martin
2021-22,2022-03-10,2439115,36,1,1,UAB,Florida Atlantic,Blazers,Owls,4,4,12,8,4,1303,UAB,2105,905,0,Substitution: Rongie Gordon in for Trey Jemison.,NA,FALSE,FALSE,NA,NA,NA,NA,NA,NA,1,NA,NA,NA,NA,Jordan Walker,Rongie Gordon,Quan Jackson,Michael Ertel,Tavin Lovan,Everett Winchester,Michael Forrest,Bryan Greenlee,Vladislav Goldin,Alijah Martin
2021-22,2022-03-10,2439115,37,1,1,UAB,Florida Atlantic,Blazers,Owls,4,4,12,8,4,1415,Florida Atlantic,2105,905,0,Substitution: Giancarlo Rosado in for Michael Forrest.,NA,FALSE,FALSE,NA,NA,NA,NA,NA,NA,1,NA,NA,NA,NA,Jordan Walker,Rongie Gordon,Quan Jackson,Michael Ertel,Tavin Lovan,Everett Winchester,Giancarlo Rosado,Bryan Greenlee,Vladislav Goldin,Alijah Martin
2021-22,2022-03-10,2439115,38,1,1,UAB,Florida Atlantic,Blazers,Owls,4,4,12,8,4,1415,Florida Atlantic,2105,905,0,Substitution: Johnell Davis in for Vladislav Goldin.,NA,FALSE,FALSE,NA,NA,NA,NA,NA,NA,1,NA,NA,NA,NA,Jordan Walker,Rongie Gordon,Quan Jackson,Michael Ertel,Tavin Lovan,Everett Winchester,Giancarlo Rosado,Bryan Greenlee,Johnell Davis,Alijah Martin
2021-22,2022-03-10,2439115,39,1,1,UAB,Florida Atlantic,Blazers,Owls,4,4,15,8,7,1303,UAB,2091,891,14,Quan Jackson makes a 3-point jump shot from 23 feet out.,made,FALSE,TRUE,Jump Shot,2.1000000000000014,9.549999999999997,957568,Quan Jackson,NA,0,UAB,Florida Atlantic,16,NA,Jordan Walker,Rongie Gordon,Quan Jackson,Michael Ertel,Tavin Lovan,Everett Winchester,Giancarlo Rosado,Bryan Greenlee,Johnell Davis,Alijah Martin
2021-22,2022-03-10,2439115,40,1,1,UAB,Florida Atlantic,Blazers,Owls,4,4,15,8,7,1415,Florida Atlantic,2062,862,29,Alijah Martin misses a 3-point jump shot from 24 feet out.,missed,FALSE,TRUE,Jump Shot,48.6,5.85,1232344,Alijah Martin,NA,0,Florida Atlantic,Florida Atlantic,17,NA,Jordan Walker,Rongie Gordon,Quan Jackson,Michael Ertel,Tavin Lovan,Everett Winchester,Giancarlo Rosado,Bryan Greenlee,Johnell Davis,Alijah Martin
2021-22,2022-03-10,2439115,41,1,1,UAB,Florida Atlantic,Blazers,Owls,4,4,15,8,7,1303,UAB,2062,862,0,Tavin Lovan with a defensive rebound.,NA,FALSE,FALSE,NA,NA,NA,NA,NA,NA,0,Florida Atlantic,UAB,17,NA,Jordan Walker,Rongie Gordon,Quan Jackson,Michael Ertel,Tavin Lovan,Everett Winchester,Giancarlo Rosado,Bryan Greenlee,Johnell Davis,Alijah Martin
2021-22,2022-03-10,2439115,42,1,1,UAB,Florida Atlantic,Blazers,Owls,4,4,17,8,9,1303,UAB,2048,848,14,Tavin Lovan makes a layup.,made,FALSE,FALSE,Layup Shot,26,6.25,1134575,Tavin Lovan,NA,0,UAB,Florida Atlantic,18,NA,Jordan Walker,Rongie Gordon,Quan Jackson,Michael Ertel,Tavin Lovan,Everett Winchester,Giancarlo Rosado,Bryan Greenlee,Johnell Davis,Alijah Martin
2021-22,2022-03-10,2439115,43,1,1,UAB,Florida Atlantic,Blazers,Owls,4,4,17,8,9,1415,Florida Atlantic,2032,832,16,Alijah Martin misses a 3-point jump shot from 23 feet out.,missed,FALSE,TRUE,Jump Shot,40.6,22.35,1232344,Alijah Martin,NA,0,Florida Atlantic,Florida Atlantic,19,NA,Jordan Walker,Rongie Gordon,Quan Jackson,Michael Ertel,Tavin Lovan,Everett Winchester,Giancarlo Rosado,Bryan Greenlee,Johnell Davis,Alijah Martin
2021-22,2022-03-10,2439115,44,1,1,UAB,Florida Atlantic,Blazers,Owls,4,4,17,8,9,1303,UAB,2032,832,0,Quan Jackson with a defensive rebound.,NA,FALSE,FALSE,NA,NA,NA,NA,NA,NA,0,Florida Atlantic,UAB,19,NA,Jordan Walker,Rongie Gordon,Quan Jackson,Michael Ertel,Tavin Lovan,Everett Winchester,Giancarlo Rosado,Bryan Greenlee,Johnell Davis,Alijah Martin
2021-22,2022-03-10,2439115,45,1,1,UAB,Florida Atlantic,Blazers,Owls,4,4,17,8,9,1415,Florida Atlantic,2022,822,10,Shooting foul committed by Bryan Greenlee.,NA,FALSE,FALSE,NA,NA,NA,NA,NA,NA,0,UAB,UAB,20,NA,Jordan Walker,Rongie Gordon,Quan Jackson,Michael Ertel,Tavin Lovan,Everett Winchester,Giancarlo Rosado,Bryan Greenlee,Johnell Davis,Alijah Martin
2021-22,2022-03-10,2439115,46,1,1,UAB,Florida Atlantic,Blazers,Owls,4,4,18,8,10,1303,UAB,2022,822,0,Jordan Walker makes free throw 1 of 3.,made,TRUE,FALSE,NA,NA,NA,NA,NA,NA,0,UAB,UAB,20,NA,Jordan Walker,Rongie Gordon,Quan Jackson,Michael Ertel,Tavin Lovan,Everett Winchester,Giancarlo Rosado,Bryan Greenlee,Johnell Davis,Alijah Martin
2021-22,2022-03-10,2439115,47,1,1,UAB,Florida Atlantic,Blazers,Owls,4,4,19,8,11,1303,UAB,2022,822,0,Jordan Walker makes free throw 2 of 3.,made,TRUE,FALSE,NA,NA,NA,NA,NA,NA,0,UAB,UAB,20,NA,Jordan Walker,Rongie Gordon,Quan Jackson,Michael Ertel,Tavin Lovan,Everett Winchester,Giancarlo Rosado,Bryan Greenlee,Johnell Davis,Alijah Martin
2021-22,2022-03-10,2439115,48,1,1,UAB,Florida Atlantic,Blazers,Owls,4,4,19,8,11,1303,UAB,2022,822,0,Substitution: Jamal Johnson in for Michael Ertel.,NA,FALSE,FALSE,NA,NA,NA,NA,NA,NA,1,NA,NA,NA,NA,Jordan Walker,Rongie Gordon,Quan Jackson,Jamal Johnson,Tavin Lovan,Everett Winchester,Giancarlo Rosado,Bryan Greenlee,Johnell Davis,Alijah Martin
2021-22,2022-03-10,2439115,49,1,1,UAB,Florida Atlantic,Blazers,Owls,4,4,19,8,11,1415,Florida Atlantic,2022,822,0,Substitution: Bitumba Baruti in for Bryan Greenlee.,NA,FALSE,FALSE,NA,NA,NA,NA,NA,NA,1,NA,NA,NA,NA,Jordan Walker,Rongie Gordon,Quan Jackson,Jamal Johnson,Tavin Lovan,Everett Winchester,Giancarlo Rosado,Bitumba Baruti,Johnell Davis,Alijah Martin
2021-22,2022-03-10,2439115,50,1,1,UAB,Florida Atlantic,Blazers,Owls,4,4,19,8,11,1303,UAB,2022,822,0,Jordan Walker misses free throw 3 of 3.,missed,TRUE,FALSE,NA,NA,NA,NA,NA,NA,0,UAB,UAB,20,NA,Jordan Walker,Rongie Gordon,Quan Jackson,Jamal Johnson,Tavin Lovan,Everett Winchester,Giancarlo Rosado,Bitumba Baruti,Johnell Davis,Alijah Martin
2021-22,2022-03-10,2439115,51,1,1,UAB,Florida Atlantic,Blazers,Owls,4,4,19,8,11,1415,Florida Atlantic,2022,822,0,Johnell Davis with a defensive rebound.,NA,FALSE,FALSE,NA,NA,NA,NA,NA,NA,0,UAB,Florida Atlantic,20,NA,Jordan Walker,Rongie Gordon,Quan Jackson,Jamal Johnson,Tavin Lovan,Everett Winchester,Giancarlo Rosado,Bitumba Baruti,Johnell Davis,Alijah Martin
2021-22,2022-03-10,2439115,52,1,1,UAB,Florida Atlantic,Blazers,Owls,4,4,19,11,8,1415,Florida Atlantic,1994,794,28,Johnell Davis makes a 3-point jump shot from 26 feet out.,made,FALSE,TRUE,Jump Shot,9.6,25.75,1232341,Johnell Davis,NA,0,Florida Atlantic,UAB,21,NA,Jordan Walker,Rongie Gordon,Quan Jackson,Jamal Johnson,Tavin Lovan,Everett Winchester,Giancarlo Rosado,Bitumba Baruti,Johnell Davis,Alijah Martin
2021-22,2022-03-10,2439115,53,1,1,UAB,Florida Atlantic,Blazers,Owls,4,4,19,11,8,1303,UAB,1972,772,22,Quan Jackson misses a jump shot from 10 feet out.,missed,FALSE,FALSE,Jump Shot,34.6,8.25,957568,Quan Jackson,NA,0,UAB,UAB,22,NA,Jordan Walker,Rongie Gordon,Quan Jackson,Jamal Johnson,Tavin Lovan,Everett Winchester,Giancarlo Rosado,Bitumba Baruti,Johnell Davis,Alijah Martin
2021-22,2022-03-10,2439115,54,1,1,UAB,Florida Atlantic,Blazers,Owls,4,4,19,11,8,1415,Florida Atlantic,1972,772,0,Alijah Martin with a defensive rebound.,NA,FALSE,FALSE,NA,NA,NA,NA,NA,NA,0,UAB,Florida Atlantic,22,NA,Jordan Walker,Rongie Gordon,Quan Jackson,Jamal Johnson,Tavin Lovan,Everett Winchester,Giancarlo Rosado,Bitumba Baruti,Johnell Davis,Alijah Martin
2021-22,2022-03-10,2439115,55,1,1,UAB,Florida Atlantic,Blazers,Owls,4,4,19,11,8,1415,Florida Atlantic,1960,760,12,Bitumba Baruti misses a 3-point jump shot from 24 feet out.,missed,FALSE,TRUE,Jump Shot,4.5,18.55,946816,Bitumba Baruti,NA,0,Florida Atlantic,Florida Atlantic,23,NA,Jordan Walker,Rongie Gordon,Quan Jackson,Jamal Johnson,Tavin Lovan,Everett Winchester,Giancarlo Rosado,Bitumba Baruti,Johnell Davis,Alijah Martin
2021-22,2022-03-10,2439115,56,1,1,UAB,Florida Atlantic,Blazers,Owls,4,4,19,11,8,1303,UAB,1960,760,0,Tavin Lovan with a defensive rebound.,NA,FALSE,FALSE,NA,NA,NA,NA,NA,NA,0,Florida Atlantic,UAB,23,NA,Jordan Walker,Rongie Gordon,Quan Jackson,Jamal Johnson,Tavin Lovan,Everett Winchester,Giancarlo Rosado,Bitumba Baruti,Johnell Davis,Alijah Martin
2021-22,2022-03-10,2439115,57,1,1,UAB,Florida Atlantic,Blazers,Owls,4,4,19,11,8,1303,UAB,1951,751,9,Jordan Walker misses a layup.,missed,FALSE,FALSE,Layup Shot,25,5.25,1175173,Jordan Walker,NA,0,UAB,UAB,24,NA,Jordan Walker,Rongie Gordon,Quan Jackson,Jamal Johnson,Tavin Lovan,Everett Winchester,Giancarlo Rosado,Bitumba Baruti,Johnell Davis,Alijah Martin
2021-22,2022-03-10,2439115,58,1,1,UAB,Florida Atlantic,Blazers,Owls,4,4,19,11,8,1415,Florida Atlantic,1951,751,0,Alijah Martin with a defensive rebound.,NA,FALSE,FALSE,NA,NA,NA,NA,NA,NA,0,UAB,Florida Atlantic,24,NA,Jordan Walker,Rongie Gordon,Quan Jackson,Jamal Johnson,Tavin Lovan,Everett Winchester,Giancarlo Rosado,Bitumba Baruti,Johnell Davis,Alijah Martin
2021-22,2022-03-10,2439115,59,1,1,UAB,Florida Atlantic,Blazers,Owls,4,4,19,11,8,1303,UAB,1934,734,17,Substitution: Justin Brown in for Quan Jackson.,NA,FALSE,FALSE,NA,NA,NA,NA,NA,NA,1,NA,NA,NA,NA,Jordan Walker,Rongie Gordon,Justin Brown,Jamal Johnson,Tavin Lovan,Everett Winchester,Giancarlo Rosado,Bitumba Baruti,Johnell Davis,Alijah Martin
2021-22,2022-03-10,2439115,60,1,1,UAB,Florida Atlantic,Blazers,Owls,4,4,19,11,8,1303,UAB,1934,734,0,Substitution: Trey Jemison in for Rongie Gordon.,NA,FALSE,FALSE,NA,NA,NA,NA,NA,NA,1,NA,NA,NA,NA,Jordan Walker,Trey Jemison,Justin Brown,Jamal Johnson,Tavin Lovan,Everett Winchester,Giancarlo Rosado,Bitumba Baruti,Johnell Davis,Alijah Martin
2021-22,2022-03-10,2439115,61,1,1,UAB,Florida Atlantic,Blazers,Owls,4,4,19,11,8,1415,Florida Atlantic,1934,734,0,Substitution: Brandon Weatherspoon in for Alijah Martin.,NA,FALSE,FALSE,NA,NA,NA,NA,NA,NA,1,NA,NA,NA,NA,Jordan Walker,Trey Jemison,Justin Brown,Jamal Johnson,Tavin Lovan,Everett Winchester,Giancarlo Rosado,Bitumba Baruti,Johnell Davis,Brandon Weatherspoon
2021-22,2022-03-10,2439115,62,1,1,UAB,Florida Atlantic,Blazers,Owls,4,4,19,11,8,1303,UAB,1934,734,0,Substitution: Tony Toney in for Jordan Walker.,NA,FALSE,FALSE,NA,NA,NA,NA,NA,NA,1,NA,NA,NA,NA,Tony Toney,Trey Jemison,Justin Brown,Jamal Johnson,Tavin Lovan,Everett Winchester,Giancarlo Rosado,Bitumba Baruti,Johnell Davis,Brandon Weatherspoon
2021-22,2022-03-10,2439115,63,1,1,UAB,Florida Atlantic,Blazers,Owls,4,4,19,11,8,1415,Florida Atlantic,1930,730,4,Brandon Weatherspoon misses a 3-point jump shot from 25 feet out.,missed,FALSE,TRUE,Jump Shot,14.7,27.65,1345023,Brandon Weatherspoon,NA,0,Florida Atlantic,Florida Atlantic,25,NA,Tony Toney,Trey Jemison,Justin Brown,Jamal Johnson,Tavin Lovan,Everett Winchester,Giancarlo Rosado,Bitumba Baruti,Johnell Davis,Brandon Weatherspoon
2021-22,2022-03-10,2439115,64,1,1,UAB,Florida Atlantic,Blazers,Owls,4,4,19,11,8,1303,UAB,1930,730,0,Tavin Lovan with a defensive rebound.,NA,FALSE,FALSE,NA,NA,NA,NA,NA,NA,0,Florida Atlantic,UAB,25,NA,Tony Toney,Trey Jemison,Justin Brown,Jamal Johnson,Tavin Lovan,Everett Winchester,Giancarlo Rosado,Bitumba Baruti,Johnell Davis,Brandon Weatherspoon
2021-22,2022-03-10,2439115,65,1,1,UAB,Florida Atlantic,Blazers,Owls,4,4,21,11,10,1303,UAB,1925,725,5,Tavin Lovan makes a layup.,made,FALSE,FALSE,Layup Shot,26,6.25,1134575,Tavin Lovan,NA,0,UAB,Florida Atlantic,26,NA,Tony Toney,Trey Jemison,Justin Brown,Jamal Johnson,Tavin Lovan,Everett Winchester,Giancarlo Rosado,Bitumba Baruti,Johnell Davis,Brandon Weatherspoon
2021-22,2022-03-10,2439115,66,1,1,UAB,Florida Atlantic,Blazers,Owls,4,4,21,11,10,1415,Florida Atlantic,1906,706,19,Michael Ertel steals the ball from Giancarlo Rosado.,NA,FALSE,FALSE,NA,NA,NA,NA,NA,NA,0,Florida Atlantic,UAB,27,NA,Tony Toney,Trey Jemison,Justin Brown,Jamal Johnson,Tavin Lovan,Everett Winchester,Giancarlo Rosado,Bitumba Baruti,Johnell Davis,Brandon Weatherspoon
2021-22,2022-03-10,2439115,67,1,1,UAB,Florida Atlantic,Blazers,Owls,4,4,23,11,12,1303,UAB,1897,697,9,Tavin Lovan makes a jump shot from 17 feet out.,made,FALSE,FALSE,Jump Shot,40.2,12.849999999999994,1134575,Tavin Lovan,NA,0,UAB,Florida Atlantic,28,NA,Tony Toney,Trey Jemison,Justin Brown,Jamal Johnson,Tavin Lovan,Everett Winchester,Giancarlo Rosado,Bitumba Baruti,Johnell Davis,Brandon Weatherspoon
2021-22,2022-03-10,2439115,68,1,1,UAB,Florida Atlantic,Blazers,Owls,4,3,23,11,12,1415,Florida Atlantic,1895,695,2,Owls take a 30-second timeout.,NA,FALSE,FALSE,NA,NA,NA,NA,NA,NA,0,NA,NA,NA,NA,Tony Toney,Trey Jemison,Justin Brown,Jamal Johnson,Tavin Lovan,Everett Winchester,Giancarlo Rosado,Bitumba Baruti,Johnell Davis,Brandon Weatherspoon
2021-22,2022-03-10,2439115,69,1,1,UAB,Florida Atlantic,Blazers,Owls,4,3,23,11,12,NA,NA,1895,695,0,Official TV timeout.,NA,FALSE,FALSE,NA,NA,NA,NA,NA,NA,0,NA,NA,NA,NA,Tony Toney,Trey Jemison,Justin Brown,Jamal Johnson,Tavin Lovan,Everett Winchester,Giancarlo Rosado,Bitumba Baruti,Johnell Davis,Brandon Weatherspoon
2021-22,2022-03-10,2439115,70,1,1,UAB,Florida Atlantic,Blazers,Owls,4,3,23,11,12,1415,Florida Atlantic,1895,695,0,Substitution: Bryan Greenlee in for Giancarlo Rosado.,NA,FALSE,FALSE,NA,NA,NA,NA,NA,NA,1,NA,NA,NA,NA,Tony Toney,Trey Jemison,Justin Brown,Jamal Johnson,Tavin Lovan,Everett Winchester,Bryan Greenlee,Bitumba Baruti,Johnell Davis,Brandon Weatherspoon
2021-22,2022-03-10,2439115,71,1,1,UAB,Florida Atlantic,Blazers,Owls,4,3,23,11,12,1415,Florida Atlantic,1895,695,0,Substitution: Vladislav Goldin in for Bitumba Baruti.,NA,FALSE,FALSE,NA,NA,NA,NA,NA,NA,1,NA,NA,NA,NA,Tony Toney,Trey Jemison,Justin Brown,Jamal Johnson,Tavin Lovan,Everett Winchester,Bryan Greenlee,Vladislav Goldin,Johnell Davis,Brandon Weatherspoon
2021-22,2022-03-10,2439115,72,1,1,UAB,Florida Atlantic,Blazers,Owls,4,3,23,11,12,1415,Florida Atlantic,1871,671,24,Bryan Greenlee with a turnover - Bad Pass,NA,FALSE,FALSE,NA,NA,NA,NA,NA,NA,0,Florida Atlantic,UAB,29,NA,Tony Toney,Trey Jemison,Justin Brown,Jamal Johnson,Tavin Lovan,Everett Winchester,Bryan Greenlee,Vladislav Goldin,Johnell Davis,Brandon Weatherspoon
2021-22,2022-03-10,2439115,73,1,1,UAB,Florida Atlantic,Blazers,Owls,4,3,25,11,14,1303,UAB,1871,671,0,Trey Jemison makes a layup.,made,FALSE,FALSE,Layup Shot,25,5.25,1132023,Trey Jemison,NA,0,UAB,Florida Atlantic,30,NA,Tony Toney,Trey Jemison,Justin Brown,Jamal Johnson,Tavin Lovan,Everett Winchester,Bryan Greenlee,Vladislav Goldin,Johnell Davis,Brandon Weatherspoon
2021-22,2022-03-10,2439115,74,1,1,UAB,Florida Atlantic,Blazers,Owls,4,3,25,11,14,1415,Florida Atlantic,1838,638,33,Everett Winchester misses a layup.,missed,FALSE,FALSE,Layup Shot,26,6.25,952515,Everett Winchester,NA,0,Florida Atlantic,Florida Atlantic,31,NA,Tony Toney,Trey Jemison,Justin Brown,Jamal Johnson,Tavin Lovan,Everett Winchester,Bryan Greenlee,Vladislav Goldin,Johnell Davis,Brandon Weatherspoon
2021-22,2022-03-10,2439115,75,1,1,UAB,Florida Atlantic,Blazers,Owls,4,3,25,11,14,1303,UAB,1838,638,0,Michael Ertel with a defensive rebound.,NA,FALSE,FALSE,NA,NA,NA,NA,NA,NA,0,Florida Atlantic,UAB,31,NA,Tony Toney,Trey Jemison,Justin Brown,Jamal Johnson,Tavin Lovan,Everett Winchester,Bryan Greenlee,Vladislav Goldin,Johnell Davis,Brandon Weatherspoon
2021-22,2022-03-10,2439115,76,1,1,UAB,Florida Atlantic,Blazers,Owls,4,3,25,11,14,1303,UAB,1834,634,4,Johnell Davis steals the ball from Michael Ertel.,NA,FALSE,FALSE,NA,NA,NA,NA,NA,NA,0,UAB,Florida Atlantic,32,NA,Tony Toney,Trey Jemison,Justin Brown,Jamal Johnson,Tavin Lovan,Everett Winchester,Bryan Greenlee,Vladislav Goldin,Johnell Davis,Brandon Weatherspoon
2021-22,2022-03-10,2439115,77,1,1,UAB,Florida Atlantic,Blazers,Owls,4,3,25,11,14,1415,Florida Atlantic,1816,616,18,Bryan Greenlee misses a 3-point jump shot from 24 feet out.,missed,FALSE,TRUE,Jump Shot,9.3,23.35,1175998,Bryan Greenlee,NA,0,Florida Atlantic,Florida Atlantic,33,NA,Tony Toney,Trey Jemison,Justin Brown,Jamal Johnson,Tavin Lovan,Everett Winchester,Bryan Greenlee,Vladislav Goldin,Johnell Davis,Brandon Weatherspoon
2021-22,2022-03-10,2439115,78,1,1,UAB,Florida Atlantic,Blazers,Owls,4,3,25,11,14,1303,UAB,1816,616,0,Justin Brown with a defensive rebound.,NA,FALSE,FALSE,NA,NA,NA,NA,NA,NA,0,Florida Atlantic,UAB,33,NA,Tony Toney,Trey Jemison,Justin Brown,Jamal Johnson,Tavin Lovan,Everett Winchester,Bryan Greenlee,Vladislav Goldin,Johnell Davis,Brandon Weatherspoon
2021-22,2022-03-10,2439115,79,1,1,UAB,Florida Atlantic,Blazers,Owls,4,3,25,11,14,1303,UAB,1792,592,24,Substitution: Jordan Walker in for Michael Ertel.,NA,FALSE,FALSE,NA,NA,NA,NA,NA,NA,1,NA,NA,NA,Player leaving not previously in game,Tony Toney,Trey Jemison,Justin Brown,Jamal Johnson,Tavin Lovan,Everett Winchester,Bryan Greenlee,Vladislav Goldin,Johnell Davis,Brandon Weatherspoon
2021-22,2022-03-10,2439115,80,1,1,UAB,Florida Atlantic,Blazers,Owls,4,3,25,11,14,1415,Florida Atlantic,1792,592,0,Substitution: Alijah Martin in for Everett Winchester.,NA,FALSE,FALSE,NA,NA,NA,NA,NA,NA,1,NA,NA,NA,NA,Tony Toney,Trey Jemison,Justin Brown,Jamal Johnson,Tavin Lovan,Alijah Martin,Bryan Greenlee,Vladislav Goldin,Johnell Davis,Brandon Weatherspoon
2021-22,2022-03-10,2439115,81,1,1,UAB,Florida Atlantic,Blazers,Owls,4,3,27,11,16,1303,UAB,1786,586,6,Jordan Walker makes a jump shot from 17 feet out.,made,FALSE,FALSE,Jump Shot,10.299999999999997,14.650000000000006,1175173,Jordan Walker,NA,0,UAB,Florida Atlantic,34,NA,Tony Toney,Trey Jemison,Justin Brown,Jamal Johnson,Tavin Lovan,Alijah Martin,Bryan Greenlee,Vladislav Goldin,Johnell Davis,Brandon Weatherspoon
2021-22,2022-03-10,2439115,82,1,1,UAB,Florida Atlantic,Blazers,Owls,4,3,27,13,14,1415,Florida Atlantic,1761,561,25,Vladislav Goldin makes a layup.,made,FALSE,FALSE,Layup Shot,25,5.25,1241594,Vladislav Goldin,NA,0,Florida Atlantic,Florida Atlantic,35,NA,Tony Toney,Trey Jemison,Justin Brown,Jamal Johnson,Tavin Lovan,Alijah Martin,Bryan Greenlee,Vladislav Goldin,Johnell Davis,Brandon Weatherspoon
2021-22,2022-03-10,2439115,83,1,1,UAB,Florida Atlantic,Blazers,Owls,4,3,27,13,14,1303,UAB,1761,561,0,Shooting foul committed by Trey Jemison.,NA,FALSE,FALSE,NA,NA,NA,NA,NA,NA,0,Florida Atlantic,Florida Atlantic,35,NA,Tony Toney,Trey Jemison,Justin Brown,Jamal Johnson,Tavin Lovan,Alijah Martin,Bryan Greenlee,Vladislav Goldin,Johnell Davis,Brandon Weatherspoon
2021-22,2022-03-10,2439115,84,1,1,UAB,Florida Atlantic,Blazers,Owls,4,3,27,13,14,1303,UAB,1761,561,0,Substitution: Quan Jackson in for Tavin Lovan.,NA,FALSE,FALSE,NA,NA,NA,NA,NA,NA,1,NA,NA,NA,NA,Tony Toney,Trey Jemison,Justin Brown,Jamal Johnson,Quan Jackson,Alijah Martin,Bryan Greenlee,Vladislav Goldin,Johnell Davis,Brandon Weatherspoon
2021-22,2022-03-10,2439115,85,1,1,UAB,Florida Atlantic,Blazers,Owls,4,3,27,14,13,1415,Florida Atlantic,1761,561,0,Vladislav Goldin makes free throw 1 of 1.,made,TRUE,FALSE,NA,NA,NA,NA,NA,NA,0,Florida Atlantic,UAB,35,NA,Tony Toney,Trey Jemison,Justin Brown,Jamal Johnson,Quan Jackson,Alijah Martin,Bryan Greenlee,Vladislav Goldin,Johnell Davis,Brandon Weatherspoon
2021-22,2022-03-10,2439115,86,1,1,UAB,Florida Atlantic,Blazers,Owls,4,3,27,14,13,1303,UAB,1739,539,22,Vladislav Goldin blocks a Quan Jackson layup.,missed,FALSE,FALSE,Layup Shot,25,5.25,957568,Quan Jackson,NA,0,UAB,UAB,36,NA,Tony Toney,Trey Jemison,Justin Brown,Jamal Johnson,Quan Jackson,Alijah Martin,Bryan Greenlee,Vladislav Goldin,Johnell Davis,Brandon Weatherspoon
2021-22,2022-03-10,2439115,87,1,1,UAB,Florida Atlantic,Blazers,Owls,4,3,27,14,13,1303,UAB,1739,539,0,Quan Jackson with an offensive rebound.,NA,FALSE,FALSE,NA,NA,NA,NA,NA,NA,0,UAB,UAB,36,NA,Tony Toney,Trey Jemison,Justin Brown,Jamal Johnson,Quan Jackson,Alijah Martin,Bryan Greenlee,Vladislav Goldin,Johnell Davis,Brandon Weatherspoon
2021-22,2022-03-10,2439115,88,1,1,UAB,Florida Atlantic,Blazers,Owls,4,3,29,14,15,1303,UAB,1732,532,7,Quan Jackson makes a layup.,made,FALSE,FALSE,Layup Shot,25,5.25,957568,Quan Jackson,NA,0,UAB,Florida Atlantic,36,NA,Tony Toney,Trey Jemison,Justin Brown,Jamal Johnson,Quan Jackson,Alijah Martin,Bryan Greenlee,Vladislav Goldin,Johnell Davis,Brandon Weatherspoon
2021-22,2022-03-10,2439115,89,1,1,UAB,Florida Atlantic,Blazers,Owls,4,3,29,14,15,1415,Florida Atlantic,1726,526,6,Johnell Davis with a turnover - Traveling,NA,FALSE,FALSE,NA,NA,NA,NA,NA,NA,0,Florida Atlantic,UAB,37,NA,Tony Toney,Trey Jemison,Justin Brown,Jamal Johnson,Quan Jackson,Alijah Martin,Bryan Greenlee,Vladislav Goldin,Johnell Davis,Brandon Weatherspoon
2021-22,2022-03-10,2439115,90,1,1,UAB,Florida Atlantic,Blazers,Owls,4,3,31,14,17,1303,UAB,1715,515,11,Jordan Walker makes a jump shot from 19 feet out.,made,FALSE,FALSE,Jump Shot,35.5,21.150000000000006,1175173,Jordan Walker,NA,0,UAB,Florida Atlantic,38,NA,Tony Toney,Trey Jemison,Justin Brown,Jamal Johnson,Quan Jackson,Alijah Martin,Bryan Greenlee,Vladislav Goldin,Johnell Davis,Brandon Weatherspoon
2021-22,2022-03-10,2439115,91,1,1,UAB,Florida Atlantic,Blazers,Owls,4,3,31,14,17,1415,Florida Atlantic,1702,502,13,Tony Toney blocks a Bryan Greenlee layup.,missed,FALSE,FALSE,Layup Shot,25,5.25,1175998,Bryan Greenlee,NA,0,Florida Atlantic,Florida Atlantic,39,NA,Tony Toney,Trey Jemison,Justin Brown,Jamal Johnson,Quan Jackson,Alijah Martin,Bryan Greenlee,Vladislav Goldin,Johnell Davis,Brandon Weatherspoon
2021-22,2022-03-10,2439115,92,1,1,UAB,Florida Atlantic,Blazers,Owls,4,3,31,14,17,1303,UAB,1702,502,0,Quan Jackson with a defensive rebound.,NA,FALSE,FALSE,NA,NA,NA,NA,NA,NA,0,Florida Atlantic,UAB,39,NA,Tony Toney,Trey Jemison,Justin Brown,Jamal Johnson,Quan Jackson,Alijah Martin,Bryan Greenlee,Vladislav Goldin,Johnell Davis,Brandon Weatherspoon
2021-22,2022-03-10,2439115,93,1,1,UAB,Florida Atlantic,Blazers,Owls,4,3,31,14,17,1303,UAB,1694,494,8,Justin Brown misses a 3-point jump shot from 23 feet out.,missed,FALSE,TRUE,Jump Shot,12.200000000000003,24.549999999999997,1060758,Justin Brown,NA,0,UAB,UAB,40,NA,Tony Toney,Trey Jemison,Justin Brown,Jamal Johnson,Quan Jackson,Alijah Martin,Bryan Greenlee,Vladislav Goldin,Johnell Davis,Brandon Weatherspoon
2021-22,2022-03-10,2439115,95,1,1,UAB,Florida Atlantic,Blazers,Owls,4,3,31,14,17,1415,Florida Atlantic,1692,492,2,Personal foul committed by Bryan Greenlee.,NA,FALSE,FALSE,NA,NA,NA,NA,NA,NA,0,UAB,UAB,40,NA,Tony Toney,Trey Jemison,Justin Brown,Jamal Johnson,Quan Jackson,Alijah Martin,Bryan Greenlee,Vladislav Goldin,Johnell Davis,Brandon Weatherspoon
2021-22,2022-03-10,2439115,96,1,1,UAB,Florida Atlantic,Blazers,Owls,4,3,31,14,17,1303,UAB,1687,487,5,Vladislav Goldin blocks a Jordan Walker layup.,missed,FALSE,FALSE,Layup Shot,26,6.25,1175173,Jordan Walker,NA,0,UAB,Florida Atlantic,40,NA,Tony Toney,Trey Jemison,Justin Brown,Jamal Johnson,Quan Jackson,Alijah Martin,Bryan Greenlee,Vladislav Goldin,Johnell Davis,Brandon Weatherspoon
2021-22,2022-03-10,2439115,98,1,1,UAB,Florida Atlantic,Blazers,Owls,4,3,31,14,17,1415,Florida Atlantic,1685,485,2,Substitution: Brandon Weatherspoon in for Bryan Greenlee.,NA,FALSE,FALSE,NA,NA,NA,NA,NA,NA,1,NA,NA,NA,Sub already in game,Tony Toney,Trey Jemison,Justin Brown,Jamal Johnson,Quan Jackson,Alijah Martin,Bryan Greenlee,Vladislav Goldin,Johnell Davis,Brandon Weatherspoon
2021-22,2022-03-10,2439115,99,1,1,UAB,Florida Atlantic,Blazers,Owls,4,3,31,14,17,1415,Florida Atlantic,1674,474,11,Jordan Walker steals the ball from Johnell Davis.,NA,FALSE,FALSE,NA,NA,NA,NA,NA,NA,0,Florida Atlantic,UAB,41,NA,Tony Toney,Trey Jemison,Justin Brown,Jamal Johnson,Quan Jackson,Alijah Martin,Bryan Greenlee,Vladislav Goldin,Johnell Davis,Brandon Weatherspoon
2021-22,2022-03-10,2439115,100,1,1,UAB,Florida Atlantic,Blazers,Owls,4,3,33,14,19,1303,UAB,1670,470,4,Quan Jackson makes a layup.,made,FALSE,FALSE,Layup Shot,25,5.25,957568,Quan Jackson,NA,0,UAB,Florida Atlantic,42,NA,Tony Toney,Trey Jemison,Justin Brown,Jamal Johnson,Quan Jackson,Alijah Martin,Bryan Greenlee,Vladislav Goldin,Johnell Davis,Brandon Weatherspoon
2021-22,2022-03-10,2439115,101,1,1,UAB,Florida Atlantic,Blazers,Owls,4,3,33,14,19,1415,Florida Atlantic,1650,450,20,Vladislav Goldin misses a hook shot from 6 feet out.,missed,FALSE,FALSE,Hook Shot,24.9,10.95,1241594,Vladislav Goldin,NA,0,Florida Atlantic,Florida Atlantic,43,NA,Tony Toney,Trey Jemison,Justin Brown,Jamal Johnson,Quan Jackson,Alijah Martin,Bryan Greenlee,Vladislav Goldin,Johnell Davis,Brandon Weatherspoon
2021-22,2022-03-10,2439115,102,1,1,UAB,Florida Atlantic,Blazers,Owls,4,3,33,14,19,1415,Florida Atlantic,1650,450,0,Brandon Weatherspoon with an offensive rebound.,NA,FALSE,FALSE,NA,NA,NA,NA,NA,NA,0,Florida Atlantic,Florida Atlantic,43,NA,Tony Toney,Trey Jemison,Justin Brown,Jamal Johnson,Quan Jackson,Alijah Martin,Bryan Greenlee,Vladislav Goldin,Johnell Davis,Brandon Weatherspoon
2021-22,2022-03-10,2439115,103,1,1,UAB,Florida Atlantic,Blazers,Owls,4,3,33,14,19,1303,UAB,1643,443,7,Shooting foul committed by Trey Jemison.,NA,FALSE,FALSE,NA,NA,NA,NA,NA,NA,0,Florida Atlantic,Florida Atlantic,43,NA,Tony Toney,Trey Jemison,Justin Brown,Jamal Johnson,Quan Jackson,Alijah Martin,Bryan Greenlee,Vladislav Goldin,Johnell Davis,Brandon Weatherspoon
2021-22,2022-03-10,2439115,104,1,1,UAB,Florida Atlantic,Blazers,Owls,4,3,33,14,19,NA,NA,1643,443,0,Official TV timeout.,NA,FALSE,FALSE,NA,NA,NA,NA,NA,NA,0,NA,NA,NA,NA,Tony Toney,Trey Jemison,Justin Brown,Jamal Johnson,Quan Jackson,Alijah Martin,Bryan Greenlee,Vladislav Goldin,Johnell Davis,Brandon Weatherspoon
2021-22,2022-03-10,2439115,105,1,1,UAB,Florida Atlantic,Blazers,Owls,4,3,33,14,19,1303,UAB,1643,443,0,Substitution: Michael Ertel in for Justin Brown.,NA,FALSE,FALSE,NA,NA,NA,NA,NA,NA,1,NA,NA,NA,NA,Tony Toney,Trey Jemison,Michael Ertel,Jamal Johnson,Quan Jackson,Alijah Martin,Bryan Greenlee,Vladislav Goldin,Johnell Davis,Brandon Weatherspoon
2021-22,2022-03-10,2439115,106,1,1,UAB,Florida Atlantic,Blazers,Owls,4,3,33,14,19,1303,UAB,1643,443,0,Substitution: Tavin Lovan in for Tony Toney.,NA,FALSE,FALSE,NA,NA,NA,NA,NA,NA,1,NA,NA,NA,NA,Tavin Lovan,Trey Jemison,Michael Ertel,Jamal Johnson,Quan Jackson,Alijah Martin,Bryan Greenlee,Vladislav Goldin,Johnell Davis,Brandon Weatherspoon
2021-22,2022-03-10,2439115,107,1,1,UAB,Florida Atlantic,Blazers,Owls,4,3,33,14,19,1303,UAB,1643,443,0,Substitution: Rongie Gordon in for Trey Jemison.,NA,FALSE,FALSE,NA,NA,NA,NA,NA,NA,1,NA,NA,NA,NA,Tavin Lovan,Rongie Gordon,Michael Ertel,Jamal Johnson,Quan Jackson,Alijah Martin,Bryan Greenlee,Vladislav Goldin,Johnell Davis,Brandon Weatherspoon
2021-22,2022-03-10,2439115,108,1,1,UAB,Florida Atlantic,Blazers,Owls,4,3,33,14,19,1415,Florida Atlantic,1643,443,0,Substitution: Everett Winchester in for Johnell Davis.,NA,FALSE,FALSE,NA,NA,NA,NA,NA,NA,1,NA,NA,NA,NA,Tavin Lovan,Rongie Gordon,Michael Ertel,Jamal Johnson,Quan Jackson,Alijah Martin,Bryan Greenlee,Vladislav Goldin,Everett Winchester,Brandon Weatherspoon
2021-22,2022-03-10,2439115,109,1,1,UAB,Florida Atlantic,Blazers,Owls,4,3,33,14,19,1415,Florida Atlantic,1643,443,0,Substitution: Giancarlo Rosado in for Vladislav Goldin.,NA,FALSE,FALSE,NA,NA,NA,NA,NA,NA,1,NA,NA,NA,NA,Tavin Lovan,Rongie Gordon,Michael Ertel,Jamal Johnson,Quan Jackson,Alijah Martin,Bryan Greenlee,Giancarlo Rosado,Everett Winchester,Brandon Weatherspoon
2021-22,2022-03-10,2439115,110,1,1,UAB,Florida Atlantic,Blazers,Owls,4,3,33,14,19,1415,Florida Atlantic,1643,443,0,Brandon Weatherspoon misses free throw 1 of 2.,missed,TRUE,FALSE,NA,NA,NA,NA,NA,NA,0,Florida Atlantic,Florida Atlantic,43,NA,Tavin Lovan,Rongie Gordon,Michael Ertel,Jamal Johnson,Quan Jackson,Alijah Martin,Bryan Greenlee,Giancarlo Rosado,Everett Winchester,Brandon Weatherspoon
2021-22,2022-03-10,2439115,112,1,1,UAB,Florida Atlantic,Blazers,Owls,4,3,33,14,19,1415,Florida Atlantic,1643,443,0,Brandon Weatherspoon misses free throw 2 of 2.,missed,TRUE,FALSE,NA,NA,NA,NA,NA,NA,0,Florida Atlantic,Florida Atlantic,43,NA,Tavin Lovan,Rongie Gordon,Michael Ertel,Jamal Johnson,Quan Jackson,Alijah Martin,Bryan Greenlee,Giancarlo Rosado,Everett Winchester,Brandon Weatherspoon
2021-22,2022-03-10,2439115,113,1,1,UAB,Florida Atlantic,Blazers,Owls,4,3,33,14,19,1303,UAB,1643,443,0,Michael Ertel with a defensive rebound.,NA,FALSE,FALSE,NA,NA,NA,NA,NA,NA,0,Florida Atlantic,UAB,43,NA,Tavin Lovan,Rongie Gordon,Michael Ertel,Jamal Johnson,Quan Jackson,Alijah Martin,Bryan Greenlee,Giancarlo Rosado,Everett Winchester,Brandon Weatherspoon
2021-22,2022-03-10,2439115,114,1,1,UAB,Florida Atlantic,Blazers,Owls,4,3,33,14,19,1303,UAB,1632,432,11,Alijah Martin steals the ball from Tavin Lovan.,NA,FALSE,FALSE,NA,NA,NA,NA,NA,NA,0,UAB,Florida Atlantic,44,NA,Tavin Lovan,Rongie Gordon,Michael Ertel,Jamal Johnson,Quan Jackson,Alijah Martin,Bryan Greenlee,Giancarlo Rosado,Everett Winchester,Brandon Weatherspoon
2021-22,2022-03-10,2439115,115,1,1,UAB,Florida Atlantic,Blazers,Owls,4,3,33,16,17,1415,Florida Atlantic,1629,429,3,Michael Forrest makes a layup. Alijah Martin with the assist.,made,FALSE,FALSE,Layup Shot,25,5.25,1134291,Michael Forrest,Alijah Martin,0,Florida Atlantic,UAB,45,NA,Tavin Lovan,Rongie Gordon,Michael Ertel,Jamal Johnson,Quan Jackson,Alijah Martin,Bryan Greenlee,Giancarlo Rosado,Everett Winchester,Brandon Weatherspoon
2021-22,2022-03-10,2439115,116,1,1,UAB,Florida Atlantic,Blazers,Owls,4,3,36,16,20,1303,UAB,1610,410,19,Quan Jackson makes a 3-point jump shot from 25 feet out. Jordan Walker with the assist.,made,FALSE,TRUE,Jump Shot,1.6000000000000014,12.950000000000003,957568,Quan Jackson,Jordan Walker,0,UAB,Florida Atlantic,46,NA,Tavin Lovan,Rongie Gordon,Michael Ertel,Jamal Johnson,Quan Jackson,Alijah Martin,Bryan Greenlee,Giancarlo Rosado,Everett Winchester,Brandon Weatherspoon
2021-22,2022-03-10,2439115,117,1,1,UAB,Florida Atlantic,Blazers,Owls,4,3,36,16,20,1415,Florida Atlantic,1594,394,16,Tavin Lovan steals the ball from Michael Forrest.,NA,FALSE,FALSE,NA,NA,NA,NA,NA,NA,0,Florida Atlantic,UAB,47,NA,Tavin Lovan,Rongie Gordon,Michael Ertel,Jamal Johnson,Quan Jackson,Alijah Martin,Bryan Greenlee,Giancarlo Rosado,Everett Winchester,Brandon Weatherspoon
2021-22,2022-03-10,2439115,118,1,1,UAB,Florida Atlantic,Blazers,Owls,4,3,36,16,20,1303,UAB,1588,388,6,Michael Ertel misses a 3-point jump shot from 22 feet out.,missed,FALSE,TRUE,Jump Shot,32.4,26.25,1089760,Michael Ertel,NA,0,UAB,UAB,48,NA,Tavin Lovan,Rongie Gordon,Michael Ertel,Jamal Johnson,Quan Jackson,Alijah Martin,Bryan Greenlee,Giancarlo Rosado,Everett Winchester,Brandon Weatherspoon
2021-22,2022-03-10,2439115,119,1,1,UAB,Florida Atlantic,Blazers,Owls,4,3,36,16,20,1415,Florida Atlantic,1588,388,0,Alijah Martin with a defensive rebound.,NA,FALSE,FALSE,NA,NA,NA,NA,NA,NA,0,UAB,Florida Atlantic,48,NA,Tavin Lovan,Rongie Gordon,Michael Ertel,Jamal Johnson,Quan Jackson,Alijah Martin,Bryan Greenlee,Giancarlo Rosado,Everett Winchester,Brandon Weatherspoon
2021-22,2022-03-10,2439115,120,1,1,UAB,Florida Atlantic,Blazers,Owls,4,3,36,19,17,1415,Florida Atlantic,1579,379,9,Michael Forrest makes a 3-point jump shot from 24 feet out. Alijah Martin with the assist.,made,FALSE,TRUE,Jump Shot,20.3,28.65,1134291,Michael Forrest,Alijah Martin,0,Florida Atlantic,UAB,49,NA,Tavin Lovan,Rongie Gordon,Michael Ertel,Jamal Johnson,Quan Jackson,Alijah Martin,Bryan Greenlee,Giancarlo Rosado,Everett Winchester,Brandon Weatherspoon
2021-22,2022-03-10,2439115,121,1,1,UAB,Florida Atlantic,Blazers,Owls,4,3,36,19,17,1303,UAB,1557,357,22,Michael Ertel misses a 3-point jump shot from 24 feet out.,missed,FALSE,TRUE,Jump Shot,37.2,25.549999999999997,1089760,Michael Ertel,NA,0,UAB,UAB,50,NA,Tavin Lovan,Rongie Gordon,Michael Ertel,Jamal Johnson,Quan Jackson,Alijah Martin,Bryan Greenlee,Giancarlo Rosado,Everett Winchester,Brandon Weatherspoon
2021-22,2022-03-10,2439115,122,1,1,UAB,Florida Atlantic,Blazers,Owls,4,3,36,19,17,1415,Florida Atlantic,1557,357,0,Everett Winchester with a defensive rebound.,NA,FALSE,FALSE,NA,NA,NA,NA,NA,NA,0,UAB,Florida Atlantic,50,NA,Tavin Lovan,Rongie Gordon,Michael Ertel,Jamal Johnson,Quan Jackson,Alijah Martin,Bryan Greenlee,Giancarlo Rosado,Everett Winchester,Brandon Weatherspoon
2021-22,2022-03-10,2439115,123,1,1,UAB,Florida Atlantic,Blazers,Owls,4,3,36,21,15,1415,Florida Atlantic,1544,344,13,Michael Forrest makes a layup. Alijah Martin with the assist.,made,FALSE,FALSE,Layup Shot,25,5.25,1134291,Michael Forrest,Alijah Martin,0,Florida Atlantic,UAB,51,NA,Tavin Lovan,Rongie Gordon,Michael Ertel,Jamal Johnson,Quan Jackson,Alijah Martin,Bryan Greenlee,Giancarlo Rosado,Everett Winchester,Brandon Weatherspoon
2021-22,2022-03-10,2439115,124,1,1,UAB,Florida Atlantic,Blazers,Owls,4,3,36,21,15,1303,UAB,1525,325,19,Jordan Walker with a turnover - Lost Ball,NA,FALSE,FALSE,NA,NA,NA,NA,NA,NA,0,UAB,Florida Atlantic,52,NA,Tavin Lovan,Rongie Gordon,Michael Ertel,Jamal Johnson,Quan Jackson,Alijah Martin,Bryan Greenlee,Giancarlo Rosado,Everett Winchester,Brandon Weatherspoon
2021-22,2022-03-10,2439115,125,1,1,UAB,Florida Atlantic,Blazers,Owls,4,3,36,21,15,1303,UAB,1525,325,0,Substitution: Justin Brown in for Tavin Lovan.,NA,FALSE,FALSE,NA,NA,NA,NA,NA,NA,1,NA,NA,NA,NA,Justin Brown,Rongie Gordon,Michael Ertel,Jamal Johnson,Quan Jackson,Alijah Martin,Bryan Greenlee,Giancarlo Rosado,Everett Winchester,Brandon Weatherspoon
2021-22,2022-03-10,2439115,126,1,1,UAB,Florida Atlantic,Blazers,Owls,4,3,36,21,15,1415,Florida Atlantic,1510,310,15,Jordan Walker steals the ball from Michael Forrest.,NA,FALSE,FALSE,NA,NA,NA,NA,NA,NA,0,Florida Atlantic,UAB,53,NA,Justin Brown,Rongie Gordon,Michael Ertel,Jamal Johnson,Quan Jackson,Alijah Martin,Bryan Greenlee,Giancarlo Rosado,Everett Winchester,Brandon Weatherspoon
2021-22,2022-03-10,2439115,127,1,1,UAB,Florida Atlantic,Blazers,Owls,4,3,36,21,15,1415,Florida Atlantic,1506,306,4,Shooting foul committed by Alijah Martin.,NA,FALSE,FALSE,NA,NA,NA,NA,NA,NA,0,UAB,UAB,54,NA,Justin Brown,Rongie Gordon,Michael Ertel,Jamal Johnson,Quan Jackson,Alijah Martin,Bryan Greenlee,Giancarlo Rosado,Everett Winchester,Brandon Weatherspoon
2021-22,2022-03-10,2439115,128,1,1,UAB,Florida Atlantic,Blazers,Owls,4,3,37,21,16,1303,UAB,1506,306,0,Quan Jackson makes free throw 1 of 2.,made,TRUE,FALSE,NA,NA,NA,NA,NA,NA,0,UAB,UAB,54,NA,Justin Brown,Rongie Gordon,Michael Ertel,Jamal Johnson,Quan Jackson,Alijah Martin,Bryan Greenlee,Giancarlo Rosado,Everett Winchester,Brandon Weatherspoon
2021-22,2022-03-10,2439115,129,1,1,UAB,Florida Atlantic,Blazers,Owls,4,3,38,21,17,1303,UAB,1506,306,0,Quan Jackson makes free throw 2 of 2.,made,TRUE,FALSE,NA,NA,NA,NA,NA,NA,0,UAB,Florida Atlantic,54,NA,Justin Brown,Rongie Gordon,Michael Ertel,Jamal Johnson,Quan Jackson,Alijah Martin,Bryan Greenlee,Giancarlo Rosado,Everett Winchester,Brandon Weatherspoon
2021-22,2022-03-10,2439115,130,1,1,UAB,Florida Atlantic,Blazers,Owls,4,3,38,21,17,1303,UAB,1492,292,14,Personal foul committed by Michael Ertel.,NA,FALSE,FALSE,NA,NA,NA,NA,NA,NA,0,Florida Atlantic,Florida Atlantic,55,NA,Justin Brown,Rongie Gordon,Michael Ertel,Jamal Johnson,Quan Jackson,Alijah Martin,Bryan Greenlee,Giancarlo Rosado,Everett Winchester,Brandon Weatherspoon
2021-22,2022-03-10,2439115,131,1,1,UAB,Florida Atlantic,Blazers,Owls,4,3,38,24,14,1415,Florida Atlantic,1488,288,4,Johnell Davis makes a 3-point jump shot from 24 feet out. Everett Winchester with the assist.,made,FALSE,TRUE,Jump Shot,45.3,18.95,1232341,Johnell Davis,Everett Winchester,0,Florida Atlantic,UAB,55,NA,Justin Brown,Rongie Gordon,Michael Ertel,Jamal Johnson,Quan Jackson,Alijah Martin,Bryan Greenlee,Giancarlo Rosado,Everett Winchester,Brandon Weatherspoon
2021-22,2022-03-10,2439115,132,1,1,UAB,Florida Atlantic,Blazers,Owls,4,3,41,24,17,1303,UAB,1475,275,13,Jordan Walker makes a 3-point jump shot from 23 feet out. Michael Ertel with the assist.,made,FALSE,TRUE,Jump Shot,41.6,20.849999999999994,1175173,Jordan Walker,Michael Ertel,0,UAB,Florida Atlantic,56,NA,Justin Brown,Rongie Gordon,Michael Ertel,Jamal Johnson,Quan Jackson,Alijah Martin,Bryan Greenlee,Giancarlo Rosado,Everett Winchester,Brandon Weatherspoon
2021-22,2022-03-10,2439115,133,1,1,UAB,Florida Atlantic,Blazers,Owls,4,3,41,24,17,1415,Florida Atlantic,1456,256,19,Alijah Martin misses a 3-point jump shot from 24 feet out.,missed,FALSE,TRUE,Jump Shot,4.800000000000001,19.15,1232344,Alijah Martin,NA,0,Florida Atlantic,Florida Atlantic,57,NA,Justin Brown,Rongie Gordon,Michael Ertel,Jamal Johnson,Quan Jackson,Alijah Martin,Bryan Greenlee,Giancarlo Rosado,Everett Winchester,Brandon Weatherspoon
2021-22,2022-03-10,2439115,134,1,1,UAB,Florida Atlantic,Blazers,Owls,4,3,41,24,17,1303,UAB,1456,256,0,Quan Jackson with a defensive rebound.,NA,FALSE,FALSE,NA,NA,NA,NA,NA,NA,0,Florida Atlantic,UAB,57,NA,Justin Brown,Rongie Gordon,Michael Ertel,Jamal Johnson,Quan Jackson,Alijah Martin,Bryan Greenlee,Giancarlo Rosado,Everett Winchester,Brandon Weatherspoon
2021-22,2022-03-10,2439115,135,1,1,UAB,Florida Atlantic,Blazers,Owls,4,3,41,24,17,1303,UAB,1450,250,6,Everett Winchester steals the ball from Quan Jackson.,NA,FALSE,FALSE,NA,NA,NA,NA,NA,NA,0,UAB,Florida Atlantic,58,NA,Justin Brown,Rongie Gordon,Michael Ertel,Jamal Johnson,Quan Jackson,Alijah Martin,Bryan Greenlee,Giancarlo Rosado,Everett Winchester,Brandon Weatherspoon
2021-22,2022-03-10,2439115,136,1,1,UAB,Florida Atlantic,Blazers,Owls,4,3,41,26,15,1415,Florida Atlantic,1445,245,5,Everett Winchester makes a layup.,made,FALSE,FALSE,Layup Shot,25,5.25,952515,Everett Winchester,NA,0,Florida Atlantic,UAB,59,NA,Justin Brown,Rongie Gordon,Michael Ertel,Jamal Johnson,Quan Jackson,Alijah Martin,Bryan Greenlee,Giancarlo Rosado,Everett Winchester,Brandon Weatherspoon
2021-22,2022-03-10,2439115,137,1,1,UAB,Florida Atlantic,Blazers,Owls,4,3,43,26,17,1303,UAB,1440,240,5,Quan Jackson makes a layup. Jordan Walker with the assist.,made,FALSE,FALSE,Layup Shot,26,6.25,957568,Quan Jackson,Jordan Walker,0,UAB,Florida Atlantic,60,NA,Justin Brown,Rongie Gordon,Michael Ertel,Jamal Johnson,Quan Jackson,Alijah Martin,Bryan Greenlee,Giancarlo Rosado,Everett Winchester,Brandon Weatherspoon
2021-22,2022-03-10,2439115,138,1,1,UAB,Florida Atlantic,Blazers,Owls,4,3,43,26,17,1303,UAB,1417,217,23,Personal foul committed by Rongie Gordon.,NA,FALSE,FALSE,NA,NA,NA,NA,NA,NA,0,Florida Atlantic,Florida Atlantic,61,NA,Justin Brown,Rongie Gordon,Michael Ertel,Jamal Johnson,Quan Jackson,Alijah Martin,Bryan Greenlee,Giancarlo Rosado,Everett Winchester,Brandon Weatherspoon
2021-22,2022-03-10,2439115,139,1,1,UAB,Florida Atlantic,Blazers,Owls,4,3,43,26,17,NA,NA,1417,217,0,Official TV timeout.,NA,FALSE,FALSE,NA,NA,NA,NA,NA,NA,0,NA,NA,NA,NA,Justin Brown,Rongie Gordon,Michael Ertel,Jamal Johnson,Quan Jackson,Alijah Martin,Bryan Greenlee,Giancarlo Rosado,Everett Winchester,Brandon Weatherspoon
2021-22,2022-03-10,2439115,140,1,1,UAB,Florida Atlantic,Blazers,Owls,4,3,43,27,16,1415,Florida Atlantic,1417,217,0,Giancarlo Rosado makes free throw 1 of 2.,made,TRUE,FALSE,NA,NA,NA,NA,NA,NA,0,Florida Atlantic,Florida Atlantic,61,NA,Justin Brown,Rongie Gordon,Michael Ertel,Jamal Johnson,Quan Jackson,Alijah Martin,Bryan Greenlee,Giancarlo Rosado,Everett Winchester,Brandon Weatherspoon
2021-22,2022-03-10,2439115,141,1,1,UAB,Florida Atlantic,Blazers,Owls,4,3,43,28,15,1415,Florida Atlantic,1417,217,0,Giancarlo Rosado makes free throw 2 of 2.,made,TRUE,FALSE,NA,NA,NA,NA,NA,NA,0,Florida Atlantic,UAB,61,NA,Justin Brown,Rongie Gordon,Michael Ertel,Jamal Johnson,Quan Jackson,Alijah Martin,Bryan Greenlee,Giancarlo Rosado,Everett Winchester,Brandon Weatherspoon
2021-22,2022-03-10,2439115,142,1,1,UAB,Florida Atlantic,Blazers,Owls,4,3,43,28,15,1303,UAB,1390,190,27,Rongie Gordon misses a jump shot from 13 feet out.,missed,FALSE,FALSE,Jump Shot,12,7.349999999999994,1232496,Rongie Gordon,NA,0,UAB,UAB,62,NA,Justin Brown,Rongie Gordon,Michael Ertel,Jamal Johnson,Quan Jackson,Alijah Martin,Bryan Greenlee,Giancarlo Rosado,Everett Winchester,Brandon Weatherspoon
2021-22,2022-03-10,2439115,143,1,1,UAB,Florida Atlantic,Blazers,Owls,4,3,43,28,15,1415,Florida Atlantic,1390,190,0,Alijah Martin with a defensive rebound.,NA,FALSE,FALSE,NA,NA,NA,NA,NA,NA,0,UAB,Florida Atlantic,62,NA,Justin Brown,Rongie Gordon,Michael Ertel,Jamal Johnson,Quan Jackson,Alijah Martin,Bryan Greenlee,Giancarlo Rosado,Everett Winchester,Brandon Weatherspoon
2021-22,2022-03-10,2439115,144,1,1,UAB,Florida Atlantic,Blazers,Owls,4,3,43,30,13,1415,Florida Atlantic,1373,173,17,Giancarlo Rosado makes a layup.,made,FALSE,FALSE,Layup Shot,25,5.25,1232339,Giancarlo Rosado,NA,0,Florida Atlantic,Florida Atlantic,63,NA,Justin Brown,Rongie Gordon,Michael Ertel,Jamal Johnson,Quan Jackson,Alijah Martin,Bryan Greenlee,Giancarlo Rosado,Everett Winchester,Brandon Weatherspoon
2021-22,2022-03-10,2439115,145,1,1,UAB,Florida Atlantic,Blazers,Owls,4,3,43,30,13,1303,UAB,1372,172,1,Shooting foul committed by Rongie Gordon.,NA,FALSE,FALSE,NA,NA,NA,NA,NA,NA,0,Florida Atlantic,Florida Atlantic,63,NA,Justin Brown,Rongie Gordon,Michael Ertel,Jamal Johnson,Quan Jackson,Alijah Martin,Bryan Greenlee,Giancarlo Rosado,Everett Winchester,Brandon Weatherspoon
2021-22,2022-03-10,2439115,146,1,1,UAB,Florida Atlantic,Blazers,Owls,4,3,43,31,12,1415,Florida Atlantic,1372,172,0,Giancarlo Rosado makes free throw 1 of 1.,made,TRUE,FALSE,NA,NA,NA,NA,NA,NA,0,Florida Atlantic,UAB,63,NA,Justin Brown,Rongie Gordon,Michael Ertel,Jamal Johnson,Quan Jackson,Alijah Martin,Bryan Greenlee,Giancarlo Rosado,Everett Winchester,Brandon Weatherspoon
2021-22,2022-03-10,2439115,147,1,1,UAB,Florida Atlantic,Blazers,Owls,4,3,43,31,12,1303,UAB,1360,160,12,Jordan Walker with a turnover - Backcourt,NA,FALSE,FALSE,NA,NA,NA,NA,NA,NA,0,UAB,Florida Atlantic,64,NA,Justin Brown,Rongie Gordon,Michael Ertel,Jamal Johnson,Quan Jackson,Alijah Martin,Bryan Greenlee,Giancarlo Rosado,Everett Winchester,Brandon Weatherspoon
2021-22,2022-03-10,2439115,148,1,1,UAB,Florida Atlantic,Blazers,Owls,4,3,43,31,12,1415,Florida Atlantic,1347,147,13,Michael Forrest misses a 3-point jump shot from 24 feet out.,missed,FALSE,TRUE,Jump Shot,8.2,22.15,1134291,Michael Forrest,NA,0,Florida Atlantic,Florida Atlantic,65,NA,Justin Brown,Rongie Gordon,Michael Ertel,Jamal Johnson,Quan Jackson,Alijah Martin,Bryan Greenlee,Giancarlo Rosado,Everett Winchester,Brandon Weatherspoon
2021-22,2022-03-10,2439115,149,1,1,UAB,Florida Atlantic,Blazers,Owls,4,3,43,31,12,1303,UAB,1347,147,0,Quan Jackson with a defensive rebound.,NA,FALSE,FALSE,NA,NA,NA,NA,NA,NA,0,Florida Atlantic,UAB,65,NA,Justin Brown,Rongie Gordon,Michael Ertel,Jamal Johnson,Quan Jackson,Alijah Martin,Bryan Greenlee,Giancarlo Rosado,Everett Winchester,Brandon Weatherspoon
2021-22,2022-03-10,2439115,150,1,1,UAB,Florida Atlantic,Blazers,Owls,4,3,43,31,12,1303,UAB,1340,140,7,Jordan Walker misses a jump shot from 18 feet out.,missed,FALSE,FALSE,Jump Shot,29.5,22.549999999999997,1175173,Jordan Walker,NA,0,UAB,UAB,66,NA,Justin Brown,Rongie Gordon,Michael Ertel,Jamal Johnson,Quan Jackson,Alijah Martin,Bryan Greenlee,Giancarlo Rosado,Everett Winchester,Brandon Weatherspoon
2021-22,2022-03-10,2439115,151,1,1,UAB,Florida Atlantic,Blazers,Owls,4,3,43,31,12,1415,Florida Atlantic,1340,140,0,Alijah Martin with a defensive rebound.,NA,FALSE,FALSE,NA,NA,NA,NA,NA,NA,0,UAB,Florida Atlantic,66,NA,Justin Brown,Rongie Gordon,Michael Ertel,Jamal Johnson,Quan Jackson,Alijah Martin,Bryan Greenlee,Giancarlo Rosado,Everett Winchester,Brandon Weatherspoon
2021-22,2022-03-10,2439115,152,1,1,UAB,Florida Atlantic,Blazers,Owls,4,3,43,31,12,1415,Florida Atlantic,1321,121,19,Giancarlo Rosado misses a hook shot from 8 feet out.,missed,FALSE,FALSE,Hook Shot,23.4,12.65,1232339,Giancarlo Rosado,NA,0,Florida Atlantic,Florida Atlantic,67,NA,Justin Brown,Rongie Gordon,Michael Ertel,Jamal Johnson,Quan Jackson,Alijah Martin,Bryan Greenlee,Giancarlo Rosado,Everett Winchester,Brandon Weatherspoon
2021-22,2022-03-10,2439115,153,1,1,UAB,Florida Atlantic,Blazers,Owls,4,3,43,31,12,1303,UAB,1321,121,0,Justin Brown with a defensive rebound.,NA,FALSE,FALSE,NA,NA,NA,NA,NA,NA,0,Florida Atlantic,UAB,67,NA,Justin Brown,Rongie Gordon,Michael Ertel,Jamal Johnson,Quan Jackson,Alijah Martin,Bryan Greenlee,Giancarlo Rosado,Everett Winchester,Brandon Weatherspoon
2021-22,2022-03-10,2439115,154,1,1,UAB,Florida Atlantic,Blazers,Owls,4,3,43,31,12,1303,UAB,1302,102,19,Everett Winchester steals the ball from Quan Jackson.,NA,FALSE,FALSE,NA,NA,NA,NA,NA,NA,0,UAB,Florida Atlantic,68,NA,Justin Brown,Rongie Gordon,Michael Ertel,Jamal Johnson,Quan Jackson,Alijah Martin,Bryan Greenlee,Giancarlo Rosado,Everett Winchester,Brandon Weatherspoon
2021-22,2022-03-10,2439115,155,1,1,UAB,Florida Atlantic,Blazers,Owls,4,3,43,33,10,1415,Florida Atlantic,1296,96,6,Johnell Davis makes a layup. Alijah Martin with the assist.,made,FALSE,FALSE,Layup Shot,25,5.25,1232341,Johnell Davis,Alijah Martin,0,Florida Atlantic,UAB,69,NA,Justin Brown,Rongie Gordon,Michael Ertel,Jamal Johnson,Quan Jackson,Alijah Martin,Bryan Greenlee,Giancarlo Rosado,Everett Winchester,Brandon Weatherspoon
2021-22,2022-03-10,2439115,156,1,1,UAB,Florida Atlantic,Blazers,Owls,4,3,45,33,12,1303,UAB,1275,75,21,Michael Ertel makes a jump shot from 16 feet out.,made,FALSE,FALSE,Jump Shot,36,17.049999999999997,1089760,Michael Ertel,NA,0,UAB,Florida Atlantic,70,NA,Justin Brown,Rongie Gordon,Michael Ertel,Jamal Johnson,Quan Jackson,Alijah Martin,Bryan Greenlee,Giancarlo Rosado,Everett Winchester,Brandon Weatherspoon
2021-22,2022-03-10,2439115,157,1,1,UAB,Florida Atlantic,Blazers,Owls,4,3,45,33,12,1415,Florida Atlantic,1253,53,22,Alijah Martin misses a 3-point jump shot from 26 feet out.,missed,FALSE,TRUE,Jump Shot,7.100000000000001,24.55,1232344,Alijah Martin,NA,0,Florida Atlantic,Florida Atlantic,71,NA,Justin Brown,Rongie Gordon,Michael Ertel,Jamal Johnson,Quan Jackson,Alijah Martin,Bryan Greenlee,Giancarlo Rosado,Everett Winchester,Brandon Weatherspoon
2021-22,2022-03-10,2439115,158,1,1,UAB,Florida Atlantic,Blazers,Owls,4,3,45,33,12,1303,UAB,1253,53,0,Quan Jackson with a defensive rebound.,NA,FALSE,FALSE,NA,NA,NA,NA,NA,NA,0,Florida Atlantic,UAB,71,NA,Justin Brown,Rongie Gordon,Michael Ertel,Jamal Johnson,Quan Jackson,Alijah Martin,Bryan Greenlee,Giancarlo Rosado,Everett Winchester,Brandon Weatherspoon
2021-22,2022-03-10,2439115,159,1,1,UAB,Florida Atlantic,Blazers,Owls,3,3,45,33,12,1303,UAB,1243,43,10,Blazers take a 30-second timeout.,NA,FALSE,FALSE,NA,NA,NA,NA,NA,NA,0,NA,NA,NA,NA,Justin Brown,Rongie Gordon,Michael Ertel,Jamal Johnson,Quan Jackson,Alijah Martin,Bryan Greenlee,Giancarlo Rosado,Everett Winchester,Brandon Weatherspoon
2021-22,2022-03-10,2439115,160,1,1,UAB,Florida Atlantic,Blazers,Owls,3,3,45,33,12,1415,Florida Atlantic,1243,43,0,Substitution: Vladislav Goldin in for Giancarlo Rosado.,NA,FALSE,FALSE,NA,NA,NA,NA,NA,NA,1,NA,NA,NA,NA,Justin Brown,Rongie Gordon,Michael Ertel,Jamal Johnson,Quan Jackson,Alijah Martin,Bryan Greenlee,Vladislav Goldin,Everett Winchester,Brandon Weatherspoon
2021-22,2022-03-10,2439115,161,1,1,UAB,Florida Atlantic,Blazers,Owls,3,3,45,33,12,1415,Florida Atlantic,1243,43,0,Personal foul committed by Johnell Davis.,NA,FALSE,FALSE,NA,NA,NA,NA,NA,NA,0,UAB,UAB,72,NA,Justin Brown,Rongie Gordon,Michael Ertel,Jamal Johnson,Quan Jackson,Alijah Martin,Bryan Greenlee,Vladislav Goldin,Everett Winchester,Brandon Weatherspoon
2021-22,2022-03-10,2439115,162,1,1,UAB,Florida Atlantic,Blazers,Owls,3,3,47,33,14,1303,UAB,1224,24,19,Justin Brown makes a jump shot from 18 feet out.,made,FALSE,FALSE,Jump Shot,36.1,19.150000000000006,1060758,Justin Brown,NA,0,UAB,Florida Atlantic,72,NA,Justin Brown,Rongie Gordon,Michael Ertel,Jamal Johnson,Quan Jackson,Alijah Martin,Bryan Greenlee,Vladislav Goldin,Everett Winchester,Brandon Weatherspoon
2021-22,2022-03-10,2439115,163,1,1,UAB,Florida Atlantic,Blazers,Owls,3,3,47,33,14,1303,UAB,1223,23,1,Substitution: Tony Toney in for Jordan Walker.,NA,FALSE,FALSE,NA,NA,NA,NA,NA,NA,1,NA,NA,NA,Player leaving not previously in game,Justin Brown,Rongie Gordon,Michael Ertel,Jamal Johnson,Quan Jackson,Alijah Martin,Bryan Greenlee,Vladislav Goldin,Everett Winchester,Brandon Weatherspoon
2021-22,2022-03-10,2439115,164,1,1,UAB,Florida Atlantic,Blazers,Owls,3,3,47,33,14,1303,UAB,1223,23,0,Substitution: Tavin Lovan in for Michael Ertel.,NA,FALSE,FALSE,NA,NA,NA,NA,NA,NA,1,NA,NA,NA,NA,Justin Brown,Rongie Gordon,Tavin Lovan,Jamal Johnson,Quan Jackson,Alijah Martin,Bryan Greenlee,Vladislav Goldin,Everett Winchester,Brandon Weatherspoon
2021-22,2022-03-10,2439115,165,1,1,UAB,Florida Atlantic,Blazers,Owls,3,3,47,35,12,1415,Florida Atlantic,1205,5,18,Everett Winchester makes a layup. Michael Forrest with the assist.,made,FALSE,FALSE,Layup Shot,26,6.25,952515,Everett Winchester,Michael Forrest,0,Florida Atlantic,UAB,73,NA,Justin Brown,Rongie Gordon,Tavin Lovan,Jamal Johnson,Quan Jackson,Alijah Martin,Bryan Greenlee,Vladislav Goldin,Everett Winchester,Brandon Weatherspoon
2021-22,2022-03-10,2439115,166,1,1,UAB,Florida Atlantic,Blazers,Owls,3,3,47,35,12,NA,NA,1200,0,5,End of the 1st Half,NA,FALSE,FALSE,NA,NA,NA,NA,NA,NA,0,NA,NA,NA,NA,Justin Brown,Rongie Gordon,Tavin Lovan,Jamal Johnson,Quan Jackson,Alijah Martin,Bryan Greenlee,Vladislav Goldin,Everett Winchester,Brandon Weatherspoon
2021-22,2022-03-10,2439115,167,1,2,UAB,Florida Atlantic,Blazers,Owls,4,4,47,35,12,NA,NA,1200,1200,0,Start of the 2nd Half,NA,FALSE,FALSE,NA,NA,NA,NA,NA,NA,0,NA,Florida Atlantic,74,NA,Justin Brown,Rongie Gordon,Tavin Lovan,Jamal Johnson,Quan Jackson,Alijah Martin,Bryan Greenlee,Vladislav Goldin,Everett Winchester,Brandon Weatherspoon
2021-22,2022-03-10,2439115,168,1,2,UAB,Florida Atlantic,Blazers,Owls,4,4,47,35,12,1415,Florida Atlantic,1182,1182,18,Everett Winchester misses a layup.,missed,FALSE,FALSE,Layup Shot,26,6.25,952515,Everett Winchester,NA,0,Florida Atlantic,Florida Atlantic,75,NA,Justin Brown,Rongie Gordon,Tavin Lovan,Jamal Johnson,Quan Jackson,Alijah Martin,Bryan Greenlee,Vladislav Goldin,Everett Winchester,Brandon Weatherspoon
2021-22,2022-03-10,2439115,170,1,2,UAB,Florida Atlantic,Blazers,Owls,4,4,47,35,12,1415,Florida Atlantic,1177,1177,5,Trey Jemison blocks a Alijah Martin layup.,missed,FALSE,FALSE,Layup Shot,26,6.25,1232344,Alijah Martin,NA,0,Florida Atlantic,Florida Atlantic,75,NA,Justin Brown,Rongie Gordon,Tavin Lovan,Jamal Johnson,Quan Jackson,Alijah Martin,Bryan Greenlee,Vladislav Goldin,Everett Winchester,Brandon Weatherspoon
2021-22,2022-03-10,2439115,171,1,2,UAB,Florida Atlantic,Blazers,Owls,4,4,47,35,12,1303,UAB,1177,1177,0,Quan Jackson with a defensive rebound.,NA,FALSE,FALSE,NA,NA,NA,NA,NA,NA,0,Florida Atlantic,UAB,75,NA,Justin Brown,Rongie Gordon,Tavin Lovan,Jamal Johnson,Quan Jackson,Alijah Martin,Bryan Greenlee,Vladislav Goldin,Everett Winchester,Brandon Weatherspoon
2021-22,2022-03-10,2439115,172,1,2,UAB,Florida Atlantic,Blazers,Owls,4,4,49,35,14,1303,UAB,1173,1173,4,Quan Jackson makes a layup.,made,FALSE,FALSE,Layup Shot,25,5.25,957568,Quan Jackson,NA,0,UAB,Florida Atlantic,76,NA,Justin Brown,Rongie Gordon,Tavin Lovan,Jamal Johnson,Quan Jackson,Alijah Martin,Bryan Greenlee,Vladislav Goldin,Everett Winchester,Brandon Weatherspoon
2021-22,2022-03-10,2439115,173,1,2,UAB,Florida Atlantic,Blazers,Owls,4,4,49,37,12,1415,Florida Atlantic,1153,1153,20,Everett Winchester makes a layup.,made,FALSE,FALSE,Layup Shot,25,5.25,952515,Everett Winchester,NA,0,Florida Atlantic,UAB,77,NA,Justin Brown,Rongie Gordon,Tavin Lovan,Jamal Johnson,Quan Jackson,Alijah Martin,Bryan Greenlee,Vladislav Goldin,Everett Winchester,Brandon Weatherspoon
2021-22,2022-03-10,2439115,174,1,2,UAB,Florida Atlantic,Blazers,Owls,4,4,51,37,14,1303,UAB,1132,1132,21,Michael Ertel makes a layup.,made,FALSE,FALSE,Layup Shot,26,6.25,1089760,Michael Ertel,NA,0,UAB,Florida Atlantic,78,NA,Justin Brown,Rongie Gordon,Tavin Lovan,Jamal Johnson,Quan Jackson,Alijah Martin,Bryan Greenlee,Vladislav Goldin,Everett Winchester,Brandon Weatherspoon
2021-22,2022-03-10,2439115,175,1,2,UAB,Florida Atlantic,Blazers,Owls,4,4,51,37,14,1415,Florida Atlantic,1115,1115,17,Everett Winchester misses a layup.,missed,FALSE,FALSE,Layup Shot,26,6.25,952515,Everett Winchester,NA,0,Florida Atlantic,Florida Atlantic,79,NA,Justin Brown,Rongie Gordon,Tavin Lovan,Jamal Johnson,Quan Jackson,Alijah Martin,Bryan Greenlee,Vladislav Goldin,Everett Winchester,Brandon Weatherspoon
2021-22,2022-03-10,2439115,176,1,2,UAB,Florida Atlantic,Blazers,Owls,4,4,51,37,14,1303,UAB,1115,1115,0,KJ Buffen with a defensive rebound.,NA,FALSE,FALSE,NA,NA,NA,NA,NA,NA,0,Florida Atlantic,UAB,79,NA,Justin Brown,Rongie Gordon,Tavin Lovan,Jamal Johnson,Quan Jackson,Alijah Martin,Bryan Greenlee,Vladislav Goldin,Everett Winchester,Brandon Weatherspoon
2021-22,2022-03-10,2439115,177,1,2,UAB,Florida Atlantic,Blazers,Owls,4,4,54,37,17,1303,UAB,1106,1106,9,Michael Ertel makes a 3-point jump shot from 22 feet out. KJ Buffen with the assist.,made,FALSE,TRUE,Jump Shot,47,4.849999999999994,1089760,Michael Ertel,KJ Buffen,0,UAB,Florida Atlantic,80,NA,Justin Brown,Rongie Gordon,Tavin Lovan,Jamal Johnson,Quan Jackson,Alijah Martin,Bryan Greenlee,Vladislav Goldin,Everett Winchester,Brandon Weatherspoon
2021-22,2022-03-10,2439115,178,1,2,UAB,Florida Atlantic,Blazers,Owls,4,4,54,37,17,1415,Florida Atlantic,1084,1084,22,Vladislav Goldin misses a jump shot from 7 feet out.,missed,FALSE,FALSE,Jump Shot,24.4,12.65,1241594,Vladislav Goldin,NA,0,Florida Atlantic,Florida Atlantic,81,NA,Justin Brown,Rongie Gordon,Tavin Lovan,Jamal Johnson,Quan Jackson,Alijah Martin,Bryan Greenlee,Vladislav Goldin,Everett Winchester,Brandon Weatherspoon
2021-22,2022-03-10,2439115,179,1,2,UAB,Florida Atlantic,Blazers,Owls,4,4,54,37,17,1415,Florida Atlantic,1084,1084,0,Bryan Greenlee with an offensive rebound.,NA,FALSE,FALSE,NA,NA,NA,NA,NA,NA,0,Florida Atlantic,Florida Atlantic,81,NA,Justin Brown,Rongie Gordon,Tavin Lovan,Jamal Johnson,Quan Jackson,Alijah Martin,Bryan Greenlee,Vladislav Goldin,Everett Winchester,Brandon Weatherspoon
2021-22,2022-03-10,2439115,180,1,2,UAB,Florida Atlantic,Blazers,Owls,4,4,54,37,17,1415,Florida Atlantic,1072,1072,12,Michael Forrest misses a 3-point jump shot from 24 feet out.,missed,FALSE,TRUE,Jump Shot,8.2,22.15,1134291,Michael Forrest,NA,0,Florida Atlantic,Florida Atlantic,81,NA,Justin Brown,Rongie Gordon,Tavin Lovan,Jamal Johnson,Quan Jackson,Alijah Martin,Bryan Greenlee,Vladislav Goldin,Everett Winchester,Brandon Weatherspoon
2021-22,2022-03-10,2439115,181,1,2,UAB,Florida Atlantic,Blazers,Owls,4,4,54,37,17,1415,Florida Atlantic,1072,1072,0,Alijah Martin with an offensive rebound.,NA,FALSE,FALSE,NA,NA,NA,NA,NA,NA,0,Florida Atlantic,Florida Atlantic,81,NA,Justin Brown,Rongie Gordon,Tavin Lovan,Jamal Johnson,Quan Jackson,Alijah Martin,Bryan Greenlee,Vladislav Goldin,Everett Winchester,Brandon Weatherspoon
2021-22,2022-03-10,2439115,182,1,2,UAB,Florida Atlantic,Blazers,Owls,4,4,54,37,17,1303,UAB,1068,1068,4,Personal foul committed by Trey Jemison.,NA,FALSE,FALSE,NA,NA,NA,NA,NA,NA,0,Florida Atlantic,Florida Atlantic,81,NA,Justin Brown,Rongie Gordon,Tavin Lovan,Jamal Johnson,Quan Jackson,Alijah Martin,Bryan Greenlee,Vladislav Goldin,Everett Winchester,Brandon Weatherspoon
2021-22,2022-03-10,2439115,183,1,2,UAB,Florida Atlantic,Blazers,Owls,4,4,54,37,17,1303,UAB,1068,1068,0,Substitution: Rongie Gordon in for Trey Jemison.,NA,FALSE,FALSE,NA,NA,NA,NA,NA,NA,1,NA,NA,NA,Sub already in game,Justin Brown,Rongie Gordon,Tavin Lovan,Jamal Johnson,Quan Jackson,Alijah Martin,Bryan Greenlee,Vladislav Goldin,Everett Winchester,Brandon Weatherspoon
2021-22,2022-03-10,2439115,184,1,2,UAB,Florida Atlantic,Blazers,Owls,4,4,54,39,15,1415,Florida Atlantic,1058,1058,10,Vladislav Goldin makes a hook shot from 5 feet out.,made,FALSE,FALSE,Hook Shot,24.2,10.45,1241594,Vladislav Goldin,NA,0,Florida Atlantic,UAB,81,NA,Justin Brown,Rongie Gordon,Tavin Lovan,Jamal Johnson,Quan Jackson,Alijah Martin,Bryan Greenlee,Vladislav Goldin,Everett Winchester,Brandon Weatherspoon
2021-22,2022-03-10,2439115,185,1,2,UAB,Florida Atlantic,Blazers,Owls,4,4,54,39,15,1303,UAB,1027,1027,31,Jordan Walker misses a 3-point jump shot from 24 feet out.,missed,FALSE,TRUE,Jump Shot,44.8,19.650000000000006,1175173,Jordan Walker,NA,0,UAB,UAB,82,NA,Justin Brown,Rongie Gordon,Tavin Lovan,Jamal Johnson,Quan Jackson,Alijah Martin,Bryan Greenlee,Vladislav Goldin,Everett Winchester,Brandon Weatherspoon
2021-22,2022-03-10,2439115,187,1,2,UAB,Florida Atlantic,Blazers,Owls,4,4,54,39,15,1415,Florida Atlantic,1026,1026,1,Personal foul committed by Vladislav Goldin.,NA,FALSE,FALSE,NA,NA,NA,NA,NA,NA,0,UAB,UAB,82,NA,Justin Brown,Rongie Gordon,Tavin Lovan,Jamal Johnson,Quan Jackson,Alijah Martin,Bryan Greenlee,Vladislav Goldin,Everett Winchester,Brandon Weatherspoon
2021-22,2022-03-10,2439115,188,1,2,UAB,Florida Atlantic,Blazers,Owls,4,4,54,39,15,1415,Florida Atlantic,1026,1026,0,Substitution: Giancarlo Rosado in for Everett Winchester.,NA,FALSE,FALSE,NA,NA,NA,NA,NA,NA,1,NA,NA,NA,NA,Justin Brown,Rongie Gordon,Tavin Lovan,Jamal Johnson,Quan Jackson,Alijah Martin,Bryan Greenlee,Vladislav Goldin,Giancarlo Rosado,Brandon Weatherspoon
2021-22,2022-03-10,2439115,189,1,2,UAB,Florida Atlantic,Blazers,Owls,4,4,54,39,15,1415,Florida Atlantic,1026,1026,0,Substitution: Johnell Davis in for Vladislav Goldin.,NA,FALSE,FALSE,NA,NA,NA,NA,NA,NA,1,NA,NA,NA,NA,Justin Brown,Rongie Gordon,Tavin Lovan,Jamal Johnson,Quan Jackson,Alijah Martin,Bryan Greenlee,Johnell Davis,Giancarlo Rosado,Brandon Weatherspoon
2021-22,2022-03-10,2439115,190,1,2,UAB,Florida Atlantic,Blazers,Owls,4,4,54,39,15,1303,UAB,1019,1019,7,Quan Jackson misses a 3-point jump shot from 23 feet out.,missed,FALSE,TRUE,Jump Shot,2.5,9.25,957568,Quan Jackson,NA,0,UAB,UAB,82,NA,Justin Brown,Rongie Gordon,Tavin Lovan,Jamal Johnson,Quan Jackson,Alijah Martin,Bryan Greenlee,Johnell Davis,Giancarlo Rosado,Brandon Weatherspoon
2021-22,2022-03-10,2439115,191,1,2,UAB,Florida Atlantic,Blazers,Owls,4,4,54,39,15,1303,UAB,1019,1019,0,Quan Jackson with an offensive rebound.,NA,FALSE,FALSE,NA,NA,NA,NA,NA,NA,0,UAB,UAB,82,NA,Justin Brown,Rongie Gordon,Tavin Lovan,Jamal Johnson,Quan Jackson,Alijah Martin,Bryan Greenlee,Johnell Davis,Giancarlo Rosado,Brandon Weatherspoon
2021-22,2022-03-10,2439115,192,1,2,UAB,Florida Atlantic,Blazers,Owls,4,4,56,39,17,1303,UAB,1010,1010,9,Quan Jackson makes a layup.,made,FALSE,FALSE,Layup Shot,25,5.25,957568,Quan Jackson,NA,0,UAB,Florida Atlantic,82,NA,Justin Brown,Rongie Gordon,Tavin Lovan,Jamal Johnson,Quan Jackson,Alijah Martin,Bryan Greenlee,Johnell Davis,Giancarlo Rosado,Brandon Weatherspoon
2021-22,2022-03-10,2439115,193,1,2,UAB,Florida Atlantic,Blazers,Owls,4,4,56,39,17,1415,Florida Atlantic,992,992,18,KJ Buffen steals the ball from Michael Forrest.,NA,FALSE,FALSE,NA,NA,NA,NA,NA,NA,0,Florida Atlantic,UAB,83,NA,Justin Brown,Rongie Gordon,Tavin Lovan,Jamal Johnson,Quan Jackson,Alijah Martin,Bryan Greenlee,Johnell Davis,Giancarlo Rosado,Brandon Weatherspoon
2021-22,2022-03-10,2439115,194,1,2,UAB,Florida Atlantic,Blazers,Owls,4,4,56,39,17,1415,Florida Atlantic,989,989,3,Shooting foul committed by Michael Forrest.,NA,FALSE,FALSE,NA,NA,NA,NA,NA,NA,0,UAB,UAB,84,NA,Justin Brown,Rongie Gordon,Tavin Lovan,Jamal Johnson,Quan Jackson,Alijah Martin,Bryan Greenlee,Johnell Davis,Giancarlo Rosado,Brandon Weatherspoon
2021-22,2022-03-10,2439115,195,1,2,UAB,Florida Atlantic,Blazers,Owls,4,4,57,39,18,1303,UAB,989,989,0,KJ Buffen makes free throw 1 of 2.,made,TRUE,FALSE,NA,NA,NA,NA,NA,NA,0,UAB,UAB,84,NA,Justin Brown,Rongie Gordon,Tavin Lovan,Jamal Johnson,Quan Jackson,Alijah Martin,Bryan Greenlee,Johnell Davis,Giancarlo Rosado,Brandon Weatherspoon
2021-22,2022-03-10,2439115,196,1,2,UAB,Florida Atlantic,Blazers,Owls,4,4,58,39,19,1303,UAB,989,989,0,KJ Buffen makes free throw 2 of 2.,made,TRUE,FALSE,NA,NA,NA,NA,NA,NA,0,UAB,Florida Atlantic,84,NA,Justin Brown,Rongie Gordon,Tavin Lovan,Jamal Johnson,Quan Jackson,Alijah Martin,Bryan Greenlee,Johnell Davis,Giancarlo Rosado,Brandon Weatherspoon
2021-22,2022-03-10,2439115,197,1,2,UAB,Florida Atlantic,Blazers,Owls,4,4,58,41,17,1415,Florida Atlantic,977,977,12,Johnell Davis makes a layup.,made,FALSE,FALSE,Layup Shot,26,6.25,1232341,Johnell Davis,NA,0,Florida Atlantic,UAB,85,NA,Justin Brown,Rongie Gordon,Tavin Lovan,Jamal Johnson,Quan Jackson,Alijah Martin,Bryan Greenlee,Johnell Davis,Giancarlo Rosado,Brandon Weatherspoon
2021-22,2022-03-10,2439115,198,1,2,UAB,Florida Atlantic,Blazers,Owls,4,4,58,41,17,1303,UAB,953,953,24,Bryan Greenlee steals the ball from Jordan Walker.,NA,FALSE,FALSE,NA,NA,NA,NA,NA,NA,0,UAB,Florida Atlantic,86,NA,Justin Brown,Rongie Gordon,Tavin Lovan,Jamal Johnson,Quan Jackson,Alijah Martin,Bryan Greenlee,Johnell Davis,Giancarlo Rosado,Brandon Weatherspoon
2021-22,2022-03-10,2439115,199,1,2,UAB,Florida Atlantic,Blazers,Owls,4,4,58,41,17,1303,UAB,950,950,3,Shooting foul committed by Michael Ertel.,NA,FALSE,FALSE,NA,NA,NA,NA,NA,NA,0,Florida Atlantic,Florida Atlantic,87,NA,Justin Brown,Rongie Gordon,Tavin Lovan,Jamal Johnson,Quan Jackson,Alijah Martin,Bryan Greenlee,Johnell Davis,Giancarlo Rosado,Brandon Weatherspoon
2021-22,2022-03-10,2439115,200,1,2,UAB,Florida Atlantic,Blazers,Owls,4,4,58,41,17,NA,NA,950,950,0,Official TV timeout.,NA,FALSE,FALSE,NA,NA,NA,NA,NA,NA,0,NA,NA,NA,NA,Justin Brown,Rongie Gordon,Tavin Lovan,Jamal Johnson,Quan Jackson,Alijah Martin,Bryan Greenlee,Johnell Davis,Giancarlo Rosado,Brandon Weatherspoon
2021-22,2022-03-10,2439115,201,1,2,UAB,Florida Atlantic,Blazers,Owls,4,4,58,42,16,1415,Florida Atlantic,950,950,0,Bryan Greenlee makes free throw 1 of 2.,made,TRUE,FALSE,NA,NA,NA,NA,NA,NA,0,Florida Atlantic,Florida Atlantic,87,NA,Justin Brown,Rongie Gordon,Tavin Lovan,Jamal Johnson,Quan Jackson,Alijah Martin,Bryan Greenlee,Johnell Davis,Giancarlo Rosado,Brandon Weatherspoon
2021-22,2022-03-10,2439115,202,1,2,UAB,Florida Atlantic,Blazers,Owls,4,4,58,42,16,1415,Florida Atlantic,950,950,0,Bryan Greenlee misses free throw 2 of 2.,missed,TRUE,FALSE,NA,NA,NA,NA,NA,NA,0,Florida Atlantic,Florida Atlantic,87,NA,Justin Brown,Rongie Gordon,Tavin Lovan,Jamal Johnson,Quan Jackson,Alijah Martin,Bryan Greenlee,Johnell Davis,Giancarlo Rosado,Brandon Weatherspoon
2021-22,2022-03-10,2439115,203,1,2,UAB,Florida Atlantic,Blazers,Owls,4,4,58,42,16,1415,Florida Atlantic,950,950,0,Johnell Davis with an offensive rebound.,NA,FALSE,FALSE,NA,NA,NA,NA,NA,NA,0,Florida Atlantic,Florida Atlantic,87,NA,Justin Brown,Rongie Gordon,Tavin Lovan,Jamal Johnson,Quan Jackson,Alijah Martin,Bryan Greenlee,Johnell Davis,Giancarlo Rosado,Brandon Weatherspoon
2021-22,2022-03-10,2439115,204,1,2,UAB,Florida Atlantic,Blazers,Owls,4,4,58,44,14,1415,Florida Atlantic,950,950,0,Johnell Davis makes a jump shot from 9 feet out.,made,FALSE,FALSE,Jump Shot,20.5,13.45,1232341,Johnell Davis,NA,0,Florida Atlantic,UAB,87,NA,Justin Brown,Rongie Gordon,Tavin Lovan,Jamal Johnson,Quan Jackson,Alijah Martin,Bryan Greenlee,Johnell Davis,Giancarlo Rosado,Brandon Weatherspoon
2021-22,2022-03-10,2439115,205,1,2,UAB,Florida Atlantic,Blazers,Owls,4,4,58,44,14,1303,UAB,935,935,15,Jordan Walker misses a jump shot from 16 feet out.,missed,FALSE,FALSE,Jump Shot,35.5,17.049999999999997,1175173,Jordan Walker,NA,0,UAB,UAB,88,NA,Justin Brown,Rongie Gordon,Tavin Lovan,Jamal Johnson,Quan Jackson,Alijah Martin,Bryan Greenlee,Johnell Davis,Giancarlo Rosado,Brandon Weatherspoon
2021-22,2022-03-10,2439115,206,1,2,UAB,Florida Atlantic,Blazers,Owls,4,4,58,44,14,1303,UAB,935,935,0,Quan Jackson with an offensive rebound.,NA,FALSE,FALSE,NA,NA,NA,NA,NA,NA,0,UAB,UAB,88,NA,Justin Brown,Rongie Gordon,Tavin Lovan,Jamal Johnson,Quan Jackson,Alijah Martin,Bryan Greenlee,Johnell Davis,Giancarlo Rosado,Brandon Weatherspoon
2021-22,2022-03-10,2439115,207,1,2,UAB,Florida Atlantic,Blazers,Owls,4,4,58,44,14,1415,Florida Atlantic,929,929,6,Shooting foul committed by Johnell Davis.,NA,FALSE,FALSE,NA,NA,NA,NA,NA,NA,0,UAB,UAB,88,NA,Justin Brown,Rongie Gordon,Tavin Lovan,Jamal Johnson,Quan Jackson,Alijah Martin,Bryan Greenlee,Johnell Davis,Giancarlo Rosado,Brandon Weatherspoon
2021-22,2022-03-10,2439115,208,1,2,UAB,Florida Atlantic,Blazers,Owls,4,4,59,44,15,1303,UAB,929,929,0,Quan Jackson makes free throw 1 of 2.,made,TRUE,FALSE,NA,NA,NA,NA,NA,NA,0,UAB,UAB,88,NA,Justin Brown,Rongie Gordon,Tavin Lovan,Jamal Johnson,Quan Jackson,Alijah Martin,Bryan Greenlee,Johnell Davis,Giancarlo Rosado,Brandon Weatherspoon
2021-22,2022-03-10,2439115,209,1,2,UAB,Florida Atlantic,Blazers,Owls,4,4,60,44,16,1303,UAB,929,929,0,Quan Jackson makes free throw 2 of 2.,made,TRUE,FALSE,NA,NA,NA,NA,NA,NA,0,UAB,Florida Atlantic,88,NA,Justin Brown,Rongie Gordon,Tavin Lovan,Jamal Johnson,Quan Jackson,Alijah Martin,Bryan Greenlee,Johnell Davis,Giancarlo Rosado,Brandon Weatherspoon
2021-22,2022-03-10,2439115,210,1,2,UAB,Florida Atlantic,Blazers,Owls,4,4,60,44,16,1415,Florida Atlantic,912,912,17,Johnell Davis misses a 3-point jump shot from 25 feet out.,missed,FALSE,TRUE,Jump Shot,5.5,20.45,1232341,Johnell Davis,NA,0,Florida Atlantic,Florida Atlantic,89,NA,Justin Brown,Rongie Gordon,Tavin Lovan,Jamal Johnson,Quan Jackson,Alijah Martin,Bryan Greenlee,Johnell Davis,Giancarlo Rosado,Brandon Weatherspoon
2021-22,2022-03-10,2439115,211,1,2,UAB,Florida Atlantic,Blazers,Owls,4,4,60,44,16,1303,UAB,912,912,0,KJ Buffen with a defensive rebound.,NA,FALSE,FALSE,NA,NA,NA,NA,NA,NA,0,Florida Atlantic,UAB,89,NA,Justin Brown,Rongie Gordon,Tavin Lovan,Jamal Johnson,Quan Jackson,Alijah Martin,Bryan Greenlee,Johnell Davis,Giancarlo Rosado,Brandon Weatherspoon
2021-22,2022-03-10,2439115,212,1,2,UAB,Florida Atlantic,Blazers,Owls,4,4,60,44,16,1415,Florida Atlantic,900,900,12,Substitution: Bitumba Baruti in for Johnell Davis.,NA,FALSE,FALSE,NA,NA,NA,NA,NA,NA,1,NA,NA,NA,NA,Justin Brown,Rongie Gordon,Tavin Lovan,Jamal Johnson,Quan Jackson,Alijah Martin,Bryan Greenlee,Bitumba Baruti,Giancarlo Rosado,Brandon Weatherspoon
2021-22,2022-03-10,2439115,213,1,2,UAB,Florida Atlantic,Blazers,Owls,4,4,62,44,18,1303,UAB,891,891,9,KJ Buffen makes a layup. Quan Jackson with the assist.,made,FALSE,FALSE,Layup Shot,26,6.25,1134184,KJ Buffen,Quan Jackson,0,UAB,Florida Atlantic,90,NA,Justin Brown,Rongie Gordon,Tavin Lovan,Jamal Johnson,Quan Jackson,Alijah Martin,Bryan Greenlee,Bitumba Baruti,Giancarlo Rosado,Brandon Weatherspoon
2021-22,2022-03-10,2439115,214,1,2,UAB,Florida Atlantic,Blazers,Owls,4,4,62,44,18,1303,UAB,867,867,24,Shooting foul committed by Rongie Gordon.,NA,FALSE,FALSE,NA,NA,NA,NA,NA,NA,0,Florida Atlantic,Florida Atlantic,91,NA,Justin Brown,Rongie Gordon,Tavin Lovan,Jamal Johnson,Quan Jackson,Alijah Martin,Bryan Greenlee,Bitumba Baruti,Giancarlo Rosado,Brandon Weatherspoon
2021-22,2022-03-10,2439115,215,1,2,UAB,Florida Atlantic,Blazers,Owls,4,4,62,44,18,1415,Florida Atlantic,867,867,0,Giancarlo Rosado misses free throw 1 of 2.,missed,TRUE,FALSE,NA,NA,NA,NA,NA,NA,0,Florida Atlantic,Florida Atlantic,91,NA,Justin Brown,Rongie Gordon,Tavin Lovan,Jamal Johnson,Quan Jackson,Alijah Martin,Bryan Greenlee,Bitumba Baruti,Giancarlo Rosado,Brandon Weatherspoon
2021-22,2022-03-10,2439115,217,1,2,UAB,Florida Atlantic,Blazers,Owls,4,4,62,45,17,1415,Florida Atlantic,867,867,0,Giancarlo Rosado makes free throw 2 of 2.,made,TRUE,FALSE,NA,NA,NA,NA,NA,NA,0,Florida Atlantic,UAB,91,NA,Justin Brown,Rongie Gordon,Tavin Lovan,Jamal Johnson,Quan Jackson,Alijah Martin,Bryan Greenlee,Bitumba Baruti,Giancarlo Rosado,Brandon Weatherspoon
2021-22,2022-03-10,2439115,218,1,2,UAB,Florida Atlantic,Blazers,Owls,4,4,62,45,17,1303,UAB,848,848,19,Jordan Walker misses a 3-point jump shot from 24 feet out.,missed,FALSE,TRUE,Jump Shot,14.700000000000003,26.549999999999997,1175173,Jordan Walker,NA,0,UAB,UAB,92,NA,Justin Brown,Rongie Gordon,Tavin Lovan,Jamal Johnson,Quan Jackson,Alijah Martin,Bryan Greenlee,Bitumba Baruti,Giancarlo Rosado,Brandon Weatherspoon
2021-22,2022-03-10,2439115,219,1,2,UAB,Florida Atlantic,Blazers,Owls,4,4,62,45,17,1415,Florida Atlantic,848,848,0,Giancarlo Rosado with a defensive rebound.,NA,FALSE,FALSE,NA,NA,NA,NA,NA,NA,0,UAB,Florida Atlantic,92,NA,Justin Brown,Rongie Gordon,Tavin Lovan,Jamal Johnson,Quan Jackson,Alijah Martin,Bryan Greenlee,Bitumba Baruti,Giancarlo Rosado,Brandon Weatherspoon
2021-22,2022-03-10,2439115,220,1,2,UAB,Florida Atlantic,Blazers,Owls,4,4,62,45,17,1415,Florida Atlantic,841,841,7,Jordan Walker steals the ball from Bryan Greenlee.,NA,FALSE,FALSE,NA,NA,NA,NA,NA,NA,0,Florida Atlantic,UAB,93,NA,Justin Brown,Rongie Gordon,Tavin Lovan,Jamal Johnson,Quan Jackson,Alijah Martin,Bryan Greenlee,Bitumba Baruti,Giancarlo Rosado,Brandon Weatherspoon
2021-22,2022-03-10,2439115,221,1,2,UAB,Florida Atlantic,Blazers,Owls,4,4,62,45,17,1415,Florida Atlantic,841,841,0,Substitution: Everett Winchester in for Bryan Greenlee.,NA,FALSE,FALSE,NA,NA,NA,NA,NA,NA,1,NA,NA,NA,NA,Justin Brown,Rongie Gordon,Tavin Lovan,Jamal Johnson,Quan Jackson,Alijah Martin,Everett Winchester,Bitumba Baruti,Giancarlo Rosado,Brandon Weatherspoon
2021-22,2022-03-10,2439115,222,1,2,UAB,Florida Atlantic,Blazers,Owls,4,4,62,45,17,1303,UAB,826,826,15,Alijah Martin blocks a Jordan Walker 3-point jump shot from 25 feet out.,missed,FALSE,TRUE,Jump Shot,27.3,30.15,1175173,Jordan Walker,NA,0,UAB,UAB,94,NA,Justin Brown,Rongie Gordon,Tavin Lovan,Jamal Johnson,Quan Jackson,Alijah Martin,Everett Winchester,Bitumba Baruti,Giancarlo Rosado,Brandon Weatherspoon
2021-22,2022-03-10,2439115,224,1,2,UAB,Florida Atlantic,Blazers,Owls,4,4,62,45,17,1415,Florida Atlantic,826,826,0,Personal foul committed by Alijah Martin.,NA,FALSE,FALSE,NA,NA,NA,NA,NA,NA,0,UAB,UAB,94,NA,Justin Brown,Rongie Gordon,Tavin Lovan,Jamal Johnson,Quan Jackson,Alijah Martin,Everett Winchester,Bitumba Baruti,Giancarlo Rosado,Brandon Weatherspoon
2021-22,2022-03-10,2439115,225,1,2,UAB,Florida Atlantic,Blazers,Owls,4,4,63,45,18,1303,UAB,826,826,0,Jordan Walker makes free throw 1 of 2.,made,TRUE,FALSE,NA,NA,NA,NA,NA,NA,0,UAB,UAB,94,NA,Justin Brown,Rongie Gordon,Tavin Lovan,Jamal Johnson,Quan Jackson,Alijah Martin,Everett Winchester,Bitumba Baruti,Giancarlo Rosado,Brandon Weatherspoon
2021-22,2022-03-10,2439115,226,1,2,UAB,Florida Atlantic,Blazers,Owls,4,4,64,45,19,1303,UAB,826,826,0,Jordan Walker makes free throw 2 of 2.,made,TRUE,FALSE,NA,NA,NA,NA,NA,NA,0,UAB,Florida Atlantic,94,NA,Justin Brown,Rongie Gordon,Tavin Lovan,Jamal Johnson,Quan Jackson,Alijah Martin,Everett Winchester,Bitumba Baruti,Giancarlo Rosado,Brandon Weatherspoon
2021-22,2022-03-10,2439115,227,1,2,UAB,Florida Atlantic,Blazers,Owls,4,4,64,45,19,1303,UAB,826,826,0,Substitution: Tony Toney in for Jordan Walker.,NA,FALSE,FALSE,NA,NA,NA,NA,NA,NA,1,NA,NA,NA,Player leaving not previously in game,Justin Brown,Rongie Gordon,Tavin Lovan,Jamal Johnson,Quan Jackson,Alijah Martin,Everett Winchester,Bitumba Baruti,Giancarlo Rosado,Brandon Weatherspoon
2021-22,2022-03-10,2439115,228,1,2,UAB,Florida Atlantic,Blazers,Owls,4,4,64,45,19,1415,Florida Atlantic,826,826,0,Substitution: Brandon Weatherspoon in for Bitumba Baruti.,NA,FALSE,FALSE,NA,NA,NA,NA,NA,NA,1,NA,NA,NA,Sub already in game,Justin Brown,Rongie Gordon,Tavin Lovan,Jamal Johnson,Quan Jackson,Alijah Martin,Everett Winchester,Bitumba Baruti,Giancarlo Rosado,Brandon Weatherspoon
2021-22,2022-03-10,2439115,229,1,2,UAB,Florida Atlantic,Blazers,Owls,4,4,67,45,22,1303,UAB,806,806,20,Michael Ertel makes a 3-point jump shot from 24 feet out.,made,FALSE,TRUE,Jump Shot,23.7,29.150000000000006,1089760,Michael Ertel,NA,0,UAB,Florida Atlantic,95,NA,Justin Brown,Rongie Gordon,Tavin Lovan,Jamal Johnson,Quan Jackson,Alijah Martin,Everett Winchester,Bitumba Baruti,Giancarlo Rosado,Brandon Weatherspoon
2021-22,2022-03-10,2439115,230,1,2,UAB,Florida Atlantic,Blazers,Owls,4,4,67,45,22,1415,Florida Atlantic,801,801,5,Alijah Martin misses a 3-point jump shot from 24 feet out.,missed,FALSE,TRUE,Jump Shot,36.8,25.75,1232344,Alijah Martin,NA,0,Florida Atlantic,Florida Atlantic,96,NA,Justin Brown,Rongie Gordon,Tavin Lovan,Jamal Johnson,Quan Jackson,Alijah Martin,Everett Winchester,Bitumba Baruti,Giancarlo Rosado,Brandon Weatherspoon
2021-22,2022-03-10,2439115,231,1,2,UAB,Florida Atlantic,Blazers,Owls,4,4,67,45,22,1415,Florida Atlantic,801,801,0,Giancarlo Rosado with an offensive rebound.,NA,FALSE,FALSE,NA,NA,NA,NA,NA,NA,0,Florida Atlantic,Florida Atlantic,96,NA,Justin Brown,Rongie Gordon,Tavin Lovan,Jamal Johnson,Quan Jackson,Alijah Martin,Everett Winchester,Bitumba Baruti,Giancarlo Rosado,Brandon Weatherspoon
2021-22,2022-03-10,2439115,232,1,2,UAB,Florida Atlantic,Blazers,Owls,4,4,67,45,22,1303,UAB,797,797,4,Shooting foul committed by KJ Buffen.,NA,FALSE,FALSE,NA,NA,NA,NA,NA,NA,0,Florida Atlantic,Florida Atlantic,96,NA,Justin Brown,Rongie Gordon,Tavin Lovan,Jamal Johnson,Quan Jackson,Alijah Martin,Everett Winchester,Bitumba Baruti,Giancarlo Rosado,Brandon Weatherspoon
2021-22,2022-03-10,2439115,233,1,2,UAB,Florida Atlantic,Blazers,Owls,4,4,67,45,22,1415,Florida Atlantic,797,797,0,Giancarlo Rosado misses free throw 1 of 2.,missed,TRUE,FALSE,NA,NA,NA,NA,NA,NA,0,Florida Atlantic,Florida Atlantic,96,NA,Justin Brown,Rongie Gordon,Tavin Lovan,Jamal Johnson,Quan Jackson,Alijah Martin,Everett Winchester,Bitumba Baruti,Giancarlo Rosado,Brandon Weatherspoon
2021-22,2022-03-10,2439115,235,1,2,UAB,Florida Atlantic,Blazers,Owls,4,4,67,46,21,1415,Florida Atlantic,797,797,0,Giancarlo Rosado makes free throw 2 of 2.,made,TRUE,FALSE,NA,NA,NA,NA,NA,NA,0,Florida Atlantic,UAB,96,NA,Justin Brown,Rongie Gordon,Tavin Lovan,Jamal Johnson,Quan Jackson,Alijah Martin,Everett Winchester,Bitumba Baruti,Giancarlo Rosado,Brandon Weatherspoon
2021-22,2022-03-10,2439115,236,1,2,UAB,Florida Atlantic,Blazers,Owls,4,4,67,46,21,1303,UAB,784,784,13,Brandon Weatherspoon steals the ball from Quan Jackson.,NA,FALSE,FALSE,NA,NA,NA,NA,NA,NA,0,UAB,Florida Atlantic,97,NA,Justin Brown,Rongie Gordon,Tavin Lovan,Jamal Johnson,Quan Jackson,Alijah Martin,Everett Winchester,Bitumba Baruti,Giancarlo Rosado,Brandon Weatherspoon
2021-22,2022-03-10,2439115,237,1,2,UAB,Florida Atlantic,Blazers,Owls,4,4,67,49,18,1415,Florida Atlantic,775,775,9,Michael Forrest makes a 3-point jump shot from 24 feet out. Everett Winchester with the assist.,made,FALSE,TRUE,Jump Shot,11.6,24.75,1134291,Michael Forrest,Everett Winchester,0,Florida Atlantic,UAB,98,NA,Justin Brown,Rongie Gordon,Tavin Lovan,Jamal Johnson,Quan Jackson,Alijah Martin,Everett Winchester,Bitumba Baruti,Giancarlo Rosado,Brandon Weatherspoon
2021-22,2022-03-10,2439115,238,1,2,UAB,Florida Atlantic,Blazers,Owls,4,4,67,49,18,1303,UAB,757,757,18,Brandon Weatherspoon steals the ball from KJ Buffen.,NA,FALSE,FALSE,NA,NA,NA,NA,NA,NA,0,UAB,Florida Atlantic,99,NA,Justin Brown,Rongie Gordon,Tavin Lovan,Jamal Johnson,Quan Jackson,Alijah Martin,Everett Winchester,Bitumba Baruti,Giancarlo Rosado,Brandon Weatherspoon
2021-22,2022-03-10,2439115,239,1,2,UAB,Florida Atlantic,Blazers,Owls,4,4,67,49,18,1303,UAB,742,742,15,Shooting foul committed by Tony Toney.,NA,FALSE,FALSE,NA,NA,NA,NA,NA,NA,0,Florida Atlantic,Florida Atlantic,100,NA,Justin Brown,Rongie Gordon,Tavin Lovan,Jamal Johnson,Quan Jackson,Alijah Martin,Everett Winchester,Bitumba Baruti,Giancarlo Rosado,Brandon Weatherspoon
2021-22,2022-03-10,2439115,240,1,2,UAB,Florida Atlantic,Blazers,Owls,4,4,67,49,18,1303,UAB,742,742,0,Substitution: Tavin Lovan in for Tony Toney.,NA,FALSE,FALSE,NA,NA,NA,NA,NA,NA,1,NA,NA,NA,Sub already in game,Justin Brown,Rongie Gordon,Tavin Lovan,Jamal Johnson,Quan Jackson,Alijah Martin,Everett Winchester,Bitumba Baruti,Giancarlo Rosado,Brandon Weatherspoon
2021-22,2022-03-10,2439115,241,1,2,UAB,Florida Atlantic,Blazers,Owls,4,4,67,49,18,1303,UAB,742,742,0,Substitution: Trey Jemison in for Rongie Gordon.,NA,FALSE,FALSE,NA,NA,NA,NA,NA,NA,1,NA,NA,NA,NA,Justin Brown,Trey Jemison,Tavin Lovan,Jamal Johnson,Quan Jackson,Alijah Martin,Everett Winchester,Bitumba Baruti,Giancarlo Rosado,Brandon Weatherspoon
2021-22,2022-03-10,2439115,242,1,2,UAB,Florida Atlantic,Blazers,Owls,4,4,67,50,17,1415,Florida Atlantic,742,742,0,Alijah Martin makes free throw 1 of 1.,made,TRUE,FALSE,NA,NA,NA,NA,NA,NA,0,Florida Atlantic,UAB,100,NA,Justin Brown,Trey Jemison,Tavin Lovan,Jamal Johnson,Quan Jackson,Alijah Martin,Everett Winchester,Bitumba Baruti,Giancarlo Rosado,Brandon Weatherspoon
2021-22,2022-03-10,2439115,243,1,2,UAB,Florida Atlantic,Blazers,Owls,4,4,67,52,15,1415,Florida Atlantic,741,741,1,Alijah Martin makes a layup. Giancarlo Rosado with the assist.,made,FALSE,FALSE,Layup Shot,26,6.25,1232344,Alijah Martin,Giancarlo Rosado,0,Florida Atlantic,UAB,101,NA,Justin Brown,Trey Jemison,Tavin Lovan,Jamal Johnson,Quan Jackson,Alijah Martin,Everett Winchester,Bitumba Baruti,Giancarlo Rosado,Brandon Weatherspoon
2021-22,2022-03-10,2439115,244,1,2,UAB,Florida Atlantic,Blazers,Owls,4,4,67,52,15,1303,UAB,723,723,18,KJ Buffen misses a layup.,missed,FALSE,FALSE,Layup Shot,25,5.25,1134184,KJ Buffen,NA,0,UAB,UAB,102,NA,Justin Brown,Trey Jemison,Tavin Lovan,Jamal Johnson,Quan Jackson,Alijah Martin,Everett Winchester,Bitumba Baruti,Giancarlo Rosado,Brandon Weatherspoon
2021-22,2022-03-10,2439115,245,1,2,UAB,Florida Atlantic,Blazers,Owls,4,4,67,52,15,1303,UAB,723,723,0,Trey Jemison with an offensive rebound.,NA,FALSE,FALSE,NA,NA,NA,NA,NA,NA,0,UAB,UAB,102,NA,Justin Brown,Trey Jemison,Tavin Lovan,Jamal Johnson,Quan Jackson,Alijah Martin,Everett Winchester,Bitumba Baruti,Giancarlo Rosado,Brandon Weatherspoon
2021-22,2022-03-10,2439115,246,1,2,UAB,Florida Atlantic,Blazers,Owls,4,4,67,52,15,1303,UAB,719,719,4,Trey Jemison with a turnover - Lost Ball,NA,FALSE,FALSE,NA,NA,NA,NA,NA,NA,0,UAB,Florida Atlantic,102,NA,Justin Brown,Trey Jemison,Tavin Lovan,Jamal Johnson,Quan Jackson,Alijah Martin,Everett Winchester,Bitumba Baruti,Giancarlo Rosado,Brandon Weatherspoon
2021-22,2022-03-10,2439115,247,1,2,UAB,Florida Atlantic,Blazers,Owls,4,4,67,52,15,NA,NA,719,719,0,Official TV timeout.,NA,FALSE,FALSE,NA,NA,NA,NA,NA,NA,0,NA,NA,NA,NA,Justin Brown,Trey Jemison,Tavin Lovan,Jamal Johnson,Quan Jackson,Alijah Martin,Everett Winchester,Bitumba Baruti,Giancarlo Rosado,Brandon Weatherspoon
2021-22,2022-03-10,2439115,248,1,2,UAB,Florida Atlantic,Blazers,Owls,4,4,67,52,15,1303,UAB,719,719,0,Substitution: Jordan Walker in for Quan Jackson.,NA,FALSE,FALSE,NA,NA,NA,NA,NA,NA,1,NA,NA,NA,NA,Justin Brown,Trey Jemison,Tavin Lovan,Jamal Johnson,Jordan Walker,Alijah Martin,Everett Winchester,Bitumba Baruti,Giancarlo Rosado,Brandon Weatherspoon
2021-22,2022-03-10,2439115,249,1,2,UAB,Florida Atlantic,Blazers,Owls,4,4,67,52,15,1415,Florida Atlantic,710,710,9,Offensive foul committed by Alijah Martin.,NA,FALSE,FALSE,NA,NA,NA,NA,NA,NA,0,Florida Atlantic,Florida Atlantic,103,NA,Justin Brown,Trey Jemison,Tavin Lovan,Jamal Johnson,Jordan Walker,Alijah Martin,Everett Winchester,Bitumba Baruti,Giancarlo Rosado,Brandon Weatherspoon
2021-22,2022-03-10,2439115,250,1,2,UAB,Florida Atlantic,Blazers,Owls,4,4,67,52,15,1415,Florida Atlantic,710,710,0,Alijah Martin with a turnover,NA,FALSE,FALSE,NA,NA,NA,NA,NA,NA,0,Florida Atlantic,UAB,103,NA,Justin Brown,Trey Jemison,Tavin Lovan,Jamal Johnson,Jordan Walker,Alijah Martin,Everett Winchester,Bitumba Baruti,Giancarlo Rosado,Brandon Weatherspoon
2021-22,2022-03-10,2439115,251,1,2,UAB,Florida Atlantic,Blazers,Owls,4,4,67,52,15,1303,UAB,693,693,17,Everett Winchester blocks a Tavin Lovan layup.,missed,FALSE,FALSE,Layup Shot,26,6.25,1134575,Tavin Lovan,NA,0,UAB,UAB,104,NA,Justin Brown,Trey Jemison,Tavin Lovan,Jamal Johnson,Jordan Walker,Alijah Martin,Everett Winchester,Bitumba Baruti,Giancarlo Rosado,Brandon Weatherspoon
2021-22,2022-03-10,2439115,252,1,2,UAB,Florida Atlantic,Blazers,Owls,4,4,67,52,15,1303,UAB,693,693,0,Trey Jemison with an offensive rebound.,NA,FALSE,FALSE,NA,NA,NA,NA,NA,NA,0,UAB,UAB,104,NA,Justin Brown,Trey Jemison,Tavin Lovan,Jamal Johnson,Jordan Walker,Alijah Martin,Everett Winchester,Bitumba Baruti,Giancarlo Rosado,Brandon Weatherspoon
2021-22,2022-03-10,2439115,253,1,2,UAB,Florida Atlantic,Blazers,Owls,4,4,67,52,15,1303,UAB,688,688,5,Giancarlo Rosado steals the ball from Trey Jemison.,NA,FALSE,FALSE,NA,NA,NA,NA,NA,NA,0,UAB,Florida Atlantic,104,NA,Justin Brown,Trey Jemison,Tavin Lovan,Jamal Johnson,Jordan Walker,Alijah Martin,Everett Winchester,Bitumba Baruti,Giancarlo Rosado,Brandon Weatherspoon
2021-22,2022-03-10,2439115,254,1,2,UAB,Florida Atlantic,Blazers,Owls,4,4,67,52,15,1415,Florida Atlantic,672,672,16,Everett Winchester misses a hook shot from 8 feet out.,missed,FALSE,FALSE,Hook Shot,23.6,13.35,952515,Everett Winchester,NA,0,Florida Atlantic,Florida Atlantic,105,NA,Justin Brown,Trey Jemison,Tavin Lovan,Jamal Johnson,Jordan Walker,Alijah Martin,Everett Winchester,Bitumba Baruti,Giancarlo Rosado,Brandon Weatherspoon
2021-22,2022-03-10,2439115,255,1,2,UAB,Florida Atlantic,Blazers,Owls,4,4,67,52,15,1415,Florida Atlantic,672,672,0,Alijah Martin with an offensive rebound.,NA,FALSE,FALSE,NA,NA,NA,NA,NA,NA,0,Florida Atlantic,Florida Atlantic,105,NA,Justin Brown,Trey Jemison,Tavin Lovan,Jamal Johnson,Jordan Walker,Alijah Martin,Everett Winchester,Bitumba Baruti,Giancarlo Rosado,Brandon Weatherspoon
2021-22,2022-03-10,2439115,256,1,2,UAB,Florida Atlantic,Blazers,Owls,4,4,67,52,15,1415,Florida Atlantic,663,663,9,Brandon Weatherspoon misses a 3-point jump shot from 24 feet out.,missed,FALSE,TRUE,Jump Shot,14.5,27.25,1345023,Brandon Weatherspoon,NA,0,Florida Atlantic,Florida Atlantic,105,NA,Justin Brown,Trey Jemison,Tavin Lovan,Jamal Johnson,Jordan Walker,Alijah Martin,Everett Winchester,Bitumba Baruti,Giancarlo Rosado,Brandon Weatherspoon
2021-22,2022-03-10,2439115,257,1,2,UAB,Florida Atlantic,Blazers,Owls,4,4,67,52,15,1303,UAB,663,663,0,Michael Ertel with a defensive rebound.,NA,FALSE,FALSE,NA,NA,NA,NA,NA,NA,0,Florida Atlantic,UAB,105,NA,Justin Brown,Trey Jemison,Tavin Lovan,Jamal Johnson,Jordan Walker,Alijah Martin,Everett Winchester,Bitumba Baruti,Giancarlo Rosado,Brandon Weatherspoon
2021-22,2022-03-10,2439115,258,1,2,UAB,Florida Atlantic,Blazers,Owls,4,4,67,52,15,1303,UAB,659,659,4,Michael Ertel misses a 3-point jump shot from 24 feet out.,missed,FALSE,TRUE,Jump Shot,43.8,19.950000000000003,1089760,Michael Ertel,NA,0,UAB,UAB,106,NA,Justin Brown,Trey Jemison,Tavin Lovan,Jamal Johnson,Jordan Walker,Alijah Martin,Everett Winchester,Bitumba Baruti,Giancarlo Rosado,Brandon Weatherspoon
2021-22,2022-03-10,2439115,259,1,2,UAB,Florida Atlantic,Blazers,Owls,4,4,67,52,15,1415,Florida Atlantic,659,659,0,Michael Forrest with a defensive rebound.,NA,FALSE,FALSE,NA,NA,NA,NA,NA,NA,0,UAB,Florida Atlantic,106,NA,Justin Brown,Trey Jemison,Tavin Lovan,Jamal Johnson,Jordan Walker,Alijah Martin,Everett Winchester,Bitumba Baruti,Giancarlo Rosado,Brandon Weatherspoon
2021-22,2022-03-10,2439115,260,1,2,UAB,Florida Atlantic,Blazers,Owls,4,4,67,55,12,1415,Florida Atlantic,642,642,17,Michael Forrest makes a 3-point jump shot from 25 feet out. Giancarlo Rosado with the assist.,made,FALSE,TRUE,Jump Shot,35.8,27.25,1134291,Michael Forrest,Giancarlo Rosado,0,Florida Atlantic,UAB,107,NA,Justin Brown,Trey Jemison,Tavin Lovan,Jamal Johnson,Jordan Walker,Alijah Martin,Everett Winchester,Bitumba Baruti,Giancarlo Rosado,Brandon Weatherspoon
2021-22,2022-03-10,2439115,261,1,2,UAB,Florida Atlantic,Blazers,Owls,4,4,67,55,12,1303,UAB,618,618,24,Jordan Walker misses a 3-point jump shot from 25 feet out.,missed,FALSE,TRUE,Jump Shot,34.8,28.25,1175173,Jordan Walker,NA,0,UAB,UAB,108,NA,Justin Brown,Trey Jemison,Tavin Lovan,Jamal Johnson,Jordan Walker,Alijah Martin,Everett Winchester,Bitumba Baruti,Giancarlo Rosado,Brandon Weatherspoon
2021-22,2022-03-10,2439115,262,1,2,UAB,Florida Atlantic,Blazers,Owls,4,4,67,55,12,1415,Florida Atlantic,618,618,0,Michael Forrest with a defensive rebound.,NA,FALSE,FALSE,NA,NA,NA,NA,NA,NA,0,UAB,Florida Atlantic,108,NA,Justin Brown,Trey Jemison,Tavin Lovan,Jamal Johnson,Jordan Walker,Alijah Martin,Everett Winchester,Bitumba Baruti,Giancarlo Rosado,Brandon Weatherspoon
2021-22,2022-03-10,2439115,263,1,2,UAB,Florida Atlantic,Blazers,Owls,4,4,67,55,12,1303,UAB,594,594,24,Personal foul committed by Trey Jemison.,NA,FALSE,FALSE,NA,NA,NA,NA,NA,NA,0,Florida Atlantic,Florida Atlantic,109,NA,Justin Brown,Trey Jemison,Tavin Lovan,Jamal Johnson,Jordan Walker,Alijah Martin,Everett Winchester,Bitumba Baruti,Giancarlo Rosado,Brandon Weatherspoon
2021-22,2022-03-10,2439115,264,1,2,UAB,Florida Atlantic,Blazers,Owls,4,4,67,55,12,1303,UAB,594,594,0,Substitution: Justin Brown in for Michael Ertel.,NA,FALSE,FALSE,NA,NA,NA,NA,NA,NA,1,NA,NA,NA,Sub already in game,Justin Brown,Trey Jemison,Tavin Lovan,Jamal Johnson,Jordan Walker,Alijah Martin,Everett Winchester,Bitumba Baruti,Giancarlo Rosado,Brandon Weatherspoon
2021-22,2022-03-10,2439115,265,1,2,UAB,Florida Atlantic,Blazers,Owls,4,4,67,55,12,1303,UAB,594,594,0,Substitution: Quan Jackson in for KJ Buffen.,NA,FALSE,FALSE,NA,NA,NA,NA,NA,NA,1,NA,NA,NA,Player leaving not previously in game,Justin Brown,Trey Jemison,Tavin Lovan,Jamal Johnson,Jordan Walker,Alijah Martin,Everett Winchester,Bitumba Baruti,Giancarlo Rosado,Brandon Weatherspoon
2021-22,2022-03-10,2439115,266,1,2,UAB,Florida Atlantic,Blazers,Owls,4,4,67,55,12,1415,Florida Atlantic,585,585,9,Michael Forrest with a turnover - Lost Ball,NA,FALSE,FALSE,NA,NA,NA,NA,NA,NA,0,Florida Atlantic,UAB,109,NA,Justin Brown,Trey Jemison,Tavin Lovan,Jamal Johnson,Jordan Walker,Alijah Martin,Everett Winchester,Bitumba Baruti,Giancarlo Rosado,Brandon Weatherspoon
2021-22,2022-03-10,2439115,267,1,2,UAB,Florida Atlantic,Blazers,Owls,4,4,67,55,12,1303,UAB,585,585,0,Substitution: Rongie Gordon in for Trey Jemison.,NA,FALSE,FALSE,NA,NA,NA,NA,NA,NA,1,NA,NA,NA,NA,Justin Brown,Rongie Gordon,Tavin Lovan,Jamal Johnson,Jordan Walker,Alijah Martin,Everett Winchester,Bitumba Baruti,Giancarlo Rosado,Brandon Weatherspoon
2021-22,2022-03-10,2439115,268,1,2,UAB,Florida Atlantic,Blazers,Owls,4,4,70,55,15,1303,UAB,565,565,20,Justin Brown makes a 3-point jump shot from 23 feet out. Jordan Walker with the assist.,made,FALSE,TRUE,Jump Shot,16.9,27.049999999999997,1060758,Justin Brown,Jordan Walker,0,UAB,Florida Atlantic,110,NA,Justin Brown,Rongie Gordon,Tavin Lovan,Jamal Johnson,Jordan Walker,Alijah Martin,Everett Winchester,Bitumba Baruti,Giancarlo Rosado,Brandon Weatherspoon
2021-22,2022-03-10,2439115,269,1,2,UAB,Florida Atlantic,Blazers,Owls,4,4,70,55,15,1415,Florida Atlantic,550,550,15,Jordan Walker steals the ball from Alijah Martin.,NA,FALSE,FALSE,NA,NA,NA,NA,NA,NA,0,Florida Atlantic,UAB,111,NA,Justin Brown,Rongie Gordon,Tavin Lovan,Jamal Johnson,Jordan Walker,Alijah Martin,Everett Winchester,Bitumba Baruti,Giancarlo Rosado,Brandon Weatherspoon
2021-22,2022-03-10,2439115,270,1,2,UAB,Florida Atlantic,Blazers,Owls,4,4,70,55,15,1303,UAB,543,543,7,Quan Jackson misses a layup.,missed,FALSE,FALSE,Layup Shot,26,6.25,957568,Quan Jackson,NA,0,UAB,UAB,112,NA,Justin Brown,Rongie Gordon,Tavin Lovan,Jamal Johnson,Jordan Walker,Alijah Martin,Everett Winchester,Bitumba Baruti,Giancarlo Rosado,Brandon Weatherspoon
2021-22,2022-03-10,2439115,271,1,2,UAB,Florida Atlantic,Blazers,Owls,4,4,70,55,15,1415,Florida Atlantic,543,543,0,Vladislav Goldin with a defensive rebound.,NA,FALSE,FALSE,NA,NA,NA,NA,NA,NA,0,UAB,Florida Atlantic,112,NA,Justin Brown,Rongie Gordon,Tavin Lovan,Jamal Johnson,Jordan Walker,Alijah Martin,Everett Winchester,Bitumba Baruti,Giancarlo Rosado,Brandon Weatherspoon
2021-22,2022-03-10,2439115,272,1,2,UAB,Florida Atlantic,Blazers,Owls,4,4,70,55,15,1415,Florida Atlantic,537,537,6,Alijah Martin misses a 3-point jump shot from 25 feet out.,missed,FALSE,TRUE,Jump Shot,13.9,27.05,1232344,Alijah Martin,NA,0,Florida Atlantic,Florida Atlantic,113,NA,Justin Brown,Rongie Gordon,Tavin Lovan,Jamal Johnson,Jordan Walker,Alijah Martin,Everett Winchester,Bitumba Baruti,Giancarlo Rosado,Brandon Weatherspoon
2021-22,2022-03-10,2439115,273,1,2,UAB,Florida Atlantic,Blazers,Owls,4,4,70,55,15,1303,UAB,537,537,0,Justin Brown with a defensive rebound.,NA,FALSE,FALSE,NA,NA,NA,NA,NA,NA,0,Florida Atlantic,UAB,113,NA,Justin Brown,Rongie Gordon,Tavin Lovan,Jamal Johnson,Jordan Walker,Alijah Martin,Everett Winchester,Bitumba Baruti,Giancarlo Rosado,Brandon Weatherspoon
2021-22,2022-03-10,2439115,274,1,2,UAB,Florida Atlantic,Blazers,Owls,4,4,70,55,15,1303,UAB,532,532,5,Jordan Walker misses a jump shot from 15 feet out.,missed,FALSE,FALSE,Jump Shot,10.799999999999997,11.150000000000006,1175173,Jordan Walker,NA,0,UAB,UAB,114,NA,Justin Brown,Rongie Gordon,Tavin Lovan,Jamal Johnson,Jordan Walker,Alijah Martin,Everett Winchester,Bitumba Baruti,Giancarlo Rosado,Brandon Weatherspoon
2021-22,2022-03-10,2439115,275,1,2,UAB,Florida Atlantic,Blazers,Owls,4,4,70,55,15,1415,Florida Atlantic,532,532,0,Vladislav Goldin with a defensive rebound.,NA,FALSE,FALSE,NA,NA,NA,NA,NA,NA,0,UAB,Florida Atlantic,114,NA,Justin Brown,Rongie Gordon,Tavin Lovan,Jamal Johnson,Jordan Walker,Alijah Martin,Everett Winchester,Bitumba Baruti,Giancarlo Rosado,Brandon Weatherspoon
2021-22,2022-03-10,2439115,276,1,2,UAB,Florida Atlantic,Blazers,Owls,4,4,70,57,13,1415,Florida Atlantic,523,523,9,Vladislav Goldin makes a layup. Michael Forrest with the assist.,made,FALSE,FALSE,Layup Shot,26,6.25,1241594,Vladislav Goldin,Michael Forrest,0,Florida Atlantic,UAB,115,NA,Justin Brown,Rongie Gordon,Tavin Lovan,Jamal Johnson,Jordan Walker,Alijah Martin,Everett Winchester,Bitumba Baruti,Giancarlo Rosado,Brandon Weatherspoon
2021-22,2022-03-10,2439115,277,1,2,UAB,Florida Atlantic,Blazers,Owls,4,4,70,57,13,1303,UAB,502,502,21,Jordan Walker with a turnover - Lost Ball,NA,FALSE,FALSE,NA,NA,NA,NA,NA,NA,0,UAB,Florida Atlantic,116,NA,Justin Brown,Rongie Gordon,Tavin Lovan,Jamal Johnson,Jordan Walker,Alijah Martin,Everett Winchester,Bitumba Baruti,Giancarlo Rosado,Brandon Weatherspoon
2021-22,2022-03-10,2439115,278,1,2,UAB,Florida Atlantic,Blazers,Owls,4,4,70,57,13,1303,UAB,502,502,0,Substitution: Tony Toney in for Tavin Lovan.,NA,FALSE,FALSE,NA,NA,NA,NA,NA,NA,1,NA,NA,NA,NA,Justin Brown,Rongie Gordon,Tony Toney,Jamal Johnson,Jordan Walker,Alijah Martin,Everett Winchester,Bitumba Baruti,Giancarlo Rosado,Brandon Weatherspoon
2021-22,2022-03-10,2439115,279,1,2,UAB,Florida Atlantic,Blazers,Owls,4,4,70,57,13,1415,Florida Atlantic,502,502,0,Substitution: Bryan Greenlee in for Alijah Martin.,NA,FALSE,FALSE,NA,NA,NA,NA,NA,NA,1,NA,NA,NA,NA,Justin Brown,Rongie Gordon,Tony Toney,Jamal Johnson,Jordan Walker,Bryan Greenlee,Everett Winchester,Bitumba Baruti,Giancarlo Rosado,Brandon Weatherspoon
2021-22,2022-03-10,2439115,280,1,2,UAB,Florida Atlantic,Blazers,Owls,4,4,70,57,13,1415,Florida Atlantic,479,479,23,Bryan Greenlee misses a layup.,missed,FALSE,FALSE,Layup Shot,26,6.25,1175998,Bryan Greenlee,NA,0,Florida Atlantic,Florida Atlantic,117,NA,Justin Brown,Rongie Gordon,Tony Toney,Jamal Johnson,Jordan Walker,Bryan Greenlee,Everett Winchester,Bitumba Baruti,Giancarlo Rosado,Brandon Weatherspoon
2021-22,2022-03-10,2439115,281,1,2,UAB,Florida Atlantic,Blazers,Owls,4,4,70,57,13,1415,Florida Atlantic,479,479,0,Giancarlo Rosado with an offensive rebound.,NA,FALSE,FALSE,NA,NA,NA,NA,NA,NA,0,Florida Atlantic,Florida Atlantic,117,NA,Justin Brown,Rongie Gordon,Tony Toney,Jamal Johnson,Jordan Walker,Bryan Greenlee,Everett Winchester,Bitumba Baruti,Giancarlo Rosado,Brandon Weatherspoon
2021-22,2022-03-10,2439115,282,1,2,UAB,Florida Atlantic,Blazers,Owls,4,4,70,59,11,1415,Florida Atlantic,472,472,7,Giancarlo Rosado makes a layup.,made,FALSE,FALSE,Layup Shot,25,5.25,1232339,Giancarlo Rosado,NA,0,Florida Atlantic,UAB,117,NA,Justin Brown,Rongie Gordon,Tony Toney,Jamal Johnson,Jordan Walker,Bryan Greenlee,Everett Winchester,Bitumba Baruti,Giancarlo Rosado,Brandon Weatherspoon
2021-22,2022-03-10,2439115,283,1,2,UAB,Florida Atlantic,Blazers,Owls,4,4,70,59,11,1303,UAB,470,470,2,Quan Jackson with a turnover - Lost Ball,NA,FALSE,FALSE,NA,NA,NA,NA,NA,NA,0,UAB,Florida Atlantic,118,NA,Justin Brown,Rongie Gordon,Tony Toney,Jamal Johnson,Jordan Walker,Bryan Greenlee,Everett Winchester,Bitumba Baruti,Giancarlo Rosado,Brandon Weatherspoon
2021-22,2022-03-10,2439115,284,1,2,UAB,Florida Atlantic,Blazers,Owls,4,4,70,59,11,NA,NA,470,470,0,Official TV timeout.,NA,FALSE,FALSE,NA,NA,NA,NA,NA,NA,0,NA,NA,NA,NA,Justin Brown,Rongie Gordon,Tony Toney,Jamal Johnson,Jordan Walker,Bryan Greenlee,Everett Winchester,Bitumba Baruti,Giancarlo Rosado,Brandon Weatherspoon
2021-22,2022-03-10,2439115,285,1,2,UAB,Florida Atlantic,Blazers,Owls,4,4,70,59,11,1303,UAB,470,470,0,Substitution: Michael Ertel in for Tony Toney.,NA,FALSE,FALSE,NA,NA,NA,NA,NA,NA,1,NA,NA,NA,NA,Justin Brown,Rongie Gordon,Michael Ertel,Jamal Johnson,Jordan Walker,Bryan Greenlee,Everett Winchester,Bitumba Baruti,Giancarlo Rosado,Brandon Weatherspoon
2021-22,2022-03-10,2439115,286,1,2,UAB,Florida Atlantic,Blazers,Owls,4,4,70,61,9,1415,Florida Atlantic,453,453,17,Everett Winchester makes a layup. Giancarlo Rosado with the assist.,made,FALSE,FALSE,Layup Shot,25,5.25,952515,Everett Winchester,Giancarlo Rosado,0,Florida Atlantic,UAB,119,NA,Justin Brown,Rongie Gordon,Michael Ertel,Jamal Johnson,Jordan Walker,Bryan Greenlee,Everett Winchester,Bitumba Baruti,Giancarlo Rosado,Brandon Weatherspoon
2021-22,2022-03-10,2439115,287,1,2,UAB,Florida Atlantic,Blazers,Owls,4,4,70,61,9,1303,UAB,429,429,24,Quan Jackson misses a 3-point jump shot from 24 feet out.,missed,FALSE,TRUE,Jump Shot,8.799999999999997,22.650000000000006,957568,Quan Jackson,NA,0,UAB,UAB,120,NA,Justin Brown,Rongie Gordon,Michael Ertel,Jamal Johnson,Jordan Walker,Bryan Greenlee,Everett Winchester,Bitumba Baruti,Giancarlo Rosado,Brandon Weatherspoon
2021-22,2022-03-10,2439115,288,1,2,UAB,Florida Atlantic,Blazers,Owls,4,4,70,61,9,1303,UAB,429,429,0,Rongie Gordon with an offensive rebound.,NA,FALSE,FALSE,NA,NA,NA,NA,NA,NA,0,UAB,UAB,120,NA,Justin Brown,Rongie Gordon,Michael Ertel,Jamal Johnson,Jordan Walker,Bryan Greenlee,Everett Winchester,Bitumba Baruti,Giancarlo Rosado,Brandon Weatherspoon
2021-22,2022-03-10,2439115,289,1,2,UAB,Florida Atlantic,Blazers,Owls,4,4,70,61,9,1415,Florida Atlantic,424,424,5,Personal foul committed by Everett Winchester.,NA,FALSE,FALSE,NA,NA,NA,NA,NA,NA,0,UAB,UAB,120,NA,Justin Brown,Rongie Gordon,Michael Ertel,Jamal Johnson,Jordan Walker,Bryan Greenlee,Everett Winchester,Bitumba Baruti,Giancarlo Rosado,Brandon Weatherspoon
2021-22,2022-03-10,2439115,290,1,2,UAB,Florida Atlantic,Blazers,Owls,4,4,70,61,9,1415,Florida Atlantic,412,412,12,Shooting foul committed by Everett Winchester.,NA,FALSE,FALSE,NA,NA,NA,NA,NA,NA,0,UAB,UAB,120,NA,Justin Brown,Rongie Gordon,Michael Ertel,Jamal Johnson,Jordan Walker,Bryan Greenlee,Everett Winchester,Bitumba Baruti,Giancarlo Rosado,Brandon Weatherspoon
2021-22,2022-03-10,2439115,291,1,2,UAB,Florida Atlantic,Blazers,Owls,4,4,70,61,9,1303,UAB,412,412,0,KJ Buffen misses free throw 1 of 2.,missed,TRUE,FALSE,NA,NA,NA,NA,NA,NA,0,UAB,UAB,120,NA,Justin Brown,Rongie Gordon,Michael Ertel,Jamal Johnson,Jordan Walker,Bryan Greenlee,Everett Winchester,Bitumba Baruti,Giancarlo Rosado,Brandon Weatherspoon
2021-22,2022-03-10,2439115,293,1,2,UAB,Florida Atlantic,Blazers,Owls,4,4,70,61,9,1415,Florida Atlantic,412,412,0,Substitution: Alijah Martin in for Michael Forrest.,NA,FALSE,FALSE,NA,NA,NA,NA,NA,NA,1,NA,NA,NA,Player leaving not previously in game,Justin Brown,Rongie Gordon,Michael Ertel,Jamal Johnson,Jordan Walker,Bryan Greenlee,Everett Winchester,Bitumba Baruti,Giancarlo Rosado,Brandon Weatherspoon
2021-22,2022-03-10,2439115,294,1,2,UAB,Florida Atlantic,Blazers,Owls,4,4,71,61,10,1303,UAB,412,412,0,KJ Buffen makes free throw 2 of 2.,made,TRUE,FALSE,NA,NA,NA,NA,NA,NA,0,UAB,Florida Atlantic,120,NA,Justin Brown,Rongie Gordon,Michael Ertel,Jamal Johnson,Jordan Walker,Bryan Greenlee,Everett Winchester,Bitumba Baruti,Giancarlo Rosado,Brandon Weatherspoon
2021-22,2022-03-10,2439115,295,1,2,UAB,Florida Atlantic,Blazers,Owls,4,4,71,61,10,1303,UAB,399,399,13,Shooting foul committed by Rongie Gordon.,NA,FALSE,FALSE,NA,NA,NA,NA,NA,NA,0,Florida Atlantic,Florida Atlantic,121,NA,Justin Brown,Rongie Gordon,Michael Ertel,Jamal Johnson,Jordan Walker,Bryan Greenlee,Everett Winchester,Bitumba Baruti,Giancarlo Rosado,Brandon Weatherspoon
2021-22,2022-03-10,2439115,296,1,2,UAB,Florida Atlantic,Blazers,Owls,4,4,71,62,9,1415,Florida Atlantic,399,399,0,Giancarlo Rosado makes free throw 1 of 1.,made,TRUE,FALSE,NA,NA,NA,NA,NA,NA,0,Florida Atlantic,UAB,121,NA,Justin Brown,Rongie Gordon,Michael Ertel,Jamal Johnson,Jordan Walker,Bryan Greenlee,Everett Winchester,Bitumba Baruti,Giancarlo Rosado,Brandon Weatherspoon
2021-22,2022-03-10,2439115,297,1,2,UAB,Florida Atlantic,Blazers,Owls,4,4,71,63,8,1415,Florida Atlantic,399,399,0,Giancarlo Rosado makes free throw 2 of 2.,made,TRUE,FALSE,NA,NA,NA,NA,NA,NA,0,Florida Atlantic,UAB,122,NA,Justin Brown,Rongie Gordon,Michael Ertel,Jamal Johnson,Jordan Walker,Bryan Greenlee,Everett Winchester,Bitumba Baruti,Giancarlo Rosado,Brandon Weatherspoon
2021-22,2022-03-10,2439115,298,1,2,UAB,Florida Atlantic,Blazers,Owls,4,4,71,63,8,1303,UAB,390,390,9,Jordan Walker misses a 3-point jump shot from 23 feet out.,missed,FALSE,TRUE,Jump Shot,21,28.150000000000006,1175173,Jordan Walker,NA,0,UAB,UAB,123,NA,Justin Brown,Rongie Gordon,Michael Ertel,Jamal Johnson,Jordan Walker,Bryan Greenlee,Everett Winchester,Bitumba Baruti,Giancarlo Rosado,Brandon Weatherspoon
2021-22,2022-03-10,2439115,299,1,2,UAB,Florida Atlantic,Blazers,Owls,4,4,71,63,8,1303,UAB,390,390,0,KJ Buffen with an offensive rebound.,NA,FALSE,FALSE,NA,NA,NA,NA,NA,NA,0,UAB,UAB,123,NA,Justin Brown,Rongie Gordon,Michael Ertel,Jamal Johnson,Jordan Walker,Bryan Greenlee,Everett Winchester,Bitumba Baruti,Giancarlo Rosado,Brandon Weatherspoon
2021-22,2022-03-10,2439115,300,1,2,UAB,Florida Atlantic,Blazers,Owls,4,4,71,63,8,1303,UAB,382,382,8,Alijah Martin steals the ball from KJ Buffen.,NA,FALSE,FALSE,NA,NA,NA,NA,NA,NA,0,UAB,Florida Atlantic,123,NA,Justin Brown,Rongie Gordon,Michael Ertel,Jamal Johnson,Jordan Walker,Bryan Greenlee,Everett Winchester,Bitumba Baruti,Giancarlo Rosado,Brandon Weatherspoon
2021-22,2022-03-10,2439115,301,1,2,UAB,Florida Atlantic,Blazers,Owls,4,4,71,63,8,1415,Florida Atlantic,373,373,9,Everett Winchester misses a layup.,missed,FALSE,FALSE,Layup Shot,26,6.25,952515,Everett Winchester,NA,0,Florida Atlantic,Florida Atlantic,124,NA,Justin Brown,Rongie Gordon,Michael Ertel,Jamal Johnson,Jordan Walker,Bryan Greenlee,Everett Winchester,Bitumba Baruti,Giancarlo Rosado,Brandon Weatherspoon
2021-22,2022-03-10,2439115,303,1,2,UAB,Florida Atlantic,Blazers,Owls,4,4,71,63,8,1415,Florida Atlantic,368,368,5,Michael Ertel steals the ball from Everett Winchester.,NA,FALSE,FALSE,NA,NA,NA,NA,NA,NA,0,Florida Atlantic,UAB,124,NA,Justin Brown,Rongie Gordon,Michael Ertel,Jamal Johnson,Jordan Walker,Bryan Greenlee,Everett Winchester,Bitumba Baruti,Giancarlo Rosado,Brandon Weatherspoon
2021-22,2022-03-10,2439115,304,1,2,UAB,Florida Atlantic,Blazers,Owls,4,4,71,63,8,1303,UAB,345,345,23,Giancarlo Rosado blocks a KJ Buffen layup.,missed,FALSE,FALSE,Layup Shot,26,6.25,1134184,KJ Buffen,NA,0,UAB,UAB,125,NA,Justin Brown,Rongie Gordon,Michael Ertel,Jamal Johnson,Jordan Walker,Bryan Greenlee,Everett Winchester,Bitumba Baruti,Giancarlo Rosado,Brandon Weatherspoon
2021-22,2022-03-10,2439115,305,1,2,UAB,Florida Atlantic,Blazers,Owls,4,4,71,63,8,1303,UAB,345,345,0,Quan Jackson with an offensive rebound.,NA,FALSE,FALSE,NA,NA,NA,NA,NA,NA,0,UAB,UAB,125,NA,Justin Brown,Rongie Gordon,Michael Ertel,Jamal Johnson,Jordan Walker,Bryan Greenlee,Everett Winchester,Bitumba Baruti,Giancarlo Rosado,Brandon Weatherspoon
2021-22,2022-03-10,2439115,306,1,2,UAB,Florida Atlantic,Blazers,Owls,4,4,71,63,8,1303,UAB,338,338,7,Giancarlo Rosado steals the ball from Jordan Walker.,NA,FALSE,FALSE,NA,NA,NA,NA,NA,NA,0,UAB,Florida Atlantic,125,NA,Justin Brown,Rongie Gordon,Michael Ertel,Jamal Johnson,Jordan Walker,Bryan Greenlee,Everett Winchester,Bitumba Baruti,Giancarlo Rosado,Brandon Weatherspoon
2021-22,2022-03-10,2439115,307,1,2,UAB,Florida Atlantic,Blazers,Owls,4,4,71,63,8,1415,Florida Atlantic,326,326,12,Johnell Davis with a turnover - Bad Pass,NA,FALSE,FALSE,NA,NA,NA,NA,NA,NA,0,Florida Atlantic,UAB,126,NA,Justin Brown,Rongie Gordon,Michael Ertel,Jamal Johnson,Jordan Walker,Bryan Greenlee,Everett Winchester,Bitumba Baruti,Giancarlo Rosado,Brandon Weatherspoon
2021-22,2022-03-10,2439115,308,1,2,UAB,Florida Atlantic,Blazers,Owls,4,4,71,63,8,1415,Florida Atlantic,326,326,0,Substitution: Michael Forrest in for Everett Winchester.,NA,FALSE,FALSE,NA,NA,NA,NA,NA,NA,1,NA,NA,NA,NA,Justin Brown,Rongie Gordon,Michael Ertel,Jamal Johnson,Jordan Walker,Bryan Greenlee,Michael Forrest,Bitumba Baruti,Giancarlo Rosado,Brandon Weatherspoon
2021-22,2022-03-10,2439115,309,1,2,UAB,Florida Atlantic,Blazers,Owls,4,4,71,63,8,1303,UAB,315,315,11,Johnell Davis steals the ball from KJ Buffen.,NA,FALSE,FALSE,NA,NA,NA,NA,NA,NA,0,UAB,Florida Atlantic,127,NA,Justin Brown,Rongie Gordon,Michael Ertel,Jamal Johnson,Jordan Walker,Bryan Greenlee,Michael Forrest,Bitumba Baruti,Giancarlo Rosado,Brandon Weatherspoon
2021-22,2022-03-10,2439115,310,1,2,UAB,Florida Atlantic,Blazers,Owls,4,4,71,63,8,1415,Florida Atlantic,291,291,24,Alijah Martin misses a 3-point jump shot from 24 feet out.,missed,FALSE,TRUE,Jump Shot,18.6,28.45,1232344,Alijah Martin,NA,0,Florida Atlantic,Florida Atlantic,128,NA,Justin Brown,Rongie Gordon,Michael Ertel,Jamal Johnson,Jordan Walker,Bryan Greenlee,Michael Forrest,Bitumba Baruti,Giancarlo Rosado,Brandon Weatherspoon
2021-22,2022-03-10,2439115,311,1,2,UAB,Florida Atlantic,Blazers,Owls,4,4,71,63,8,1303,UAB,291,291,0,Quan Jackson with a defensive rebound.,NA,FALSE,FALSE,NA,NA,NA,NA,NA,NA,0,Florida Atlantic,UAB,128,NA,Justin Brown,Rongie Gordon,Michael Ertel,Jamal Johnson,Jordan Walker,Bryan Greenlee,Michael Forrest,Bitumba Baruti,Giancarlo Rosado,Brandon Weatherspoon
2021-22,2022-03-10,2439115,312,1,2,UAB,Florida Atlantic,Blazers,Owls,4,4,71,63,8,1415,Florida Atlantic,269,269,22,Personal foul committed by Johnell Davis.,NA,FALSE,FALSE,NA,NA,NA,NA,NA,NA,0,UAB,UAB,129,NA,Justin Brown,Rongie Gordon,Michael Ertel,Jamal Johnson,Jordan Walker,Bryan Greenlee,Michael Forrest,Bitumba Baruti,Giancarlo Rosado,Brandon Weatherspoon
2021-22,2022-03-10,2439115,313,1,2,UAB,Florida Atlantic,Blazers,Owls,4,4,71,63,8,1303,UAB,269,269,0,Substitution: Trey Jemison in for Rongie Gordon.,NA,FALSE,FALSE,NA,NA,NA,NA,NA,NA,1,NA,NA,NA,NA,Justin Brown,Trey Jemison,Michael Ertel,Jamal Johnson,Jordan Walker,Bryan Greenlee,Michael Forrest,Bitumba Baruti,Giancarlo Rosado,Brandon Weatherspoon
2021-22,2022-03-10,2439115,314,1,2,UAB,Florida Atlantic,Blazers,Owls,4,4,71,63,8,1303,UAB,269,269,0,KJ Buffen misses free throw 1st of 1-and-1.,missed,TRUE,FALSE,NA,NA,NA,NA,NA,NA,0,UAB,UAB,129,NA,Justin Brown,Trey Jemison,Michael Ertel,Jamal Johnson,Jordan Walker,Bryan Greenlee,Michael Forrest,Bitumba Baruti,Giancarlo Rosado,Brandon Weatherspoon
2021-22,2022-03-10,2439115,315,1,2,UAB,Florida Atlantic,Blazers,Owls,4,4,71,63,8,1303,UAB,269,269,0,Quan Jackson with an offensive rebound.,NA,FALSE,FALSE,NA,NA,NA,NA,NA,NA,0,UAB,UAB,129,NA,Justin Brown,Trey Jemison,Michael Ertel,Jamal Johnson,Jordan Walker,Bryan Greenlee,Michael Forrest,Bitumba Baruti,Giancarlo Rosado,Brandon Weatherspoon
2021-22,2022-03-10,2439115,316,1,2,UAB,Florida Atlantic,Blazers,Owls,4,4,71,63,8,1303,UAB,267,267,2,Quan Jackson with a turnover - Out of Bounds,NA,FALSE,FALSE,NA,NA,NA,NA,NA,NA,0,UAB,Florida Atlantic,129,NA,Justin Brown,Trey Jemison,Michael Ertel,Jamal Johnson,Jordan Walker,Bryan Greenlee,Michael Forrest,Bitumba Baruti,Giancarlo Rosado,Brandon Weatherspoon
2021-22,2022-03-10,2439115,317,1,2,UAB,Florida Atlantic,Blazers,Owls,4,4,71,63,8,1415,Florida Atlantic,267,267,0,Substitution: Vladislav Goldin in for Giancarlo Rosado.,NA,FALSE,FALSE,NA,NA,NA,NA,NA,NA,1,NA,NA,NA,NA,Justin Brown,Trey Jemison,Michael Ertel,Jamal Johnson,Jordan Walker,Bryan Greenlee,Michael Forrest,Bitumba Baruti,Vladislav Goldin,Brandon Weatherspoon
2021-22,2022-03-10,2439115,318,1,2,UAB,Florida Atlantic,Blazers,Owls,4,4,71,63,8,1303,UAB,267,267,0,Substitution: Tavin Lovan in for KJ Buffen.,NA,FALSE,FALSE,NA,NA,NA,NA,NA,NA,1,NA,NA,NA,Player leaving not previously in game,Justin Brown,Trey Jemison,Michael Ertel,Jamal Johnson,Jordan Walker,Bryan Greenlee,Michael Forrest,Bitumba Baruti,Vladislav Goldin,Brandon Weatherspoon
2021-22,2022-03-10,2439115,319,1,2,UAB,Florida Atlantic,Blazers,Owls,4,4,71,63,8,1415,Florida Atlantic,253,253,14,Vladislav Goldin misses a jump shot from 16 feet out.,missed,FALSE,FALSE,Jump Shot,10.1,11.65,1241594,Vladislav Goldin,NA,0,Florida Atlantic,Florida Atlantic,130,NA,Justin Brown,Trey Jemison,Michael Ertel,Jamal Johnson,Jordan Walker,Bryan Greenlee,Michael Forrest,Bitumba Baruti,Vladislav Goldin,Brandon Weatherspoon
2021-22,2022-03-10,2439115,320,1,2,UAB,Florida Atlantic,Blazers,Owls,4,4,71,63,8,1303,UAB,253,253,0,Michael Ertel with a defensive rebound.,NA,FALSE,FALSE,NA,NA,NA,NA,NA,NA,0,Florida Atlantic,UAB,130,NA,Justin Brown,Trey Jemison,Michael Ertel,Jamal Johnson,Jordan Walker,Bryan Greenlee,Michael Forrest,Bitumba Baruti,Vladislav Goldin,Brandon Weatherspoon
2021-22,2022-03-10,2439115,321,1,2,UAB,Florida Atlantic,Blazers,Owls,4,4,74,63,11,1303,UAB,230,230,23,Michael Ertel makes a 3-point jump shot from 22 feet out. Quan Jackson with the assist.,made,FALSE,TRUE,Jump Shot,39.7,21.849999999999994,1089760,Michael Ertel,Quan Jackson,0,UAB,Florida Atlantic,131,NA,Justin Brown,Trey Jemison,Michael Ertel,Jamal Johnson,Jordan Walker,Bryan Greenlee,Michael Forrest,Bitumba Baruti,Vladislav Goldin,Brandon Weatherspoon
2021-22,2022-03-10,2439115,322,1,2,UAB,Florida Atlantic,Blazers,Owls,3,4,74,63,11,1303,UAB,227,227,3,Blazers take a 30-second timeout.,NA,FALSE,FALSE,NA,NA,NA,NA,NA,NA,0,NA,NA,NA,NA,Justin Brown,Trey Jemison,Michael Ertel,Jamal Johnson,Jordan Walker,Bryan Greenlee,Michael Forrest,Bitumba Baruti,Vladislav Goldin,Brandon Weatherspoon
2021-22,2022-03-10,2439115,323,1,2,UAB,Florida Atlantic,Blazers,Owls,3,4,74,63,11,NA,NA,227,227,0,Official TV timeout.,NA,FALSE,FALSE,NA,NA,NA,NA,NA,NA,0,NA,NA,NA,NA,Justin Brown,Trey Jemison,Michael Ertel,Jamal Johnson,Jordan Walker,Bryan Greenlee,Michael Forrest,Bitumba Baruti,Vladislav Goldin,Brandon Weatherspoon
2021-22,2022-03-10,2439115,324,1,2,UAB,Florida Atlantic,Blazers,Owls,3,4,74,63,11,1415,Florida Atlantic,227,227,0,Substitution: Giancarlo Rosado in for Vladislav Goldin.,NA,FALSE,FALSE,NA,NA,NA,NA,NA,NA,1,NA,NA,NA,NA,Justin Brown,Trey Jemison,Michael Ertel,Jamal Johnson,Jordan Walker,Bryan Greenlee,Michael Forrest,Bitumba Baruti,Giancarlo Rosado,Brandon Weatherspoon
2021-22,2022-03-10,2439115,325,1,2,UAB,Florida Atlantic,Blazers,Owls,3,4,74,63,11,1415,Florida Atlantic,214,214,13,Michael Forrest misses a 3-point jump shot from 24 feet out.,missed,FALSE,TRUE,Jump Shot,7.899999999999999,21.85,1134291,Michael Forrest,NA,0,Florida Atlantic,Florida Atlantic,132,NA,Justin Brown,Trey Jemison,Michael Ertel,Jamal Johnson,Jordan Walker,Bryan Greenlee,Michael Forrest,Bitumba Baruti,Giancarlo Rosado,Brandon Weatherspoon
2021-22,2022-03-10,2439115,326,1,2,UAB,Florida Atlantic,Blazers,Owls,3,4,74,63,11,1303,UAB,214,214,0,Tavin Lovan with a defensive rebound.,NA,FALSE,FALSE,NA,NA,NA,NA,NA,NA,0,Florida Atlantic,UAB,132,NA,Justin Brown,Trey Jemison,Michael Ertel,Jamal Johnson,Jordan Walker,Bryan Greenlee,Michael Forrest,Bitumba Baruti,Giancarlo Rosado,Brandon Weatherspoon
2021-22,2022-03-10,2439115,327,1,2,UAB,Florida Atlantic,Blazers,Owls,3,4,74,63,11,1303,UAB,189,189,25,Michael Ertel misses a 3-point jump shot from 24 feet out.,missed,FALSE,TRUE,Jump Shot,45.3,17.25,1089760,Michael Ertel,NA,0,UAB,UAB,133,NA,Justin Brown,Trey Jemison,Michael Ertel,Jamal Johnson,Jordan Walker,Bryan Greenlee,Michael Forrest,Bitumba Baruti,Giancarlo Rosado,Brandon Weatherspoon
2021-22,2022-03-10,2439115,328,1,2,UAB,Florida Atlantic,Blazers,Owls,3,4,74,63,11,1415,Florida Atlantic,189,189,0,Johnell Davis with a defensive rebound.,NA,FALSE,FALSE,NA,NA,NA,NA,NA,NA,0,UAB,Florida Atlantic,133,NA,Justin Brown,Trey Jemison,Michael Ertel,Jamal Johnson,Jordan Walker,Bryan Greenlee,Michael Forrest,Bitumba Baruti,Giancarlo Rosado,Brandon Weatherspoon
2021-22,2022-03-10,2439115,329,1,2,UAB,Florida Atlantic,Blazers,Owls,3,4,74,63,11,1415,Florida Atlantic,159,159,30,Trey Jemison blocks a Giancarlo Rosado layup.,missed,FALSE,FALSE,Layup Shot,25,5.25,1232339,Giancarlo Rosado,NA,0,Florida Atlantic,Florida Atlantic,134,NA,Justin Brown,Trey Jemison,Michael Ertel,Jamal Johnson,Jordan Walker,Bryan Greenlee,Michael Forrest,Bitumba Baruti,Giancarlo Rosado,Brandon Weatherspoon
2021-22,2022-03-10,2439115,330,1,2,UAB,Florida Atlantic,Blazers,Owls,3,4,74,63,11,1415,Florida Atlantic,159,159,0,Giancarlo Rosado with an offensive rebound.,NA,FALSE,FALSE,NA,NA,NA,NA,NA,NA,0,Florida Atlantic,Florida Atlantic,134,NA,Justin Brown,Trey Jemison,Michael Ertel,Jamal Johnson,Jordan Walker,Bryan Greenlee,Michael Forrest,Bitumba Baruti,Giancarlo Rosado,Brandon Weatherspoon
2021-22,2022-03-10,2439115,331,1,2,UAB,Florida Atlantic,Blazers,Owls,3,3,74,63,11,1415,Florida Atlantic,159,159,0,Owls take a full timeout.,NA,FALSE,FALSE,NA,NA,NA,NA,NA,NA,0,NA,NA,NA,NA,Justin Brown,Trey Jemison,Michael Ertel,Jamal Johnson,Jordan Walker,Bryan Greenlee,Michael Forrest,Bitumba Baruti,Giancarlo Rosado,Brandon Weatherspoon
2021-22,2022-03-10,2439115,332,1,2,UAB,Florida Atlantic,Blazers,Owls,3,3,74,63,11,NA,NA,159,159,0,Official TV timeout.,NA,FALSE,FALSE,NA,NA,NA,NA,NA,NA,0,NA,NA,NA,NA,Justin Brown,Trey Jemison,Michael Ertel,Jamal Johnson,Jordan Walker,Bryan Greenlee,Michael Forrest,Bitumba Baruti,Giancarlo Rosado,Brandon Weatherspoon
2021-22,2022-03-10,2439115,333,1,2,UAB,Florida Atlantic,Blazers,Owls,3,3,74,63,11,1415,Florida Atlantic,159,159,0,Substitution: Everett Winchester in for Johnell Davis.,NA,FALSE,FALSE,NA,NA,NA,NA,NA,NA,1,NA,NA,NA,Player leaving not previously in game,Justin Brown,Trey Jemison,Michael Ertel,Jamal Johnson,Jordan Walker,Bryan Greenlee,Michael Forrest,Bitumba Baruti,Giancarlo Rosado,Brandon Weatherspoon
2021-22,2022-03-10,2439115,334,1,2,UAB,Florida Atlantic,Blazers,Owls,3,3,74,63,11,1415,Florida Atlantic,154,154,5,Michael Forrest misses a 3-point jump shot from 24 feet out.,missed,FALSE,TRUE,Jump Shot,19.1,28.25,1134291,Michael Forrest,NA,0,Florida Atlantic,Florida Atlantic,134,NA,Justin Brown,Trey Jemison,Michael Ertel,Jamal Johnson,Jordan Walker,Bryan Greenlee,Michael Forrest,Bitumba Baruti,Giancarlo Rosado,Brandon Weatherspoon
2021-22,2022-03-10,2439115,335,1,2,UAB,Florida Atlantic,Blazers,Owls,3,3,74,63,11,1303,UAB,154,154,0,Michael Ertel with a defensive rebound.,NA,FALSE,FALSE,NA,NA,NA,NA,NA,NA,0,Florida Atlantic,UAB,134,NA,Justin Brown,Trey Jemison,Michael Ertel,Jamal Johnson,Jordan Walker,Bryan Greenlee,Michael Forrest,Bitumba Baruti,Giancarlo Rosado,Brandon Weatherspoon
2021-22,2022-03-10,2439115,336,1,2,UAB,Florida Atlantic,Blazers,Owls,3,3,77,63,14,1303,UAB,129,129,25,Jordan Walker makes a 3-point jump shot from 28 feet out.,made,FALSE,TRUE,Jump Shot,8.200000000000003,27.049999999999997,1175173,Jordan Walker,NA,0,UAB,Florida Atlantic,135,NA,Justin Brown,Trey Jemison,Michael Ertel,Jamal Johnson,Jordan Walker,Bryan Greenlee,Michael Forrest,Bitumba Baruti,Giancarlo Rosado,Brandon Weatherspoon
2021-22,2022-03-10,2439115,337,1,2,UAB,Florida Atlantic,Blazers,Owls,3,3,77,63,14,1415,Florida Atlantic,112,112,17,Bryan Greenlee misses a 3-point jump shot from 24 feet out.,missed,FALSE,TRUE,Jump Shot,21.9,28.65,1175998,Bryan Greenlee,NA,0,Florida Atlantic,Florida Atlantic,136,NA,Justin Brown,Trey Jemison,Michael Ertel,Jamal Johnson,Jordan Walker,Bryan Greenlee,Michael Forrest,Bitumba Baruti,Giancarlo Rosado,Brandon Weatherspoon
2021-22,2022-03-10,2439115,338,1,2,UAB,Florida Atlantic,Blazers,Owls,3,3,77,63,14,1303,UAB,112,112,0,Trey Jemison with a defensive rebound.,NA,FALSE,FALSE,NA,NA,NA,NA,NA,NA,0,Florida Atlantic,UAB,136,NA,Justin Brown,Trey Jemison,Michael Ertel,Jamal Johnson,Jordan Walker,Bryan Greenlee,Michael Forrest,Bitumba Baruti,Giancarlo Rosado,Brandon Weatherspoon
2021-22,2022-03-10,2439115,339,1,2,UAB,Florida Atlantic,Blazers,Owls,3,3,77,63,14,1303,UAB,109,109,3,Trey Jemison with a turnover - Traveling,NA,FALSE,FALSE,NA,NA,NA,NA,NA,NA,0,UAB,Florida Atlantic,137,NA,Justin Brown,Trey Jemison,Michael Ertel,Jamal Johnson,Jordan Walker,Bryan Greenlee,Michael Forrest,Bitumba Baruti,Giancarlo Rosado,Brandon Weatherspoon
2021-22,2022-03-10,2439115,340,1,2,UAB,Florida Atlantic,Blazers,Owls,3,3,77,66,11,1415,Florida Atlantic,101,101,8,Alijah Martin makes a 3-point jump shot from 23 feet out. Michael Forrest with the assist.,made,FALSE,TRUE,Jump Shot,16.4,27.05,1232344,Alijah Martin,Michael Forrest,0,Florida Atlantic,UAB,138,NA,Justin Brown,Trey Jemison,Michael Ertel,Jamal Johnson,Jordan Walker,Bryan Greenlee,Michael Forrest,Bitumba Baruti,Giancarlo Rosado,Brandon Weatherspoon
2021-22,2022-03-10,2439115,341,1,2,UAB,Florida Atlantic,Blazers,Owls,3,3,77,66,11,1415,Florida Atlantic,89,89,12,Substitution: Johnell Davis in for Michael Forrest.,NA,FALSE,FALSE,NA,NA,NA,NA,NA,NA,1,NA,NA,NA,NA,Justin Brown,Trey Jemison,Michael Ertel,Jamal Johnson,Jordan Walker,Bryan Greenlee,Johnell Davis,Bitumba Baruti,Giancarlo Rosado,Brandon Weatherspoon
2021-22,2022-03-10,2439115,342,1,2,UAB,Florida Atlantic,Blazers,Owls,2,3,77,66,11,1303,UAB,78,78,11,Blazers take a 30-second timeout.,NA,FALSE,FALSE,NA,NA,NA,NA,NA,NA,0,NA,NA,NA,NA,Justin Brown,Trey Jemison,Michael Ertel,Jamal Johnson,Jordan Walker,Bryan Greenlee,Johnell Davis,Bitumba Baruti,Giancarlo Rosado,Brandon Weatherspoon
2021-22,2022-03-10,2439115,343,1,2,UAB,Florida Atlantic,Blazers,Owls,2,3,77,66,11,1415,Florida Atlantic,78,78,0,Personal foul committed by Bryan Greenlee.,NA,FALSE,FALSE,NA,NA,NA,NA,NA,NA,0,UAB,UAB,139,NA,Justin Brown,Trey Jemison,Michael Ertel,Jamal Johnson,Jordan Walker,Bryan Greenlee,Johnell Davis,Bitumba Baruti,Giancarlo Rosado,Brandon Weatherspoon
2021-22,2022-03-10,2439115,344,1,2,UAB,Florida Atlantic,Blazers,Owls,2,3,77,66,11,1415,Florida Atlantic,78,78,0,Substitution: Michael Forrest in for Everett Winchester.,NA,FALSE,FALSE,NA,NA,NA,NA,NA,NA,1,NA,NA,NA,Player leaving not previously in game,Justin Brown,Trey Jemison,Michael Ertel,Jamal Johnson,Jordan Walker,Bryan Greenlee,Johnell Davis,Bitumba Baruti,Giancarlo Rosado,Brandon Weatherspoon
2021-22,2022-03-10,2439115,345,1,2,UAB,Florida Atlantic,Blazers,Owls,2,3,77,66,11,1303,UAB,78,78,0,Jordan Walker misses free throw 1st of 1-and-1.,missed,TRUE,FALSE,NA,NA,NA,NA,NA,NA,0,UAB,UAB,139,NA,Justin Brown,Trey Jemison,Michael Ertel,Jamal Johnson,Jordan Walker,Bryan Greenlee,Johnell Davis,Bitumba Baruti,Giancarlo Rosado,Brandon Weatherspoon
2021-22,2022-03-10,2439115,346,1,2,UAB,Florida Atlantic,Blazers,Owls,2,3,77,66,11,1415,Florida Atlantic,78,78,0,Johnell Davis with a defensive rebound.,NA,FALSE,FALSE,NA,NA,NA,NA,NA,NA,0,UAB,Florida Atlantic,139,NA,Justin Brown,Trey Jemison,Michael Ertel,Jamal Johnson,Jordan Walker,Bryan Greenlee,Johnell Davis,Bitumba Baruti,Giancarlo Rosado,Brandon Weatherspoon
2021-22,2022-03-10,2439115,347,1,2,UAB,Florida Atlantic,Blazers,Owls,2,3,77,66,11,1415,Florida Atlantic,69,69,9,Tavin Lovan steals the ball from Alijah Martin.,NA,FALSE,FALSE,NA,NA,NA,NA,NA,NA,0,Florida Atlantic,UAB,140,NA,Justin Brown,Trey Jemison,Michael Ertel,Jamal Johnson,Jordan Walker,Bryan Greenlee,Johnell Davis,Bitumba Baruti,Giancarlo Rosado,Brandon Weatherspoon
2021-22,2022-03-10,2439115,348,1,2,UAB,Florida Atlantic,Blazers,Owls,2,3,77,66,11,1415,Florida Atlantic,64,64,5,Personal foul committed by Johnell Davis.,NA,FALSE,FALSE,NA,NA,NA,NA,NA,NA,0,UAB,UAB,141,NA,Justin Brown,Trey Jemison,Michael Ertel,Jamal Johnson,Jordan Walker,Bryan Greenlee,Johnell Davis,Bitumba Baruti,Giancarlo Rosado,Brandon Weatherspoon
2021-22,2022-03-10,2439115,349,1,2,UAB,Florida Atlantic,Blazers,Owls,2,3,77,66,11,1303,UAB,64,64,0,Jordan Walker misses free throw 1 of 2.,missed,TRUE,FALSE,NA,NA,NA,NA,NA,NA,0,UAB,UAB,141,NA,Justin Brown,Trey Jemison,Michael Ertel,Jamal Johnson,Jordan Walker,Bryan Greenlee,Johnell Davis,Bitumba Baruti,Giancarlo Rosado,Brandon Weatherspoon
2021-22,2022-03-10,2439115,351,1,2,UAB,Florida Atlantic,Blazers,Owls,2,3,78,66,12,1303,UAB,64,64,0,Jordan Walker makes free throw 2 of 2.,made,TRUE,FALSE,NA,NA,NA,NA,NA,NA,0,UAB,Florida Atlantic,141,NA,Justin Brown,Trey Jemison,Michael Ertel,Jamal Johnson,Jordan Walker,Bryan Greenlee,Johnell Davis,Bitumba Baruti,Giancarlo Rosado,Brandon Weatherspoon
2021-22,2022-03-10,2439115,352,1,2,UAB,Florida Atlantic,Blazers,Owls,2,3,78,66,12,1415,Florida Atlantic,53,53,11,Bryan Greenlee misses a 3-point jump shot from 24 feet out.,missed,FALSE,TRUE,Jump Shot,23.9,29.45,1175998,Bryan Greenlee,NA,0,Florida Atlantic,UAB,142,NA,Justin Brown,Trey Jemison,Michael Ertel,Jamal Johnson,Jordan Walker,Bryan Greenlee,Johnell Davis,Bitumba Baruti,Giancarlo Rosado,Brandon Weatherspoon
2021-22,2022-03-10,2439115,354,1,2,UAB,Florida Atlantic,Blazers,Owls,2,3,78,66,12,1303,UAB,48,48,5,Jordan Walker with a turnover - Lost Ball,NA,FALSE,FALSE,NA,NA,NA,NA,NA,NA,0,UAB,Florida Atlantic,143,NA,Justin Brown,Trey Jemison,Michael Ertel,Jamal Johnson,Jordan Walker,Bryan Greenlee,Johnell Davis,Bitumba Baruti,Giancarlo Rosado,Brandon Weatherspoon
2021-22,2022-03-10,2439115,355,1,2,UAB,Florida Atlantic,Blazers,Owls,2,3,78,66,12,1415,Florida Atlantic,44,44,4,Jordan Walker steals the ball from Giancarlo Rosado.,NA,FALSE,FALSE,NA,NA,NA,NA,NA,NA,0,Florida Atlantic,UAB,144,NA,Justin Brown,Trey Jemison,Michael Ertel,Jamal Johnson,Jordan Walker,Bryan Greenlee,Johnell Davis,Bitumba Baruti,Giancarlo Rosado,Brandon Weatherspoon
2021-22,2022-03-10,2439115,356,1,2,UAB,Florida Atlantic,Blazers,Owls,2,3,78,66,12,1415,Florida Atlantic,44,44,0,Personal foul committed by Alijah Martin.,NA,FALSE,FALSE,NA,NA,NA,NA,NA,NA,0,UAB,UAB,145,NA,Justin Brown,Trey Jemison,Michael Ertel,Jamal Johnson,Jordan Walker,Bryan Greenlee,Johnell Davis,Bitumba Baruti,Giancarlo Rosado,Brandon Weatherspoon
2021-22,2022-03-10,2439115,357,1,2,UAB,Florida Atlantic,Blazers,Owls,2,3,79,66,13,1303,UAB,44,44,0,Jordan Walker makes free throw 1 of 2.,made,TRUE,FALSE,NA,NA,NA,NA,NA,NA,0,UAB,UAB,145,NA,Justin Brown,Trey Jemison,Michael Ertel,Jamal Johnson,Jordan Walker,Bryan Greenlee,Johnell Davis,Bitumba Baruti,Giancarlo Rosado,Brandon Weatherspoon
2021-22,2022-03-10,2439115,358,1,2,UAB,Florida Atlantic,Blazers,Owls,2,3,80,66,14,1303,UAB,44,44,0,Jordan Walker makes free throw 2 of 2.,made,TRUE,FALSE,NA,NA,NA,NA,NA,NA,0,UAB,Florida Atlantic,145,NA,Justin Brown,Trey Jemison,Michael Ertel,Jamal Johnson,Jordan Walker,Bryan Greenlee,Johnell Davis,Bitumba Baruti,Giancarlo Rosado,Brandon Weatherspoon
2021-22,2022-03-10,2439115,359,1,2,UAB,Florida Atlantic,Blazers,Owls,2,3,80,66,14,1415,Florida Atlantic,41,41,3,Alijah Martin misses a 3-point jump shot from 24 feet out.,missed,FALSE,TRUE,Jump Shot,20,28.65,1232344,Alijah Martin,NA,0,Florida Atlantic,Florida Atlantic,146,NA,Justin Brown,Trey Jemison,Michael Ertel,Jamal Johnson,Jordan Walker,Bryan Greenlee,Johnell Davis,Bitumba Baruti,Giancarlo Rosado,Brandon Weatherspoon
2021-22,2022-03-10,2439115,360,1,2,UAB,Florida Atlantic,Blazers,Owls,2,3,80,66,14,1303,UAB,41,41,0,Jordan Walker with a defensive rebound.,NA,FALSE,FALSE,NA,NA,NA,NA,NA,NA,0,Florida Atlantic,UAB,146,NA,Justin Brown,Trey Jemison,Michael Ertel,Jamal Johnson,Jordan Walker,Bryan Greenlee,Johnell Davis,Bitumba Baruti,Giancarlo Rosado,Brandon Weatherspoon
2021-22,2022-03-10,2439115,361,1,2,UAB,Florida Atlantic,Blazers,Owls,2,3,80,66,14,1303,UAB,18,18,23,Jordan Walker misses a 3-point jump shot from 26 feet out.,missed,FALSE,TRUE,Jump Shot,18.6,30.65,1175173,Jordan Walker,NA,0,UAB,UAB,147,NA,Justin Brown,Trey Jemison,Michael Ertel,Jamal Johnson,Jordan Walker,Bryan Greenlee,Johnell Davis,Bitumba Baruti,Giancarlo Rosado,Brandon Weatherspoon
2021-22,2022-03-10,2439115,362,1,2,UAB,Florida Atlantic,Blazers,Owls,2,3,80,66,14,1415,Florida Atlantic,18,18,0,Alijah Martin with a defensive rebound.,NA,FALSE,FALSE,NA,NA,NA,NA,NA,NA,0,UAB,Florida Atlantic,147,NA,Justin Brown,Trey Jemison,Michael Ertel,Jamal Johnson,Jordan Walker,Bryan Greenlee,Johnell Davis,Bitumba Baruti,Giancarlo Rosado,Brandon Weatherspoon
2021-22,2022-03-10,2439115,363,1,2,UAB,Florida Atlantic,Blazers,Owls,2,3,80,66,14,1415,Florida Atlantic,8,8,10,Johnell Davis misses a jump shot from 17 feet out.,missed,FALSE,FALSE,Jump Shot,12.3,15.85,1232341,Johnell Davis,NA,0,Florida Atlantic,Florida Atlantic,148,NA,Justin Brown,Trey Jemison,Michael Ertel,Jamal Johnson,Jordan Walker,Bryan Greenlee,Johnell Davis,Bitumba Baruti,Giancarlo Rosado,Brandon Weatherspoon
2021-22,2022-03-10,2439115,364,1,2,UAB,Florida Atlantic,Blazers,Owls,2,3,80,66,14,1303,UAB,8,8,0,Quan Jackson with a defensive rebound.,NA,FALSE,FALSE,NA,NA,NA,NA,NA,NA,0,Florida Atlantic,UAB,148,NA,Justin Brown,Trey Jemison,Michael Ertel,Jamal Johnson,Jordan Walker,Bryan Greenlee,Johnell Davis,Bitumba Baruti,Giancarlo Rosado,Brandon Weatherspoon
2021-22,2022-03-10,2439115,365,1,2,UAB,Florida Atlantic,Blazers,Owls,2,3,80,66,14,NA,NA,0,0,8,End of the 2nd Half,NA,FALSE,FALSE,NA,NA,NA,NA,NA,NA,0,NA,NA,NA,NA,Justin Brown,Trey Jemison,Michael Ertel,Jamal Johnson,Jordan Walker,Bryan Greenlee,Johnell Davis,Bitumba Baruti,Giancarlo Rosado,Brandon Weatherspoon
2021-22,2022-03-10,2439115,366,1,2,UAB,Florida Atlantic,Blazers,Owls,2,3,80,66,14,NA,NA,0,0,0,End of the Game,NA,FALSE,FALSE,NA,NA,NA,NA,NA,NA,0,UAB,UAB,NA,NA,Justin Brown,Trey Jemison,Michael Ertel,Jamal Johnson,Jordan Walker,Bryan Greenlee,Johnell Davis,Bitumba Baruti,Giancarlo Rosado,Brandon Weatherspoon
