season,date,game_id,play_id,neutral,half,home,away,home_name,away_name,home_timeouts,away_timeouts,home_score,away_score,score_diff,team_id,event_team,game_secs_remaining,half_secs_remaining,play_length,desc,shot_outcome,free_throw,three_pt,shot_desc,loc_x,loc_y,shooter_id,shooter,assist,substitution,poss_before,poss_after,poss_number,sub_error,home_1,home_2,home_3,home_4,home_5,away_1,away_2,away_3,away_4,away_5
2023-24,2023-11-16,2573106,1,0,1,Indiana,Wright State,Hoosiers,Raiders,4,4,0,0,0,1706,Wright State,NA,NA,NA,Starting Lineup - Tanner Holden,NA,FALSE,FALSE,NA,NA,NA,NA,NA,NA,1,NA,NA,NA,NA,Kel'el Ware,Mackenzie Mgbako,Trey Galloway,Xavier Johnson,Malik Reneau,Tanner Holden,Brandon Noel,Alex Huibregtse,AJ Braun,Kaden Brown
2023-24,2023-11-16,2573106,1,0,1,Indiana,Wright State,Hoosiers,Raiders,4,4,0,0,0,1446,Indiana,NA,NA,NA,Starting Lineup - Kel'el Ware,NA,FALSE,FALSE,NA,NA,NA,NA,NA,NA,1,NA,NA,NA,NA,Kel'el Ware,Mackenzie Mgbako,Trey Galloway,Xavier Johnson,Malik Reneau,Tanner Holden,Brandon Noel,Alex Huibregtse,AJ Braun,Kaden Brown
2023-24,2023-11-16,2573106,1,0,1,Indiana,Wright State,Hoosiers,Raiders,4,4,0,0,0,1706,Wright State,NA,NA,NA,Starting Lineup - Brandon Noel,NA,FALSE,FALSE,NA,NA,NA,NA,NA,NA,1,NA,NA,NA,NA,Kel'el Ware,Mackenzie Mgbako,Trey Galloway,Xavier Johnson,Malik Reneau,Tanner Holden,Brandon Noel,Alex Huibregtse,AJ Braun,Kaden Brown
2023-24,2023-11-16,2573106,1,0,1,Indiana,Wright State,Hoosiers,Raiders,4,4,0,0,0,1446,Indiana,NA,NA,NA,Starting Lineup - Mackenzie Mgbako,NA,FALSE,FALSE,NA,NA,NA,NA,NA,NA,1,NA,NA,NA,NA,Kel'el Ware,Mackenzie Mgbako,Trey Galloway,Xavier Johnson,Malik Reneau,Tanner Holden,Brandon Noel,Alex Huibregtse,AJ Braun,Kaden Brown
2023-24,2023-11-16,2573106,1,0,1,Indiana,Wright State,Hoosiers,Raiders,4,4,0,0,0,1706,Wright State,NA,NA,NA,Starting Lineup - Alex Huibregtse,NA,FALSE,FALSE,NA,NA,NA,NA,NA,NA,1,NA,NA,NA,NA,Kel'el Ware,Mackenzie Mgbako,Trey Galloway,Xavier Johnson,Malik Reneau,Tanner Holden,Brandon Noel,Alex Huibregtse,AJ Braun,Kaden Brown
2023-24,2023-11-16,2573106,1,0,1,Indiana,Wright State,Hoosiers,Raiders,4,4,0,0,0,1446,Indiana,NA,NA,NA,Starting Lineup - Trey Galloway,NA,FALSE,FALSE,NA,NA,NA,NA,NA,NA,1,NA,NA,NA,NA,Kel'el Ware,Mackenzie Mgbako,Trey Galloway,Xavier Johnson,Malik Reneau,Tanner Holden,Brandon Noel,Alex Huibregtse,AJ Braun,Kaden Brown
2023-24,2023-11-16,2573106,1,0,1,Indiana,Wright State,Hoosiers,Raiders,4,4,0,0,0,1706,Wright State,NA,NA,NA,Starting Lineup - AJ Braun,NA,FALSE,FALSE,NA,NA,NA,NA,NA,NA,1,NA,NA,NA,NA,Kel'el Ware,Mackenzie Mgbako,Trey Galloway,Xavier Johnson,Malik Reneau,Tanner Holden,Brandon Noel,Alex Huibregtse,AJ Braun,Kaden Brown
2023-24,2023-11-16,2573106,1,0,1,Indiana,Wright State,Hoosiers,Raiders,4,4,0,0,0,1706,Wright State,NA,NA,NA,Starting Lineup - Kaden Brown,NA,FALSE,FALSE,NA,NA,NA,NA,NA,NA,1,NA,NA,NA,NA,Kel'el Ware,Mackenzie Mgbako,Trey Galloway,Xavier Johnson,Malik Reneau,Tanner Holden,Brandon Noel,Alex Huibregtse,AJ Braun,Kaden Brown
2023-24,2023-11-16,2573106,1,0,1,Indiana,Wright State,Hoosiers,Raiders,4,4,0,0,0,1446,Indiana,NA,NA,NA,Starting Lineup - Xavier Johnson,NA,FALSE,FALSE,NA,NA,NA,NA,NA,NA,1,NA,NA,NA,NA,Kel'el Ware,Mackenzie Mgbako,Trey Galloway,Xavier Johnson,Malik Reneau,Tanner Holden,Brandon Noel,Alex Huibregtse,AJ Braun,Kaden Brown
2023-24,2023-11-16,2573106,1,0,1,Indiana,Wright State,Hoosiers,Raiders,4,4,0,0,0,1446,Indiana,NA,NA,NA,Starting Lineup - Malik Reneau,NA,FALSE,FALSE,NA,NA,NA,NA,NA,NA,1,NA,NA,NA,NA,Kel'el Ware,Mackenzie Mgbako,Trey Galloway,Xavier Johnson,Malik Reneau,Tanner Holden,Brandon Noel,Alex Huibregtse,AJ Braun,Kaden Brown
2023-24,2023-11-16,2573106,2,0,1,Indiana,Wright State,Hoosiers,Raiders,4,4,0,0,0,NA,NA,2400,1200,NA,Start of the 1st Half,NA,FALSE,FALSE,NA,NA,NA,NA,NA,NA,0,NA,Indiana,1,NA,Kel'el Ware,Mackenzie Mgbako,Trey Galloway,Xavier Johnson,Malik Reneau,Tanner Holden,Brandon Noel,Alex Huibregtse,AJ Braun,Kaden Brown
2023-24,2023-11-16,2573106,3,0,1,Indiana,Wright State,Hoosiers,Raiders,4,4,2,0,2,1446,Indiana,2382,1182,18,Kel'el Ware makes a hook shot from 9 feet out.,made,FALSE,FALSE,Hook Shot,24.1,14.349999999999994,1405458,Kel'el Ware,NA,0,Indiana,Wright State,1,NA,Kel'el Ware,Mackenzie Mgbako,Trey Galloway,Xavier Johnson,Malik Reneau,Tanner Holden,Brandon Noel,Alex Huibregtse,AJ Braun,Kaden Brown
2023-24,2023-11-16,2573106,4,0,1,Indiana,Wright State,Hoosiers,Raiders,4,4,2,2,0,1706,Wright State,2365,1165,17,Tanner Holden makes a layup.,made,FALSE,FALSE,Layup Shot,26,6.25,1176108,Tanner Holden,NA,0,Wright State,Indiana,2,NA,Kel'el Ware,Mackenzie Mgbako,Trey Galloway,Xavier Johnson,Malik Reneau,Tanner Holden,Brandon Noel,Alex Huibregtse,AJ Braun,Kaden Brown
2023-24,2023-11-16,2573106,5,0,1,Indiana,Wright State,Hoosiers,Raiders,4,4,2,2,0,1446,Indiana,2335,1135,30,Malik Reneau with a turnover - Lost Ball,NA,FALSE,FALSE,NA,NA,NA,NA,NA,NA,0,Indiana,Wright State,3,NA,Kel'el Ware,Mackenzie Mgbako,Trey Galloway,Xavier Johnson,Malik Reneau,Tanner Holden,Brandon Noel,Alex Huibregtse,AJ Braun,Kaden Brown
2023-24,2023-11-16,2573106,6,0,1,Indiana,Wright State,Hoosiers,Raiders,4,4,2,2,0,1706,Wright State,2326,1126,9,Alex Huibregtse misses a 3-point jump shot from 24 feet out.,missed,FALSE,TRUE,Jump Shot,12.8,26.05,1231577,Alex Huibregtse,NA,0,Wright State,Wright State,4,NA,Kel'el Ware,Mackenzie Mgbako,Trey Galloway,Xavier Johnson,Malik Reneau,Tanner Holden,Brandon Noel,Alex Huibregtse,AJ Braun,Kaden Brown
2023-24,2023-11-16,2573106,7,0,1,Indiana,Wright State,Hoosiers,Raiders,4,4,2,2,0,1446,Indiana,2326,1126,0,Kel'el Ware with a defensive rebound.,NA,FALSE,FALSE,NA,NA,NA,NA,NA,NA,0,Wright State,Indiana,4,NA,Kel'el Ware,Mackenzie Mgbako,Trey Galloway,Xavier Johnson,Malik Reneau,Tanner Holden,Brandon Noel,Alex Huibregtse,AJ Braun,Kaden Brown
2023-24,2023-11-16,2573106,8,0,1,Indiana,Wright State,Hoosiers,Raiders,4,4,5,2,3,1446,Indiana,2312,1112,14,Trey Galloway makes a 3-point jump shot from 24 feet out.,made,FALSE,TRUE,Jump Shot,42.1,22.150000000000006,1236195,Trey Galloway,NA,0,Indiana,Wright State,5,NA,Kel'el Ware,Mackenzie Mgbako,Trey Galloway,Xavier Johnson,Malik Reneau,Tanner Holden,Brandon Noel,Alex Huibregtse,AJ Braun,Kaden Brown
2023-24,2023-11-16,2573106,9,0,1,Indiana,Wright State,Hoosiers,Raiders,4,4,5,2,3,1706,Wright State,2293,1093,19,Brandon Noel misses a jump shot from 11 feet out.,missed,FALSE,FALSE,Jump Shot,14.2,8.35,1231587,Brandon Noel,NA,0,Wright State,Wright State,6,NA,Kel'el Ware,Mackenzie Mgbako,Trey Galloway,Xavier Johnson,Malik Reneau,Tanner Holden,Brandon Noel,Alex Huibregtse,AJ Braun,Kaden Brown
2023-24,2023-11-16,2573106,10,0,1,Indiana,Wright State,Hoosiers,Raiders,4,4,5,2,3,1706,Wright State,2293,1093,0,AJ Braun with an offensive rebound.,NA,FALSE,FALSE,NA,NA,NA,NA,NA,NA,0,Wright State,Wright State,6,NA,Kel'el Ware,Mackenzie Mgbako,Trey Galloway,Xavier Johnson,Malik Reneau,Tanner Holden,Brandon Noel,Alex Huibregtse,AJ Braun,Kaden Brown
2023-24,2023-11-16,2573106,11,0,1,Indiana,Wright State,Hoosiers,Raiders,4,4,5,4,1,1706,Wright State,2287,1087,6,AJ Braun makes a layup.,made,FALSE,FALSE,Layup Shot,25,5.25,1334326,AJ Braun,NA,0,Wright State,Indiana,6,NA,Kel'el Ware,Mackenzie Mgbako,Trey Galloway,Xavier Johnson,Malik Reneau,Tanner Holden,Brandon Noel,Alex Huibregtse,AJ Braun,Kaden Brown
2023-24,2023-11-16,2573106,12,0,1,Indiana,Wright State,Hoosiers,Raiders,4,4,5,4,1,1446,Indiana,2269,1069,18,Mackenzie Mgbako misses a 3-point jump shot from 23 feet out.,missed,FALSE,TRUE,Jump Shot,36.1,25.950000000000003,1459706,Mackenzie Mgbako,NA,0,Indiana,Indiana,7,NA,Kel'el Ware,Mackenzie Mgbako,Trey Galloway,Xavier Johnson,Malik Reneau,Tanner Holden,Brandon Noel,Alex Huibregtse,AJ Braun,Kaden Brown
2023-24,2023-11-16,2573106,13,0,1,Indiana,Wright State,Hoosiers,Raiders,4,4,5,4,1,1706,Wright State,2269,1069,0,Brandon Noel with a defensive rebound.,NA,FALSE,FALSE,NA,NA,NA,NA,NA,NA,0,Indiana,Wright State,7,NA,Kel'el Ware,Mackenzie Mgbako,Trey Galloway,Xavier Johnson,Malik Reneau,Tanner Holden,Brandon Noel,Alex Huibregtse,AJ Braun,Kaden Brown
2023-24,2023-11-16,2573106,14,0,1,Indiana,Wright State,Hoosiers,Raiders,4,4,5,4,1,1706,Wright State,2260,1060,9,Kaden Brown misses a jump shot from 16 feet out.,missed,FALSE,FALSE,Jump Shot,11.3,13.45,1461388,Kaden Brown,NA,0,Wright State,Wright State,8,NA,Kel'el Ware,Mackenzie Mgbako,Trey Galloway,Xavier Johnson,Malik Reneau,Tanner Holden,Brandon Noel,Alex Huibregtse,AJ Braun,Kaden Brown
2023-24,2023-11-16,2573106,15,0,1,Indiana,Wright State,Hoosiers,Raiders,4,4,5,4,1,1446,Indiana,2260,1060,0,Kel'el Ware with a defensive rebound.,NA,FALSE,FALSE,NA,NA,NA,NA,NA,NA,0,Wright State,Indiana,8,NA,Kel'el Ware,Mackenzie Mgbako,Trey Galloway,Xavier Johnson,Malik Reneau,Tanner Holden,Brandon Noel,Alex Huibregtse,AJ Braun,Kaden Brown
2023-24,2023-11-16,2573106,16,0,1,Indiana,Wright State,Hoosiers,Raiders,4,4,7,4,3,1446,Indiana,2252,1052,8,Malik Reneau dunks.,made,FALSE,FALSE,Dunk Shot,25,5.25,1402782,Malik Reneau,NA,0,Indiana,Wright State,9,NA,Kel'el Ware,Mackenzie Mgbako,Trey Galloway,Xavier Johnson,Malik Reneau,Tanner Holden,Brandon Noel,Alex Huibregtse,AJ Braun,Kaden Brown
2023-24,2023-11-16,2573106,17,0,1,Indiana,Wright State,Hoosiers,Raiders,4,4,7,4,3,1706,Wright State,2243,1043,9,Offensive foul committed by Kaden Brown.,NA,FALSE,FALSE,NA,NA,NA,NA,NA,NA,0,Wright State,Wright State,10,NA,Kel'el Ware,Mackenzie Mgbako,Trey Galloway,Xavier Johnson,Malik Reneau,Tanner Holden,Brandon Noel,Alex Huibregtse,AJ Braun,Kaden Brown
2023-24,2023-11-16,2573106,18,0,1,Indiana,Wright State,Hoosiers,Raiders,4,4,7,4,3,1706,Wright State,2243,1043,0,Kaden Brown with a turnover,NA,FALSE,FALSE,NA,NA,NA,NA,NA,NA,0,Wright State,Indiana,10,NA,Kel'el Ware,Mackenzie Mgbako,Trey Galloway,Xavier Johnson,Malik Reneau,Tanner Holden,Brandon Noel,Alex Huibregtse,AJ Braun,Kaden Brown
2023-24,2023-11-16,2573106,19,0,1,Indiana,Wright State,Hoosiers,Raiders,4,4,9,4,5,1446,Indiana,2232,1032,11,Mackenzie Mgbako makes a jump shot from 7 feet out. Malik Reneau with the assist.,made,FALSE,FALSE,Jump Shot,28,11.150000000000006,1459706,Mackenzie Mgbako,Malik Reneau,0,Indiana,Wright State,11,NA,Kel'el Ware,Mackenzie Mgbako,Trey Galloway,Xavier Johnson,Malik Reneau,Tanner Holden,Brandon Noel,Alex Huibregtse,AJ Braun,Kaden Brown
2023-24,2023-11-16,2573106,20,0,1,Indiana,Wright State,Hoosiers,Raiders,4,4,9,4,5,1706,Wright State,2212,1012,20,Brandon Noel with a turnover - Bad Pass,NA,FALSE,FALSE,NA,NA,NA,NA,NA,NA,0,Wright State,Indiana,12,NA,Kel'el Ware,Mackenzie Mgbako,Trey Galloway,Xavier Johnson,Malik Reneau,Tanner Holden,Brandon Noel,Alex Huibregtse,AJ Braun,Kaden Brown
2023-24,2023-11-16,2573106,21,0,1,Indiana,Wright State,Hoosiers,Raiders,4,4,11,4,7,1446,Indiana,2199,999,13,Kel'el Ware dunks. Trey Galloway with the assist.,made,FALSE,FALSE,Dunk Shot,25,5.25,1405458,Kel'el Ware,Trey Galloway,0,Indiana,Wright State,13,NA,Kel'el Ware,Mackenzie Mgbako,Trey Galloway,Xavier Johnson,Malik Reneau,Tanner Holden,Brandon Noel,Alex Huibregtse,AJ Braun,Kaden Brown
2023-24,2023-11-16,2573106,22,0,1,Indiana,Wright State,Hoosiers,Raiders,4,4,11,4,7,1446,Indiana,2189,989,10,Personal foul committed by Mackenzie Mgbako.,NA,FALSE,FALSE,NA,NA,NA,NA,NA,NA,0,Wright State,Wright State,14,NA,Kel'el Ware,Mackenzie Mgbako,Trey Galloway,Xavier Johnson,Malik Reneau,Tanner Holden,Brandon Noel,Alex Huibregtse,AJ Braun,Kaden Brown
2023-24,2023-11-16,2573106,23,0,1,Indiana,Wright State,Hoosiers,Raiders,4,4,11,4,7,1706,Wright State,2189,989,0,Substitution: Andrew Welage in for Kaden Brown.,NA,FALSE,FALSE,NA,NA,NA,NA,NA,NA,1,NA,NA,NA,NA,Kel'el Ware,Mackenzie Mgbako,Trey Galloway,Xavier Johnson,Malik Reneau,Tanner Holden,Brandon Noel,Alex Huibregtse,AJ Braun,Andrew Welage
2023-24,2023-11-16,2573106,24,0,1,Indiana,Wright State,Hoosiers,Raiders,4,4,11,6,5,1706,Wright State,2184,984,5,Tanner Holden makes a jump shot from 9 feet out.,made,FALSE,FALSE,Jump Shot,32.1,10.75,1176108,Tanner Holden,NA,0,Wright State,Indiana,14,NA,Kel'el Ware,Mackenzie Mgbako,Trey Galloway,Xavier Johnson,Malik Reneau,Tanner Holden,Brandon Noel,Alex Huibregtse,AJ Braun,Andrew Welage
2023-24,2023-11-16,2573106,25,0,1,Indiana,Wright State,Hoosiers,Raiders,4,4,14,6,8,1446,Indiana,2176,976,8,Mackenzie Mgbako makes a 3-point jump shot from 24 feet out. Trey Galloway with the assist.,made,FALSE,TRUE,Jump Shot,6.200000000000003,19.75,1459706,Mackenzie Mgbako,Trey Galloway,0,Indiana,Wright State,15,NA,Kel'el Ware,Mackenzie Mgbako,Trey Galloway,Xavier Johnson,Malik Reneau,Tanner Holden,Brandon Noel,Alex Huibregtse,AJ Braun,Andrew Welage
2023-24,2023-11-16,2573106,26,0,1,Indiana,Wright State,Hoosiers,Raiders,4,4,14,6,8,1706,Wright State,2146,946,30,Andrew Welage misses a jump shot from 12 feet out.,missed,FALSE,FALSE,Jump Shot,30.4,15.55,1231603,Andrew Welage,NA,0,Wright State,Wright State,16,NA,Kel'el Ware,Mackenzie Mgbako,Trey Galloway,Xavier Johnson,Malik Reneau,Tanner Holden,Brandon Noel,Alex Huibregtse,AJ Braun,Andrew Welage
2023-24,2023-11-16,2573106,27,0,1,Indiana,Wright State,Hoosiers,Raiders,4,4,14,6,8,1706,Wright State,2146,946,0,Tanner Holden with an offensive rebound.,NA,FALSE,FALSE,NA,NA,NA,NA,NA,NA,0,Wright State,Wright State,16,NA,Kel'el Ware,Mackenzie Mgbako,Trey Galloway,Xavier Johnson,Malik Reneau,Tanner Holden,Brandon Noel,Alex Huibregtse,AJ Braun,Andrew Welage
2023-24,2023-11-16,2573106,28,0,1,Indiana,Wright State,Hoosiers,Raiders,4,4,14,6,8,1706,Wright State,2139,939,7,Alex Huibregtse misses a 3-point jump shot from 23 feet out.,missed,FALSE,TRUE,Jump Shot,40.6,22.55,1231577,Alex Huibregtse,NA,0,Wright State,Wright State,16,NA,Kel'el Ware,Mackenzie Mgbako,Trey Galloway,Xavier Johnson,Malik Reneau,Tanner Holden,Brandon Noel,Alex Huibregtse,AJ Braun,Andrew Welage
2023-24,2023-11-16,2573106,29,0,1,Indiana,Wright State,Hoosiers,Raiders,4,4,14,6,8,1446,Indiana,2139,939,0,Mackenzie Mgbako with a defensive rebound.,NA,FALSE,FALSE,NA,NA,NA,NA,NA,NA,0,Wright State,Indiana,16,NA,Kel'el Ware,Mackenzie Mgbako,Trey Galloway,Xavier Johnson,Malik Reneau,Tanner Holden,Brandon Noel,Alex Huibregtse,AJ Braun,Andrew Welage
2023-24,2023-11-16,2573106,30,0,1,Indiana,Wright State,Hoosiers,Raiders,4,4,14,6,8,1706,Wright State,2130,930,9,Personal foul committed by Tanner Holden.,NA,FALSE,FALSE,NA,NA,NA,NA,NA,NA,0,Indiana,Indiana,17,NA,Kel'el Ware,Mackenzie Mgbako,Trey Galloway,Xavier Johnson,Malik Reneau,Tanner Holden,Brandon Noel,Alex Huibregtse,AJ Braun,Andrew Welage
2023-24,2023-11-16,2573106,31,0,1,Indiana,Wright State,Hoosiers,Raiders,4,4,14,6,8,NA,NA,2129,929,1,Official TV timeout.,NA,FALSE,FALSE,NA,NA,NA,NA,NA,NA,0,NA,NA,NA,NA,Kel'el Ware,Mackenzie Mgbako,Trey Galloway,Xavier Johnson,Malik Reneau,Tanner Holden,Brandon Noel,Alex Huibregtse,AJ Braun,Andrew Welage
2023-24,2023-11-16,2573106,32,0,1,Indiana,Wright State,Hoosiers,Raiders,4,4,14,6,8,1706,Wright State,2129,929,0,Substitution: Drey Carter in for Alex Huibregtse.,NA,FALSE,FALSE,NA,NA,NA,NA,NA,NA,1,NA,NA,NA,NA,Kel'el Ware,Mackenzie Mgbako,Trey Galloway,Xavier Johnson,Malik Reneau,Tanner Holden,Brandon Noel,Drey Carter,AJ Braun,Andrew Welage
2023-24,2023-11-16,2573106,33,0,1,Indiana,Wright State,Hoosiers,Raiders,4,4,14,6,8,1706,Wright State,2129,929,0,Substitution: Logan Woods in for Brandon Noel.,NA,FALSE,FALSE,NA,NA,NA,NA,NA,NA,1,NA,NA,NA,NA,Kel'el Ware,Mackenzie Mgbako,Trey Galloway,Xavier Johnson,Malik Reneau,Tanner Holden,Logan Woods,Drey Carter,AJ Braun,Andrew Welage
2023-24,2023-11-16,2573106,34,0,1,Indiana,Wright State,Hoosiers,Raiders,4,4,14,6,8,1446,Indiana,2128,928,1,Xavier Johnson misses a jump shot from 18 feet out.,missed,FALSE,FALSE,Jump Shot,42.8,9.049999999999997,1132295,Xavier Johnson,NA,0,Indiana,Indiana,17,NA,Kel'el Ware,Mackenzie Mgbako,Trey Galloway,Xavier Johnson,Malik Reneau,Tanner Holden,Logan Woods,Drey Carter,AJ Braun,Andrew Welage
2023-24,2023-11-16,2573106,36,0,1,Indiana,Wright State,Hoosiers,Raiders,4,4,16,6,10,1446,Indiana,2119,919,9,Malik Reneau makes a layup. Trey Galloway with the assist.,made,FALSE,FALSE,Layup Shot,26,6.25,1402782,Malik Reneau,Trey Galloway,0,Indiana,Wright State,17,NA,Kel'el Ware,Mackenzie Mgbako,Trey Galloway,Xavier Johnson,Malik Reneau,Tanner Holden,Logan Woods,Drey Carter,AJ Braun,Andrew Welage
2023-24,2023-11-16,2573106,37,0,1,Indiana,Wright State,Hoosiers,Raiders,4,4,16,6,10,1706,Wright State,2098,898,21,Tanner Holden misses a jump shot from 16 feet out.,missed,FALSE,FALSE,Jump Shot,30.5,20.25,1176108,Tanner Holden,NA,0,Wright State,Wright State,18,NA,Kel'el Ware,Mackenzie Mgbako,Trey Galloway,Xavier Johnson,Malik Reneau,Tanner Holden,Logan Woods,Drey Carter,AJ Braun,Andrew Welage
2023-24,2023-11-16,2573106,38,0,1,Indiana,Wright State,Hoosiers,Raiders,4,4,16,6,10,1706,Wright State,2098,898,0,Drey Carter with an offensive rebound.,NA,FALSE,FALSE,NA,NA,NA,NA,NA,NA,0,Wright State,Wright State,18,NA,Kel'el Ware,Mackenzie Mgbako,Trey Galloway,Xavier Johnson,Malik Reneau,Tanner Holden,Logan Woods,Drey Carter,AJ Braun,Andrew Welage
2023-24,2023-11-16,2573106,39,0,1,Indiana,Wright State,Hoosiers,Raiders,4,4,16,6,10,1706,Wright State,2090,890,8,Logan Woods misses a 3-point jump shot from 24 feet out.,missed,FALSE,TRUE,Jump Shot,39.5,23.85,1408204,Logan Woods,NA,0,Wright State,Wright State,18,NA,Kel'el Ware,Mackenzie Mgbako,Trey Galloway,Xavier Johnson,Malik Reneau,Tanner Holden,Logan Woods,Drey Carter,AJ Braun,Andrew Welage
2023-24,2023-11-16,2573106,40,0,1,Indiana,Wright State,Hoosiers,Raiders,4,4,16,6,10,1706,Wright State,2090,890,0,AJ Braun with an offensive rebound.,NA,FALSE,FALSE,NA,NA,NA,NA,NA,NA,0,Wright State,Wright State,18,NA,Kel'el Ware,Mackenzie Mgbako,Trey Galloway,Xavier Johnson,Malik Reneau,Tanner Holden,Logan Woods,Drey Carter,AJ Braun,Andrew Welage
2023-24,2023-11-16,2573106,41,0,1,Indiana,Wright State,Hoosiers,Raiders,4,4,16,6,10,1706,Wright State,2082,882,8,AJ Braun misses a layup.,missed,FALSE,FALSE,Layup Shot,26,6.25,1334326,AJ Braun,NA,0,Wright State,Wright State,18,NA,Kel'el Ware,Mackenzie Mgbako,Trey Galloway,Xavier Johnson,Malik Reneau,Tanner Holden,Logan Woods,Drey Carter,AJ Braun,Andrew Welage
2023-24,2023-11-16,2573106,42,0,1,Indiana,Wright State,Hoosiers,Raiders,4,4,16,6,10,1446,Indiana,2082,882,0,Malik Reneau with a defensive rebound.,NA,FALSE,FALSE,NA,NA,NA,NA,NA,NA,0,Wright State,Indiana,18,NA,Kel'el Ware,Mackenzie Mgbako,Trey Galloway,Xavier Johnson,Malik Reneau,Tanner Holden,Logan Woods,Drey Carter,AJ Braun,Andrew Welage
2023-24,2023-11-16,2573106,43,0,1,Indiana,Wright State,Hoosiers,Raiders,4,4,16,6,10,1706,Wright State,2074,874,8,Shooting foul committed by AJ Braun.,NA,FALSE,FALSE,NA,NA,NA,NA,NA,NA,0,Indiana,Indiana,19,NA,Kel'el Ware,Mackenzie Mgbako,Trey Galloway,Xavier Johnson,Malik Reneau,Tanner Holden,Logan Woods,Drey Carter,AJ Braun,Andrew Welage
2023-24,2023-11-16,2573106,44,0,1,Indiana,Wright State,Hoosiers,Raiders,4,4,17,6,11,1446,Indiana,2074,874,0,Mackenzie Mgbako makes free throw 1 of 2.,made,TRUE,FALSE,NA,NA,NA,NA,NA,NA,0,Indiana,Indiana,19,NA,Kel'el Ware,Mackenzie Mgbako,Trey Galloway,Xavier Johnson,Malik Reneau,Tanner Holden,Logan Woods,Drey Carter,AJ Braun,Andrew Welage
2023-24,2023-11-16,2573106,45,0,1,Indiana,Wright State,Hoosiers,Raiders,4,4,17,6,11,1446,Indiana,2074,874,0,Substitution: Gabe Cupps in for Xavier Johnson.,NA,FALSE,FALSE,NA,NA,NA,NA,NA,NA,1,NA,NA,NA,NA,Kel'el Ware,Mackenzie Mgbako,Trey Galloway,Gabe Cupps,Malik Reneau,Tanner Holden,Logan Woods,Drey Carter,AJ Braun,Andrew Welage
2023-24,2023-11-16,2573106,46,0,1,Indiana,Wright State,Hoosiers,Raiders,4,4,18,6,12,1446,Indiana,2074,874,0,Mackenzie Mgbako makes free throw 2 of 2.,made,TRUE,FALSE,NA,NA,NA,NA,NA,NA,0,Indiana,Wright State,19,NA,Kel'el Ware,Mackenzie Mgbako,Trey Galloway,Gabe Cupps,Malik Reneau,Tanner Holden,Logan Woods,Drey Carter,AJ Braun,Andrew Welage
2023-24,2023-11-16,2573106,47,0,1,Indiana,Wright State,Hoosiers,Raiders,4,4,18,9,9,1706,Wright State,2051,851,23,Andrew Welage makes a 3-point jump shot from 24 feet out. Drey Carter with the assist.,made,FALSE,TRUE,Jump Shot,34.6,26.75,1231603,Andrew Welage,Drey Carter,0,Wright State,Indiana,20,NA,Kel'el Ware,Mackenzie Mgbako,Trey Galloway,Gabe Cupps,Malik Reneau,Tanner Holden,Logan Woods,Drey Carter,AJ Braun,Andrew Welage
2023-24,2023-11-16,2573106,48,0,1,Indiana,Wright State,Hoosiers,Raiders,4,4,18,9,9,1446,Indiana,2030,830,21,Malik Reneau misses a layup.,missed,FALSE,FALSE,Layup Shot,26,6.25,1402782,Malik Reneau,NA,0,Indiana,Indiana,21,NA,Kel'el Ware,Mackenzie Mgbako,Trey Galloway,Gabe Cupps,Malik Reneau,Tanner Holden,Logan Woods,Drey Carter,AJ Braun,Andrew Welage
2023-24,2023-11-16,2573106,49,0,1,Indiana,Wright State,Hoosiers,Raiders,4,4,18,9,9,1446,Indiana,2030,830,0,Malik Reneau with an offensive rebound.,NA,FALSE,FALSE,NA,NA,NA,NA,NA,NA,0,Indiana,Indiana,21,NA,Kel'el Ware,Mackenzie Mgbako,Trey Galloway,Gabe Cupps,Malik Reneau,Tanner Holden,Logan Woods,Drey Carter,AJ Braun,Andrew Welage
2023-24,2023-11-16,2573106,50,0,1,Indiana,Wright State,Hoosiers,Raiders,4,4,18,9,9,1706,Wright State,2029,829,1,Shooting foul committed by Andrew Welage.,NA,FALSE,FALSE,NA,NA,NA,NA,NA,NA,0,Indiana,Indiana,21,NA,Kel'el Ware,Mackenzie Mgbako,Trey Galloway,Gabe Cupps,Malik Reneau,Tanner Holden,Logan Woods,Drey Carter,AJ Braun,Andrew Welage
2023-24,2023-11-16,2573106,51,0,1,Indiana,Wright State,Hoosiers,Raiders,4,4,18,9,9,1446,Indiana,2029,829,0,Malik Reneau misses free throw 1 of 2.,missed,TRUE,FALSE,NA,NA,NA,NA,NA,NA,0,Indiana,Indiana,21,NA,Kel'el Ware,Mackenzie Mgbako,Trey Galloway,Gabe Cupps,Malik Reneau,Tanner Holden,Logan Woods,Drey Carter,AJ Braun,Andrew Welage
2023-24,2023-11-16,2573106,53,0,1,Indiana,Wright State,Hoosiers,Raiders,4,4,18,9,9,1446,Indiana,2029,829,0,Substitution: Payton Sparks in for Kel'el Ware.,NA,FALSE,FALSE,NA,NA,NA,NA,NA,NA,1,NA,NA,NA,NA,Payton Sparks,Mackenzie Mgbako,Trey Galloway,Gabe Cupps,Malik Reneau,Tanner Holden,Logan Woods,Drey Carter,AJ Braun,Andrew Welage
2023-24,2023-11-16,2573106,54,0,1,Indiana,Wright State,Hoosiers,Raiders,4,4,18,9,9,1706,Wright State,2029,829,0,Substitution: Alex Huibregtse in for AJ Braun.,NA,FALSE,FALSE,NA,NA,NA,NA,NA,NA,1,NA,NA,NA,NA,Payton Sparks,Mackenzie Mgbako,Trey Galloway,Gabe Cupps,Malik Reneau,Tanner Holden,Logan Woods,Drey Carter,Alex Huibregtse,Andrew Welage
2023-24,2023-11-16,2573106,55,0,1,Indiana,Wright State,Hoosiers,Raiders,4,4,18,9,9,1706,Wright State,2029,829,0,Substitution: Brandon Noel in for Logan Woods.,NA,FALSE,FALSE,NA,NA,NA,NA,NA,NA,1,NA,NA,NA,NA,Payton Sparks,Mackenzie Mgbako,Trey Galloway,Gabe Cupps,Malik Reneau,Tanner Holden,Brandon Noel,Drey Carter,Alex Huibregtse,Andrew Welage
2023-24,2023-11-16,2573106,56,0,1,Indiana,Wright State,Hoosiers,Raiders,4,4,18,9,9,1706,Wright State,2029,829,0,Substitution: Kaden Brown in for Tanner Holden.,NA,FALSE,FALSE,NA,NA,NA,NA,NA,NA,1,NA,NA,NA,NA,Payton Sparks,Mackenzie Mgbako,Trey Galloway,Gabe Cupps,Malik Reneau,Kaden Brown,Brandon Noel,Drey Carter,Alex Huibregtse,Andrew Welage
2023-24,2023-11-16,2573106,57,0,1,Indiana,Wright State,Hoosiers,Raiders,4,4,18,9,9,1446,Indiana,2029,829,0,Malik Reneau misses free throw 2 of 2.,missed,TRUE,FALSE,NA,NA,NA,NA,NA,NA,0,Indiana,Indiana,21,NA,Payton Sparks,Mackenzie Mgbako,Trey Galloway,Gabe Cupps,Malik Reneau,Kaden Brown,Brandon Noel,Drey Carter,Alex Huibregtse,Andrew Welage
2023-24,2023-11-16,2573106,58,0,1,Indiana,Wright State,Hoosiers,Raiders,4,4,18,9,9,1706,Wright State,2029,829,0,Alex Huibregtse with a defensive rebound.,NA,FALSE,FALSE,NA,NA,NA,NA,NA,NA,0,Indiana,Wright State,21,NA,Payton Sparks,Mackenzie Mgbako,Trey Galloway,Gabe Cupps,Malik Reneau,Kaden Brown,Brandon Noel,Drey Carter,Alex Huibregtse,Andrew Welage
2023-24,2023-11-16,2573106,59,0,1,Indiana,Wright State,Hoosiers,Raiders,4,4,18,9,9,1446,Indiana,2021,821,8,Substitution: Anthony Walker in for Malik Reneau.,NA,FALSE,FALSE,NA,NA,NA,NA,NA,NA,1,NA,NA,NA,NA,Payton Sparks,Mackenzie Mgbako,Trey Galloway,Gabe Cupps,Anthony Walker,Kaden Brown,Brandon Noel,Drey Carter,Alex Huibregtse,Andrew Welage
2023-24,2023-11-16,2573106,60,0,1,Indiana,Wright State,Hoosiers,Raiders,4,4,18,11,7,1706,Wright State,2020,820,1,Drey Carter makes a layup. Kaden Brown with the assist.,made,FALSE,FALSE,Layup Shot,25,5.25,1408202,Drey Carter,Kaden Brown,0,Wright State,Indiana,22,NA,Payton Sparks,Mackenzie Mgbako,Trey Galloway,Gabe Cupps,Anthony Walker,Kaden Brown,Brandon Noel,Drey Carter,Alex Huibregtse,Andrew Welage
2023-24,2023-11-16,2573106,61,0,1,Indiana,Wright State,Hoosiers,Raiders,4,4,18,11,7,1706,Wright State,2000,800,20,Shooting foul committed by Drey Carter.,NA,FALSE,FALSE,NA,NA,NA,NA,NA,NA,0,Indiana,Indiana,23,NA,Payton Sparks,Mackenzie Mgbako,Trey Galloway,Gabe Cupps,Anthony Walker,Kaden Brown,Brandon Noel,Drey Carter,Alex Huibregtse,Andrew Welage
2023-24,2023-11-16,2573106,62,0,1,Indiana,Wright State,Hoosiers,Raiders,4,4,19,11,8,1446,Indiana,2000,800,0,Trey Galloway makes free throw 1 of 2.,made,TRUE,FALSE,NA,NA,NA,NA,NA,NA,0,Indiana,Indiana,23,NA,Payton Sparks,Mackenzie Mgbako,Trey Galloway,Gabe Cupps,Anthony Walker,Kaden Brown,Brandon Noel,Drey Carter,Alex Huibregtse,Andrew Welage
2023-24,2023-11-16,2573106,63,0,1,Indiana,Wright State,Hoosiers,Raiders,4,4,19,11,8,1446,Indiana,2000,800,0,Substitution: CJ Gunn in for Mackenzie Mgbako.,NA,FALSE,FALSE,NA,NA,NA,NA,NA,NA,1,NA,NA,NA,NA,Payton Sparks,CJ Gunn,Trey Galloway,Gabe Cupps,Anthony Walker,Kaden Brown,Brandon Noel,Drey Carter,Alex Huibregtse,Andrew Welage
2023-24,2023-11-16,2573106,64,0,1,Indiana,Wright State,Hoosiers,Raiders,4,4,20,11,9,1446,Indiana,2000,800,0,Trey Galloway makes free throw 2 of 2.,made,TRUE,FALSE,NA,NA,NA,NA,NA,NA,0,Indiana,Wright State,23,NA,Payton Sparks,CJ Gunn,Trey Galloway,Gabe Cupps,Anthony Walker,Kaden Brown,Brandon Noel,Drey Carter,Alex Huibregtse,Andrew Welage
2023-24,2023-11-16,2573106,65,0,1,Indiana,Wright State,Hoosiers,Raiders,4,4,20,11,9,1706,Wright State,1986,786,14,Kaden Brown with a turnover - Traveling,NA,FALSE,FALSE,NA,NA,NA,NA,NA,NA,0,Wright State,Indiana,24,NA,Payton Sparks,CJ Gunn,Trey Galloway,Gabe Cupps,Anthony Walker,Kaden Brown,Brandon Noel,Drey Carter,Alex Huibregtse,Andrew Welage
2023-24,2023-11-16,2573106,66,0,1,Indiana,Wright State,Hoosiers,Raiders,4,4,20,11,9,1706,Wright State,1986,786,0,Substitution: Tanner Holden in for Drey Carter.,NA,FALSE,FALSE,NA,NA,NA,NA,NA,NA,1,NA,NA,NA,NA,Payton Sparks,CJ Gunn,Trey Galloway,Gabe Cupps,Anthony Walker,Kaden Brown,Brandon Noel,Tanner Holden,Alex Huibregtse,Andrew Welage
2023-24,2023-11-16,2573106,67,0,1,Indiana,Wright State,Hoosiers,Raiders,4,4,22,11,11,1446,Indiana,1971,771,15,Trey Galloway makes a layup.,made,FALSE,FALSE,Layup Shot,26,6.25,1236195,Trey Galloway,NA,0,Indiana,Wright State,25,NA,Payton Sparks,CJ Gunn,Trey Galloway,Gabe Cupps,Anthony Walker,Kaden Brown,Brandon Noel,Tanner Holden,Alex Huibregtse,Andrew Welage
2023-24,2023-11-16,2573106,68,0,1,Indiana,Wright State,Hoosiers,Raiders,4,4,22,11,11,1706,Wright State,1960,760,11,Trey Galloway steals the ball from Brandon Noel.,NA,FALSE,FALSE,NA,NA,NA,NA,NA,NA,0,Wright State,Indiana,26,NA,Payton Sparks,CJ Gunn,Trey Galloway,Gabe Cupps,Anthony Walker,Kaden Brown,Brandon Noel,Tanner Holden,Alex Huibregtse,Andrew Welage
2023-24,2023-11-16,2573106,69,0,1,Indiana,Wright State,Hoosiers,Raiders,4,4,22,11,11,1706,Wright State,1955,755,5,Shooting foul committed by Andrew Welage.,NA,FALSE,FALSE,NA,NA,NA,NA,NA,NA,0,Indiana,Indiana,27,NA,Payton Sparks,CJ Gunn,Trey Galloway,Gabe Cupps,Anthony Walker,Kaden Brown,Brandon Noel,Tanner Holden,Alex Huibregtse,Andrew Welage
2023-24,2023-11-16,2573106,70,0,1,Indiana,Wright State,Hoosiers,Raiders,4,4,23,11,12,1446,Indiana,1955,755,0,Trey Galloway makes free throw 1 of 2.,made,TRUE,FALSE,NA,NA,NA,NA,NA,NA,0,Indiana,Indiana,27,NA,Payton Sparks,CJ Gunn,Trey Galloway,Gabe Cupps,Anthony Walker,Kaden Brown,Brandon Noel,Tanner Holden,Alex Huibregtse,Andrew Welage
2023-24,2023-11-16,2573106,71,0,1,Indiana,Wright State,Hoosiers,Raiders,4,4,23,11,12,1706,Wright State,1955,755,0,Substitution: AJ Braun in for Brandon Noel.,NA,FALSE,FALSE,NA,NA,NA,NA,NA,NA,1,NA,NA,NA,NA,Payton Sparks,CJ Gunn,Trey Galloway,Gabe Cupps,Anthony Walker,Kaden Brown,AJ Braun,Tanner Holden,Alex Huibregtse,Andrew Welage
2023-24,2023-11-16,2573106,72,0,1,Indiana,Wright State,Hoosiers,Raiders,4,4,23,11,12,1706,Wright State,1955,755,0,Substitution: Logan Woods in for Andrew Welage.,NA,FALSE,FALSE,NA,NA,NA,NA,NA,NA,1,NA,NA,NA,NA,Payton Sparks,CJ Gunn,Trey Galloway,Gabe Cupps,Anthony Walker,Kaden Brown,AJ Braun,Tanner Holden,Alex Huibregtse,Logan Woods
2023-24,2023-11-16,2573106,73,0,1,Indiana,Wright State,Hoosiers,Raiders,4,4,23,11,12,1446,Indiana,1955,755,0,Trey Galloway misses free throw 2 of 2.,missed,TRUE,FALSE,NA,NA,NA,NA,NA,NA,0,Indiana,Indiana,27,NA,Payton Sparks,CJ Gunn,Trey Galloway,Gabe Cupps,Anthony Walker,Kaden Brown,AJ Braun,Tanner Holden,Alex Huibregtse,Logan Woods
2023-24,2023-11-16,2573106,74,0,1,Indiana,Wright State,Hoosiers,Raiders,4,4,23,11,12,1706,Wright State,1955,755,0,Tanner Holden with a defensive rebound.,NA,FALSE,FALSE,NA,NA,NA,NA,NA,NA,0,Indiana,Wright State,27,NA,Payton Sparks,CJ Gunn,Trey Galloway,Gabe Cupps,Anthony Walker,Kaden Brown,AJ Braun,Tanner Holden,Alex Huibregtse,Logan Woods
2023-24,2023-11-16,2573106,75,0,1,Indiana,Wright State,Hoosiers,Raiders,4,4,23,11,12,1446,Indiana,1933,733,22,Shooting foul committed by Anthony Walker.,NA,FALSE,FALSE,NA,NA,NA,NA,NA,NA,0,Wright State,Wright State,28,NA,Payton Sparks,CJ Gunn,Trey Galloway,Gabe Cupps,Anthony Walker,Kaden Brown,AJ Braun,Tanner Holden,Alex Huibregtse,Logan Woods
2023-24,2023-11-16,2573106,76,0,1,Indiana,Wright State,Hoosiers,Raiders,4,4,23,12,11,1706,Wright State,1927,727,6,Tanner Holden makes free throw 1 of 2.,made,TRUE,FALSE,NA,NA,NA,NA,NA,NA,0,Wright State,Wright State,28,NA,Payton Sparks,CJ Gunn,Trey Galloway,Gabe Cupps,Anthony Walker,Kaden Brown,AJ Braun,Tanner Holden,Alex Huibregtse,Logan Woods
2023-24,2023-11-16,2573106,77,0,1,Indiana,Wright State,Hoosiers,Raiders,4,4,23,12,11,1446,Indiana,1927,727,0,Substitution: Kaleb Banks in for Trey Galloway.,NA,FALSE,FALSE,NA,NA,NA,NA,NA,NA,1,NA,NA,NA,NA,Payton Sparks,CJ Gunn,Kaleb Banks,Gabe Cupps,Anthony Walker,Kaden Brown,AJ Braun,Tanner Holden,Alex Huibregtse,Logan Woods
2023-24,2023-11-16,2573106,78,0,1,Indiana,Wright State,Hoosiers,Raiders,4,4,23,13,10,1706,Wright State,1927,727,0,Tanner Holden makes free throw 2 of 2.,made,TRUE,FALSE,NA,NA,NA,NA,NA,NA,0,Wright State,Indiana,28,NA,Payton Sparks,CJ Gunn,Kaleb Banks,Gabe Cupps,Anthony Walker,Kaden Brown,AJ Braun,Tanner Holden,Alex Huibregtse,Logan Woods
2023-24,2023-11-16,2573106,79,0,1,Indiana,Wright State,Hoosiers,Raiders,4,4,23,13,10,1446,Indiana,1912,712,15,Offensive foul committed by Payton Sparks.,NA,FALSE,FALSE,NA,NA,NA,NA,NA,NA,0,Indiana,Indiana,29,NA,Payton Sparks,CJ Gunn,Kaleb Banks,Gabe Cupps,Anthony Walker,Kaden Brown,AJ Braun,Tanner Holden,Alex Huibregtse,Logan Woods
2023-24,2023-11-16,2573106,80,0,1,Indiana,Wright State,Hoosiers,Raiders,4,4,23,13,10,1446,Indiana,1912,712,0,Payton Sparks with a turnover,NA,FALSE,FALSE,NA,NA,NA,NA,NA,NA,0,Indiana,Wright State,29,NA,Payton Sparks,CJ Gunn,Kaleb Banks,Gabe Cupps,Anthony Walker,Kaden Brown,AJ Braun,Tanner Holden,Alex Huibregtse,Logan Woods
2023-24,2023-11-16,2573106,81,0,1,Indiana,Wright State,Hoosiers,Raiders,4,4,23,13,10,NA,NA,1912,712,0,Official TV timeout.,NA,FALSE,FALSE,NA,NA,NA,NA,NA,NA,0,NA,NA,NA,NA,Payton Sparks,CJ Gunn,Kaleb Banks,Gabe Cupps,Anthony Walker,Kaden Brown,AJ Braun,Tanner Holden,Alex Huibregtse,Logan Woods
2023-24,2023-11-16,2573106,82,0,1,Indiana,Wright State,Hoosiers,Raiders,4,4,23,13,10,1706,Wright State,1901,701,11,AJ Braun with a turnover - Traveling,NA,FALSE,FALSE,NA,NA,NA,NA,NA,NA,0,Wright State,Indiana,30,NA,Payton Sparks,CJ Gunn,Kaleb Banks,Gabe Cupps,Anthony Walker,Kaden Brown,AJ Braun,Tanner Holden,Alex Huibregtse,Logan Woods
2023-24,2023-11-16,2573106,83,0,1,Indiana,Wright State,Hoosiers,Raiders,4,4,23,13,10,1446,Indiana,1876,676,25,Payton Sparks misses a layup.,missed,FALSE,FALSE,Layup Shot,25,5.25,1340737,Payton Sparks,NA,0,Indiana,Indiana,31,NA,Payton Sparks,CJ Gunn,Kaleb Banks,Gabe Cupps,Anthony Walker,Kaden Brown,AJ Braun,Tanner Holden,Alex Huibregtse,Logan Woods
2023-24,2023-11-16,2573106,84,0,1,Indiana,Wright State,Hoosiers,Raiders,4,4,23,13,10,1446,Indiana,1876,676,0,Kaleb Banks with an offensive rebound.,NA,FALSE,FALSE,NA,NA,NA,NA,NA,NA,0,Indiana,Indiana,31,NA,Payton Sparks,CJ Gunn,Kaleb Banks,Gabe Cupps,Anthony Walker,Kaden Brown,AJ Braun,Tanner Holden,Alex Huibregtse,Logan Woods
2023-24,2023-11-16,2573106,85,0,1,Indiana,Wright State,Hoosiers,Raiders,4,4,23,13,10,1706,Wright State,1865,665,11,Shooting foul committed by AJ Braun.,NA,FALSE,FALSE,NA,NA,NA,NA,NA,NA,0,Indiana,Indiana,31,NA,Payton Sparks,CJ Gunn,Kaleb Banks,Gabe Cupps,Anthony Walker,Kaden Brown,AJ Braun,Tanner Holden,Alex Huibregtse,Logan Woods
2023-24,2023-11-16,2573106,86,0,1,Indiana,Wright State,Hoosiers,Raiders,4,4,23,13,10,1446,Indiana,1865,665,0,Kaleb Banks misses free throw 1 of 2.,missed,TRUE,FALSE,NA,NA,NA,NA,NA,NA,0,Indiana,Indiana,31,NA,Payton Sparks,CJ Gunn,Kaleb Banks,Gabe Cupps,Anthony Walker,Kaden Brown,AJ Braun,Tanner Holden,Alex Huibregtse,Logan Woods
2023-24,2023-11-16,2573106,88,0,1,Indiana,Wright State,Hoosiers,Raiders,4,4,23,13,10,1706,Wright State,1865,665,0,Substitution: Brandon Noel in for AJ Braun.,NA,FALSE,FALSE,NA,NA,NA,NA,NA,NA,1,NA,NA,NA,NA,Payton Sparks,CJ Gunn,Kaleb Banks,Gabe Cupps,Anthony Walker,Kaden Brown,Brandon Noel,Tanner Holden,Alex Huibregtse,Logan Woods
2023-24,2023-11-16,2573106,89,0,1,Indiana,Wright State,Hoosiers,Raiders,4,4,23,13,10,1706,Wright State,1865,665,0,Substitution: Andrew Welage in for Logan Woods.,NA,FALSE,FALSE,NA,NA,NA,NA,NA,NA,1,NA,NA,NA,NA,Payton Sparks,CJ Gunn,Kaleb Banks,Gabe Cupps,Anthony Walker,Kaden Brown,Brandon Noel,Tanner Holden,Alex Huibregtse,Andrew Welage
2023-24,2023-11-16,2573106,90,0,1,Indiana,Wright State,Hoosiers,Raiders,4,4,23,13,10,1446,Indiana,1865,665,0,Kaleb Banks misses free throw 2 of 2.,missed,TRUE,FALSE,NA,NA,NA,NA,NA,NA,0,Indiana,Indiana,31,NA,Payton Sparks,CJ Gunn,Kaleb Banks,Gabe Cupps,Anthony Walker,Kaden Brown,Brandon Noel,Tanner Holden,Alex Huibregtse,Andrew Welage
2023-24,2023-11-16,2573106,91,0,1,Indiana,Wright State,Hoosiers,Raiders,4,4,23,13,10,1706,Wright State,1865,665,0,Brandon Noel with a defensive rebound.,NA,FALSE,FALSE,NA,NA,NA,NA,NA,NA,0,Indiana,Wright State,31,NA,Payton Sparks,CJ Gunn,Kaleb Banks,Gabe Cupps,Anthony Walker,Kaden Brown,Brandon Noel,Tanner Holden,Alex Huibregtse,Andrew Welage
2023-24,2023-11-16,2573106,92,0,1,Indiana,Wright State,Hoosiers,Raiders,4,4,23,13,10,1706,Wright State,1838,638,27,Tanner Holden misses a jump shot from 16 feet out.,missed,FALSE,FALSE,Jump Shot,40.6,9.05,1176108,Tanner Holden,NA,0,Wright State,Wright State,32,NA,Payton Sparks,CJ Gunn,Kaleb Banks,Gabe Cupps,Anthony Walker,Kaden Brown,Brandon Noel,Tanner Holden,Alex Huibregtse,Andrew Welage
2023-24,2023-11-16,2573106,93,0,1,Indiana,Wright State,Hoosiers,Raiders,4,4,23,13,10,1446,Indiana,1838,638,0,Anthony Walker with a defensive rebound.,NA,FALSE,FALSE,NA,NA,NA,NA,NA,NA,0,Wright State,Indiana,32,NA,Payton Sparks,CJ Gunn,Kaleb Banks,Gabe Cupps,Anthony Walker,Kaden Brown,Brandon Noel,Tanner Holden,Alex Huibregtse,Andrew Welage
2023-24,2023-11-16,2573106,94,0,1,Indiana,Wright State,Hoosiers,Raiders,4,4,25,13,12,1446,Indiana,1820,620,18,Anthony Walker makes a jump shot from 8 feet out.,made,FALSE,FALSE,Jump Shot,26.6,12.650000000000006,1175086,Anthony Walker,NA,0,Indiana,Indiana,33,NA,Payton Sparks,CJ Gunn,Kaleb Banks,Gabe Cupps,Anthony Walker,Kaden Brown,Brandon Noel,Tanner Holden,Alex Huibregtse,Andrew Welage
2023-24,2023-11-16,2573106,95,0,1,Indiana,Wright State,Hoosiers,Raiders,4,4,25,13,12,1706,Wright State,1820,620,0,Shooting foul committed by Alex Huibregtse.,NA,FALSE,FALSE,NA,NA,NA,NA,NA,NA,0,Indiana,Indiana,33,NA,Payton Sparks,CJ Gunn,Kaleb Banks,Gabe Cupps,Anthony Walker,Kaden Brown,Brandon Noel,Tanner Holden,Alex Huibregtse,Andrew Welage
2023-24,2023-11-16,2573106,96,0,1,Indiana,Wright State,Hoosiers,Raiders,4,4,26,13,13,1446,Indiana,1820,620,0,Anthony Walker makes free throw 1 of 1.,made,TRUE,FALSE,NA,NA,NA,NA,NA,NA,0,Indiana,Wright State,33,NA,Payton Sparks,CJ Gunn,Kaleb Banks,Gabe Cupps,Anthony Walker,Kaden Brown,Brandon Noel,Tanner Holden,Alex Huibregtse,Andrew Welage
2023-24,2023-11-16,2573106,97,0,1,Indiana,Wright State,Hoosiers,Raiders,4,4,26,13,13,1706,Wright State,1814,614,6,CJ Gunn steals the ball from Andrew Welage.,NA,FALSE,FALSE,NA,NA,NA,NA,NA,NA,0,Wright State,Indiana,34,NA,Payton Sparks,CJ Gunn,Kaleb Banks,Gabe Cupps,Anthony Walker,Kaden Brown,Brandon Noel,Tanner Holden,Alex Huibregtse,Andrew Welage
2023-24,2023-11-16,2573106,98,0,1,Indiana,Wright State,Hoosiers,Raiders,4,4,28,13,15,1446,Indiana,1811,611,3,CJ Gunn makes a layup.,made,FALSE,FALSE,Layup Shot,26,6.25,1402785,CJ Gunn,NA,0,Indiana,Wright State,35,NA,Payton Sparks,CJ Gunn,Kaleb Banks,Gabe Cupps,Anthony Walker,Kaden Brown,Brandon Noel,Tanner Holden,Alex Huibregtse,Andrew Welage
2023-24,2023-11-16,2573106,99,0,1,Indiana,Wright State,Hoosiers,Raiders,4,4,28,16,12,1706,Wright State,1798,598,13,Alex Huibregtse makes a 3-point jump shot from 23 feet out. Kaden Brown with the assist.,made,FALSE,TRUE,Jump Shot,3.6999999999999993,12.95,1231577,Alex Huibregtse,Kaden Brown,0,Wright State,Indiana,36,NA,Payton Sparks,CJ Gunn,Kaleb Banks,Gabe Cupps,Anthony Walker,Kaden Brown,Brandon Noel,Tanner Holden,Alex Huibregtse,Andrew Welage
2023-24,2023-11-16,2573106,100,0,1,Indiana,Wright State,Hoosiers,Raiders,4,4,30,16,14,1446,Indiana,1786,586,12,CJ Gunn makes a jump shot from 16 feet out. Gabe Cupps with the assist.,made,FALSE,FALSE,Jump Shot,40.2,8.349999999999994,1402785,CJ Gunn,Gabe Cupps,0,Indiana,Wright State,37,NA,Payton Sparks,CJ Gunn,Kaleb Banks,Gabe Cupps,Anthony Walker,Kaden Brown,Brandon Noel,Tanner Holden,Alex Huibregtse,Andrew Welage
2023-24,2023-11-16,2573106,101,0,1,Indiana,Wright State,Hoosiers,Raiders,4,4,30,16,14,1706,Wright State,1769,569,17,Payton Sparks blocks a Brandon Noel layup.,missed,FALSE,FALSE,Layup Shot,26,6.25,1231587,Brandon Noel,NA,0,Wright State,Wright State,38,NA,Payton Sparks,CJ Gunn,Kaleb Banks,Gabe Cupps,Anthony Walker,Kaden Brown,Brandon Noel,Tanner Holden,Alex Huibregtse,Andrew Welage
2023-24,2023-11-16,2573106,102,0,1,Indiana,Wright State,Hoosiers,Raiders,4,4,30,16,14,1446,Indiana,1769,569,0,Gabe Cupps with a defensive rebound.,NA,FALSE,FALSE,NA,NA,NA,NA,NA,NA,0,Wright State,Indiana,38,NA,Payton Sparks,CJ Gunn,Kaleb Banks,Gabe Cupps,Anthony Walker,Kaden Brown,Brandon Noel,Tanner Holden,Alex Huibregtse,Andrew Welage
2023-24,2023-11-16,2573106,103,0,1,Indiana,Wright State,Hoosiers,Raiders,4,4,30,16,14,1446,Indiana,1762,562,7,Anthony Walker misses a jump shot from 13 feet out.,missed,FALSE,FALSE,Jump Shot,36.6,10.25,1175086,Anthony Walker,NA,0,Indiana,Indiana,39,NA,Payton Sparks,CJ Gunn,Kaleb Banks,Gabe Cupps,Anthony Walker,Kaden Brown,Brandon Noel,Tanner Holden,Alex Huibregtse,Andrew Welage
2023-24,2023-11-16,2573106,104,0,1,Indiana,Wright State,Hoosiers,Raiders,4,4,30,16,14,1706,Wright State,1762,562,0,Kaden Brown with a defensive rebound.,NA,FALSE,FALSE,NA,NA,NA,NA,NA,NA,0,Indiana,Wright State,39,NA,Payton Sparks,CJ Gunn,Kaleb Banks,Gabe Cupps,Anthony Walker,Kaden Brown,Brandon Noel,Tanner Holden,Alex Huibregtse,Andrew Welage
2023-24,2023-11-16,2573106,105,0,1,Indiana,Wright State,Hoosiers,Raiders,4,4,30,16,14,1706,Wright State,1756,556,6,Andrew Welage misses a jump shot from 20 feet out.,missed,FALSE,FALSE,Jump Shot,9.6,17.95,1231603,Andrew Welage,NA,0,Wright State,Wright State,40,NA,Payton Sparks,CJ Gunn,Kaleb Banks,Gabe Cupps,Anthony Walker,Kaden Brown,Brandon Noel,Tanner Holden,Alex Huibregtse,Andrew Welage
2023-24,2023-11-16,2573106,106,0,1,Indiana,Wright State,Hoosiers,Raiders,4,4,30,16,14,1706,Wright State,1756,556,0,Brandon Noel with an offensive rebound.,NA,FALSE,FALSE,NA,NA,NA,NA,NA,NA,0,Wright State,Wright State,40,NA,Payton Sparks,CJ Gunn,Kaleb Banks,Gabe Cupps,Anthony Walker,Kaden Brown,Brandon Noel,Tanner Holden,Alex Huibregtse,Andrew Welage
2023-24,2023-11-16,2573106,107,0,1,Indiana,Wright State,Hoosiers,Raiders,4,4,30,16,14,1446,Indiana,1752,552,4,Shooting foul committed by Kaleb Banks.,NA,FALSE,FALSE,NA,NA,NA,NA,NA,NA,0,Wright State,Wright State,40,NA,Payton Sparks,CJ Gunn,Kaleb Banks,Gabe Cupps,Anthony Walker,Kaden Brown,Brandon Noel,Tanner Holden,Alex Huibregtse,Andrew Welage
2023-24,2023-11-16,2573106,108,0,1,Indiana,Wright State,Hoosiers,Raiders,4,4,30,17,13,1706,Wright State,1752,552,0,Brandon Noel makes free throw 1 of 2.,made,TRUE,FALSE,NA,NA,NA,NA,NA,NA,0,Wright State,Wright State,40,NA,Payton Sparks,CJ Gunn,Kaleb Banks,Gabe Cupps,Anthony Walker,Kaden Brown,Brandon Noel,Tanner Holden,Alex Huibregtse,Andrew Welage
2023-24,2023-11-16,2573106,109,0,1,Indiana,Wright State,Hoosiers,Raiders,4,4,30,17,13,1446,Indiana,1752,552,0,Substitution: Kel'el Ware in for Payton Sparks.,NA,FALSE,FALSE,NA,NA,NA,NA,NA,NA,1,NA,NA,NA,NA,Kel'el Ware,CJ Gunn,Kaleb Banks,Gabe Cupps,Anthony Walker,Kaden Brown,Brandon Noel,Tanner Holden,Alex Huibregtse,Andrew Welage
2023-24,2023-11-16,2573106,110,0,1,Indiana,Wright State,Hoosiers,Raiders,4,4,30,18,12,1706,Wright State,1752,552,0,Brandon Noel makes free throw 2 of 2.,made,TRUE,FALSE,NA,NA,NA,NA,NA,NA,0,Wright State,Indiana,40,NA,Kel'el Ware,CJ Gunn,Kaleb Banks,Gabe Cupps,Anthony Walker,Kaden Brown,Brandon Noel,Tanner Holden,Alex Huibregtse,Andrew Welage
2023-24,2023-11-16,2573106,111,0,1,Indiana,Wright State,Hoosiers,Raiders,4,4,32,18,14,1446,Indiana,1743,543,9,Kaleb Banks dunks. Anthony Walker with the assist.,made,FALSE,FALSE,Dunk Shot,26,6.25,1402784,Kaleb Banks,Anthony Walker,0,Indiana,Wright State,41,NA,Kel'el Ware,CJ Gunn,Kaleb Banks,Gabe Cupps,Anthony Walker,Kaden Brown,Brandon Noel,Tanner Holden,Alex Huibregtse,Andrew Welage
2023-24,2023-11-16,2573106,112,0,1,Indiana,Wright State,Hoosiers,Raiders,4,4,32,21,11,1706,Wright State,1728,528,15,Andrew Welage makes a 3-point jump shot from 23 feet out. Tanner Holden with the assist.,made,FALSE,TRUE,Jump Shot,37,25.25,1231603,Andrew Welage,Tanner Holden,0,Wright State,Indiana,42,NA,Kel'el Ware,CJ Gunn,Kaleb Banks,Gabe Cupps,Anthony Walker,Kaden Brown,Brandon Noel,Tanner Holden,Alex Huibregtse,Andrew Welage
2023-24,2023-11-16,2573106,113,0,1,Indiana,Wright State,Hoosiers,Raiders,4,4,34,21,13,1446,Indiana,1714,514,14,Kel'el Ware makes a layup. CJ Gunn with the assist.,made,FALSE,FALSE,Layup Shot,25,5.25,1405458,Kel'el Ware,CJ Gunn,0,Indiana,Wright State,43,NA,Kel'el Ware,CJ Gunn,Kaleb Banks,Gabe Cupps,Anthony Walker,Kaden Brown,Brandon Noel,Tanner Holden,Alex Huibregtse,Andrew Welage
2023-24,2023-11-16,2573106,114,0,1,Indiana,Wright State,Hoosiers,Raiders,4,4,34,21,13,1706,Wright State,1702,502,12,Kaden Brown misses a 3-point jump shot from 22 feet out.,missed,FALSE,TRUE,Jump Shot,36.5,24.55,1461388,Kaden Brown,NA,0,Wright State,Wright State,44,NA,Kel'el Ware,CJ Gunn,Kaleb Banks,Gabe Cupps,Anthony Walker,Kaden Brown,Brandon Noel,Tanner Holden,Alex Huibregtse,Andrew Welage
2023-24,2023-11-16,2573106,115,0,1,Indiana,Wright State,Hoosiers,Raiders,4,4,34,21,13,1446,Indiana,1702,502,0,Kel'el Ware with a defensive rebound.,NA,FALSE,FALSE,NA,NA,NA,NA,NA,NA,0,Wright State,Indiana,44,NA,Kel'el Ware,CJ Gunn,Kaleb Banks,Gabe Cupps,Anthony Walker,Kaden Brown,Brandon Noel,Tanner Holden,Alex Huibregtse,Andrew Welage
2023-24,2023-11-16,2573106,116,0,1,Indiana,Wright State,Hoosiers,Raiders,4,4,34,21,13,1446,Indiana,1684,484,18,Gabe Cupps with a turnover - Bad Pass,NA,FALSE,FALSE,NA,NA,NA,NA,NA,NA,0,Indiana,Wright State,45,NA,Kel'el Ware,CJ Gunn,Kaleb Banks,Gabe Cupps,Anthony Walker,Kaden Brown,Brandon Noel,Tanner Holden,Alex Huibregtse,Andrew Welage
2023-24,2023-11-16,2573106,117,0,1,Indiana,Wright State,Hoosiers,Raiders,4,4,34,21,13,1446,Indiana,1674,474,10,Personal foul committed by Kaleb Banks.,NA,FALSE,FALSE,NA,NA,NA,NA,NA,NA,0,Wright State,Wright State,46,NA,Kel'el Ware,CJ Gunn,Kaleb Banks,Gabe Cupps,Anthony Walker,Kaden Brown,Brandon Noel,Tanner Holden,Alex Huibregtse,Andrew Welage
2023-24,2023-11-16,2573106,118,0,1,Indiana,Wright State,Hoosiers,Raiders,4,4,34,21,13,NA,NA,1674,474,0,Official TV timeout.,NA,FALSE,FALSE,NA,NA,NA,NA,NA,NA,0,NA,NA,NA,NA,Kel'el Ware,CJ Gunn,Kaleb Banks,Gabe Cupps,Anthony Walker,Kaden Brown,Brandon Noel,Tanner Holden,Alex Huibregtse,Andrew Welage
2023-24,2023-11-16,2573106,119,0,1,Indiana,Wright State,Hoosiers,Raiders,4,4,34,21,13,1446,Indiana,1674,474,0,Substitution: Xavier Johnson in for Gabe Cupps.,NA,FALSE,FALSE,NA,NA,NA,NA,NA,NA,1,NA,NA,NA,NA,Kel'el Ware,CJ Gunn,Kaleb Banks,Xavier Johnson,Anthony Walker,Kaden Brown,Brandon Noel,Tanner Holden,Alex Huibregtse,Andrew Welage
2023-24,2023-11-16,2573106,120,0,1,Indiana,Wright State,Hoosiers,Raiders,4,4,34,23,11,1706,Wright State,1666,466,8,Tanner Holden makes a layup. Brandon Noel with the assist.,made,FALSE,FALSE,Layup Shot,26,6.25,1176108,Tanner Holden,Brandon Noel,0,Wright State,Indiana,46,NA,Kel'el Ware,CJ Gunn,Kaleb Banks,Xavier Johnson,Anthony Walker,Kaden Brown,Brandon Noel,Tanner Holden,Alex Huibregtse,Andrew Welage
2023-24,2023-11-16,2573106,121,0,1,Indiana,Wright State,Hoosiers,Raiders,4,4,34,23,11,1446,Indiana,1654,454,12,Brandon Noel steals the ball from Anthony Walker.,NA,FALSE,FALSE,NA,NA,NA,NA,NA,NA,0,Indiana,Wright State,47,NA,Kel'el Ware,CJ Gunn,Kaleb Banks,Xavier Johnson,Anthony Walker,Kaden Brown,Brandon Noel,Tanner Holden,Alex Huibregtse,Andrew Welage
2023-24,2023-11-16,2573106,122,0,1,Indiana,Wright State,Hoosiers,Raiders,4,4,34,23,11,1706,Wright State,1647,447,7,Brandon Noel misses a 3-point jump shot from 23 feet out.,missed,FALSE,TRUE,Jump Shot,20,27.75,1231587,Brandon Noel,NA,0,Wright State,Wright State,48,NA,Kel'el Ware,CJ Gunn,Kaleb Banks,Xavier Johnson,Anthony Walker,Kaden Brown,Brandon Noel,Tanner Holden,Alex Huibregtse,Andrew Welage
2023-24,2023-11-16,2573106,123,0,1,Indiana,Wright State,Hoosiers,Raiders,4,4,34,23,11,1446,Indiana,1647,447,0,Kaleb Banks with a defensive rebound.,NA,FALSE,FALSE,NA,NA,NA,NA,NA,NA,0,Wright State,Indiana,48,NA,Kel'el Ware,CJ Gunn,Kaleb Banks,Xavier Johnson,Anthony Walker,Kaden Brown,Brandon Noel,Tanner Holden,Alex Huibregtse,Andrew Welage
2023-24,2023-11-16,2573106,124,0,1,Indiana,Wright State,Hoosiers,Raiders,4,4,34,23,11,1446,Indiana,1628,428,19,Substitution: Malik Reneau in for Anthony Walker.,NA,FALSE,FALSE,NA,NA,NA,NA,NA,NA,1,NA,NA,NA,NA,Kel'el Ware,CJ Gunn,Kaleb Banks,Xavier Johnson,Malik Reneau,Kaden Brown,Brandon Noel,Tanner Holden,Alex Huibregtse,Andrew Welage
2023-24,2023-11-16,2573106,125,0,1,Indiana,Wright State,Hoosiers,Raiders,4,4,34,23,11,1446,Indiana,1628,428,0,Substitution: Mackenzie Mgbako in for Kaleb Banks.,NA,FALSE,FALSE,NA,NA,NA,NA,NA,NA,1,NA,NA,NA,NA,Kel'el Ware,CJ Gunn,Mackenzie Mgbako,Xavier Johnson,Malik Reneau,Kaden Brown,Brandon Noel,Tanner Holden,Alex Huibregtse,Andrew Welage
2023-24,2023-11-16,2573106,126,0,1,Indiana,Wright State,Hoosiers,Raiders,4,4,34,23,11,1446,Indiana,1628,428,0,Substitution: Trey Galloway in for CJ Gunn.,NA,FALSE,FALSE,NA,NA,NA,NA,NA,NA,1,NA,NA,NA,NA,Kel'el Ware,Trey Galloway,Mackenzie Mgbako,Xavier Johnson,Malik Reneau,Kaden Brown,Brandon Noel,Tanner Holden,Alex Huibregtse,Andrew Welage
2023-24,2023-11-16,2573106,127,0,1,Indiana,Wright State,Hoosiers,Raiders,4,4,34,23,11,1706,Wright State,1628,428,0,Substitution: Drey Carter in for Andrew Welage.,NA,FALSE,FALSE,NA,NA,NA,NA,NA,NA,1,NA,NA,NA,NA,Kel'el Ware,Trey Galloway,Mackenzie Mgbako,Xavier Johnson,Malik Reneau,Kaden Brown,Brandon Noel,Tanner Holden,Alex Huibregtse,Drey Carter
2023-24,2023-11-16,2573106,128,0,1,Indiana,Wright State,Hoosiers,Raiders,4,4,34,23,11,1446,Indiana,1623,423,5,Mackenzie Mgbako misses a 3-point jump shot from 24 feet out.,missed,FALSE,TRUE,Jump Shot,25.3,29.450000000000003,1459706,Mackenzie Mgbako,NA,0,Indiana,Indiana,49,NA,Kel'el Ware,Trey Galloway,Mackenzie Mgbako,Xavier Johnson,Malik Reneau,Kaden Brown,Brandon Noel,Tanner Holden,Alex Huibregtse,Drey Carter
2023-24,2023-11-16,2573106,129,0,1,Indiana,Wright State,Hoosiers,Raiders,4,4,34,23,11,1706,Wright State,1623,423,0,Kaden Brown with a defensive rebound.,NA,FALSE,FALSE,NA,NA,NA,NA,NA,NA,0,Indiana,Wright State,49,NA,Kel'el Ware,Trey Galloway,Mackenzie Mgbako,Xavier Johnson,Malik Reneau,Kaden Brown,Brandon Noel,Tanner Holden,Alex Huibregtse,Drey Carter
2023-24,2023-11-16,2573106,130,0,1,Indiana,Wright State,Hoosiers,Raiders,4,4,34,23,11,1706,Wright State,1590,390,33,Xavier Johnson blocks a Kaden Brown 3-point jump shot from 25 feet out.,missed,FALSE,TRUE,Jump Shot,33.1,28.95,1461388,Kaden Brown,NA,0,Wright State,Wright State,50,NA,Kel'el Ware,Trey Galloway,Mackenzie Mgbako,Xavier Johnson,Malik Reneau,Kaden Brown,Brandon Noel,Tanner Holden,Alex Huibregtse,Drey Carter
2023-24,2023-11-16,2573106,131,0,1,Indiana,Wright State,Hoosiers,Raiders,4,4,34,23,11,1706,Wright State,1590,390,0,Kaden Brown with an offensive rebound.,NA,FALSE,FALSE,NA,NA,NA,NA,NA,NA,0,Wright State,Wright State,50,NA,Kel'el Ware,Trey Galloway,Mackenzie Mgbako,Xavier Johnson,Malik Reneau,Kaden Brown,Brandon Noel,Tanner Holden,Alex Huibregtse,Drey Carter
2023-24,2023-11-16,2573106,132,0,1,Indiana,Wright State,Hoosiers,Raiders,4,4,34,25,9,1706,Wright State,1580,380,10,Kaden Brown makes a jump shot from 14 feet out.,made,FALSE,FALSE,Jump Shot,33.2,16.75,1461388,Kaden Brown,NA,0,Wright State,Indiana,50,NA,Kel'el Ware,Trey Galloway,Mackenzie Mgbako,Xavier Johnson,Malik Reneau,Kaden Brown,Brandon Noel,Tanner Holden,Alex Huibregtse,Drey Carter
2023-24,2023-11-16,2573106,133,0,1,Indiana,Wright State,Hoosiers,Raiders,4,4,37,25,12,1446,Indiana,1576,376,4,Xavier Johnson makes a 3-point jump shot from 23 feet out. Malik Reneau with the assist.,made,FALSE,TRUE,Jump Shot,14,25.549999999999997,1132295,Xavier Johnson,Malik Reneau,0,Indiana,Wright State,51,NA,Kel'el Ware,Trey Galloway,Mackenzie Mgbako,Xavier Johnson,Malik Reneau,Kaden Brown,Brandon Noel,Tanner Holden,Alex Huibregtse,Drey Carter
2023-24,2023-11-16,2573106,134,0,1,Indiana,Wright State,Hoosiers,Raiders,4,4,37,25,12,1706,Wright State,1568,368,8,Kaden Brown misses a 3-point jump shot from 24 feet out.,missed,FALSE,TRUE,Jump Shot,38.4,25.35,1461388,Kaden Brown,NA,0,Wright State,Wright State,52,NA,Kel'el Ware,Trey Galloway,Mackenzie Mgbako,Xavier Johnson,Malik Reneau,Kaden Brown,Brandon Noel,Tanner Holden,Alex Huibregtse,Drey Carter
2023-24,2023-11-16,2573106,135,0,1,Indiana,Wright State,Hoosiers,Raiders,4,4,37,25,12,1446,Indiana,1568,368,0,Kel'el Ware with a defensive rebound.,NA,FALSE,FALSE,NA,NA,NA,NA,NA,NA,0,Wright State,Indiana,52,NA,Kel'el Ware,Trey Galloway,Mackenzie Mgbako,Xavier Johnson,Malik Reneau,Kaden Brown,Brandon Noel,Tanner Holden,Alex Huibregtse,Drey Carter
2023-24,2023-11-16,2573106,136,0,1,Indiana,Wright State,Hoosiers,Raiders,4,4,37,25,12,1706,Wright State,1560,360,8,Shooting foul committed by Kaden Brown.,NA,FALSE,FALSE,NA,NA,NA,NA,NA,NA,0,Indiana,Indiana,53,NA,Kel'el Ware,Trey Galloway,Mackenzie Mgbako,Xavier Johnson,Malik Reneau,Kaden Brown,Brandon Noel,Tanner Holden,Alex Huibregtse,Drey Carter
2023-24,2023-11-16,2573106,137,0,1,Indiana,Wright State,Hoosiers,Raiders,4,4,38,25,13,1446,Indiana,1560,360,0,Trey Galloway makes free throw 1 of 2.,made,TRUE,FALSE,NA,NA,NA,NA,NA,NA,0,Indiana,Indiana,53,NA,Kel'el Ware,Trey Galloway,Mackenzie Mgbako,Xavier Johnson,Malik Reneau,Kaden Brown,Brandon Noel,Tanner Holden,Alex Huibregtse,Drey Carter
2023-24,2023-11-16,2573106,138,0,1,Indiana,Wright State,Hoosiers,Raiders,4,4,38,25,13,1706,Wright State,1560,360,0,Substitution: Andrew Welage in for Kaden Brown.,NA,FALSE,FALSE,NA,NA,NA,NA,NA,NA,1,NA,NA,NA,NA,Kel'el Ware,Trey Galloway,Mackenzie Mgbako,Xavier Johnson,Malik Reneau,Andrew Welage,Brandon Noel,Tanner Holden,Alex Huibregtse,Drey Carter
2023-24,2023-11-16,2573106,139,0,1,Indiana,Wright State,Hoosiers,Raiders,4,4,39,25,14,1446,Indiana,1560,360,0,Trey Galloway makes free throw 2 of 2.,made,TRUE,FALSE,NA,NA,NA,NA,NA,NA,0,Indiana,Wright State,53,NA,Kel'el Ware,Trey Galloway,Mackenzie Mgbako,Xavier Johnson,Malik Reneau,Andrew Welage,Brandon Noel,Tanner Holden,Alex Huibregtse,Drey Carter
2023-24,2023-11-16,2573106,140,0,1,Indiana,Wright State,Hoosiers,Raiders,4,4,39,28,11,1706,Wright State,1554,354,6,Andrew Welage makes a 3-point jump shot from 26 feet out. Tanner Holden with the assist.,made,FALSE,TRUE,Jump Shot,22,30.85,1231603,Andrew Welage,Tanner Holden,0,Wright State,Indiana,54,NA,Kel'el Ware,Trey Galloway,Mackenzie Mgbako,Xavier Johnson,Malik Reneau,Andrew Welage,Brandon Noel,Tanner Holden,Alex Huibregtse,Drey Carter
2023-24,2023-11-16,2573106,141,0,1,Indiana,Wright State,Hoosiers,Raiders,4,4,41,28,13,1446,Indiana,1530,330,24,Xavier Johnson makes a jump shot from 8 feet out.,made,FALSE,FALSE,Jump Shot,29.3,11.950000000000003,1132295,Xavier Johnson,NA,0,Indiana,Wright State,55,NA,Kel'el Ware,Trey Galloway,Mackenzie Mgbako,Xavier Johnson,Malik Reneau,Andrew Welage,Brandon Noel,Tanner Holden,Alex Huibregtse,Drey Carter
2023-24,2023-11-16,2573106,142,0,1,Indiana,Wright State,Hoosiers,Raiders,4,4,41,31,10,1706,Wright State,1520,320,10,Alex Huibregtse makes a 3-point jump shot from 24 feet out. Tanner Holden with the assist.,made,FALSE,TRUE,Jump Shot,35.6,26.25,1231577,Alex Huibregtse,Tanner Holden,0,Wright State,Indiana,56,NA,Kel'el Ware,Trey Galloway,Mackenzie Mgbako,Xavier Johnson,Malik Reneau,Andrew Welage,Brandon Noel,Tanner Holden,Alex Huibregtse,Drey Carter
2023-24,2023-11-16,2573106,143,0,1,Indiana,Wright State,Hoosiers,Raiders,4,4,43,31,12,1446,Indiana,1500,300,20,Malik Reneau makes a jump shot from 9 feet out. Kel'el Ware with the assist.,made,FALSE,FALSE,Jump Shot,28.1,13.450000000000003,1402782,Malik Reneau,Kel'el Ware,0,Indiana,Wright State,57,NA,Kel'el Ware,Trey Galloway,Mackenzie Mgbako,Xavier Johnson,Malik Reneau,Andrew Welage,Brandon Noel,Tanner Holden,Alex Huibregtse,Drey Carter
2023-24,2023-11-16,2573106,144,0,1,Indiana,Wright State,Hoosiers,Raiders,4,4,43,33,10,1706,Wright State,1483,283,17,Drey Carter makes a layup. Tanner Holden with the assist.,made,FALSE,FALSE,Layup Shot,25,5.25,1408202,Drey Carter,Tanner Holden,0,Wright State,Indiana,58,NA,Kel'el Ware,Trey Galloway,Mackenzie Mgbako,Xavier Johnson,Malik Reneau,Andrew Welage,Brandon Noel,Tanner Holden,Alex Huibregtse,Drey Carter
2023-24,2023-11-16,2573106,145,0,1,Indiana,Wright State,Hoosiers,Raiders,4,4,45,33,12,1446,Indiana,1468,268,15,Kel'el Ware makes a layup. Malik Reneau with the assist.,made,FALSE,FALSE,Layup Shot,26,6.25,1405458,Kel'el Ware,Malik Reneau,0,Indiana,Indiana,59,NA,Kel'el Ware,Trey Galloway,Mackenzie Mgbako,Xavier Johnson,Malik Reneau,Andrew Welage,Brandon Noel,Tanner Holden,Alex Huibregtse,Drey Carter
2023-24,2023-11-16,2573106,146,0,1,Indiana,Wright State,Hoosiers,Raiders,4,4,45,33,12,1706,Wright State,1468,268,0,Shooting foul committed by Alex Huibregtse.,NA,FALSE,FALSE,NA,NA,NA,NA,NA,NA,0,Indiana,Indiana,59,NA,Kel'el Ware,Trey Galloway,Mackenzie Mgbako,Xavier Johnson,Malik Reneau,Andrew Welage,Brandon Noel,Tanner Holden,Alex Huibregtse,Drey Carter
2023-24,2023-11-16,2573106,147,0,1,Indiana,Wright State,Hoosiers,Raiders,4,4,46,33,13,1446,Indiana,1468,268,0,Kel'el Ware makes free throw 1 of 1.,made,TRUE,FALSE,NA,NA,NA,NA,NA,NA,0,Indiana,Wright State,59,NA,Kel'el Ware,Trey Galloway,Mackenzie Mgbako,Xavier Johnson,Malik Reneau,Andrew Welage,Brandon Noel,Tanner Holden,Alex Huibregtse,Drey Carter
2023-24,2023-11-16,2573106,148,0,1,Indiana,Wright State,Hoosiers,Raiders,4,4,46,33,13,1446,Indiana,1450,250,18,Personal foul committed by Mackenzie Mgbako.,NA,FALSE,FALSE,NA,NA,NA,NA,NA,NA,0,Wright State,Wright State,60,NA,Kel'el Ware,Trey Galloway,Mackenzie Mgbako,Xavier Johnson,Malik Reneau,Andrew Welage,Brandon Noel,Tanner Holden,Alex Huibregtse,Drey Carter
2023-24,2023-11-16,2573106,149,0,1,Indiana,Wright State,Hoosiers,Raiders,4,4,46,35,11,1706,Wright State,1447,247,3,Tanner Holden makes a jump shot from 19 feet out.,made,FALSE,FALSE,Jump Shot,20.2,23.35,1176108,Tanner Holden,NA,0,Wright State,Wright State,60,NA,Kel'el Ware,Trey Galloway,Mackenzie Mgbako,Xavier Johnson,Malik Reneau,Andrew Welage,Brandon Noel,Tanner Holden,Alex Huibregtse,Drey Carter
2023-24,2023-11-16,2573106,150,0,1,Indiana,Wright State,Hoosiers,Raiders,4,4,46,35,11,1446,Indiana,1445,245,2,Shooting foul committed by Mackenzie Mgbako.,NA,FALSE,FALSE,NA,NA,NA,NA,NA,NA,0,Wright State,Wright State,60,NA,Kel'el Ware,Trey Galloway,Mackenzie Mgbako,Xavier Johnson,Malik Reneau,Andrew Welage,Brandon Noel,Tanner Holden,Alex Huibregtse,Drey Carter
2023-24,2023-11-16,2573106,151,0,1,Indiana,Wright State,Hoosiers,Raiders,4,4,46,35,11,1446,Indiana,1445,245,0,Substitution: CJ Gunn in for Mackenzie Mgbako.,NA,FALSE,FALSE,NA,NA,NA,NA,NA,NA,1,NA,NA,NA,NA,Kel'el Ware,Trey Galloway,CJ Gunn,Xavier Johnson,Malik Reneau,Andrew Welage,Brandon Noel,Tanner Holden,Alex Huibregtse,Drey Carter
2023-24,2023-11-16,2573106,152,0,1,Indiana,Wright State,Hoosiers,Raiders,4,4,46,36,10,1706,Wright State,1445,245,0,Tanner Holden makes free throw 1 of 1.,made,TRUE,FALSE,NA,NA,NA,NA,NA,NA,0,Wright State,Indiana,60,NA,Kel'el Ware,Trey Galloway,CJ Gunn,Xavier Johnson,Malik Reneau,Andrew Welage,Brandon Noel,Tanner Holden,Alex Huibregtse,Drey Carter
2023-24,2023-11-16,2573106,153,0,1,Indiana,Wright State,Hoosiers,Raiders,4,4,46,36,10,1446,Indiana,1434,234,11,Kel'el Ware misses a jump shot from 14 feet out.,missed,FALSE,FALSE,Jump Shot,37.8,9.549999999999997,1405458,Kel'el Ware,NA,0,Indiana,Indiana,61,NA,Kel'el Ware,Trey Galloway,CJ Gunn,Xavier Johnson,Malik Reneau,Andrew Welage,Brandon Noel,Tanner Holden,Alex Huibregtse,Drey Carter
2023-24,2023-11-16,2573106,154,0,1,Indiana,Wright State,Hoosiers,Raiders,4,4,46,36,10,1706,Wright State,1434,234,0,Tanner Holden with a defensive rebound.,NA,FALSE,FALSE,NA,NA,NA,NA,NA,NA,0,Indiana,Wright State,61,NA,Kel'el Ware,Trey Galloway,CJ Gunn,Xavier Johnson,Malik Reneau,Andrew Welage,Brandon Noel,Tanner Holden,Alex Huibregtse,Drey Carter
2023-24,2023-11-16,2573106,155,0,1,Indiana,Wright State,Hoosiers,Raiders,4,4,46,39,7,1706,Wright State,1428,228,6,Alex Huibregtse makes a 3-point jump shot from 23 feet out. Tanner Holden with the assist.,made,FALSE,TRUE,Jump Shot,39,23.85,1231577,Alex Huibregtse,Tanner Holden,0,Wright State,Indiana,62,NA,Kel'el Ware,Trey Galloway,CJ Gunn,Xavier Johnson,Malik Reneau,Andrew Welage,Brandon Noel,Tanner Holden,Alex Huibregtse,Drey Carter
2023-24,2023-11-16,2573106,156,0,1,Indiana,Wright State,Hoosiers,Raiders,4,4,46,39,7,1706,Wright State,1404,204,24,Shooting foul committed by Drey Carter.,NA,FALSE,FALSE,NA,NA,NA,NA,NA,NA,0,Indiana,Indiana,63,NA,Kel'el Ware,Trey Galloway,CJ Gunn,Xavier Johnson,Malik Reneau,Andrew Welage,Brandon Noel,Tanner Holden,Alex Huibregtse,Drey Carter
2023-24,2023-11-16,2573106,157,0,1,Indiana,Wright State,Hoosiers,Raiders,4,4,46,39,7,NA,NA,1404,204,0,Official TV timeout.,NA,FALSE,FALSE,NA,NA,NA,NA,NA,NA,0,NA,NA,NA,NA,Kel'el Ware,Trey Galloway,CJ Gunn,Xavier Johnson,Malik Reneau,Andrew Welage,Brandon Noel,Tanner Holden,Alex Huibregtse,Drey Carter
2023-24,2023-11-16,2573106,158,0,1,Indiana,Wright State,Hoosiers,Raiders,4,4,46,39,7,1446,Indiana,1404,204,0,Trey Galloway misses free throw 1 of 2.,missed,TRUE,FALSE,NA,NA,NA,NA,NA,NA,0,Indiana,Indiana,63,NA,Kel'el Ware,Trey Galloway,CJ Gunn,Xavier Johnson,Malik Reneau,Andrew Welage,Brandon Noel,Tanner Holden,Alex Huibregtse,Drey Carter
2023-24,2023-11-16,2573106,160,0,1,Indiana,Wright State,Hoosiers,Raiders,4,4,47,39,8,1446,Indiana,1404,204,0,Trey Galloway makes free throw 2 of 2.,made,TRUE,FALSE,NA,NA,NA,NA,NA,NA,0,Indiana,Wright State,63,NA,Kel'el Ware,Trey Galloway,CJ Gunn,Xavier Johnson,Malik Reneau,Andrew Welage,Brandon Noel,Tanner Holden,Alex Huibregtse,Drey Carter
2023-24,2023-11-16,2573106,161,0,1,Indiana,Wright State,Hoosiers,Raiders,4,4,47,39,8,1446,Indiana,1397,197,7,Shooting foul committed by Xavier Johnson.,NA,FALSE,FALSE,NA,NA,NA,NA,NA,NA,0,Wright State,Wright State,64,NA,Kel'el Ware,Trey Galloway,CJ Gunn,Xavier Johnson,Malik Reneau,Andrew Welage,Brandon Noel,Tanner Holden,Alex Huibregtse,Drey Carter
2023-24,2023-11-16,2573106,162,0,1,Indiana,Wright State,Hoosiers,Raiders,4,4,47,40,7,1706,Wright State,1397,197,0,Alex Huibregtse makes free throw 1 of 2.,made,TRUE,FALSE,NA,NA,NA,NA,NA,NA,0,Wright State,Wright State,64,NA,Kel'el Ware,Trey Galloway,CJ Gunn,Xavier Johnson,Malik Reneau,Andrew Welage,Brandon Noel,Tanner Holden,Alex Huibregtse,Drey Carter
2023-24,2023-11-16,2573106,163,0,1,Indiana,Wright State,Hoosiers,Raiders,4,4,47,41,6,1706,Wright State,1397,197,0,Alex Huibregtse makes free throw 2 of 2.,made,TRUE,FALSE,NA,NA,NA,NA,NA,NA,0,Wright State,Indiana,64,NA,Kel'el Ware,Trey Galloway,CJ Gunn,Xavier Johnson,Malik Reneau,Andrew Welage,Brandon Noel,Tanner Holden,Alex Huibregtse,Drey Carter
2023-24,2023-11-16,2573106,164,0,1,Indiana,Wright State,Hoosiers,Raiders,4,4,49,41,8,1446,Indiana,1384,184,13,Malik Reneau makes a layup. Kel'el Ware with the assist.,made,FALSE,FALSE,Layup Shot,26,6.25,1402782,Malik Reneau,Kel'el Ware,0,Indiana,Indiana,65,NA,Kel'el Ware,Trey Galloway,CJ Gunn,Xavier Johnson,Malik Reneau,Andrew Welage,Brandon Noel,Tanner Holden,Alex Huibregtse,Drey Carter
2023-24,2023-11-16,2573106,165,0,1,Indiana,Wright State,Hoosiers,Raiders,4,4,49,41,8,1706,Wright State,1384,184,0,Shooting foul committed by Drey Carter.,NA,FALSE,FALSE,NA,NA,NA,NA,NA,NA,0,Indiana,Indiana,65,NA,Kel'el Ware,Trey Galloway,CJ Gunn,Xavier Johnson,Malik Reneau,Andrew Welage,Brandon Noel,Tanner Holden,Alex Huibregtse,Drey Carter
2023-24,2023-11-16,2573106,166,0,1,Indiana,Wright State,Hoosiers,Raiders,4,4,49,41,8,1706,Wright State,1384,184,0,Substitution: Logan Woods in for Drey Carter.,NA,FALSE,FALSE,NA,NA,NA,NA,NA,NA,1,NA,NA,NA,NA,Kel'el Ware,Trey Galloway,CJ Gunn,Xavier Johnson,Malik Reneau,Andrew Welage,Brandon Noel,Tanner Holden,Alex Huibregtse,Logan Woods
2023-24,2023-11-16,2573106,167,0,1,Indiana,Wright State,Hoosiers,Raiders,4,4,49,41,8,1446,Indiana,1384,184,0,Malik Reneau misses free throw 1 of 1.,missed,TRUE,FALSE,NA,NA,NA,NA,NA,NA,0,Indiana,Indiana,65,NA,Kel'el Ware,Trey Galloway,CJ Gunn,Xavier Johnson,Malik Reneau,Andrew Welage,Brandon Noel,Tanner Holden,Alex Huibregtse,Logan Woods
2023-24,2023-11-16,2573106,168,0,1,Indiana,Wright State,Hoosiers,Raiders,4,4,49,41,8,1706,Wright State,1384,184,0,Brandon Noel with a defensive rebound.,NA,FALSE,FALSE,NA,NA,NA,NA,NA,NA,0,Indiana,Wright State,65,NA,Kel'el Ware,Trey Galloway,CJ Gunn,Xavier Johnson,Malik Reneau,Andrew Welage,Brandon Noel,Tanner Holden,Alex Huibregtse,Logan Woods
2023-24,2023-11-16,2573106,169,0,1,Indiana,Wright State,Hoosiers,Raiders,4,4,49,41,8,1706,Wright State,1377,177,7,Brandon Noel misses a 3-point jump shot from 25 feet out.,missed,FALSE,TRUE,Jump Shot,9.6,24.35,1231587,Brandon Noel,NA,0,Wright State,Wright State,66,NA,Kel'el Ware,Trey Galloway,CJ Gunn,Xavier Johnson,Malik Reneau,Andrew Welage,Brandon Noel,Tanner Holden,Alex Huibregtse,Logan Woods
2023-24,2023-11-16,2573106,170,0,1,Indiana,Wright State,Hoosiers,Raiders,4,4,49,41,8,1706,Wright State,1377,177,0,Logan Woods with an offensive rebound.,NA,FALSE,FALSE,NA,NA,NA,NA,NA,NA,0,Wright State,Wright State,66,NA,Kel'el Ware,Trey Galloway,CJ Gunn,Xavier Johnson,Malik Reneau,Andrew Welage,Brandon Noel,Tanner Holden,Alex Huibregtse,Logan Woods
2023-24,2023-11-16,2573106,171,0,1,Indiana,Wright State,Hoosiers,Raiders,4,4,49,44,5,1706,Wright State,1370,170,7,Andrew Welage makes a 3-point jump shot from 24 feet out. Logan Woods with the assist.,made,FALSE,TRUE,Jump Shot,12.5,26.25,1231603,Andrew Welage,Logan Woods,0,Wright State,Indiana,66,NA,Kel'el Ware,Trey Galloway,CJ Gunn,Xavier Johnson,Malik Reneau,Andrew Welage,Brandon Noel,Tanner Holden,Alex Huibregtse,Logan Woods
2023-24,2023-11-16,2573106,172,0,1,Indiana,Wright State,Hoosiers,Raiders,4,4,49,44,5,1446,Indiana,1351,151,19,Trey Galloway misses a 3-point jump shot from 25 feet out.,missed,FALSE,TRUE,Jump Shot,40.2,24.75,1236195,Trey Galloway,NA,0,Indiana,Wright State,67,NA,Kel'el Ware,Trey Galloway,CJ Gunn,Xavier Johnson,Malik Reneau,Andrew Welage,Brandon Noel,Tanner Holden,Alex Huibregtse,Logan Woods
2023-24,2023-11-16,2573106,174,0,1,Indiana,Wright State,Hoosiers,Raiders,4,4,49,46,3,1706,Wright State,1325,125,26,Tanner Holden makes a jump shot from 11 feet out.,made,FALSE,FALSE,Jump Shot,20.8,15.05,1176108,Tanner Holden,NA,0,Wright State,Indiana,68,NA,Kel'el Ware,Trey Galloway,CJ Gunn,Xavier Johnson,Malik Reneau,Andrew Welage,Brandon Noel,Tanner Holden,Alex Huibregtse,Logan Woods
2023-24,2023-11-16,2573106,175,0,1,Indiana,Wright State,Hoosiers,Raiders,4,4,49,46,3,1706,Wright State,1317,117,8,Shooting foul committed by Tanner Holden.,NA,FALSE,FALSE,NA,NA,NA,NA,NA,NA,0,Indiana,Indiana,69,NA,Kel'el Ware,Trey Galloway,CJ Gunn,Xavier Johnson,Malik Reneau,Andrew Welage,Brandon Noel,Tanner Holden,Alex Huibregtse,Logan Woods
2023-24,2023-11-16,2573106,176,0,1,Indiana,Wright State,Hoosiers,Raiders,4,4,50,46,4,1446,Indiana,1317,117,0,Kel'el Ware makes free throw 1 of 2.,made,TRUE,FALSE,NA,NA,NA,NA,NA,NA,0,Indiana,Indiana,69,NA,Kel'el Ware,Trey Galloway,CJ Gunn,Xavier Johnson,Malik Reneau,Andrew Welage,Brandon Noel,Tanner Holden,Alex Huibregtse,Logan Woods
2023-24,2023-11-16,2573106,177,0,1,Indiana,Wright State,Hoosiers,Raiders,4,4,50,46,4,1446,Indiana,1317,117,0,Substitution: Gabe Cupps in for CJ Gunn.,NA,FALSE,FALSE,NA,NA,NA,NA,NA,NA,1,NA,NA,NA,NA,Kel'el Ware,Trey Galloway,Gabe Cupps,Xavier Johnson,Malik Reneau,Andrew Welage,Brandon Noel,Tanner Holden,Alex Huibregtse,Logan Woods
2023-24,2023-11-16,2573106,178,0,1,Indiana,Wright State,Hoosiers,Raiders,4,4,50,46,4,1446,Indiana,1317,117,0,Kel'el Ware misses free throw 2 of 2.,missed,TRUE,FALSE,NA,NA,NA,NA,NA,NA,0,Indiana,Indiana,69,NA,Kel'el Ware,Trey Galloway,Gabe Cupps,Xavier Johnson,Malik Reneau,Andrew Welage,Brandon Noel,Tanner Holden,Alex Huibregtse,Logan Woods
2023-24,2023-11-16,2573106,179,0,1,Indiana,Wright State,Hoosiers,Raiders,4,4,50,46,4,1706,Wright State,1317,117,0,Brandon Noel with a defensive rebound.,NA,FALSE,FALSE,NA,NA,NA,NA,NA,NA,0,Indiana,Wright State,69,NA,Kel'el Ware,Trey Galloway,Gabe Cupps,Xavier Johnson,Malik Reneau,Andrew Welage,Brandon Noel,Tanner Holden,Alex Huibregtse,Logan Woods
2023-24,2023-11-16,2573106,180,0,1,Indiana,Wright State,Hoosiers,Raiders,4,4,50,46,4,1446,Indiana,1310,110,7,Shooting foul committed by Trey Galloway.,NA,FALSE,FALSE,NA,NA,NA,NA,NA,NA,0,Wright State,Wright State,70,NA,Kel'el Ware,Trey Galloway,Gabe Cupps,Xavier Johnson,Malik Reneau,Andrew Welage,Brandon Noel,Tanner Holden,Alex Huibregtse,Logan Woods
2023-24,2023-11-16,2573106,181,0,1,Indiana,Wright State,Hoosiers,Raiders,4,4,50,47,3,1706,Wright State,1310,110,0,Tanner Holden makes free throw 1 of 2.,made,TRUE,FALSE,NA,NA,NA,NA,NA,NA,0,Wright State,Wright State,70,NA,Kel'el Ware,Trey Galloway,Gabe Cupps,Xavier Johnson,Malik Reneau,Andrew Welage,Brandon Noel,Tanner Holden,Alex Huibregtse,Logan Woods
2023-24,2023-11-16,2573106,182,0,1,Indiana,Wright State,Hoosiers,Raiders,4,4,50,48,2,1706,Wright State,1310,110,0,Tanner Holden makes free throw 2 of 2.,made,TRUE,FALSE,NA,NA,NA,NA,NA,NA,0,Wright State,Indiana,70,NA,Kel'el Ware,Trey Galloway,Gabe Cupps,Xavier Johnson,Malik Reneau,Andrew Welage,Brandon Noel,Tanner Holden,Alex Huibregtse,Logan Woods
2023-24,2023-11-16,2573106,183,0,1,Indiana,Wright State,Hoosiers,Raiders,4,4,52,48,4,1446,Indiana,1284,84,26,Xavier Johnson makes a layup.,made,FALSE,FALSE,Layup Shot,25,5.25,1132295,Xavier Johnson,NA,0,Indiana,Wright State,71,NA,Kel'el Ware,Trey Galloway,Gabe Cupps,Xavier Johnson,Malik Reneau,Andrew Welage,Brandon Noel,Tanner Holden,Alex Huibregtse,Logan Woods
2023-24,2023-11-16,2573106,184,0,1,Indiana,Wright State,Hoosiers,Raiders,4,4,52,48,4,1446,Indiana,1269,69,15,Shooting foul committed by Malik Reneau.,NA,FALSE,FALSE,NA,NA,NA,NA,NA,NA,0,Wright State,Wright State,72,NA,Kel'el Ware,Trey Galloway,Gabe Cupps,Xavier Johnson,Malik Reneau,Andrew Welage,Brandon Noel,Tanner Holden,Alex Huibregtse,Logan Woods
2023-24,2023-11-16,2573106,185,0,1,Indiana,Wright State,Hoosiers,Raiders,4,4,52,48,4,1706,Wright State,1269,69,0,Andrew Welage misses free throw 1 of 2.,missed,TRUE,FALSE,NA,NA,NA,NA,NA,NA,0,Wright State,Wright State,72,NA,Kel'el Ware,Trey Galloway,Gabe Cupps,Xavier Johnson,Malik Reneau,Andrew Welage,Brandon Noel,Tanner Holden,Alex Huibregtse,Logan Woods
2023-24,2023-11-16,2573106,187,0,1,Indiana,Wright State,Hoosiers,Raiders,4,4,52,48,4,1706,Wright State,1269,69,0,Substitution: Kaden Brown in for Alex Huibregtse.,NA,FALSE,FALSE,NA,NA,NA,NA,NA,NA,1,NA,NA,NA,NA,Kel'el Ware,Trey Galloway,Gabe Cupps,Xavier Johnson,Malik Reneau,Andrew Welage,Brandon Noel,Tanner Holden,Kaden Brown,Logan Woods
2023-24,2023-11-16,2573106,188,0,1,Indiana,Wright State,Hoosiers,Raiders,4,4,52,49,3,1706,Wright State,1269,69,0,Andrew Welage makes free throw 2 of 2.,made,TRUE,FALSE,NA,NA,NA,NA,NA,NA,0,Wright State,Indiana,72,NA,Kel'el Ware,Trey Galloway,Gabe Cupps,Xavier Johnson,Malik Reneau,Andrew Welage,Brandon Noel,Tanner Holden,Kaden Brown,Logan Woods
2023-24,2023-11-16,2573106,189,0,1,Indiana,Wright State,Hoosiers,Raiders,4,4,52,49,3,1446,Indiana,1269,69,0,Trey Galloway misses a 3-point jump shot from 23 feet out.,missed,FALSE,TRUE,Jump Shot,42.9,19.25,1236195,Trey Galloway,NA,0,Indiana,Indiana,73,NA,Kel'el Ware,Trey Galloway,Gabe Cupps,Xavier Johnson,Malik Reneau,Andrew Welage,Brandon Noel,Tanner Holden,Kaden Brown,Logan Woods
2023-24,2023-11-16,2573106,190,0,1,Indiana,Wright State,Hoosiers,Raiders,4,4,52,49,3,1446,Indiana,1269,69,0,Kel'el Ware with an offensive rebound.,NA,FALSE,FALSE,NA,NA,NA,NA,NA,NA,0,Indiana,Indiana,73,NA,Kel'el Ware,Trey Galloway,Gabe Cupps,Xavier Johnson,Malik Reneau,Andrew Welage,Brandon Noel,Tanner Holden,Kaden Brown,Logan Woods
2023-24,2023-11-16,2573106,191,0,1,Indiana,Wright State,Hoosiers,Raiders,4,4,54,49,5,1446,Indiana,1269,69,0,Kel'el Ware dunks.,made,FALSE,FALSE,Dunk Shot,26,6.25,1405458,Kel'el Ware,NA,0,Indiana,Wright State,73,NA,Kel'el Ware,Trey Galloway,Gabe Cupps,Xavier Johnson,Malik Reneau,Andrew Welage,Brandon Noel,Tanner Holden,Kaden Brown,Logan Woods
2023-24,2023-11-16,2573106,192,0,1,Indiana,Wright State,Hoosiers,Raiders,4,4,54,49,5,1706,Wright State,1235,35,34,Kaden Brown misses a 3-point jump shot from 23 feet out.,missed,FALSE,TRUE,Jump Shot,3.1000000000000014,12.65,1461388,Kaden Brown,NA,0,Wright State,Wright State,74,NA,Kel'el Ware,Trey Galloway,Gabe Cupps,Xavier Johnson,Malik Reneau,Andrew Welage,Brandon Noel,Tanner Holden,Kaden Brown,Logan Woods
2023-24,2023-11-16,2573106,193,0,1,Indiana,Wright State,Hoosiers,Raiders,4,4,54,49,5,1706,Wright State,1235,35,0,Tanner Holden with an offensive rebound.,NA,FALSE,FALSE,NA,NA,NA,NA,NA,NA,0,Wright State,Wright State,74,NA,Kel'el Ware,Trey Galloway,Gabe Cupps,Xavier Johnson,Malik Reneau,Andrew Welage,Brandon Noel,Tanner Holden,Kaden Brown,Logan Woods
2023-24,2023-11-16,2573106,194,0,1,Indiana,Wright State,Hoosiers,Raiders,4,4,54,49,5,1706,Wright State,1227,27,8,Tanner Holden misses a tip shot from 4 feet out.,missed,FALSE,FALSE,Tip Shot,23.6,8.55,1176108,Tanner Holden,NA,0,Wright State,Wright State,74,NA,Kel'el Ware,Trey Galloway,Gabe Cupps,Xavier Johnson,Malik Reneau,Andrew Welage,Brandon Noel,Tanner Holden,Kaden Brown,Logan Woods
2023-24,2023-11-16,2573106,195,0,1,Indiana,Wright State,Hoosiers,Raiders,4,4,54,49,5,1446,Indiana,1227,27,0,Kel'el Ware with a defensive rebound.,NA,FALSE,FALSE,NA,NA,NA,NA,NA,NA,0,Wright State,Indiana,74,NA,Kel'el Ware,Trey Galloway,Gabe Cupps,Xavier Johnson,Malik Reneau,Andrew Welage,Brandon Noel,Tanner Holden,Kaden Brown,Logan Woods
2023-24,2023-11-16,2573106,196,0,1,Indiana,Wright State,Hoosiers,Raiders,3,4,54,49,5,1446,Indiana,1221,21,6,Hoosiers take a 30-second timeout.,NA,FALSE,FALSE,NA,NA,NA,NA,NA,NA,0,NA,NA,NA,NA,Kel'el Ware,Trey Galloway,Gabe Cupps,Xavier Johnson,Malik Reneau,Andrew Welage,Brandon Noel,Tanner Holden,Kaden Brown,Logan Woods
2023-24,2023-11-16,2573106,197,0,1,Indiana,Wright State,Hoosiers,Raiders,3,4,54,49,5,1706,Wright State,1221,21,0,Substitution: Bo Myers in for Tanner Holden.,NA,FALSE,FALSE,NA,NA,NA,NA,NA,NA,1,NA,NA,NA,NA,Kel'el Ware,Trey Galloway,Gabe Cupps,Xavier Johnson,Malik Reneau,Andrew Welage,Brandon Noel,Bo Myers,Kaden Brown,Logan Woods
2023-24,2023-11-16,2573106,198,0,1,Indiana,Wright State,Hoosiers,Raiders,3,4,54,49,5,1446,Indiana,1206,6,15,Malik Reneau misses a 3-point jump shot from 26 feet out.,missed,FALSE,TRUE,Jump Shot,39.7,26.450000000000003,1402782,Malik Reneau,NA,0,Indiana,Wright State,75,NA,Kel'el Ware,Trey Galloway,Gabe Cupps,Xavier Johnson,Malik Reneau,Andrew Welage,Brandon Noel,Bo Myers,Kaden Brown,Logan Woods
2023-24,2023-11-16,2573106,200,0,1,Indiana,Wright State,Hoosiers,Raiders,3,4,54,49,5,NA,NA,1200,0,6,End of the 1st Half,NA,FALSE,FALSE,NA,NA,NA,NA,NA,NA,0,NA,NA,NA,NA,Kel'el Ware,Trey Galloway,Gabe Cupps,Xavier Johnson,Malik Reneau,Andrew Welage,Brandon Noel,Bo Myers,Kaden Brown,Logan Woods
2023-24,2023-11-16,2573106,201,0,2,Indiana,Wright State,Hoosiers,Raiders,4,4,54,49,5,NA,NA,1200,1200,0,Start of the 2nd Half,NA,FALSE,FALSE,NA,NA,NA,NA,NA,NA,0,NA,Wright State,76,NA,Kel'el Ware,Trey Galloway,Gabe Cupps,Xavier Johnson,Malik Reneau,Andrew Welage,Brandon Noel,Bo Myers,Kaden Brown,Logan Woods
2023-24,2023-11-16,2573106,202,0,2,Indiana,Wright State,Hoosiers,Raiders,4,4,54,49,5,1446,Indiana,1186,1186,14,Personal foul committed by Trey Galloway.,NA,FALSE,FALSE,NA,NA,NA,NA,NA,NA,0,Wright State,Wright State,77,NA,Kel'el Ware,Trey Galloway,Gabe Cupps,Xavier Johnson,Malik Reneau,Andrew Welage,Brandon Noel,Bo Myers,Kaden Brown,Logan Woods
2023-24,2023-11-16,2573106,203,0,2,Indiana,Wright State,Hoosiers,Raiders,4,4,54,49,5,1706,Wright State,1182,1182,4,Brandon Noel misses a layup.,missed,FALSE,FALSE,Layup Shot,26,6.25,1231587,Brandon Noel,NA,0,Wright State,Wright State,77,NA,Kel'el Ware,Trey Galloway,Gabe Cupps,Xavier Johnson,Malik Reneau,Andrew Welage,Brandon Noel,Bo Myers,Kaden Brown,Logan Woods
2023-24,2023-11-16,2573106,204,0,2,Indiana,Wright State,Hoosiers,Raiders,4,4,54,49,5,1446,Indiana,1182,1182,0,Kel'el Ware with a defensive rebound.,NA,FALSE,FALSE,NA,NA,NA,NA,NA,NA,0,Wright State,Indiana,77,NA,Kel'el Ware,Trey Galloway,Gabe Cupps,Xavier Johnson,Malik Reneau,Andrew Welage,Brandon Noel,Bo Myers,Kaden Brown,Logan Woods
2023-24,2023-11-16,2573106,205,0,2,Indiana,Wright State,Hoosiers,Raiders,4,4,54,49,5,1446,Indiana,1172,1172,10,Malik Reneau misses a layup.,missed,FALSE,FALSE,Layup Shot,26,6.25,1402782,Malik Reneau,NA,0,Indiana,Indiana,78,NA,Kel'el Ware,Trey Galloway,Gabe Cupps,Xavier Johnson,Malik Reneau,Andrew Welage,Brandon Noel,Bo Myers,Kaden Brown,Logan Woods
2023-24,2023-11-16,2573106,206,0,2,Indiana,Wright State,Hoosiers,Raiders,4,4,54,49,5,1446,Indiana,1172,1172,0,Malik Reneau with an offensive rebound.,NA,FALSE,FALSE,NA,NA,NA,NA,NA,NA,0,Indiana,Indiana,78,NA,Kel'el Ware,Trey Galloway,Gabe Cupps,Xavier Johnson,Malik Reneau,Andrew Welage,Brandon Noel,Bo Myers,Kaden Brown,Logan Woods
2023-24,2023-11-16,2573106,207,0,2,Indiana,Wright State,Hoosiers,Raiders,4,4,54,49,5,1446,Indiana,1166,1166,6,Malik Reneau misses a tip shot from 4 feet out.,missed,FALSE,FALSE,Tip Shot,22.5,8.849999999999994,1402782,Malik Reneau,NA,0,Indiana,Indiana,78,NA,Kel'el Ware,Trey Galloway,Gabe Cupps,Xavier Johnson,Malik Reneau,Andrew Welage,Brandon Noel,Bo Myers,Kaden Brown,Logan Woods
2023-24,2023-11-16,2573106,208,0,2,Indiana,Wright State,Hoosiers,Raiders,4,4,54,49,5,1706,Wright State,1166,1166,0,Tanner Holden with a defensive rebound.,NA,FALSE,FALSE,NA,NA,NA,NA,NA,NA,0,Indiana,Wright State,78,NA,Kel'el Ware,Trey Galloway,Gabe Cupps,Xavier Johnson,Malik Reneau,Andrew Welage,Brandon Noel,Bo Myers,Kaden Brown,Logan Woods
2023-24,2023-11-16,2573106,209,0,2,Indiana,Wright State,Hoosiers,Raiders,4,4,54,49,5,1706,Wright State,1157,1157,9,Brandon Noel misses a layup.,missed,FALSE,FALSE,Layup Shot,26,6.25,1231587,Brandon Noel,NA,0,Wright State,Wright State,79,NA,Kel'el Ware,Trey Galloway,Gabe Cupps,Xavier Johnson,Malik Reneau,Andrew Welage,Brandon Noel,Bo Myers,Kaden Brown,Logan Woods
2023-24,2023-11-16,2573106,210,0,2,Indiana,Wright State,Hoosiers,Raiders,4,4,54,49,5,1446,Indiana,1157,1157,0,Xavier Johnson with a defensive rebound.,NA,FALSE,FALSE,NA,NA,NA,NA,NA,NA,0,Wright State,Indiana,79,NA,Kel'el Ware,Trey Galloway,Gabe Cupps,Xavier Johnson,Malik Reneau,Andrew Welage,Brandon Noel,Bo Myers,Kaden Brown,Logan Woods
2023-24,2023-11-16,2573106,211,0,2,Indiana,Wright State,Hoosiers,Raiders,4,4,54,49,5,1706,Wright State,1142,1142,15,Personal foul committed by Kaden Brown.,NA,FALSE,FALSE,NA,NA,NA,NA,NA,NA,0,Indiana,Indiana,80,NA,Kel'el Ware,Trey Galloway,Gabe Cupps,Xavier Johnson,Malik Reneau,Andrew Welage,Brandon Noel,Bo Myers,Kaden Brown,Logan Woods
2023-24,2023-11-16,2573106,212,0,2,Indiana,Wright State,Hoosiers,Raiders,4,4,54,49,5,1706,Wright State,1142,1142,0,Substitution: Andrew Welage in for Kaden Brown.,NA,FALSE,FALSE,NA,NA,NA,NA,NA,NA,1,NA,NA,NA,Sub already in game,Kel'el Ware,Trey Galloway,Gabe Cupps,Xavier Johnson,Malik Reneau,Andrew Welage,Brandon Noel,Bo Myers,Kaden Brown,Logan Woods
2023-24,2023-11-16,2573106,213,0,2,Indiana,Wright State,Hoosiers,Raiders,4,4,56,49,7,1446,Indiana,1131,1131,11,Mackenzie Mgbako makes a jump shot from 13 feet out.,made,FALSE,FALSE,Jump Shot,12.299999999999997,7.349999999999994,1459706,Mackenzie Mgbako,NA,0,Indiana,Wright State,80,NA,Kel'el Ware,Trey Galloway,Gabe Cupps,Xavier Johnson,Malik Reneau,Andrew Welage,Brandon Noel,Bo Myers,Kaden Brown,Logan Woods
2023-24,2023-11-16,2573106,214,0,2,Indiana,Wright State,Hoosiers,Raiders,4,4,56,49,7,1706,Wright State,1125,1125,6,Tanner Holden misses a jump shot from 10 feet out.,missed,FALSE,FALSE,Jump Shot,24.4,15.15,1176108,Tanner Holden,NA,0,Wright State,Wright State,81,NA,Kel'el Ware,Trey Galloway,Gabe Cupps,Xavier Johnson,Malik Reneau,Andrew Welage,Brandon Noel,Bo Myers,Kaden Brown,Logan Woods
2023-24,2023-11-16,2573106,215,0,2,Indiana,Wright State,Hoosiers,Raiders,4,4,56,49,7,1706,Wright State,1125,1125,0,AJ Braun with an offensive rebound.,NA,FALSE,FALSE,NA,NA,NA,NA,NA,NA,0,Wright State,Wright State,81,NA,Kel'el Ware,Trey Galloway,Gabe Cupps,Xavier Johnson,Malik Reneau,Andrew Welage,Brandon Noel,Bo Myers,Kaden Brown,Logan Woods
2023-24,2023-11-16,2573106,216,0,2,Indiana,Wright State,Hoosiers,Raiders,4,4,56,49,7,1706,Wright State,1115,1115,10,AJ Braun misses a layup.,missed,FALSE,FALSE,Layup Shot,26,6.25,1334326,AJ Braun,NA,0,Wright State,Wright State,81,NA,Kel'el Ware,Trey Galloway,Gabe Cupps,Xavier Johnson,Malik Reneau,Andrew Welage,Brandon Noel,Bo Myers,Kaden Brown,Logan Woods
2023-24,2023-11-16,2573106,217,0,2,Indiana,Wright State,Hoosiers,Raiders,4,4,56,49,7,1446,Indiana,1115,1115,0,Malik Reneau with a defensive rebound.,NA,FALSE,FALSE,NA,NA,NA,NA,NA,NA,0,Wright State,Indiana,81,NA,Kel'el Ware,Trey Galloway,Gabe Cupps,Xavier Johnson,Malik Reneau,Andrew Welage,Brandon Noel,Bo Myers,Kaden Brown,Logan Woods
2023-24,2023-11-16,2573106,218,0,2,Indiana,Wright State,Hoosiers,Raiders,4,4,58,49,9,1446,Indiana,1110,1110,5,Xavier Johnson makes a layup.,made,FALSE,FALSE,Layup Shot,25,5.25,1132295,Xavier Johnson,NA,0,Indiana,Wright State,82,NA,Kel'el Ware,Trey Galloway,Gabe Cupps,Xavier Johnson,Malik Reneau,Andrew Welage,Brandon Noel,Bo Myers,Kaden Brown,Logan Woods
2023-24,2023-11-16,2573106,219,0,2,Indiana,Wright State,Hoosiers,Raiders,4,4,58,49,9,1706,Wright State,1106,1106,4,Offensive foul committed by AJ Braun.,NA,FALSE,FALSE,NA,NA,NA,NA,NA,NA,0,Wright State,Wright State,83,NA,Kel'el Ware,Trey Galloway,Gabe Cupps,Xavier Johnson,Malik Reneau,Andrew Welage,Brandon Noel,Bo Myers,Kaden Brown,Logan Woods
2023-24,2023-11-16,2573106,220,0,2,Indiana,Wright State,Hoosiers,Raiders,4,4,58,49,9,1706,Wright State,1106,1106,0,AJ Braun with a turnover,NA,FALSE,FALSE,NA,NA,NA,NA,NA,NA,0,Wright State,Indiana,83,NA,Kel'el Ware,Trey Galloway,Gabe Cupps,Xavier Johnson,Malik Reneau,Andrew Welage,Brandon Noel,Bo Myers,Kaden Brown,Logan Woods
2023-24,2023-11-16,2573106,221,0,2,Indiana,Wright State,Hoosiers,Raiders,4,4,58,49,9,1706,Wright State,1106,1106,0,Substitution: Drey Carter in for AJ Braun.,NA,FALSE,FALSE,NA,NA,NA,NA,NA,NA,1,NA,NA,NA,Player leaving not previously in game,Kel'el Ware,Trey Galloway,Gabe Cupps,Xavier Johnson,Malik Reneau,Andrew Welage,Brandon Noel,Bo Myers,Kaden Brown,Logan Woods
2023-24,2023-11-16,2573106,222,0,2,Indiana,Wright State,Hoosiers,Raiders,4,4,58,49,9,1706,Wright State,1104,1104,2,Tanner Holden misses a layup.,missed,FALSE,FALSE,Layup Shot,25,5.25,1176108,Tanner Holden,NA,0,Wright State,Wright State,84,NA,Kel'el Ware,Trey Galloway,Gabe Cupps,Xavier Johnson,Malik Reneau,Andrew Welage,Brandon Noel,Bo Myers,Kaden Brown,Logan Woods
2023-24,2023-11-16,2573106,223,0,2,Indiana,Wright State,Hoosiers,Raiders,4,4,58,49,9,1706,Wright State,1104,1104,0,Drey Carter with an offensive rebound.,NA,FALSE,FALSE,NA,NA,NA,NA,NA,NA,0,Wright State,Wright State,84,NA,Kel'el Ware,Trey Galloway,Gabe Cupps,Xavier Johnson,Malik Reneau,Andrew Welage,Brandon Noel,Bo Myers,Kaden Brown,Logan Woods
2023-24,2023-11-16,2573106,224,0,2,Indiana,Wright State,Hoosiers,Raiders,4,4,58,51,7,1706,Wright State,1093,1093,11,Drey Carter makes a layup.,made,FALSE,FALSE,Layup Shot,26,6.25,1408202,Drey Carter,NA,0,Wright State,Indiana,84,NA,Kel'el Ware,Trey Galloway,Gabe Cupps,Xavier Johnson,Malik Reneau,Andrew Welage,Brandon Noel,Bo Myers,Kaden Brown,Logan Woods
2023-24,2023-11-16,2573106,225,0,2,Indiana,Wright State,Hoosiers,Raiders,4,4,58,51,7,1446,Indiana,1083,1083,10,Offensive foul committed by Kel'el Ware.,NA,FALSE,FALSE,NA,NA,NA,NA,NA,NA,0,Indiana,Indiana,85,NA,Kel'el Ware,Trey Galloway,Gabe Cupps,Xavier Johnson,Malik Reneau,Andrew Welage,Brandon Noel,Bo Myers,Kaden Brown,Logan Woods
2023-24,2023-11-16,2573106,226,0,2,Indiana,Wright State,Hoosiers,Raiders,4,4,58,51,7,1446,Indiana,1083,1083,0,Kel'el Ware with a turnover,NA,FALSE,FALSE,NA,NA,NA,NA,NA,NA,0,Indiana,Wright State,85,NA,Kel'el Ware,Trey Galloway,Gabe Cupps,Xavier Johnson,Malik Reneau,Andrew Welage,Brandon Noel,Bo Myers,Kaden Brown,Logan Woods
2023-24,2023-11-16,2573106,227,0,2,Indiana,Wright State,Hoosiers,Raiders,4,4,58,51,7,1446,Indiana,1065,1065,18,Xavier Johnson misses a layup.,missed,FALSE,FALSE,Layup Shot,26,6.25,1132295,Xavier Johnson,NA,0,Indiana,Indiana,86,NA,Kel'el Ware,Trey Galloway,Gabe Cupps,Xavier Johnson,Malik Reneau,Andrew Welage,Brandon Noel,Bo Myers,Kaden Brown,Logan Woods
2023-24,2023-11-16,2573106,228,0,2,Indiana,Wright State,Hoosiers,Raiders,4,4,58,51,7,1706,Wright State,1065,1065,0,Drey Carter with a defensive rebound.,NA,FALSE,FALSE,NA,NA,NA,NA,NA,NA,0,Indiana,Wright State,86,NA,Kel'el Ware,Trey Galloway,Gabe Cupps,Xavier Johnson,Malik Reneau,Andrew Welage,Brandon Noel,Bo Myers,Kaden Brown,Logan Woods
2023-24,2023-11-16,2573106,229,0,2,Indiana,Wright State,Hoosiers,Raiders,4,4,58,54,4,1706,Wright State,1058,1058,7,Tanner Holden makes a 3-point jump shot from 22 feet out. Andrew Welage with the assist.,made,FALSE,TRUE,Jump Shot,11.3,23.05,1176108,Tanner Holden,Andrew Welage,0,Wright State,Indiana,87,NA,Kel'el Ware,Trey Galloway,Gabe Cupps,Xavier Johnson,Malik Reneau,Andrew Welage,Brandon Noel,Bo Myers,Kaden Brown,Logan Woods
2023-24,2023-11-16,2573106,230,0,2,Indiana,Wright State,Hoosiers,Raiders,4,4,58,54,4,1706,Wright State,1044,1044,14,Personal foul committed by Brandon Noel.,NA,FALSE,FALSE,NA,NA,NA,NA,NA,NA,0,Indiana,Indiana,88,NA,Kel'el Ware,Trey Galloway,Gabe Cupps,Xavier Johnson,Malik Reneau,Andrew Welage,Brandon Noel,Bo Myers,Kaden Brown,Logan Woods
2023-24,2023-11-16,2573106,231,0,2,Indiana,Wright State,Hoosiers,Raiders,4,4,60,54,6,1446,Indiana,1041,1041,3,Trey Galloway makes a jump shot from 7 feet out. Mackenzie Mgbako with the assist.,made,FALSE,FALSE,Jump Shot,21.3,10.950000000000003,1236195,Trey Galloway,Mackenzie Mgbako,0,Indiana,Wright State,88,NA,Kel'el Ware,Trey Galloway,Gabe Cupps,Xavier Johnson,Malik Reneau,Andrew Welage,Brandon Noel,Bo Myers,Kaden Brown,Logan Woods
2023-24,2023-11-16,2573106,232,0,2,Indiana,Wright State,Hoosiers,Raiders,4,4,60,56,4,1706,Wright State,1023,1023,18,Alex Huibregtse makes a layup.,made,FALSE,FALSE,Layup Shot,26,6.25,1231577,Alex Huibregtse,NA,0,Wright State,Indiana,89,NA,Kel'el Ware,Trey Galloway,Gabe Cupps,Xavier Johnson,Malik Reneau,Andrew Welage,Brandon Noel,Bo Myers,Kaden Brown,Logan Woods
2023-24,2023-11-16,2573106,233,0,2,Indiana,Wright State,Hoosiers,Raiders,4,4,62,56,6,1446,Indiana,1012,1012,11,Kel'el Ware makes a hook shot from 6 feet out.,made,FALSE,FALSE,Hook Shot,25.9,11.25,1405458,Kel'el Ware,NA,0,Indiana,Wright State,90,NA,Kel'el Ware,Trey Galloway,Gabe Cupps,Xavier Johnson,Malik Reneau,Andrew Welage,Brandon Noel,Bo Myers,Kaden Brown,Logan Woods
2023-24,2023-11-16,2573106,234,0,2,Indiana,Wright State,Hoosiers,Raiders,4,4,62,56,6,1446,Indiana,998,998,14,Shooting foul committed by Trey Galloway.,NA,FALSE,FALSE,NA,NA,NA,NA,NA,NA,0,Wright State,Wright State,91,NA,Kel'el Ware,Trey Galloway,Gabe Cupps,Xavier Johnson,Malik Reneau,Andrew Welage,Brandon Noel,Bo Myers,Kaden Brown,Logan Woods
2023-24,2023-11-16,2573106,235,0,2,Indiana,Wright State,Hoosiers,Raiders,4,4,62,57,5,1706,Wright State,998,998,0,Tanner Holden makes free throw 1 of 2.,made,TRUE,FALSE,NA,NA,NA,NA,NA,NA,0,Wright State,Wright State,91,NA,Kel'el Ware,Trey Galloway,Gabe Cupps,Xavier Johnson,Malik Reneau,Andrew Welage,Brandon Noel,Bo Myers,Kaden Brown,Logan Woods
2023-24,2023-11-16,2573106,236,0,2,Indiana,Wright State,Hoosiers,Raiders,4,4,62,57,5,1446,Indiana,998,998,0,Substitution: CJ Gunn in for Trey Galloway.,NA,FALSE,FALSE,NA,NA,NA,NA,NA,NA,1,NA,NA,NA,NA,Kel'el Ware,CJ Gunn,Gabe Cupps,Xavier Johnson,Malik Reneau,Andrew Welage,Brandon Noel,Bo Myers,Kaden Brown,Logan Woods
2023-24,2023-11-16,2573106,237,0,2,Indiana,Wright State,Hoosiers,Raiders,4,4,62,58,4,1706,Wright State,998,998,0,Tanner Holden makes free throw 2 of 2.,made,TRUE,FALSE,NA,NA,NA,NA,NA,NA,0,Wright State,Indiana,91,NA,Kel'el Ware,CJ Gunn,Gabe Cupps,Xavier Johnson,Malik Reneau,Andrew Welage,Brandon Noel,Bo Myers,Kaden Brown,Logan Woods
2023-24,2023-11-16,2573106,238,0,2,Indiana,Wright State,Hoosiers,Raiders,4,4,62,58,4,1446,Indiana,966,966,32,Xavier Johnson misses a layup.,missed,FALSE,FALSE,Layup Shot,26,6.25,1132295,Xavier Johnson,NA,0,Indiana,Indiana,92,NA,Kel'el Ware,CJ Gunn,Gabe Cupps,Xavier Johnson,Malik Reneau,Andrew Welage,Brandon Noel,Bo Myers,Kaden Brown,Logan Woods
2023-24,2023-11-16,2573106,239,0,2,Indiana,Wright State,Hoosiers,Raiders,4,4,62,58,4,1706,Wright State,966,966,0,Alex Huibregtse with a defensive rebound.,NA,FALSE,FALSE,NA,NA,NA,NA,NA,NA,0,Indiana,Wright State,92,NA,Kel'el Ware,CJ Gunn,Gabe Cupps,Xavier Johnson,Malik Reneau,Andrew Welage,Brandon Noel,Bo Myers,Kaden Brown,Logan Woods
2023-24,2023-11-16,2573106,240,0,2,Indiana,Wright State,Hoosiers,Raiders,4,4,62,58,4,1446,Indiana,960,960,6,Personal foul committed by Xavier Johnson.,NA,FALSE,FALSE,NA,NA,NA,NA,NA,NA,0,Wright State,Wright State,93,NA,Kel'el Ware,CJ Gunn,Gabe Cupps,Xavier Johnson,Malik Reneau,Andrew Welage,Brandon Noel,Bo Myers,Kaden Brown,Logan Woods
2023-24,2023-11-16,2573106,241,0,2,Indiana,Wright State,Hoosiers,Raiders,4,4,62,58,4,1706,Wright State,953,953,7,Malik Reneau blocks a Tanner Holden layup.,missed,FALSE,FALSE,Layup Shot,26,6.25,1176108,Tanner Holden,NA,0,Wright State,Wright State,93,NA,Kel'el Ware,CJ Gunn,Gabe Cupps,Xavier Johnson,Malik Reneau,Andrew Welage,Brandon Noel,Bo Myers,Kaden Brown,Logan Woods
2023-24,2023-11-16,2573106,242,0,2,Indiana,Wright State,Hoosiers,Raiders,4,4,62,58,4,1446,Indiana,953,953,0,Mackenzie Mgbako with a defensive rebound.,NA,FALSE,FALSE,NA,NA,NA,NA,NA,NA,0,Wright State,Indiana,93,NA,Kel'el Ware,CJ Gunn,Gabe Cupps,Xavier Johnson,Malik Reneau,Andrew Welage,Brandon Noel,Bo Myers,Kaden Brown,Logan Woods
2023-24,2023-11-16,2573106,243,0,2,Indiana,Wright State,Hoosiers,Raiders,4,4,62,58,4,1446,Indiana,945,945,8,Xavier Johnson misses a 3-point jump shot from 23 feet out.,missed,FALSE,TRUE,Jump Shot,11.799999999999997,24.549999999999997,1132295,Xavier Johnson,NA,0,Indiana,Indiana,94,NA,Kel'el Ware,CJ Gunn,Gabe Cupps,Xavier Johnson,Malik Reneau,Andrew Welage,Brandon Noel,Bo Myers,Kaden Brown,Logan Woods
2023-24,2023-11-16,2573106,244,0,2,Indiana,Wright State,Hoosiers,Raiders,4,4,62,58,4,1446,Indiana,945,945,0,Mackenzie Mgbako with an offensive rebound.,NA,FALSE,FALSE,NA,NA,NA,NA,NA,NA,0,Indiana,Indiana,94,NA,Kel'el Ware,CJ Gunn,Gabe Cupps,Xavier Johnson,Malik Reneau,Andrew Welage,Brandon Noel,Bo Myers,Kaden Brown,Logan Woods
2023-24,2023-11-16,2573106,245,0,2,Indiana,Wright State,Hoosiers,Raiders,4,4,62,58,4,1706,Wright State,940,940,5,Shooting foul committed by Tanner Holden.,NA,FALSE,FALSE,NA,NA,NA,NA,NA,NA,0,Indiana,Indiana,94,NA,Kel'el Ware,CJ Gunn,Gabe Cupps,Xavier Johnson,Malik Reneau,Andrew Welage,Brandon Noel,Bo Myers,Kaden Brown,Logan Woods
2023-24,2023-11-16,2573106,246,0,2,Indiana,Wright State,Hoosiers,Raiders,4,4,62,58,4,NA,NA,940,940,0,Official TV timeout.,NA,FALSE,FALSE,NA,NA,NA,NA,NA,NA,0,NA,NA,NA,NA,Kel'el Ware,CJ Gunn,Gabe Cupps,Xavier Johnson,Malik Reneau,Andrew Welage,Brandon Noel,Bo Myers,Kaden Brown,Logan Woods
2023-24,2023-11-16,2573106,247,0,2,Indiana,Wright State,Hoosiers,Raiders,4,4,62,58,4,1446,Indiana,940,940,0,Substitution: Gabe Cupps in for Xavier Johnson.,NA,FALSE,FALSE,NA,NA,NA,NA,NA,NA,1,NA,NA,NA,Sub already in game,Kel'el Ware,CJ Gunn,Gabe Cupps,Xavier Johnson,Malik Reneau,Andrew Welage,Brandon Noel,Bo Myers,Kaden Brown,Logan Woods
2023-24,2023-11-16,2573106,248,0,2,Indiana,Wright State,Hoosiers,Raiders,4,4,63,58,5,1446,Indiana,940,940,0,Mackenzie Mgbako makes free throw 1 of 2.,made,TRUE,FALSE,NA,NA,NA,NA,NA,NA,0,Indiana,Indiana,94,NA,Kel'el Ware,CJ Gunn,Gabe Cupps,Xavier Johnson,Malik Reneau,Andrew Welage,Brandon Noel,Bo Myers,Kaden Brown,Logan Woods
2023-24,2023-11-16,2573106,249,0,2,Indiana,Wright State,Hoosiers,Raiders,4,4,64,58,6,1446,Indiana,940,940,0,Mackenzie Mgbako makes free throw 2 of 2.,made,TRUE,FALSE,NA,NA,NA,NA,NA,NA,0,Indiana,Wright State,94,NA,Kel'el Ware,CJ Gunn,Gabe Cupps,Xavier Johnson,Malik Reneau,Andrew Welage,Brandon Noel,Bo Myers,Kaden Brown,Logan Woods
2023-24,2023-11-16,2573106,250,0,2,Indiana,Wright State,Hoosiers,Raiders,4,4,64,58,6,1706,Wright State,928,928,12,Alex Huibregtse misses a jump shot from 15 feet out.,missed,FALSE,FALSE,Jump Shot,11.1,10.05,1231577,Alex Huibregtse,NA,0,Wright State,Wright State,95,NA,Kel'el Ware,CJ Gunn,Gabe Cupps,Xavier Johnson,Malik Reneau,Andrew Welage,Brandon Noel,Bo Myers,Kaden Brown,Logan Woods
2023-24,2023-11-16,2573106,251,0,2,Indiana,Wright State,Hoosiers,Raiders,4,4,64,58,6,1446,Indiana,928,928,0,Mackenzie Mgbako with a defensive rebound.,NA,FALSE,FALSE,NA,NA,NA,NA,NA,NA,0,Wright State,Indiana,95,NA,Kel'el Ware,CJ Gunn,Gabe Cupps,Xavier Johnson,Malik Reneau,Andrew Welage,Brandon Noel,Bo Myers,Kaden Brown,Logan Woods
2023-24,2023-11-16,2573106,252,0,2,Indiana,Wright State,Hoosiers,Raiders,4,4,66,58,8,1446,Indiana,905,905,23,Malik Reneau makes a layup. Mackenzie Mgbako with the assist.,made,FALSE,FALSE,Layup Shot,25,5.25,1402782,Malik Reneau,Mackenzie Mgbako,0,Indiana,Wright State,96,NA,Kel'el Ware,CJ Gunn,Gabe Cupps,Xavier Johnson,Malik Reneau,Andrew Welage,Brandon Noel,Bo Myers,Kaden Brown,Logan Woods
2023-24,2023-11-16,2573106,253,0,2,Indiana,Wright State,Hoosiers,Raiders,4,4,66,58,8,1706,Wright State,885,885,20,Brandon Noel misses a layup.,missed,FALSE,FALSE,Layup Shot,26,6.25,1231587,Brandon Noel,NA,0,Wright State,Wright State,97,NA,Kel'el Ware,CJ Gunn,Gabe Cupps,Xavier Johnson,Malik Reneau,Andrew Welage,Brandon Noel,Bo Myers,Kaden Brown,Logan Woods
2023-24,2023-11-16,2573106,254,0,2,Indiana,Wright State,Hoosiers,Raiders,4,4,66,58,8,1446,Indiana,885,885,0,Mackenzie Mgbako with a defensive rebound.,NA,FALSE,FALSE,NA,NA,NA,NA,NA,NA,0,Wright State,Indiana,97,NA,Kel'el Ware,CJ Gunn,Gabe Cupps,Xavier Johnson,Malik Reneau,Andrew Welage,Brandon Noel,Bo Myers,Kaden Brown,Logan Woods
2023-24,2023-11-16,2573106,255,0,2,Indiana,Wright State,Hoosiers,Raiders,4,4,66,58,8,1446,Indiana,870,870,15,Mackenzie Mgbako misses a 3-point jump shot from 22 feet out.,missed,FALSE,TRUE,Jump Shot,40.9,21.150000000000006,1459706,Mackenzie Mgbako,NA,0,Indiana,Indiana,98,NA,Kel'el Ware,CJ Gunn,Gabe Cupps,Xavier Johnson,Malik Reneau,Andrew Welage,Brandon Noel,Bo Myers,Kaden Brown,Logan Woods
2023-24,2023-11-16,2573106,256,0,2,Indiana,Wright State,Hoosiers,Raiders,4,4,66,58,8,1706,Wright State,870,870,0,Brandon Noel with a defensive rebound.,NA,FALSE,FALSE,NA,NA,NA,NA,NA,NA,0,Indiana,Wright State,98,NA,Kel'el Ware,CJ Gunn,Gabe Cupps,Xavier Johnson,Malik Reneau,Andrew Welage,Brandon Noel,Bo Myers,Kaden Brown,Logan Woods
2023-24,2023-11-16,2573106,257,0,2,Indiana,Wright State,Hoosiers,Raiders,4,4,66,60,6,1706,Wright State,848,848,22,Brandon Noel makes a layup.,made,FALSE,FALSE,Layup Shot,25,5.25,1231587,Brandon Noel,NA,0,Wright State,Indiana,99,NA,Kel'el Ware,CJ Gunn,Gabe Cupps,Xavier Johnson,Malik Reneau,Andrew Welage,Brandon Noel,Bo Myers,Kaden Brown,Logan Woods
2023-24,2023-11-16,2573106,258,0,2,Indiana,Wright State,Hoosiers,Raiders,4,4,66,60,6,1706,Wright State,831,831,17,Personal foul committed by Drey Carter.,NA,FALSE,FALSE,NA,NA,NA,NA,NA,NA,0,Indiana,Indiana,100,NA,Kel'el Ware,CJ Gunn,Gabe Cupps,Xavier Johnson,Malik Reneau,Andrew Welage,Brandon Noel,Bo Myers,Kaden Brown,Logan Woods
2023-24,2023-11-16,2573106,259,0,2,Indiana,Wright State,Hoosiers,Raiders,4,4,66,60,6,1446,Indiana,831,831,0,Substitution: Payton Sparks in for Kel'el Ware.,NA,FALSE,FALSE,NA,NA,NA,NA,NA,NA,1,NA,NA,NA,NA,Payton Sparks,CJ Gunn,Gabe Cupps,Xavier Johnson,Malik Reneau,Andrew Welage,Brandon Noel,Bo Myers,Kaden Brown,Logan Woods
2023-24,2023-11-16,2573106,260,0,2,Indiana,Wright State,Hoosiers,Raiders,4,4,66,60,6,1706,Wright State,831,831,0,Substitution: AJ Braun in for Drey Carter.,NA,FALSE,FALSE,NA,NA,NA,NA,NA,NA,1,NA,NA,NA,Player leaving not previously in game,Payton Sparks,CJ Gunn,Gabe Cupps,Xavier Johnson,Malik Reneau,Andrew Welage,Brandon Noel,Bo Myers,Kaden Brown,Logan Woods
2023-24,2023-11-16,2573106,261,0,2,Indiana,Wright State,Hoosiers,Raiders,4,4,66,60,6,1706,Wright State,831,831,0,Substitution: Logan Woods in for Alex Huibregtse.,NA,FALSE,FALSE,NA,NA,NA,NA,NA,NA,1,NA,NA,NA,Sub already in game,Payton Sparks,CJ Gunn,Gabe Cupps,Xavier Johnson,Malik Reneau,Andrew Welage,Brandon Noel,Bo Myers,Kaden Brown,Logan Woods
2023-24,2023-11-16,2573106,262,0,2,Indiana,Wright State,Hoosiers,Raiders,4,4,66,60,6,1446,Indiana,830,830,1,CJ Gunn misses a jump shot from 20 feet out.,missed,FALSE,FALSE,Jump Shot,44.6,6.549999999999997,1402785,CJ Gunn,NA,0,Indiana,Indiana,100,NA,Payton Sparks,CJ Gunn,Gabe Cupps,Xavier Johnson,Malik Reneau,Andrew Welage,Brandon Noel,Bo Myers,Kaden Brown,Logan Woods
2023-24,2023-11-16,2573106,263,0,2,Indiana,Wright State,Hoosiers,Raiders,4,4,66,60,6,1446,Indiana,830,830,0,Malik Reneau with an offensive rebound.,NA,FALSE,FALSE,NA,NA,NA,NA,NA,NA,0,Indiana,Indiana,100,NA,Payton Sparks,CJ Gunn,Gabe Cupps,Xavier Johnson,Malik Reneau,Andrew Welage,Brandon Noel,Bo Myers,Kaden Brown,Logan Woods
2023-24,2023-11-16,2573106,264,0,2,Indiana,Wright State,Hoosiers,Raiders,4,4,68,60,8,1446,Indiana,822,822,8,Malik Reneau makes a layup.,made,FALSE,FALSE,Layup Shot,25,5.25,1402782,Malik Reneau,NA,0,Indiana,Wright State,100,NA,Payton Sparks,CJ Gunn,Gabe Cupps,Xavier Johnson,Malik Reneau,Andrew Welage,Brandon Noel,Bo Myers,Kaden Brown,Logan Woods
2023-24,2023-11-16,2573106,265,0,2,Indiana,Wright State,Hoosiers,Raiders,4,4,68,60,8,1706,Wright State,805,805,17,Tanner Holden misses a jump shot from 7 feet out.,missed,FALSE,FALSE,Jump Shot,20.8,10.55,1176108,Tanner Holden,NA,0,Wright State,Wright State,101,NA,Payton Sparks,CJ Gunn,Gabe Cupps,Xavier Johnson,Malik Reneau,Andrew Welage,Brandon Noel,Bo Myers,Kaden Brown,Logan Woods
2023-24,2023-11-16,2573106,266,0,2,Indiana,Wright State,Hoosiers,Raiders,4,4,68,60,8,1446,Indiana,805,805,0,CJ Gunn with a defensive rebound.,NA,FALSE,FALSE,NA,NA,NA,NA,NA,NA,0,Wright State,Indiana,101,NA,Payton Sparks,CJ Gunn,Gabe Cupps,Xavier Johnson,Malik Reneau,Andrew Welage,Brandon Noel,Bo Myers,Kaden Brown,Logan Woods
2023-24,2023-11-16,2573106,267,0,2,Indiana,Wright State,Hoosiers,Raiders,4,4,68,60,8,1446,Indiana,793,793,12,Tanner Holden steals the ball from Malik Reneau.,NA,FALSE,FALSE,NA,NA,NA,NA,NA,NA,0,Indiana,Wright State,102,NA,Payton Sparks,CJ Gunn,Gabe Cupps,Xavier Johnson,Malik Reneau,Andrew Welage,Brandon Noel,Bo Myers,Kaden Brown,Logan Woods
2023-24,2023-11-16,2573106,268,0,2,Indiana,Wright State,Hoosiers,Raiders,4,4,68,60,8,1706,Wright State,785,785,8,Andrew Welage misses a 3-point jump shot from 24 feet out.,missed,FALSE,TRUE,Jump Shot,41.2,22.55,1231603,Andrew Welage,NA,0,Wright State,Wright State,103,NA,Payton Sparks,CJ Gunn,Gabe Cupps,Xavier Johnson,Malik Reneau,Andrew Welage,Brandon Noel,Bo Myers,Kaden Brown,Logan Woods
2023-24,2023-11-16,2573106,269,0,2,Indiana,Wright State,Hoosiers,Raiders,4,4,68,60,8,1446,Indiana,785,785,0,Malik Reneau with a defensive rebound.,NA,FALSE,FALSE,NA,NA,NA,NA,NA,NA,0,Wright State,Indiana,103,NA,Payton Sparks,CJ Gunn,Gabe Cupps,Xavier Johnson,Malik Reneau,Andrew Welage,Brandon Noel,Bo Myers,Kaden Brown,Logan Woods
2023-24,2023-11-16,2573106,270,0,2,Indiana,Wright State,Hoosiers,Raiders,4,4,68,60,8,1706,Wright State,782,782,3,Personal foul committed by Tanner Holden.,NA,FALSE,FALSE,NA,NA,NA,NA,NA,NA,0,Indiana,Indiana,104,NA,Payton Sparks,CJ Gunn,Gabe Cupps,Xavier Johnson,Malik Reneau,Andrew Welage,Brandon Noel,Bo Myers,Kaden Brown,Logan Woods
2023-24,2023-11-16,2573106,271,0,2,Indiana,Wright State,Hoosiers,Raiders,4,4,68,60,8,1706,Wright State,782,782,0,Substitution: Kaden Brown in for Tanner Holden.,NA,FALSE,FALSE,NA,NA,NA,NA,NA,NA,1,NA,NA,NA,Sub already in game,Payton Sparks,CJ Gunn,Gabe Cupps,Xavier Johnson,Malik Reneau,Andrew Welage,Brandon Noel,Bo Myers,Kaden Brown,Logan Woods
2023-24,2023-11-16,2573106,272,0,2,Indiana,Wright State,Hoosiers,Raiders,3,4,68,60,8,1446,Indiana,782,782,0,Hoosiers take a 30-second timeout.,NA,FALSE,FALSE,NA,NA,NA,NA,NA,NA,0,NA,NA,NA,NA,Payton Sparks,CJ Gunn,Gabe Cupps,Xavier Johnson,Malik Reneau,Andrew Welage,Brandon Noel,Bo Myers,Kaden Brown,Logan Woods
2023-24,2023-11-16,2573106,273,0,2,Indiana,Wright State,Hoosiers,Raiders,3,4,68,60,8,NA,NA,782,782,0,Official TV timeout.,NA,FALSE,FALSE,NA,NA,NA,NA,NA,NA,0,NA,NA,NA,NA,Payton Sparks,CJ Gunn,Gabe Cupps,Xavier Johnson,Malik Reneau,Andrew Welage,Brandon Noel,Bo Myers,Kaden Brown,Logan Woods
2023-24,2023-11-16,2573106,274,0,2,Indiana,Wright State,Hoosiers,Raiders,3,4,68,60,8,1706,Wright State,766,766,16,Shooting foul committed by Brandon Noel.,NA,FALSE,FALSE,NA,NA,NA,NA,NA,NA,0,Indiana,Indiana,104,NA,Payton Sparks,CJ Gunn,Gabe Cupps,Xavier Johnson,Malik Reneau,Andrew Welage,Brandon Noel,Bo Myers,Kaden Brown,Logan Woods
2023-24,2023-11-16,2573106,275,0,2,Indiana,Wright State,Hoosiers,Raiders,3,4,68,60,8,1446,Indiana,766,766,0,Payton Sparks misses free throw 1 of 2.,missed,TRUE,FALSE,NA,NA,NA,NA,NA,NA,0,Indiana,Indiana,104,NA,Payton Sparks,CJ Gunn,Gabe Cupps,Xavier Johnson,Malik Reneau,Andrew Welage,Brandon Noel,Bo Myers,Kaden Brown,Logan Woods
2023-24,2023-11-16,2573106,277,0,2,Indiana,Wright State,Hoosiers,Raiders,3,4,68,60,8,1446,Indiana,766,766,0,Payton Sparks misses free throw 2 of 2.,missed,TRUE,FALSE,NA,NA,NA,NA,NA,NA,0,Indiana,Indiana,104,NA,Payton Sparks,CJ Gunn,Gabe Cupps,Xavier Johnson,Malik Reneau,Andrew Welage,Brandon Noel,Bo Myers,Kaden Brown,Logan Woods
2023-24,2023-11-16,2573106,278,0,2,Indiana,Wright State,Hoosiers,Raiders,3,4,68,60,8,1706,Wright State,766,766,0,AJ Braun with a defensive rebound.,NA,FALSE,FALSE,NA,NA,NA,NA,NA,NA,0,Indiana,Wright State,104,NA,Payton Sparks,CJ Gunn,Gabe Cupps,Xavier Johnson,Malik Reneau,Andrew Welage,Brandon Noel,Bo Myers,Kaden Brown,Logan Woods
2023-24,2023-11-16,2573106,279,0,2,Indiana,Wright State,Hoosiers,Raiders,3,4,68,60,8,1706,Wright State,757,757,9,Kaden Brown with a turnover - Bad Pass,NA,FALSE,FALSE,NA,NA,NA,NA,NA,NA,0,Wright State,Indiana,105,NA,Payton Sparks,CJ Gunn,Gabe Cupps,Xavier Johnson,Malik Reneau,Andrew Welage,Brandon Noel,Bo Myers,Kaden Brown,Logan Woods
2023-24,2023-11-16,2573106,280,0,2,Indiana,Wright State,Hoosiers,Raiders,3,4,68,60,8,1446,Indiana,744,744,13,Mackenzie Mgbako misses a 3-point jump shot from 22 feet out.,missed,FALSE,TRUE,Jump Shot,3.799999999999997,11.75,1459706,Mackenzie Mgbako,NA,0,Indiana,Indiana,106,NA,Payton Sparks,CJ Gunn,Gabe Cupps,Xavier Johnson,Malik Reneau,Andrew Welage,Brandon Noel,Bo Myers,Kaden Brown,Logan Woods
2023-24,2023-11-16,2573106,281,0,2,Indiana,Wright State,Hoosiers,Raiders,3,4,68,60,8,1706,Wright State,744,744,0,Kaden Brown with a defensive rebound.,NA,FALSE,FALSE,NA,NA,NA,NA,NA,NA,0,Indiana,Wright State,106,NA,Payton Sparks,CJ Gunn,Gabe Cupps,Xavier Johnson,Malik Reneau,Andrew Welage,Brandon Noel,Bo Myers,Kaden Brown,Logan Woods
2023-24,2023-11-16,2573106,282,0,2,Indiana,Wright State,Hoosiers,Raiders,3,4,68,60,8,1706,Wright State,731,731,13,Logan Woods misses a 3-point jump shot from 22 feet out.,missed,FALSE,TRUE,Jump Shot,45.8,13.15,1408204,Logan Woods,NA,0,Wright State,Wright State,107,NA,Payton Sparks,CJ Gunn,Gabe Cupps,Xavier Johnson,Malik Reneau,Andrew Welage,Brandon Noel,Bo Myers,Kaden Brown,Logan Woods
2023-24,2023-11-16,2573106,283,0,2,Indiana,Wright State,Hoosiers,Raiders,3,4,68,60,8,1446,Indiana,731,731,0,Gabe Cupps with a defensive rebound.,NA,FALSE,FALSE,NA,NA,NA,NA,NA,NA,0,Wright State,Indiana,107,NA,Payton Sparks,CJ Gunn,Gabe Cupps,Xavier Johnson,Malik Reneau,Andrew Welage,Brandon Noel,Bo Myers,Kaden Brown,Logan Woods
2023-24,2023-11-16,2573106,284,0,2,Indiana,Wright State,Hoosiers,Raiders,3,4,68,60,8,1706,Wright State,723,723,8,Shooting foul committed by Brandon Noel.,NA,FALSE,FALSE,NA,NA,NA,NA,NA,NA,0,Indiana,Indiana,108,NA,Payton Sparks,CJ Gunn,Gabe Cupps,Xavier Johnson,Malik Reneau,Andrew Welage,Brandon Noel,Bo Myers,Kaden Brown,Logan Woods
2023-24,2023-11-16,2573106,285,0,2,Indiana,Wright State,Hoosiers,Raiders,3,4,68,60,8,1446,Indiana,723,723,0,Payton Sparks misses free throw 1 of 2.,missed,TRUE,FALSE,NA,NA,NA,NA,NA,NA,0,Indiana,Indiana,108,NA,Payton Sparks,CJ Gunn,Gabe Cupps,Xavier Johnson,Malik Reneau,Andrew Welage,Brandon Noel,Bo Myers,Kaden Brown,Logan Woods
2023-24,2023-11-16,2573106,287,0,2,Indiana,Wright State,Hoosiers,Raiders,3,4,68,60,8,1446,Indiana,723,723,0,Substitution: Anthony Walker in for Malik Reneau.,NA,FALSE,FALSE,NA,NA,NA,NA,NA,NA,1,NA,NA,NA,NA,Payton Sparks,CJ Gunn,Gabe Cupps,Xavier Johnson,Anthony Walker,Andrew Welage,Brandon Noel,Bo Myers,Kaden Brown,Logan Woods
2023-24,2023-11-16,2573106,288,0,2,Indiana,Wright State,Hoosiers,Raiders,3,4,68,60,8,1706,Wright State,723,723,0,Substitution: Alex Huibregtse in for Logan Woods.,NA,FALSE,FALSE,NA,NA,NA,NA,NA,NA,1,NA,NA,NA,NA,Payton Sparks,CJ Gunn,Gabe Cupps,Xavier Johnson,Anthony Walker,Andrew Welage,Brandon Noel,Bo Myers,Kaden Brown,Alex Huibregtse
2023-24,2023-11-16,2573106,289,0,2,Indiana,Wright State,Hoosiers,Raiders,3,4,69,60,9,1446,Indiana,723,723,0,Payton Sparks makes free throw 2 of 2.,made,TRUE,FALSE,NA,NA,NA,NA,NA,NA,0,Indiana,Wright State,108,NA,Payton Sparks,CJ Gunn,Gabe Cupps,Xavier Johnson,Anthony Walker,Andrew Welage,Brandon Noel,Bo Myers,Kaden Brown,Alex Huibregtse
2023-24,2023-11-16,2573106,290,0,2,Indiana,Wright State,Hoosiers,Raiders,3,4,69,60,9,1706,Wright State,709,709,14,Brandon Noel with a turnover - Bad Pass,NA,FALSE,FALSE,NA,NA,NA,NA,NA,NA,0,Wright State,Indiana,109,NA,Payton Sparks,CJ Gunn,Gabe Cupps,Xavier Johnson,Anthony Walker,Andrew Welage,Brandon Noel,Bo Myers,Kaden Brown,Alex Huibregtse
2023-24,2023-11-16,2573106,291,0,2,Indiana,Wright State,Hoosiers,Raiders,3,4,69,60,9,NA,NA,707,707,2,Official TV timeout.,NA,FALSE,FALSE,NA,NA,NA,NA,NA,NA,0,NA,NA,NA,NA,Payton Sparks,CJ Gunn,Gabe Cupps,Xavier Johnson,Anthony Walker,Andrew Welage,Brandon Noel,Bo Myers,Kaden Brown,Alex Huibregtse
2023-24,2023-11-16,2573106,292,0,2,Indiana,Wright State,Hoosiers,Raiders,3,4,69,60,9,1446,Indiana,707,707,0,Substitution: Kaleb Banks in for Mackenzie Mgbako.,NA,FALSE,FALSE,NA,NA,NA,NA,NA,NA,1,NA,NA,NA,Player leaving not previously in game,Payton Sparks,CJ Gunn,Gabe Cupps,Xavier Johnson,Anthony Walker,Andrew Welage,Brandon Noel,Bo Myers,Kaden Brown,Alex Huibregtse
2023-24,2023-11-16,2573106,293,0,2,Indiana,Wright State,Hoosiers,Raiders,3,4,71,60,11,1446,Indiana,693,693,14,Anthony Walker makes a layup. CJ Gunn with the assist.,made,FALSE,FALSE,Layup Shot,26,6.25,1175086,Anthony Walker,CJ Gunn,0,Indiana,Wright State,110,NA,Payton Sparks,CJ Gunn,Gabe Cupps,Xavier Johnson,Anthony Walker,Andrew Welage,Brandon Noel,Bo Myers,Kaden Brown,Alex Huibregtse
2023-24,2023-11-16,2573106,294,0,2,Indiana,Wright State,Hoosiers,Raiders,3,4,71,60,11,1446,Indiana,664,664,29,Personal foul committed by CJ Gunn.,NA,FALSE,FALSE,NA,NA,NA,NA,NA,NA,0,Wright State,Wright State,111,NA,Payton Sparks,CJ Gunn,Gabe Cupps,Xavier Johnson,Anthony Walker,Andrew Welage,Brandon Noel,Bo Myers,Kaden Brown,Alex Huibregtse
2023-24,2023-11-16,2573106,295,0,2,Indiana,Wright State,Hoosiers,Raiders,3,4,71,60,11,1446,Indiana,664,664,0,Substitution: Kel'el Ware in for Payton Sparks.,NA,FALSE,FALSE,NA,NA,NA,NA,NA,NA,1,NA,NA,NA,NA,Kel'el Ware,CJ Gunn,Gabe Cupps,Xavier Johnson,Anthony Walker,Andrew Welage,Brandon Noel,Bo Myers,Kaden Brown,Alex Huibregtse
2023-24,2023-11-16,2573106,296,0,2,Indiana,Wright State,Hoosiers,Raiders,3,4,71,60,11,1706,Wright State,664,664,0,Substitution: Tanner Holden in for Kaden Brown.,NA,FALSE,FALSE,NA,NA,NA,NA,NA,NA,1,NA,NA,NA,NA,Kel'el Ware,CJ Gunn,Gabe Cupps,Xavier Johnson,Anthony Walker,Andrew Welage,Brandon Noel,Bo Myers,Tanner Holden,Alex Huibregtse
2023-24,2023-11-16,2573106,297,0,2,Indiana,Wright State,Hoosiers,Raiders,3,4,71,63,8,1706,Wright State,661,661,3,Andrew Welage makes a 3-point jump shot from 23 feet out. Tanner Holden with the assist.,made,FALSE,TRUE,Jump Shot,5.699999999999999,17.75,1231603,Andrew Welage,Tanner Holden,0,Wright State,Indiana,111,NA,Kel'el Ware,CJ Gunn,Gabe Cupps,Xavier Johnson,Anthony Walker,Andrew Welage,Brandon Noel,Bo Myers,Tanner Holden,Alex Huibregtse
2023-24,2023-11-16,2573106,298,0,2,Indiana,Wright State,Hoosiers,Raiders,3,4,71,63,8,1446,Indiana,632,632,29,Gabe Cupps misses a jump shot from 18 feet out.,missed,FALSE,FALSE,Jump Shot,35.3,19.650000000000006,1459704,Gabe Cupps,NA,0,Indiana,Indiana,112,NA,Kel'el Ware,CJ Gunn,Gabe Cupps,Xavier Johnson,Anthony Walker,Andrew Welage,Brandon Noel,Bo Myers,Tanner Holden,Alex Huibregtse
2023-24,2023-11-16,2573106,299,0,2,Indiana,Wright State,Hoosiers,Raiders,3,4,71,63,8,1706,Wright State,632,632,0,AJ Braun with a defensive rebound.,NA,FALSE,FALSE,NA,NA,NA,NA,NA,NA,0,Indiana,Wright State,112,NA,Kel'el Ware,CJ Gunn,Gabe Cupps,Xavier Johnson,Anthony Walker,Andrew Welage,Brandon Noel,Bo Myers,Tanner Holden,Alex Huibregtse
2023-24,2023-11-16,2573106,300,0,2,Indiana,Wright State,Hoosiers,Raiders,3,4,71,63,8,1706,Wright State,612,612,20,Kel'el Ware blocks a AJ Braun layup.,missed,FALSE,FALSE,Layup Shot,26,6.25,1334326,AJ Braun,NA,0,Wright State,Wright State,113,NA,Kel'el Ware,CJ Gunn,Gabe Cupps,Xavier Johnson,Anthony Walker,Andrew Welage,Brandon Noel,Bo Myers,Tanner Holden,Alex Huibregtse
2023-24,2023-11-16,2573106,301,0,2,Indiana,Wright State,Hoosiers,Raiders,3,4,71,63,8,1446,Indiana,612,612,0,Kel'el Ware with a defensive rebound.,NA,FALSE,FALSE,NA,NA,NA,NA,NA,NA,0,Wright State,Indiana,113,NA,Kel'el Ware,CJ Gunn,Gabe Cupps,Xavier Johnson,Anthony Walker,Andrew Welage,Brandon Noel,Bo Myers,Tanner Holden,Alex Huibregtse
2023-24,2023-11-16,2573106,302,0,2,Indiana,Wright State,Hoosiers,Raiders,3,4,71,63,8,1446,Indiana,602,602,10,Anthony Walker misses a 3-point jump shot from 23 feet out.,missed,FALSE,TRUE,Jump Shot,6.5,18.549999999999997,1175086,Anthony Walker,NA,0,Indiana,Indiana,114,NA,Kel'el Ware,CJ Gunn,Gabe Cupps,Xavier Johnson,Anthony Walker,Andrew Welage,Brandon Noel,Bo Myers,Tanner Holden,Alex Huibregtse
2023-24,2023-11-16,2573106,303,0,2,Indiana,Wright State,Hoosiers,Raiders,3,4,71,63,8,1706,Wright State,602,602,0,Brandon Noel with a defensive rebound.,NA,FALSE,FALSE,NA,NA,NA,NA,NA,NA,0,Indiana,Wright State,114,NA,Kel'el Ware,CJ Gunn,Gabe Cupps,Xavier Johnson,Anthony Walker,Andrew Welage,Brandon Noel,Bo Myers,Tanner Holden,Alex Huibregtse
2023-24,2023-11-16,2573106,304,0,2,Indiana,Wright State,Hoosiers,Raiders,3,4,71,63,8,1446,Indiana,595,595,7,Personal foul committed by Gabe Cupps.,NA,FALSE,FALSE,NA,NA,NA,NA,NA,NA,0,Wright State,Wright State,115,NA,Kel'el Ware,CJ Gunn,Gabe Cupps,Xavier Johnson,Anthony Walker,Andrew Welage,Brandon Noel,Bo Myers,Tanner Holden,Alex Huibregtse
2023-24,2023-11-16,2573106,305,0,2,Indiana,Wright State,Hoosiers,Raiders,3,4,71,63,8,1446,Indiana,595,595,0,Substitution: Xavier Johnson in for Gabe Cupps.,NA,FALSE,FALSE,NA,NA,NA,NA,NA,NA,1,NA,NA,NA,Sub already in game,Kel'el Ware,CJ Gunn,Gabe Cupps,Xavier Johnson,Anthony Walker,Andrew Welage,Brandon Noel,Bo Myers,Tanner Holden,Alex Huibregtse
2023-24,2023-11-16,2573106,306,0,2,Indiana,Wright State,Hoosiers,Raiders,3,4,71,63,8,1446,Indiana,595,595,0,Substitution: Trey Galloway in for CJ Gunn.,NA,FALSE,FALSE,NA,NA,NA,NA,NA,NA,1,NA,NA,NA,NA,Kel'el Ware,Trey Galloway,Gabe Cupps,Xavier Johnson,Anthony Walker,Andrew Welage,Brandon Noel,Bo Myers,Tanner Holden,Alex Huibregtse
2023-24,2023-11-16,2573106,307,0,2,Indiana,Wright State,Hoosiers,Raiders,3,4,71,63,8,1706,Wright State,579,579,16,Andrew Welage misses a 3-point jump shot from 23 feet out.,missed,FALSE,TRUE,Jump Shot,6,18.75,1231603,Andrew Welage,NA,0,Wright State,Wright State,115,NA,Kel'el Ware,Trey Galloway,Gabe Cupps,Xavier Johnson,Anthony Walker,Andrew Welage,Brandon Noel,Bo Myers,Tanner Holden,Alex Huibregtse
2023-24,2023-11-16,2573106,308,0,2,Indiana,Wright State,Hoosiers,Raiders,3,4,71,63,8,1446,Indiana,579,579,0,Kaleb Banks with a defensive rebound.,NA,FALSE,FALSE,NA,NA,NA,NA,NA,NA,0,Wright State,Indiana,115,NA,Kel'el Ware,Trey Galloway,Gabe Cupps,Xavier Johnson,Anthony Walker,Andrew Welage,Brandon Noel,Bo Myers,Tanner Holden,Alex Huibregtse
2023-24,2023-11-16,2573106,309,0,2,Indiana,Wright State,Hoosiers,Raiders,3,4,71,63,8,1446,Indiana,546,546,33,Kel'el Ware misses a jump shot from 19 feet out.,missed,FALSE,FALSE,Jump Shot,9.299999999999997,15.549999999999997,1405458,Kel'el Ware,NA,0,Indiana,Indiana,116,NA,Kel'el Ware,Trey Galloway,Gabe Cupps,Xavier Johnson,Anthony Walker,Andrew Welage,Brandon Noel,Bo Myers,Tanner Holden,Alex Huibregtse
2023-24,2023-11-16,2573106,310,0,2,Indiana,Wright State,Hoosiers,Raiders,3,4,71,63,8,1706,Wright State,546,546,0,Alex Huibregtse with a defensive rebound.,NA,FALSE,FALSE,NA,NA,NA,NA,NA,NA,0,Indiana,Wright State,116,NA,Kel'el Ware,Trey Galloway,Gabe Cupps,Xavier Johnson,Anthony Walker,Andrew Welage,Brandon Noel,Bo Myers,Tanner Holden,Alex Huibregtse
2023-24,2023-11-16,2573106,311,0,2,Indiana,Wright State,Hoosiers,Raiders,3,4,71,65,6,1706,Wright State,539,539,7,Alex Huibregtse makes a jump shot from 17 feet out.,made,FALSE,FALSE,Jump Shot,10.3,13.45,1231577,Alex Huibregtse,NA,0,Wright State,Indiana,117,NA,Kel'el Ware,Trey Galloway,Gabe Cupps,Xavier Johnson,Anthony Walker,Andrew Welage,Brandon Noel,Bo Myers,Tanner Holden,Alex Huibregtse
2023-24,2023-11-16,2573106,312,0,2,Indiana,Wright State,Hoosiers,Raiders,3,4,71,65,6,1446,Indiana,524,524,15,Trey Galloway misses a layup.,missed,FALSE,FALSE,Layup Shot,25,5.25,1236195,Trey Galloway,NA,0,Indiana,Indiana,118,NA,Kel'el Ware,Trey Galloway,Gabe Cupps,Xavier Johnson,Anthony Walker,Andrew Welage,Brandon Noel,Bo Myers,Tanner Holden,Alex Huibregtse
2023-24,2023-11-16,2573106,313,0,2,Indiana,Wright State,Hoosiers,Raiders,3,4,71,65,6,1706,Wright State,524,524,0,Andrew Welage with a defensive rebound.,NA,FALSE,FALSE,NA,NA,NA,NA,NA,NA,0,Indiana,Wright State,118,NA,Kel'el Ware,Trey Galloway,Gabe Cupps,Xavier Johnson,Anthony Walker,Andrew Welage,Brandon Noel,Bo Myers,Tanner Holden,Alex Huibregtse
2023-24,2023-11-16,2573106,314,0,2,Indiana,Wright State,Hoosiers,Raiders,3,4,71,65,6,1706,Wright State,509,509,15,Kaleb Banks blocks a Brandon Noel layup.,missed,FALSE,FALSE,Layup Shot,26,6.25,1231587,Brandon Noel,NA,0,Wright State,Wright State,119,NA,Kel'el Ware,Trey Galloway,Gabe Cupps,Xavier Johnson,Anthony Walker,Andrew Welage,Brandon Noel,Bo Myers,Tanner Holden,Alex Huibregtse
2023-24,2023-11-16,2573106,315,0,2,Indiana,Wright State,Hoosiers,Raiders,3,4,71,65,6,1706,Wright State,509,509,0,AJ Braun with an offensive rebound.,NA,FALSE,FALSE,NA,NA,NA,NA,NA,NA,0,Wright State,Wright State,119,NA,Kel'el Ware,Trey Galloway,Gabe Cupps,Xavier Johnson,Anthony Walker,Andrew Welage,Brandon Noel,Bo Myers,Tanner Holden,Alex Huibregtse
2023-24,2023-11-16,2573106,316,0,2,Indiana,Wright State,Hoosiers,Raiders,3,4,71,67,4,1706,Wright State,504,504,5,AJ Braun makes a jump shot from 6 feet out.,made,FALSE,FALSE,Jump Shot,27.8,10.25,1334326,AJ Braun,NA,0,Wright State,Indiana,119,NA,Kel'el Ware,Trey Galloway,Gabe Cupps,Xavier Johnson,Anthony Walker,Andrew Welage,Brandon Noel,Bo Myers,Tanner Holden,Alex Huibregtse
2023-24,2023-11-16,2573106,317,0,2,Indiana,Wright State,Hoosiers,Raiders,3,4,71,67,4,1446,Indiana,491,491,13,Anthony Walker misses a 3-point jump shot from 24 feet out.,missed,FALSE,TRUE,Jump Shot,16.200000000000003,27.25,1175086,Anthony Walker,NA,0,Indiana,Indiana,120,NA,Kel'el Ware,Trey Galloway,Gabe Cupps,Xavier Johnson,Anthony Walker,Andrew Welage,Brandon Noel,Bo Myers,Tanner Holden,Alex Huibregtse
2023-24,2023-11-16,2573106,318,0,2,Indiana,Wright State,Hoosiers,Raiders,3,4,71,67,4,1706,Wright State,491,491,0,Andrew Welage with a defensive rebound.,NA,FALSE,FALSE,NA,NA,NA,NA,NA,NA,0,Indiana,Wright State,120,NA,Kel'el Ware,Trey Galloway,Gabe Cupps,Xavier Johnson,Anthony Walker,Andrew Welage,Brandon Noel,Bo Myers,Tanner Holden,Alex Huibregtse
2023-24,2023-11-16,2573106,319,0,2,Indiana,Wright State,Hoosiers,Raiders,3,4,71,67,4,1706,Wright State,477,477,14,Brandon Noel misses a layup.,missed,FALSE,FALSE,Layup Shot,26,6.25,1231587,Brandon Noel,NA,0,Wright State,Wright State,121,NA,Kel'el Ware,Trey Galloway,Gabe Cupps,Xavier Johnson,Anthony Walker,Andrew Welage,Brandon Noel,Bo Myers,Tanner Holden,Alex Huibregtse
2023-24,2023-11-16,2573106,320,0,2,Indiana,Wright State,Hoosiers,Raiders,3,4,71,67,4,1446,Indiana,477,477,0,Trey Galloway with a defensive rebound.,NA,FALSE,FALSE,NA,NA,NA,NA,NA,NA,0,Wright State,Indiana,121,NA,Kel'el Ware,Trey Galloway,Gabe Cupps,Xavier Johnson,Anthony Walker,Andrew Welage,Brandon Noel,Bo Myers,Tanner Holden,Alex Huibregtse
2023-24,2023-11-16,2573106,321,0,2,Indiana,Wright State,Hoosiers,Raiders,3,4,73,67,6,1446,Indiana,470,470,7,Kaleb Banks makes a layup. Trey Galloway with the assist.,made,FALSE,FALSE,Layup Shot,25,5.25,1402784,Kaleb Banks,Trey Galloway,0,Indiana,Indiana,122,NA,Kel'el Ware,Trey Galloway,Gabe Cupps,Xavier Johnson,Anthony Walker,Andrew Welage,Brandon Noel,Bo Myers,Tanner Holden,Alex Huibregtse
2023-24,2023-11-16,2573106,322,0,2,Indiana,Wright State,Hoosiers,Raiders,3,4,73,67,6,1706,Wright State,470,470,0,Shooting foul committed by Alex Huibregtse.,NA,FALSE,FALSE,NA,NA,NA,NA,NA,NA,0,Indiana,Indiana,122,NA,Kel'el Ware,Trey Galloway,Gabe Cupps,Xavier Johnson,Anthony Walker,Andrew Welage,Brandon Noel,Bo Myers,Tanner Holden,Alex Huibregtse
2023-24,2023-11-16,2573106,323,0,2,Indiana,Wright State,Hoosiers,Raiders,3,4,73,67,6,NA,NA,470,470,0,Official TV timeout.,NA,FALSE,FALSE,NA,NA,NA,NA,NA,NA,0,NA,NA,NA,NA,Kel'el Ware,Trey Galloway,Gabe Cupps,Xavier Johnson,Anthony Walker,Andrew Welage,Brandon Noel,Bo Myers,Tanner Holden,Alex Huibregtse
2023-24,2023-11-16,2573106,324,0,2,Indiana,Wright State,Hoosiers,Raiders,3,4,73,67,6,1446,Indiana,470,470,0,Substitution: Malik Reneau in for Anthony Walker.,NA,FALSE,FALSE,NA,NA,NA,NA,NA,NA,1,NA,NA,NA,NA,Kel'el Ware,Trey Galloway,Gabe Cupps,Xavier Johnson,Malik Reneau,Andrew Welage,Brandon Noel,Bo Myers,Tanner Holden,Alex Huibregtse
2023-24,2023-11-16,2573106,325,0,2,Indiana,Wright State,Hoosiers,Raiders,3,4,73,67,6,1446,Indiana,470,470,0,Kaleb Banks misses free throw 1 of 1.,missed,TRUE,FALSE,NA,NA,NA,NA,NA,NA,0,Indiana,Indiana,122,NA,Kel'el Ware,Trey Galloway,Gabe Cupps,Xavier Johnson,Malik Reneau,Andrew Welage,Brandon Noel,Bo Myers,Tanner Holden,Alex Huibregtse
2023-24,2023-11-16,2573106,326,0,2,Indiana,Wright State,Hoosiers,Raiders,3,4,73,67,6,1706,Wright State,470,470,0,Brandon Noel with a defensive rebound.,NA,FALSE,FALSE,NA,NA,NA,NA,NA,NA,0,Indiana,Wright State,122,NA,Kel'el Ware,Trey Galloway,Gabe Cupps,Xavier Johnson,Malik Reneau,Andrew Welage,Brandon Noel,Bo Myers,Tanner Holden,Alex Huibregtse
2023-24,2023-11-16,2573106,327,0,2,Indiana,Wright State,Hoosiers,Raiders,3,4,73,67,6,1446,Indiana,450,450,20,Personal foul committed by Kaleb Banks.,NA,FALSE,FALSE,NA,NA,NA,NA,NA,NA,0,Wright State,Wright State,123,NA,Kel'el Ware,Trey Galloway,Gabe Cupps,Xavier Johnson,Malik Reneau,Andrew Welage,Brandon Noel,Bo Myers,Tanner Holden,Alex Huibregtse
2023-24,2023-11-16,2573106,328,0,2,Indiana,Wright State,Hoosiers,Raiders,3,4,73,68,5,1706,Wright State,450,450,0,Andrew Welage makes free throw 1st of 1-and-1.,made,TRUE,FALSE,NA,NA,NA,NA,NA,NA,0,Wright State,Wright State,123,NA,Kel'el Ware,Trey Galloway,Gabe Cupps,Xavier Johnson,Malik Reneau,Andrew Welage,Brandon Noel,Bo Myers,Tanner Holden,Alex Huibregtse
2023-24,2023-11-16,2573106,329,0,2,Indiana,Wright State,Hoosiers,Raiders,3,4,73,68,5,1706,Wright State,450,450,0,Andrew Welage misses free throw 2nd of 1-and-1.,missed,TRUE,FALSE,NA,NA,NA,NA,NA,NA,0,Wright State,Wright State,123,NA,Kel'el Ware,Trey Galloway,Gabe Cupps,Xavier Johnson,Malik Reneau,Andrew Welage,Brandon Noel,Bo Myers,Tanner Holden,Alex Huibregtse
2023-24,2023-11-16,2573106,330,0,2,Indiana,Wright State,Hoosiers,Raiders,3,4,73,68,5,1446,Indiana,450,450,0,Malik Reneau with a defensive rebound.,NA,FALSE,FALSE,NA,NA,NA,NA,NA,NA,0,Wright State,Indiana,123,NA,Kel'el Ware,Trey Galloway,Gabe Cupps,Xavier Johnson,Malik Reneau,Andrew Welage,Brandon Noel,Bo Myers,Tanner Holden,Alex Huibregtse
2023-24,2023-11-16,2573106,331,0,2,Indiana,Wright State,Hoosiers,Raiders,3,4,75,68,7,1446,Indiana,426,426,24,Malik Reneau makes a hook shot from 9 feet out. Trey Galloway with the assist.,made,FALSE,FALSE,Hook Shot,21.5,13.150000000000006,1402782,Malik Reneau,Trey Galloway,0,Indiana,Wright State,124,NA,Kel'el Ware,Trey Galloway,Gabe Cupps,Xavier Johnson,Malik Reneau,Andrew Welage,Brandon Noel,Bo Myers,Tanner Holden,Alex Huibregtse
2023-24,2023-11-16,2573106,332,0,2,Indiana,Wright State,Hoosiers,Raiders,3,4,75,68,7,1706,Wright State,404,404,22,Alex Huibregtse with a turnover - Traveling,NA,FALSE,FALSE,NA,NA,NA,NA,NA,NA,0,Wright State,Indiana,125,NA,Kel'el Ware,Trey Galloway,Gabe Cupps,Xavier Johnson,Malik Reneau,Andrew Welage,Brandon Noel,Bo Myers,Tanner Holden,Alex Huibregtse
2023-24,2023-11-16,2573106,333,0,2,Indiana,Wright State,Hoosiers,Raiders,3,4,77,68,9,1446,Indiana,394,394,10,Malik Reneau makes a hook shot from 10 feet out.,made,FALSE,FALSE,Hook Shot,19.8,13.349999999999994,1402782,Malik Reneau,NA,0,Indiana,Wright State,126,NA,Kel'el Ware,Trey Galloway,Gabe Cupps,Xavier Johnson,Malik Reneau,Andrew Welage,Brandon Noel,Bo Myers,Tanner Holden,Alex Huibregtse
2023-24,2023-11-16,2573106,334,0,2,Indiana,Wright State,Hoosiers,Raiders,3,4,77,68,9,1706,Wright State,383,383,11,Mackenzie Mgbako steals the ball from Andrew Welage.,NA,FALSE,FALSE,NA,NA,NA,NA,NA,NA,0,Wright State,Indiana,127,NA,Kel'el Ware,Trey Galloway,Gabe Cupps,Xavier Johnson,Malik Reneau,Andrew Welage,Brandon Noel,Bo Myers,Tanner Holden,Alex Huibregtse
2023-24,2023-11-16,2573106,335,0,2,Indiana,Wright State,Hoosiers,Raiders,3,4,77,68,9,1706,Wright State,378,378,5,Shooting foul committed by Alex Huibregtse.,NA,FALSE,FALSE,NA,NA,NA,NA,NA,NA,0,Indiana,Indiana,128,NA,Kel'el Ware,Trey Galloway,Gabe Cupps,Xavier Johnson,Malik Reneau,Andrew Welage,Brandon Noel,Bo Myers,Tanner Holden,Alex Huibregtse
2023-24,2023-11-16,2573106,336,0,2,Indiana,Wright State,Hoosiers,Raiders,3,4,78,68,10,1446,Indiana,378,378,0,Trey Galloway makes free throw 1 of 2.,made,TRUE,FALSE,NA,NA,NA,NA,NA,NA,0,Indiana,Indiana,128,NA,Kel'el Ware,Trey Galloway,Gabe Cupps,Xavier Johnson,Malik Reneau,Andrew Welage,Brandon Noel,Bo Myers,Tanner Holden,Alex Huibregtse
2023-24,2023-11-16,2573106,337,0,2,Indiana,Wright State,Hoosiers,Raiders,3,4,79,68,11,1446,Indiana,378,378,0,Trey Galloway makes free throw 2 of 2.,made,TRUE,FALSE,NA,NA,NA,NA,NA,NA,0,Indiana,Wright State,128,NA,Kel'el Ware,Trey Galloway,Gabe Cupps,Xavier Johnson,Malik Reneau,Andrew Welage,Brandon Noel,Bo Myers,Tanner Holden,Alex Huibregtse
2023-24,2023-11-16,2573106,338,0,2,Indiana,Wright State,Hoosiers,Raiders,3,4,79,68,11,1446,Indiana,360,360,18,Personal foul committed by Xavier Johnson.,NA,FALSE,FALSE,NA,NA,NA,NA,NA,NA,0,Wright State,Wright State,129,NA,Kel'el Ware,Trey Galloway,Gabe Cupps,Xavier Johnson,Malik Reneau,Andrew Welage,Brandon Noel,Bo Myers,Tanner Holden,Alex Huibregtse
2023-24,2023-11-16,2573106,339,0,2,Indiana,Wright State,Hoosiers,Raiders,3,4,79,68,11,1706,Wright State,360,360,0,Alex Huibregtse misses free throw 1st of 1-and-1.,missed,TRUE,FALSE,NA,NA,NA,NA,NA,NA,0,Wright State,Wright State,129,NA,Kel'el Ware,Trey Galloway,Gabe Cupps,Xavier Johnson,Malik Reneau,Andrew Welage,Brandon Noel,Bo Myers,Tanner Holden,Alex Huibregtse
2023-24,2023-11-16,2573106,340,0,2,Indiana,Wright State,Hoosiers,Raiders,3,4,79,68,11,1446,Indiana,360,360,0,Kel'el Ware with a defensive rebound.,NA,FALSE,FALSE,NA,NA,NA,NA,NA,NA,0,Wright State,Indiana,129,NA,Kel'el Ware,Trey Galloway,Gabe Cupps,Xavier Johnson,Malik Reneau,Andrew Welage,Brandon Noel,Bo Myers,Tanner Holden,Alex Huibregtse
2023-24,2023-11-16,2573106,341,0,2,Indiana,Wright State,Hoosiers,Raiders,3,4,79,68,11,1446,Indiana,340,340,20,Trey Galloway misses a 3-point jump shot from 22 feet out.,missed,FALSE,TRUE,Jump Shot,4.700000000000003,14.150000000000006,1236195,Trey Galloway,NA,0,Indiana,Indiana,130,NA,Kel'el Ware,Trey Galloway,Gabe Cupps,Xavier Johnson,Malik Reneau,Andrew Welage,Brandon Noel,Bo Myers,Tanner Holden,Alex Huibregtse
2023-24,2023-11-16,2573106,342,0,2,Indiana,Wright State,Hoosiers,Raiders,3,4,79,68,11,1706,Wright State,340,340,0,AJ Braun with a defensive rebound.,NA,FALSE,FALSE,NA,NA,NA,NA,NA,NA,0,Indiana,Wright State,130,NA,Kel'el Ware,Trey Galloway,Gabe Cupps,Xavier Johnson,Malik Reneau,Andrew Welage,Brandon Noel,Bo Myers,Tanner Holden,Alex Huibregtse
2023-24,2023-11-16,2573106,343,0,2,Indiana,Wright State,Hoosiers,Raiders,3,4,79,71,8,1706,Wright State,323,323,17,Andrew Welage makes a 3-point jump shot from 24 feet out. Brandon Noel with the assist.,made,FALSE,TRUE,Jump Shot,38.7,25.55,1231603,Andrew Welage,Brandon Noel,0,Wright State,Indiana,131,NA,Kel'el Ware,Trey Galloway,Gabe Cupps,Xavier Johnson,Malik Reneau,Andrew Welage,Brandon Noel,Bo Myers,Tanner Holden,Alex Huibregtse
2023-24,2023-11-16,2573106,344,0,2,Indiana,Wright State,Hoosiers,Raiders,3,3,79,71,8,1706,Wright State,320,320,3,Raiders take a 30-second timeout.,NA,FALSE,FALSE,NA,NA,NA,NA,NA,NA,0,NA,NA,NA,NA,Kel'el Ware,Trey Galloway,Gabe Cupps,Xavier Johnson,Malik Reneau,Andrew Welage,Brandon Noel,Bo Myers,Tanner Holden,Alex Huibregtse
2023-24,2023-11-16,2573106,345,0,2,Indiana,Wright State,Hoosiers,Raiders,3,3,81,71,10,1446,Indiana,309,309,11,Kel'el Ware makes a layup. Malik Reneau with the assist.,made,FALSE,FALSE,Layup Shot,26,6.25,1405458,Kel'el Ware,Malik Reneau,0,Indiana,Wright State,132,NA,Kel'el Ware,Trey Galloway,Gabe Cupps,Xavier Johnson,Malik Reneau,Andrew Welage,Brandon Noel,Bo Myers,Tanner Holden,Alex Huibregtse
2023-24,2023-11-16,2573106,346,0,2,Indiana,Wright State,Hoosiers,Raiders,3,3,81,71,10,1706,Wright State,284,284,25,Tanner Holden with a turnover - Bad Pass,NA,FALSE,FALSE,NA,NA,NA,NA,NA,NA,0,Wright State,Indiana,133,NA,Kel'el Ware,Trey Galloway,Gabe Cupps,Xavier Johnson,Malik Reneau,Andrew Welage,Brandon Noel,Bo Myers,Tanner Holden,Alex Huibregtse
2023-24,2023-11-16,2573106,347,0,2,Indiana,Wright State,Hoosiers,Raiders,3,3,81,71,10,1446,Indiana,261,261,23,Mackenzie Mgbako misses a 3-point jump shot from 23 feet out.,missed,FALSE,TRUE,Jump Shot,2.299999999999997,6.349999999999994,1459706,Mackenzie Mgbako,NA,0,Indiana,Indiana,134,NA,Kel'el Ware,Trey Galloway,Gabe Cupps,Xavier Johnson,Malik Reneau,Andrew Welage,Brandon Noel,Bo Myers,Tanner Holden,Alex Huibregtse
2023-24,2023-11-16,2573106,348,0,2,Indiana,Wright State,Hoosiers,Raiders,3,3,81,71,10,1446,Indiana,261,261,0,Kel'el Ware with an offensive rebound.,NA,FALSE,FALSE,NA,NA,NA,NA,NA,NA,0,Indiana,Indiana,134,NA,Kel'el Ware,Trey Galloway,Gabe Cupps,Xavier Johnson,Malik Reneau,Andrew Welage,Brandon Noel,Bo Myers,Tanner Holden,Alex Huibregtse
2023-24,2023-11-16,2573106,349,0,2,Indiana,Wright State,Hoosiers,Raiders,3,3,83,71,12,1446,Indiana,253,253,8,Kel'el Ware makes a layup.,made,FALSE,FALSE,Layup Shot,26,6.25,1405458,Kel'el Ware,NA,0,Indiana,Wright State,134,NA,Kel'el Ware,Trey Galloway,Gabe Cupps,Xavier Johnson,Malik Reneau,Andrew Welage,Brandon Noel,Bo Myers,Tanner Holden,Alex Huibregtse
2023-24,2023-11-16,2573106,350,0,2,Indiana,Wright State,Hoosiers,Raiders,3,3,83,73,10,1706,Wright State,249,249,4,Andrew Welage makes a jump shot from 19 feet out. Tanner Holden with the assist.,made,FALSE,FALSE,Jump Shot,44,9.75,1231603,Andrew Welage,Tanner Holden,0,Wright State,Indiana,135,NA,Kel'el Ware,Trey Galloway,Gabe Cupps,Xavier Johnson,Malik Reneau,Andrew Welage,Brandon Noel,Bo Myers,Tanner Holden,Alex Huibregtse
2023-24,2023-11-16,2573106,351,0,2,Indiana,Wright State,Hoosiers,Raiders,3,3,83,73,10,1446,Indiana,234,234,15,Mackenzie Mgbako misses a 3-point jump shot from 22 feet out.,missed,FALSE,TRUE,Jump Shot,2.6000000000000014,7.049999999999997,1459706,Mackenzie Mgbako,NA,0,Indiana,Indiana,136,NA,Kel'el Ware,Trey Galloway,Gabe Cupps,Xavier Johnson,Malik Reneau,Andrew Welage,Brandon Noel,Bo Myers,Tanner Holden,Alex Huibregtse
2023-24,2023-11-16,2573106,352,0,2,Indiana,Wright State,Hoosiers,Raiders,3,3,83,73,10,1706,Wright State,234,234,0,Tanner Holden with a defensive rebound.,NA,FALSE,FALSE,NA,NA,NA,NA,NA,NA,0,Indiana,Wright State,136,NA,Kel'el Ware,Trey Galloway,Gabe Cupps,Xavier Johnson,Malik Reneau,Andrew Welage,Brandon Noel,Bo Myers,Tanner Holden,Alex Huibregtse
2023-24,2023-11-16,2573106,353,0,2,Indiana,Wright State,Hoosiers,Raiders,3,3,83,76,7,1706,Wright State,223,223,11,Andrew Welage makes a 3-point jump shot from 24 feet out. Tanner Holden with the assist.,made,FALSE,TRUE,Jump Shot,39.7,24.75,1231603,Andrew Welage,Tanner Holden,0,Wright State,Indiana,137,NA,Kel'el Ware,Trey Galloway,Gabe Cupps,Xavier Johnson,Malik Reneau,Andrew Welage,Brandon Noel,Bo Myers,Tanner Holden,Alex Huibregtse
2023-24,2023-11-16,2573106,354,0,2,Indiana,Wright State,Hoosiers,Raiders,2,3,83,76,7,1446,Indiana,210,210,13,Hoosiers take a 30-second timeout.,NA,FALSE,FALSE,NA,NA,NA,NA,NA,NA,0,NA,NA,NA,NA,Kel'el Ware,Trey Galloway,Gabe Cupps,Xavier Johnson,Malik Reneau,Andrew Welage,Brandon Noel,Bo Myers,Tanner Holden,Alex Huibregtse
2023-24,2023-11-16,2573106,355,0,2,Indiana,Wright State,Hoosiers,Raiders,2,3,83,76,7,NA,NA,210,210,0,Official TV timeout.,NA,FALSE,FALSE,NA,NA,NA,NA,NA,NA,0,NA,NA,NA,NA,Kel'el Ware,Trey Galloway,Gabe Cupps,Xavier Johnson,Malik Reneau,Andrew Welage,Brandon Noel,Bo Myers,Tanner Holden,Alex Huibregtse
2023-24,2023-11-16,2573106,356,0,2,Indiana,Wright State,Hoosiers,Raiders,2,3,83,76,7,1446,Indiana,210,210,0,Substitution: Gabe Cupps in for Mackenzie Mgbako.,NA,FALSE,FALSE,NA,NA,NA,NA,NA,NA,1,NA,NA,NA,Sub already in game,Kel'el Ware,Trey Galloway,Gabe Cupps,Xavier Johnson,Malik Reneau,Andrew Welage,Brandon Noel,Bo Myers,Tanner Holden,Alex Huibregtse
2023-24,2023-11-16,2573106,357,0,2,Indiana,Wright State,Hoosiers,Raiders,2,3,83,76,7,1446,Indiana,193,193,17,Malik Reneau misses a hook shot from 7 feet out.,missed,FALSE,FALSE,Hook Shot,22,11.150000000000006,1402782,Malik Reneau,NA,0,Indiana,Indiana,138,NA,Kel'el Ware,Trey Galloway,Gabe Cupps,Xavier Johnson,Malik Reneau,Andrew Welage,Brandon Noel,Bo Myers,Tanner Holden,Alex Huibregtse
2023-24,2023-11-16,2573106,358,0,2,Indiana,Wright State,Hoosiers,Raiders,2,3,83,76,7,1706,Wright State,193,193,0,Alex Huibregtse with a defensive rebound.,NA,FALSE,FALSE,NA,NA,NA,NA,NA,NA,0,Indiana,Wright State,138,NA,Kel'el Ware,Trey Galloway,Gabe Cupps,Xavier Johnson,Malik Reneau,Andrew Welage,Brandon Noel,Bo Myers,Tanner Holden,Alex Huibregtse
2023-24,2023-11-16,2573106,359,0,2,Indiana,Wright State,Hoosiers,Raiders,2,3,83,76,7,1706,Wright State,176,176,17,Kel'el Ware blocks a Alex Huibregtse jump shot from 8 feet out.,missed,FALSE,FALSE,Jump Shot,25.4,13.65,1231577,Alex Huibregtse,NA,0,Wright State,Wright State,139,NA,Kel'el Ware,Trey Galloway,Gabe Cupps,Xavier Johnson,Malik Reneau,Andrew Welage,Brandon Noel,Bo Myers,Tanner Holden,Alex Huibregtse
2023-24,2023-11-16,2573106,360,0,2,Indiana,Wright State,Hoosiers,Raiders,2,3,83,76,7,1446,Indiana,176,176,0,Kel'el Ware with a defensive rebound.,NA,FALSE,FALSE,NA,NA,NA,NA,NA,NA,0,Wright State,Indiana,139,NA,Kel'el Ware,Trey Galloway,Gabe Cupps,Xavier Johnson,Malik Reneau,Andrew Welage,Brandon Noel,Bo Myers,Tanner Holden,Alex Huibregtse
2023-24,2023-11-16,2573106,361,0,2,Indiana,Wright State,Hoosiers,Raiders,2,3,83,76,7,1706,Wright State,161,161,15,Shooting foul committed by AJ Braun.,NA,FALSE,FALSE,NA,NA,NA,NA,NA,NA,0,Indiana,Indiana,140,NA,Kel'el Ware,Trey Galloway,Gabe Cupps,Xavier Johnson,Malik Reneau,Andrew Welage,Brandon Noel,Bo Myers,Tanner Holden,Alex Huibregtse
2023-24,2023-11-16,2573106,362,0,2,Indiana,Wright State,Hoosiers,Raiders,2,3,84,76,8,1446,Indiana,161,161,0,Kel'el Ware makes free throw 1 of 2.,made,TRUE,FALSE,NA,NA,NA,NA,NA,NA,0,Indiana,Indiana,140,NA,Kel'el Ware,Trey Galloway,Gabe Cupps,Xavier Johnson,Malik Reneau,Andrew Welage,Brandon Noel,Bo Myers,Tanner Holden,Alex Huibregtse
2023-24,2023-11-16,2573106,363,0,2,Indiana,Wright State,Hoosiers,Raiders,2,3,85,76,9,1446,Indiana,161,161,0,Kel'el Ware makes free throw 2 of 2.,made,TRUE,FALSE,NA,NA,NA,NA,NA,NA,0,Indiana,Wright State,140,NA,Kel'el Ware,Trey Galloway,Gabe Cupps,Xavier Johnson,Malik Reneau,Andrew Welage,Brandon Noel,Bo Myers,Tanner Holden,Alex Huibregtse
2023-24,2023-11-16,2573106,364,0,2,Indiana,Wright State,Hoosiers,Raiders,2,3,85,76,9,1706,Wright State,153,153,8,Andrew Welage misses a 3-point jump shot from 24 feet out.,missed,FALSE,TRUE,Jump Shot,25.4,29.35,1231603,Andrew Welage,NA,0,Wright State,Wright State,141,NA,Kel'el Ware,Trey Galloway,Gabe Cupps,Xavier Johnson,Malik Reneau,Andrew Welage,Brandon Noel,Bo Myers,Tanner Holden,Alex Huibregtse
2023-24,2023-11-16,2573106,365,0,2,Indiana,Wright State,Hoosiers,Raiders,2,3,85,76,9,1446,Indiana,153,153,0,Kel'el Ware with a defensive rebound.,NA,FALSE,FALSE,NA,NA,NA,NA,NA,NA,0,Wright State,Indiana,141,NA,Kel'el Ware,Trey Galloway,Gabe Cupps,Xavier Johnson,Malik Reneau,Andrew Welage,Brandon Noel,Bo Myers,Tanner Holden,Alex Huibregtse
2023-24,2023-11-16,2573106,366,0,2,Indiana,Wright State,Hoosiers,Raiders,2,3,85,76,9,1446,Indiana,121,121,32,Alex Huibregtse blocks a Xavier Johnson layup.,missed,FALSE,FALSE,Layup Shot,26,6.25,1132295,Xavier Johnson,NA,0,Indiana,Wright State,142,NA,Kel'el Ware,Trey Galloway,Gabe Cupps,Xavier Johnson,Malik Reneau,Andrew Welage,Brandon Noel,Bo Myers,Tanner Holden,Alex Huibregtse
2023-24,2023-11-16,2573106,368,0,2,Indiana,Wright State,Hoosiers,Raiders,2,2,85,76,9,1706,Wright State,120,120,1,Raiders take a 30-second timeout.,NA,FALSE,FALSE,NA,NA,NA,NA,NA,NA,0,NA,NA,NA,NA,Kel'el Ware,Trey Galloway,Gabe Cupps,Xavier Johnson,Malik Reneau,Andrew Welage,Brandon Noel,Bo Myers,Tanner Holden,Alex Huibregtse
2023-24,2023-11-16,2573106,369,0,2,Indiana,Wright State,Hoosiers,Raiders,2,2,85,76,9,1706,Wright State,111,111,9,Brandon Noel misses a 3-point jump shot from 24 feet out.,missed,FALSE,TRUE,Jump Shot,25.9,28.75,1231587,Brandon Noel,NA,0,Wright State,Wright State,143,NA,Kel'el Ware,Trey Galloway,Gabe Cupps,Xavier Johnson,Malik Reneau,Andrew Welage,Brandon Noel,Bo Myers,Tanner Holden,Alex Huibregtse
2023-24,2023-11-16,2573106,370,0,2,Indiana,Wright State,Hoosiers,Raiders,2,2,85,76,9,1706,Wright State,111,111,0,Tanner Holden with an offensive rebound.,NA,FALSE,FALSE,NA,NA,NA,NA,NA,NA,0,Wright State,Wright State,143,NA,Kel'el Ware,Trey Galloway,Gabe Cupps,Xavier Johnson,Malik Reneau,Andrew Welage,Brandon Noel,Bo Myers,Tanner Holden,Alex Huibregtse
2023-24,2023-11-16,2573106,371,0,2,Indiana,Wright State,Hoosiers,Raiders,2,2,85,76,9,1706,Wright State,105,105,6,Tanner Holden misses a jump shot from 15 feet out.,missed,FALSE,FALSE,Jump Shot,35.5,16.55,1176108,Tanner Holden,NA,0,Wright State,Wright State,143,NA,Kel'el Ware,Trey Galloway,Gabe Cupps,Xavier Johnson,Malik Reneau,Andrew Welage,Brandon Noel,Bo Myers,Tanner Holden,Alex Huibregtse
2023-24,2023-11-16,2573106,372,0,2,Indiana,Wright State,Hoosiers,Raiders,2,2,85,76,9,1446,Indiana,105,105,0,Malik Reneau with a defensive rebound.,NA,FALSE,FALSE,NA,NA,NA,NA,NA,NA,0,Wright State,Indiana,143,NA,Kel'el Ware,Trey Galloway,Gabe Cupps,Xavier Johnson,Malik Reneau,Andrew Welage,Brandon Noel,Bo Myers,Tanner Holden,Alex Huibregtse
2023-24,2023-11-16,2573106,373,0,2,Indiana,Wright State,Hoosiers,Raiders,2,2,85,76,9,1446,Indiana,78,78,27,Xavier Johnson with a turnover - Lost Ball,NA,FALSE,FALSE,NA,NA,NA,NA,NA,NA,0,Indiana,Wright State,144,NA,Kel'el Ware,Trey Galloway,Gabe Cupps,Xavier Johnson,Malik Reneau,Andrew Welage,Brandon Noel,Bo Myers,Tanner Holden,Alex Huibregtse
2023-24,2023-11-16,2573106,374,0,2,Indiana,Wright State,Hoosiers,Raiders,2,2,85,76,9,1706,Wright State,75,75,3,Alex Huibregtse misses a 3-point jump shot from 23 feet out.,missed,FALSE,TRUE,Jump Shot,37.3,24.55,1231577,Alex Huibregtse,NA,0,Wright State,Wright State,145,NA,Kel'el Ware,Trey Galloway,Gabe Cupps,Xavier Johnson,Malik Reneau,Andrew Welage,Brandon Noel,Bo Myers,Tanner Holden,Alex Huibregtse
2023-24,2023-11-16,2573106,375,0,2,Indiana,Wright State,Hoosiers,Raiders,2,2,85,76,9,1706,Wright State,75,75,0,Tanner Holden with an offensive rebound.,NA,FALSE,FALSE,NA,NA,NA,NA,NA,NA,0,Wright State,Wright State,145,NA,Kel'el Ware,Trey Galloway,Gabe Cupps,Xavier Johnson,Malik Reneau,Andrew Welage,Brandon Noel,Bo Myers,Tanner Holden,Alex Huibregtse
2023-24,2023-11-16,2573106,376,0,2,Indiana,Wright State,Hoosiers,Raiders,2,2,85,76,9,1446,Indiana,69,69,6,Substitution: Mackenzie Mgbako in for Xavier Johnson.,NA,FALSE,FALSE,NA,NA,NA,NA,NA,NA,1,NA,NA,NA,NA,Kel'el Ware,Trey Galloway,Gabe Cupps,Mackenzie Mgbako,Malik Reneau,Andrew Welage,Brandon Noel,Bo Myers,Tanner Holden,Alex Huibregtse
2023-24,2023-11-16,2573106,377,0,2,Indiana,Wright State,Hoosiers,Raiders,2,2,85,76,9,1706,Wright State,63,63,6,Tanner Holden misses a jump shot from 18 feet out.,missed,FALSE,FALSE,Jump Shot,33.8,21.45,1176108,Tanner Holden,NA,0,Wright State,Wright State,145,NA,Kel'el Ware,Trey Galloway,Gabe Cupps,Mackenzie Mgbako,Malik Reneau,Andrew Welage,Brandon Noel,Bo Myers,Tanner Holden,Alex Huibregtse
2023-24,2023-11-16,2573106,378,0,2,Indiana,Wright State,Hoosiers,Raiders,2,2,85,76,9,1446,Indiana,63,63,0,Gabe Cupps with a defensive rebound.,NA,FALSE,FALSE,NA,NA,NA,NA,NA,NA,0,Wright State,Indiana,145,NA,Kel'el Ware,Trey Galloway,Gabe Cupps,Mackenzie Mgbako,Malik Reneau,Andrew Welage,Brandon Noel,Bo Myers,Tanner Holden,Alex Huibregtse
2023-24,2023-11-16,2573106,379,0,2,Indiana,Wright State,Hoosiers,Raiders,2,2,85,76,9,1446,Indiana,58,58,5,Gabe Cupps with a turnover - Out of Bounds,NA,FALSE,FALSE,NA,NA,NA,NA,NA,NA,0,Indiana,Wright State,146,NA,Kel'el Ware,Trey Galloway,Gabe Cupps,Mackenzie Mgbako,Malik Reneau,Andrew Welage,Brandon Noel,Bo Myers,Tanner Holden,Alex Huibregtse
2023-24,2023-11-16,2573106,380,0,2,Indiana,Wright State,Hoosiers,Raiders,2,2,85,76,9,1706,Wright State,54,54,4,Alex Huibregtse misses a jump shot from 8 feet out.,missed,FALSE,FALSE,Jump Shot,17.9,9.75,1231577,Alex Huibregtse,NA,0,Wright State,Wright State,147,NA,Kel'el Ware,Trey Galloway,Gabe Cupps,Mackenzie Mgbako,Malik Reneau,Andrew Welage,Brandon Noel,Bo Myers,Tanner Holden,Alex Huibregtse
2023-24,2023-11-16,2573106,381,0,2,Indiana,Wright State,Hoosiers,Raiders,2,2,85,76,9,1446,Indiana,54,54,0,Gabe Cupps with a defensive rebound.,NA,FALSE,FALSE,NA,NA,NA,NA,NA,NA,0,Wright State,Indiana,147,NA,Kel'el Ware,Trey Galloway,Gabe Cupps,Mackenzie Mgbako,Malik Reneau,Andrew Welage,Brandon Noel,Bo Myers,Tanner Holden,Alex Huibregtse
2023-24,2023-11-16,2573106,382,0,2,Indiana,Wright State,Hoosiers,Raiders,2,2,87,76,11,1446,Indiana,47,47,7,Kel'el Ware dunks. Malik Reneau with the assist.,made,FALSE,FALSE,Dunk Shot,26,6.25,1405458,Kel'el Ware,Malik Reneau,0,Indiana,Wright State,148,NA,Kel'el Ware,Trey Galloway,Gabe Cupps,Mackenzie Mgbako,Malik Reneau,Andrew Welage,Brandon Noel,Bo Myers,Tanner Holden,Alex Huibregtse
2023-24,2023-11-16,2573106,383,0,2,Indiana,Wright State,Hoosiers,Raiders,2,2,87,76,11,1446,Indiana,40,40,7,Personal foul committed by Mackenzie Mgbako.,NA,FALSE,FALSE,NA,NA,NA,NA,NA,NA,0,Wright State,Wright State,149,NA,Kel'el Ware,Trey Galloway,Gabe Cupps,Mackenzie Mgbako,Malik Reneau,Andrew Welage,Brandon Noel,Bo Myers,Tanner Holden,Alex Huibregtse
2023-24,2023-11-16,2573106,384,0,2,Indiana,Wright State,Hoosiers,Raiders,2,2,87,76,11,1706,Wright State,40,40,0,Substitution: Logan Woods in for AJ Braun.,NA,FALSE,FALSE,NA,NA,NA,NA,NA,NA,1,NA,NA,NA,Player leaving not previously in game,Kel'el Ware,Trey Galloway,Gabe Cupps,Mackenzie Mgbako,Malik Reneau,Andrew Welage,Brandon Noel,Bo Myers,Tanner Holden,Alex Huibregtse
2023-24,2023-11-16,2573106,385,0,2,Indiana,Wright State,Hoosiers,Raiders,2,2,87,76,11,1706,Wright State,40,40,0,Andrew Welage misses free throw 1 of 1.,missed,TRUE,FALSE,NA,NA,NA,NA,NA,NA,0,Wright State,Wright State,149,NA,Kel'el Ware,Trey Galloway,Gabe Cupps,Mackenzie Mgbako,Malik Reneau,Andrew Welage,Brandon Noel,Bo Myers,Tanner Holden,Alex Huibregtse
2023-24,2023-11-16,2573106,387,0,2,Indiana,Wright State,Hoosiers,Raiders,2,2,87,78,9,1706,Wright State,35,35,5,Tanner Holden makes a jump shot from 5 feet out.,made,FALSE,FALSE,Jump Shot,27.3,9.95,1176108,Tanner Holden,NA,0,Wright State,Indiana,149,NA,Kel'el Ware,Trey Galloway,Gabe Cupps,Mackenzie Mgbako,Malik Reneau,Andrew Welage,Brandon Noel,Bo Myers,Tanner Holden,Alex Huibregtse
2023-24,2023-11-16,2573106,388,0,2,Indiana,Wright State,Hoosiers,Raiders,2,1,87,78,9,1706,Wright State,35,35,0,Raiders take a full timeout.,NA,FALSE,FALSE,NA,NA,NA,NA,NA,NA,0,NA,NA,NA,NA,Kel'el Ware,Trey Galloway,Gabe Cupps,Mackenzie Mgbako,Malik Reneau,Andrew Welage,Brandon Noel,Bo Myers,Tanner Holden,Alex Huibregtse
2023-24,2023-11-16,2573106,389,0,2,Indiana,Wright State,Hoosiers,Raiders,2,1,87,78,9,1706,Wright State,35,35,0,Substitution: Kaden Brown in for Andrew Welage.,NA,FALSE,FALSE,NA,NA,NA,NA,NA,NA,1,NA,NA,NA,NA,Kel'el Ware,Trey Galloway,Gabe Cupps,Mackenzie Mgbako,Malik Reneau,Kaden Brown,Brandon Noel,Bo Myers,Tanner Holden,Alex Huibregtse
2023-24,2023-11-16,2573106,390,0,2,Indiana,Wright State,Hoosiers,Raiders,2,1,87,78,9,1706,Wright State,23,23,12,Personal foul committed by Logan Woods.,NA,FALSE,FALSE,NA,NA,NA,NA,NA,NA,0,Indiana,Indiana,150,NA,Kel'el Ware,Trey Galloway,Gabe Cupps,Mackenzie Mgbako,Malik Reneau,Kaden Brown,Brandon Noel,Bo Myers,Tanner Holden,Alex Huibregtse
2023-24,2023-11-16,2573106,391,0,2,Indiana,Wright State,Hoosiers,Raiders,2,1,88,78,10,1446,Indiana,23,23,0,Mackenzie Mgbako makes free throw 1 of 2.,made,TRUE,FALSE,NA,NA,NA,NA,NA,NA,0,Indiana,Indiana,150,NA,Kel'el Ware,Trey Galloway,Gabe Cupps,Mackenzie Mgbako,Malik Reneau,Kaden Brown,Brandon Noel,Bo Myers,Tanner Holden,Alex Huibregtse
2023-24,2023-11-16,2573106,392,0,2,Indiana,Wright State,Hoosiers,Raiders,2,1,88,78,10,1446,Indiana,23,23,0,Substitution: Kaleb Banks in for Kel'el Ware.,NA,FALSE,FALSE,NA,NA,NA,NA,NA,NA,1,NA,NA,NA,NA,Kaleb Banks,Trey Galloway,Gabe Cupps,Mackenzie Mgbako,Malik Reneau,Kaden Brown,Brandon Noel,Bo Myers,Tanner Holden,Alex Huibregtse
2023-24,2023-11-16,2573106,393,0,2,Indiana,Wright State,Hoosiers,Raiders,2,1,88,78,10,1706,Wright State,23,23,0,Substitution: Andrew Welage in for Kaden Brown.,NA,FALSE,FALSE,NA,NA,NA,NA,NA,NA,1,NA,NA,NA,NA,Kaleb Banks,Trey Galloway,Gabe Cupps,Mackenzie Mgbako,Malik Reneau,Andrew Welage,Brandon Noel,Bo Myers,Tanner Holden,Alex Huibregtse
2023-24,2023-11-16,2573106,394,0,2,Indiana,Wright State,Hoosiers,Raiders,2,1,89,78,11,1446,Indiana,23,23,0,Mackenzie Mgbako makes free throw 2 of 2.,made,TRUE,FALSE,NA,NA,NA,NA,NA,NA,0,Indiana,Wright State,150,NA,Kaleb Banks,Trey Galloway,Gabe Cupps,Mackenzie Mgbako,Malik Reneau,Andrew Welage,Brandon Noel,Bo Myers,Tanner Holden,Alex Huibregtse
2023-24,2023-11-16,2573106,395,0,2,Indiana,Wright State,Hoosiers,Raiders,2,1,89,80,9,1706,Wright State,20,20,3,Tanner Holden makes a layup.,made,FALSE,FALSE,Layup Shot,26,6.25,1176108,Tanner Holden,NA,0,Wright State,Indiana,151,NA,Kaleb Banks,Trey Galloway,Gabe Cupps,Mackenzie Mgbako,Malik Reneau,Andrew Welage,Brandon Noel,Bo Myers,Tanner Holden,Alex Huibregtse
2023-24,2023-11-16,2573106,396,0,2,Indiana,Wright State,Hoosiers,Raiders,2,1,89,80,9,NA,NA,0,0,20,End of the 2nd Half,NA,FALSE,FALSE,NA,NA,NA,NA,NA,NA,0,NA,NA,NA,NA,Kaleb Banks,Trey Galloway,Gabe Cupps,Mackenzie Mgbako,Malik Reneau,Andrew Welage,Brandon Noel,Bo Myers,Tanner Holden,Alex Huibregtse
2023-24,2023-11-16,2573106,397,0,2,Indiana,Wright State,Hoosiers,Raiders,2,1,89,80,9,NA,NA,0,0,0,End of the Game,NA,FALSE,FALSE,NA,NA,NA,NA,NA,NA,0,Indiana,Indiana,NA,NA,Kaleb Banks,Trey Galloway,Gabe Cupps,Mackenzie Mgbako,Malik Reneau,Andrew Welage,Brandon Noel,Bo Myers,Tanner Holden,Alex Huibregtse
