season,date,game_id,play_id,neutral,half,home,away,home_name,away_name,home_timeouts,away_timeouts,home_score,away_score,score_diff,team_id,event_team,game_secs_remaining,half_secs_remaining,play_length,desc,shot_outcome,free_throw,three_pt,shot_desc,loc_x,loc_y,shooter_id,shooter,assist,substitution,poss_before,poss_after,poss_number
2023-24,2023-11-14,2587576,1,0,1,Lamar,UTSA,Cardinals,Roadrunners,4,4,0,0,0,1650,UTSA,NA,NA,NA,Starting Lineup - Dre Fuller Jr.,NA,FALSE,FALSE,NA,NA,NA,NA,NA,NA,1,NA,NA,NA
2023-24,2023-11-14,2587576,1,0,1,Lamar,UTSA,Cardinals,Roadrunners,4,4,0,0,0,1463,Lamar,NA,NA,NA,Starting Lineup - Terry Anderson,NA,FALSE,FALSE,NA,NA,NA,NA,NA,NA,1,NA,NA,NA
2023-24,2023-11-14,2587576,1,0,1,Lamar,UTSA,Cardinals,Roadrunners,4,4,0,0,0,1463,Lamar,NA,NA,NA,Starting Lineup - Chris Pryor,NA,FALSE,FALSE,NA,NA,NA,NA,NA,NA,1,NA,NA,NA
2023-24,2023-11-14,2587576,1,0,1,Lamar,UTSA,Cardinals,Roadrunners,4,4,0,0,0,1463,Lamar,NA,NA,NA,Starting Lineup - Adam Hamilton,NA,FALSE,FALSE,NA,NA,NA,NA,NA,NA,1,NA,NA,NA
2023-24,2023-11-14,2587576,1,0,1,Lamar,UTSA,Cardinals,Roadrunners,4,4,0,0,0,1650,UTSA,NA,NA,NA,Starting Lineup - Adante' Holiman,NA,FALSE,FALSE,NA,NA,NA,NA,NA,NA,1,NA,NA,NA
2023-24,2023-11-14,2587576,1,0,1,Lamar,UTSA,Cardinals,Roadrunners,4,4,0,0,0,1463,Lamar,NA,NA,NA,Starting Lineup - Ja'Sean Jackson,NA,FALSE,FALSE,NA,NA,NA,NA,NA,NA,1,NA,NA,NA
2023-24,2023-11-14,2587576,1,0,1,Lamar,UTSA,Cardinals,Roadrunners,4,4,0,0,0,1650,UTSA,NA,NA,NA,Starting Lineup - Carlton Linguard Jr.,NA,FALSE,FALSE,NA,NA,NA,NA,NA,NA,1,NA,NA,NA
2023-24,2023-11-14,2587576,1,0,1,Lamar,UTSA,Cardinals,Roadrunners,4,4,0,0,0,1650,UTSA,NA,NA,NA,Starting Lineup - Christian Tucker,NA,FALSE,FALSE,NA,NA,NA,NA,NA,NA,1,NA,NA,NA
2023-24,2023-11-14,2587576,1,0,1,Lamar,UTSA,Cardinals,Roadrunners,4,4,0,0,0,1463,Lamar,NA,NA,NA,Starting Lineup - Cody Pennebaker,NA,FALSE,FALSE,NA,NA,NA,NA,NA,NA,1,NA,NA,NA
2023-24,2023-11-14,2587576,1,0,1,Lamar,UTSA,Cardinals,Roadrunners,4,4,0,0,0,1650,UTSA,NA,NA,NA,Starting Lineup - Trey Edmonds,NA,FALSE,FALSE,NA,NA,NA,NA,NA,NA,1,NA,NA,NA
2023-24,2023-11-14,2587576,2,0,1,Lamar,UTSA,Cardinals,Roadrunners,4,4,0,0,0,NA,NA,2400,1200,NA,Start of the 1st Half,NA,FALSE,FALSE,NA,NA,NA,NA,NA,NA,0,NA,UTSA,1
2023-24,2023-11-14,2587576,3,0,1,Lamar,UTSA,Cardinals,Roadrunners,4,4,0,3,-3,1650,UTSA,2394,1194,6,Dre Fuller Jr. makes a 3-point jump shot from 26 feet out. Christian Tucker with the assist.,made,FALSE,TRUE,Jump Shot,14,29.05,1139403,Dre Fuller Jr.,Christian Tucker,0,UTSA,Lamar,1
2023-24,2023-11-14,2587576,4,0,1,Lamar,UTSA,Cardinals,Roadrunners,4,4,2,3,-1,1463,Lamar,2389,1189,5,Jayden Barrs makes a layup.,made,FALSE,FALSE,Layup Shot,25,5.25,1487718,Jayden Barrs,NA,0,Lamar,UTSA,2
2023-24,2023-11-14,2587576,5,0,1,Lamar,UTSA,Cardinals,Roadrunners,4,4,2,5,-3,1650,UTSA,2362,1162,27,Adante' Holiman makes a hook shot from 4 feet out.,made,FALSE,FALSE,Hook Shot,26.6,9.45,1405953,Adante' Holiman,NA,0,UTSA,Lamar,3
2023-24,2023-11-14,2587576,6,0,1,Lamar,UTSA,Cardinals,Roadrunners,4,4,5,5,0,1463,Lamar,2335,1135,27,Terry Anderson makes a 3-point jump shot from 23 feet out.,made,FALSE,TRUE,Jump Shot,48.1,6.650000000000006,1409203,Terry Anderson,NA,0,Lamar,UTSA,4
2023-24,2023-11-14,2587576,7,0,1,Lamar,UTSA,Cardinals,Roadrunners,4,4,5,7,-2,1650,UTSA,2321,1121,14,Dre Fuller Jr. makes a jump shot from 9 feet out. Carlton Linguard Jr. with the assist.,made,FALSE,FALSE,Jump Shot,20.8,12.75,1139403,Dre Fuller Jr.,Carlton Linguard Jr.,0,UTSA,Lamar,5
2023-24,2023-11-14,2587576,8,0,1,Lamar,UTSA,Cardinals,Roadrunners,4,4,5,10,-5,1650,UTSA,2265,1065,56,Adante' Holiman makes a 3-point jump shot from 24 feet out.,made,FALSE,TRUE,Jump Shot,8.600000000000001,23.15,1405953,Adante' Holiman,NA,0,UTSA,Lamar,6
2023-24,2023-11-14,2587576,9,0,1,Lamar,UTSA,Cardinals,Roadrunners,4,4,7,10,-3,1463,Lamar,2200,1000,65,Terry Anderson makes a layup.,made,FALSE,FALSE,Layup Shot,25,5.25,1409203,Terry Anderson,NA,0,Lamar,UTSA,7
2023-24,2023-11-14,2587576,10,0,1,Lamar,UTSA,Cardinals,Roadrunners,4,4,7,13,-6,1650,UTSA,2156,956,44,Dre Fuller Jr. makes a 3-point jump shot from 24 feet out.,made,FALSE,TRUE,Jump Shot,6,19.45,1139403,Dre Fuller Jr.,NA,0,UTSA,Lamar,8
2023-24,2023-11-14,2587576,11,0,1,Lamar,UTSA,Cardinals,Roadrunners,4,4,9,13,-4,1463,Lamar,2109,909,47,Jayden Barrs makes a layup.,made,FALSE,FALSE,Layup Shot,25,5.25,1487718,Jayden Barrs,NA,0,Lamar,UTSA,9
2023-24,2023-11-14,2587576,12,0,1,Lamar,UTSA,Cardinals,Roadrunners,4,4,9,15,-6,1650,UTSA,2029,829,80,Trey Edmonds makes a layup.,made,FALSE,FALSE,Layup Shot,25,5.25,1342741,Trey Edmonds,NA,0,UTSA,Lamar,10
2023-24,2023-11-14,2587576,13,0,1,Lamar,UTSA,Cardinals,Roadrunners,4,4,12,15,-3,1463,Lamar,1916,716,113,Terry Anderson makes a 3-point jump shot from 25 feet out.,made,FALSE,TRUE,Jump Shot,43.4,22.75,1409203,Terry Anderson,NA,0,Lamar,UTSA,11
2023-24,2023-11-14,2587576,14,0,1,Lamar,UTSA,Cardinals,Roadrunners,4,4,12,17,-5,1650,UTSA,1899,699,17,Adante' Holiman makes a layup.,made,FALSE,FALSE,Layup Shot,26,6.25,1405953,Adante' Holiman,NA,0,UTSA,Lamar,12
2023-24,2023-11-14,2587576,15,0,1,Lamar,UTSA,Cardinals,Roadrunners,4,4,15,17,-2,1463,Lamar,1877,677,22,Valentin Catt makes a 3-point jump shot from 24 feet out.,made,FALSE,TRUE,Jump Shot,27,29.25,1345183,Valentin Catt,NA,0,Lamar,UTSA,13
2023-24,2023-11-14,2587576,16,0,1,Lamar,UTSA,Cardinals,Roadrunners,4,4,18,17,1,1463,Lamar,1854,654,23,Jakevion Buckley makes a 3-point jump shot from 25 feet out.,made,FALSE,TRUE,Jump Shot,13.100000000000001,27.450000000000003,1409201,Jakevion Buckley,NA,0,Lamar,UTSA,14
2023-24,2023-11-14,2587576,17,0,1,Lamar,UTSA,Cardinals,Roadrunners,4,4,18,19,-1,1650,UTSA,1829,629,25,Christian Tucker makes a layup.,made,FALSE,FALSE,Layup Shot,25,5.25,1340776,Christian Tucker,NA,0,UTSA,Lamar,15
2023-24,2023-11-14,2587576,18,0,1,Lamar,UTSA,Cardinals,Roadrunners,4,4,21,19,2,1463,Lamar,1813,613,16,Jayden Barrs makes a 3-point jump shot from 24 feet out.,made,FALSE,TRUE,Jump Shot,36.8,26.650000000000006,1487718,Jayden Barrs,NA,0,Lamar,UTSA,16
2023-24,2023-11-14,2587576,19,0,1,Lamar,UTSA,Cardinals,Roadrunners,4,4,21,21,0,1650,UTSA,1781,581,32,Trey Edmonds makes a jump shot from 14 feet out.,made,FALSE,FALSE,Jump Shot,15.6,15.15,1342741,Trey Edmonds,NA,0,UTSA,Lamar,17
2023-24,2023-11-14,2587576,20,0,1,Lamar,UTSA,Cardinals,Roadrunners,4,4,24,21,3,1463,Lamar,1765,565,16,Jayden Barrs makes a 3-point jump shot from 24 feet out.,made,FALSE,TRUE,Jump Shot,20.5,28.75,1487718,Jayden Barrs,NA,0,Lamar,UTSA,18
2023-24,2023-11-14,2587576,21,0,1,Lamar,UTSA,Cardinals,Roadrunners,4,4,24,23,1,1650,UTSA,1750,550,15,Dre Fuller Jr. makes a layup.,made,FALSE,FALSE,Layup Shot,25,5.25,1139403,Dre Fuller Jr.,NA,0,UTSA,Lamar,19
2023-24,2023-11-14,2587576,22,0,1,Lamar,UTSA,Cardinals,Roadrunners,4,4,26,23,3,1463,Lamar,1716,516,34,Valentin Catt makes a layup.,made,FALSE,FALSE,Layup Shot,26,6.25,1345183,Valentin Catt,NA,0,Lamar,UTSA,20
2023-24,2023-11-14,2587576,23,0,1,Lamar,UTSA,Cardinals,Roadrunners,4,4,28,23,5,1463,Lamar,1612,412,104,Janko Bulajic makes a jump shot from 7 feet out.,made,FALSE,FALSE,Jump Shot,18.6,8.150000000000006,1434001,Janko Bulajic,NA,0,Lamar,UTSA,21
2023-24,2023-11-14,2587576,24,0,1,Lamar,UTSA,Cardinals,Roadrunners,4,4,28,26,2,1650,UTSA,1599,399,13,Dre Fuller Jr. makes a 3-point jump shot from 23 feet out.,made,FALSE,TRUE,Jump Shot,9.9,22.05,1139403,Dre Fuller Jr.,NA,0,UTSA,Lamar,22
2023-24,2023-11-14,2587576,25,0,1,Lamar,UTSA,Cardinals,Roadrunners,4,4,31,26,5,1463,Lamar,1569,369,30,Jakevion Buckley makes a 3-point jump shot from 23 feet out.,made,FALSE,TRUE,Jump Shot,24,28.25,1409201,Jakevion Buckley,NA,0,Lamar,UTSA,23
2023-24,2023-11-14,2587576,26,0,1,Lamar,UTSA,Cardinals,Roadrunners,4,4,33,26,7,1463,Lamar,1545,345,24,Jakevion Buckley dunks.,made,FALSE,FALSE,Dunk Shot,25,5.25,1409201,Jakevion Buckley,NA,0,Lamar,UTSA,24
2023-24,2023-11-14,2587576,27,0,1,Lamar,UTSA,Cardinals,Roadrunners,4,4,33,28,5,1650,UTSA,1516,316,29,Trey Edmonds makes a layup.,made,FALSE,FALSE,Layup Shot,25,5.25,1342741,Trey Edmonds,NA,0,UTSA,Lamar,25
2023-24,2023-11-14,2587576,28,0,1,Lamar,UTSA,Cardinals,Roadrunners,4,4,36,28,8,1463,Lamar,1480,280,36,Valentin Catt makes a 3-point jump shot from 23 feet out.,made,FALSE,TRUE,Jump Shot,14.899999999999999,25.950000000000003,1345183,Valentin Catt,NA,0,Lamar,UTSA,26
2023-24,2023-11-14,2587576,29,0,1,Lamar,UTSA,Cardinals,Roadrunners,4,4,36,30,6,1650,UTSA,1452,252,28,Christian Tucker makes a layup.,made,FALSE,FALSE,Layup Shot,25,5.25,1340776,Christian Tucker,NA,0,UTSA,Lamar,27
2023-24,2023-11-14,2587576,30,0,1,Lamar,UTSA,Cardinals,Roadrunners,4,4,36,33,3,1650,UTSA,1429,229,23,Dre Fuller Jr. makes a 3-point jump shot from 24 feet out.,made,FALSE,TRUE,Jump Shot,3.1000000000000014,13.75,1139403,Dre Fuller Jr.,NA,0,UTSA,Lamar,28
2023-24,2023-11-14,2587576,31,0,1,Lamar,UTSA,Cardinals,Roadrunners,4,4,39,33,6,1463,Lamar,1386,186,43,Jayden Barrs makes a 3-point jump shot from 22 feet out.,made,FALSE,TRUE,Jump Shot,14.700000000000003,25.150000000000006,1487718,Jayden Barrs,NA,0,Lamar,UTSA,29
2023-24,2023-11-14,2587576,32,0,1,Lamar,UTSA,Cardinals,Roadrunners,4,4,39,35,4,1650,UTSA,1348,148,38,Trey Edmonds makes a jump shot from 7 feet out.,made,FALSE,FALSE,Jump Shot,24.5,12.25,1342741,Trey Edmonds,NA,0,UTSA,Lamar,30
2023-24,2023-11-14,2587576,33,0,1,Lamar,UTSA,Cardinals,Roadrunners,4,4,39,38,1,1650,UTSA,1323,123,25,Christian Tucker makes a 3-point jump shot from 21 feet out.,made,FALSE,TRUE,Jump Shot,5.600000000000001,13.75,1340776,Christian Tucker,NA,0,UTSA,Lamar,31
2023-24,2023-11-14,2587576,34,0,1,Lamar,UTSA,Cardinals,Roadrunners,4,4,39,40,-1,1650,UTSA,1285,85,38,Dre Fuller Jr. makes a layup.,made,FALSE,FALSE,Layup Shot,25,5.25,1139403,Dre Fuller Jr.,NA,0,UTSA,Lamar,32
2023-24,2023-11-14,2587576,35,0,1,Lamar,UTSA,Cardinals,Roadrunners,4,4,42,40,2,1463,Lamar,1200,0,85,Adam Hamilton makes a 3-point jump shot from 25 feet out.,made,FALSE,TRUE,Jump Shot,9.899999999999999,25.75,1409204,Adam Hamilton,NA,0,Lamar,UTSA,33
2023-24,2023-11-14,2587576,36,0,1,Lamar,UTSA,Cardinals,Roadrunners,4,4,42,40,2,NA,NA,1200,0,0,End of the 1st Half,NA,FALSE,FALSE,NA,NA,NA,NA,NA,NA,0,NA,NA,NA
2023-24,2023-11-14,2587576,37,0,2,Lamar,UTSA,Cardinals,Roadrunners,4,4,42,40,2,NA,NA,1200,1200,0,Start of the 2nd Half,NA,FALSE,FALSE,NA,NA,NA,NA,NA,NA,0,NA,UTSA,34
2023-24,2023-11-14,2587576,38,0,2,Lamar,UTSA,Cardinals,Roadrunners,4,4,42,42,0,1650,UTSA,1187,1187,13,Adante' Holiman makes a layup.,made,FALSE,FALSE,Layup Shot,26,6.25,1405953,Adante' Holiman,NA,0,UTSA,Lamar,35
2023-24,2023-11-14,2587576,39,0,2,Lamar,UTSA,Cardinals,Roadrunners,4,4,44,42,2,1463,Lamar,1160,1160,27,Jakevion Buckley makes a layup.,made,FALSE,FALSE,Layup Shot,25,5.25,1409201,Jakevion Buckley,NA,0,Lamar,UTSA,36
2023-24,2023-11-14,2587576,40,0,2,Lamar,UTSA,Cardinals,Roadrunners,4,4,46,42,4,1463,Lamar,1147,1147,13,Jayden Barrs makes a layup.,made,FALSE,FALSE,Layup Shot,25,5.25,1487718,Jayden Barrs,NA,0,Lamar,UTSA,37
2023-24,2023-11-14,2587576,41,0,2,Lamar,UTSA,Cardinals,Roadrunners,4,4,46,44,2,1650,UTSA,1116,1116,31,Trey Edmonds makes a layup.,made,FALSE,FALSE,Layup Shot,25,5.25,1342741,Trey Edmonds,NA,0,UTSA,Lamar,38
2023-24,2023-11-14,2587576,42,0,2,Lamar,UTSA,Cardinals,Roadrunners,4,4,46,46,0,1650,UTSA,1090,1090,26,Christian Tucker dunks.,made,FALSE,FALSE,Dunk Shot,25,5.25,1340776,Christian Tucker,NA,0,UTSA,Lamar,39
2023-24,2023-11-14,2587576,43,0,2,Lamar,UTSA,Cardinals,Roadrunners,4,4,48,46,2,1463,Lamar,1072,1072,18,Terry Anderson makes a layup.,made,FALSE,FALSE,Layup Shot,25,5.25,1409203,Terry Anderson,NA,0,Lamar,UTSA,40
2023-24,2023-11-14,2587576,44,0,2,Lamar,UTSA,Cardinals,Roadrunners,4,4,48,48,0,1650,UTSA,1061,1061,11,Christian Tucker makes a jump shot from 5 feet out.,made,FALSE,FALSE,Jump Shot,22.3,9.05,1340776,Christian Tucker,NA,0,UTSA,Lamar,41
2023-24,2023-11-14,2587576,45,0,2,Lamar,UTSA,Cardinals,Roadrunners,4,4,48,50,-2,1650,UTSA,1044,1044,17,Carlton Linguard Jr. makes a layup.,made,FALSE,FALSE,Layup Shot,25,5.25,1231906,Carlton Linguard Jr.,NA,0,UTSA,Lamar,42
2023-24,2023-11-14,2587576,46,0,2,Lamar,UTSA,Cardinals,Roadrunners,4,4,51,50,1,1463,Lamar,1018,1018,26,Valentin Catt makes a 3-point jump shot from 24 feet out.,made,FALSE,TRUE,Jump Shot,36.4,25.950000000000003,1345183,Valentin Catt,NA,0,Lamar,UTSA,43
2023-24,2023-11-14,2587576,47,0,2,Lamar,UTSA,Cardinals,Roadrunners,4,4,51,53,-2,1650,UTSA,948,948,70,Adante' Holiman makes a 3-point jump shot from 24 feet out.,made,FALSE,TRUE,Jump Shot,4,15.95,1405953,Adante' Holiman,NA,0,UTSA,Lamar,44
2023-24,2023-11-14,2587576,48,0,2,Lamar,UTSA,Cardinals,Roadrunners,4,4,53,53,0,1463,Lamar,928,928,20,Jakevion Buckley makes a layup.,made,FALSE,FALSE,Layup Shot,25,5.25,1409201,Jakevion Buckley,NA,0,Lamar,UTSA,45
2023-24,2023-11-14,2587576,49,0,2,Lamar,UTSA,Cardinals,Roadrunners,4,4,55,53,2,1463,Lamar,901,901,27,Jayden Barrs makes a jump shot from 16 feet out.,made,FALSE,FALSE,Jump Shot,13.600000000000001,17.049999999999997,1487718,Jayden Barrs,NA,0,Lamar,UTSA,46
2023-24,2023-11-14,2587576,50,0,2,Lamar,UTSA,Cardinals,Roadrunners,4,4,55,56,-1,1650,UTSA,843,843,58,Trey Edmonds makes a 3-point jump shot from 23 feet out.,made,FALSE,TRUE,Jump Shot,6.399999999999999,19.05,1342741,Trey Edmonds,NA,0,UTSA,Lamar,47
2023-24,2023-11-14,2587576,51,0,2,Lamar,UTSA,Cardinals,Roadrunners,4,4,58,56,2,1463,Lamar,809,809,34,Valentin Catt makes a 3-point jump shot from 26 feet out.,made,FALSE,TRUE,Jump Shot,41.2,25.349999999999994,1345183,Valentin Catt,NA,0,Lamar,UTSA,48
2023-24,2023-11-14,2587576,52,0,2,Lamar,UTSA,Cardinals,Roadrunners,4,4,58,58,0,1650,UTSA,792,792,17,Adante' Holiman makes a jump shot from 13 feet out.,made,FALSE,FALSE,Jump Shot,24,18.25,1405953,Adante' Holiman,NA,0,UTSA,Lamar,49
2023-24,2023-11-14,2587576,53,0,2,Lamar,UTSA,Cardinals,Roadrunners,4,4,58,61,-3,1650,UTSA,726,726,66,Dre Fuller Jr. makes a 3-point jump shot from 24 feet out.,made,FALSE,TRUE,Jump Shot,7.5,21.45,1139403,Dre Fuller Jr.,NA,0,UTSA,Lamar,50
2023-24,2023-11-14,2587576,54,0,2,Lamar,UTSA,Cardinals,Roadrunners,4,4,60,61,-1,1463,Lamar,678,678,48,Jakevion Buckley makes a layup.,made,FALSE,FALSE,Layup Shot,25,5.25,1409201,Jakevion Buckley,NA,0,Lamar,UTSA,51
2023-24,2023-11-14,2587576,55,0,2,Lamar,UTSA,Cardinals,Roadrunners,4,4,60,63,-3,1650,UTSA,678,678,0,Trey Edmonds makes a layup.,made,FALSE,FALSE,Layup Shot,25,5.25,1342741,Trey Edmonds,NA,0,UTSA,Lamar,52
2023-24,2023-11-14,2587576,56,0,2,Lamar,UTSA,Cardinals,Roadrunners,4,4,63,63,0,1463,Lamar,616,616,62,Valentin Catt makes a 3-point jump shot from 23 feet out.,made,FALSE,TRUE,Jump Shot,5,18.25,1345183,Valentin Catt,NA,0,Lamar,UTSA,53
2023-24,2023-11-14,2587576,57,0,2,Lamar,UTSA,Cardinals,Roadrunners,4,4,63,65,-2,1650,UTSA,549,549,67,Dre Fuller Jr. makes a layup.,made,FALSE,FALSE,Layup Shot,25,5.25,1139403,Dre Fuller Jr.,NA,0,UTSA,Lamar,54
2023-24,2023-11-14,2587576,58,0,2,Lamar,UTSA,Cardinals,Roadrunners,4,4,66,65,1,1463,Lamar,487,487,62,Cody Pennebaker makes a 3-point jump shot from 23 feet out.,made,FALSE,TRUE,Jump Shot,12.100000000000001,24.049999999999997,1408280,Cody Pennebaker,NA,0,Lamar,UTSA,55
2023-24,2023-11-14,2587576,59,0,2,Lamar,UTSA,Cardinals,Roadrunners,4,4,68,65,3,1463,Lamar,451,451,36,Valentin Catt makes a layup.,made,FALSE,FALSE,Layup Shot,26,6.25,1345183,Valentin Catt,NA,0,Lamar,UTSA,56
2023-24,2023-11-14,2587576,60,0,2,Lamar,UTSA,Cardinals,Roadrunners,4,4,71,65,6,1463,Lamar,403,403,48,Errol White makes a 3-point jump shot from 27 feet out.,made,FALSE,TRUE,Jump Shot,30,31.25,1487723,Errol White,NA,0,Lamar,UTSA,57
2023-24,2023-11-14,2587576,61,0,2,Lamar,UTSA,Cardinals,Roadrunners,4,4,71,68,3,1650,UTSA,375,375,28,Trey Edmonds makes a 3-point jump shot from 24 feet out.,made,FALSE,TRUE,Jump Shot,8.2,22.75,1342741,Trey Edmonds,NA,0,UTSA,Lamar,58
2023-24,2023-11-14,2587576,62,0,2,Lamar,UTSA,Cardinals,Roadrunners,4,4,71,70,1,1650,UTSA,347,347,28,Carlton Linguard Jr. makes a layup.,made,FALSE,FALSE,Layup Shot,25,5.25,1231906,Carlton Linguard Jr.,NA,0,UTSA,Lamar,59
2023-24,2023-11-14,2587576,63,0,2,Lamar,UTSA,Cardinals,Roadrunners,4,4,71,73,-2,1650,UTSA,299,299,48,Trey Edmonds makes a 3-point jump shot from 26 feet out.,made,FALSE,TRUE,Jump Shot,15.6,29.25,1342741,Trey Edmonds,NA,0,UTSA,Lamar,60
2023-24,2023-11-14,2587576,64,0,2,Lamar,UTSA,Cardinals,Roadrunners,4,4,74,73,1,1463,Lamar,272,272,27,Valentin Catt makes a 3-point tip shot from 24 feet out.,made,FALSE,TRUE,Tip Shot,26,29.25,1345183,Valentin Catt,NA,0,Lamar,UTSA,61
2023-24,2023-11-14,2587576,65,0,2,Lamar,UTSA,Cardinals,Roadrunners,4,4,77,73,4,1463,Lamar,249,249,23,Terry Anderson makes a 3-point jump shot from 25 feet out.,made,FALSE,TRUE,Jump Shot,26.2,30.049999999999997,1409203,Terry Anderson,NA,0,Lamar,UTSA,62
2023-24,2023-11-14,2587576,66,0,2,Lamar,UTSA,Cardinals,Roadrunners,4,4,77,75,2,1650,UTSA,232,232,17,Trey Edmonds makes a jump shot from 11 feet out. Josh Reid with the assist.,made,FALSE,FALSE,Jump Shot,18.6,13.95,1342741,Trey Edmonds,Josh Reid,0,UTSA,Lamar,63
2023-24,2023-11-14,2587576,67,0,2,Lamar,UTSA,Cardinals,Roadrunners,4,4,79,75,4,1463,Lamar,222,222,10,Chris Pryor makes a layup.,made,FALSE,FALSE,Layup Shot,26,6.25,1409202,Chris Pryor,NA,0,Lamar,UTSA,64
2023-24,2023-11-14,2587576,68,0,2,Lamar,UTSA,Cardinals,Roadrunners,4,4,79,78,1,1650,UTSA,193,193,29,Christian Tucker makes a 3-point jump shot from 24 feet out.,made,FALSE,TRUE,Jump Shot,24,29.25,1340776,Christian Tucker,NA,0,UTSA,Lamar,65
2023-24,2023-11-14,2587576,69,0,2,Lamar,UTSA,Cardinals,Roadrunners,4,4,82,78,4,1463,Lamar,132,132,61,Jayden Barrs makes a 3-point jump shot from 24 feet out.,made,FALSE,TRUE,Jump Shot,19,28.25,1487718,Jayden Barrs,NA,0,Lamar,UTSA,66
2023-24,2023-11-14,2587576,70,0,2,Lamar,UTSA,Cardinals,Roadrunners,4,4,84,78,6,1463,Lamar,87,87,45,Valentin Catt makes a jump shot from 2 feet out.,made,FALSE,FALSE,Jump Shot,24,7.25,1345183,Valentin Catt,NA,0,Lamar,UTSA,67
2023-24,2023-11-14,2587576,71,0,2,Lamar,UTSA,Cardinals,Roadrunners,4,4,84,80,4,1650,UTSA,70,70,17,Dre Fuller Jr. makes a jump shot from 2 feet out.,made,FALSE,FALSE,Jump Shot,25,7.25,1139403,Dre Fuller Jr.,NA,0,UTSA,Lamar,68
2023-24,2023-11-14,2587576,72,0,2,Lamar,UTSA,Cardinals,Roadrunners,4,4,86,80,6,1463,Lamar,39,39,31,Max Pearcy makes a layup.,made,FALSE,FALSE,Layup Shot,25,5.25,1408287,Max Pearcy,NA,0,Lamar,UTSA,69
2023-24,2023-11-14,2587576,73,0,2,Lamar,UTSA,Cardinals,Roadrunners,4,4,86,82,4,1650,UTSA,23,23,16,Justin Thomas makes a layup.,made,FALSE,FALSE,Layup Shot,26,6.25,1258847,Justin Thomas,NA,0,UTSA,Lamar,70
2023-24,2023-11-14,2587576,74,0,2,Lamar,UTSA,Cardinals,Roadrunners,4,4,88,82,6,1463,Lamar,11,11,12,Cody Pennebaker dunks.,made,FALSE,FALSE,Dunk Shot,26,6.25,1408280,Cody Pennebaker,NA,0,Lamar,UTSA,71
2023-24,2023-11-14,2587576,75,0,2,Lamar,UTSA,Cardinals,Roadrunners,4,4,90,82,8,1463,Lamar,11,11,0,Chris Pryor dunks.,made,FALSE,FALSE,Dunk Shot,26,6.25,1409202,Chris Pryor,NA,0,Lamar,UTSA,72
2023-24,2023-11-14,2587576,76,0,2,Lamar,UTSA,Cardinals,Roadrunners,4,4,90,82,8,NA,NA,0,0,11,End of the 2nd Half,NA,FALSE,FALSE,NA,NA,NA,NA,NA,NA,0,NA,NA,NA
2023-24,2023-11-14,2587576,77,0,2,Lamar,UTSA,Cardinals,Roadrunners,4,4,90,82,8,NA,NA,0,0,0,End of the Game,NA,FALSE,FALSE,NA,NA,NA,NA,NA,NA,0,UTSA,UTSA,NA
