season,date,game_id,play_id,neutral,half,home,away,home_name,away_name,home_timeouts,away_timeouts,home_score,away_score,score_diff,team_id,event_team,game_secs_remaining,half_secs_remaining,play_length,desc,shot_outcome,free_throw,three_pt,shot_desc,loc_x,loc_y,shooter_id,shooter,assist,substitution,poss_before,poss_after,poss_number,sub_error,home_1,home_2,home_3,home_4,home_5,away_1,away_2,away_3,away_4,away_5
2023-24,2023-12-30,2589184,1,0,1,Memphis,Austin Peay,Tigers,Governors,4,4,0,0,0,1493,Memphis,NA,NA,NA,Starting Lineup - Malcolm Dandridge,NA,FALSE,FALSE,NA,NA,NA,NA,NA,NA,1,NA,NA,NA,NA,Malcolm Dandridge,Nick Jourdain,David Jones,Jaykwon Walton,Jahvon Quinerly,Dezi Jones,Dez White,DeMarcus Sharp,Ja'Monta Black,Daniel Loos
2023-24,2023-12-30,2589184,1,0,1,Memphis,Austin Peay,Tigers,Governors,4,4,0,0,0,1302,Austin Peay,NA,NA,NA,Starting Lineup - Dezi Jones,NA,FALSE,FALSE,NA,NA,NA,NA,NA,NA,1,NA,NA,NA,NA,Malcolm Dandridge,Nick Jourdain,David Jones,Jaykwon Walton,Jahvon Quinerly,Dezi Jones,Dez White,DeMarcus Sharp,Ja'Monta Black,Daniel Loos
2023-24,2023-12-30,2589184,1,0,1,Memphis,Austin Peay,Tigers,Governors,4,4,0,0,0,1493,Memphis,NA,NA,NA,Starting Lineup - Nick Jourdain,NA,FALSE,FALSE,NA,NA,NA,NA,NA,NA,1,NA,NA,NA,NA,Malcolm Dandridge,Nick Jourdain,David Jones,Jaykwon Walton,Jahvon Quinerly,Dezi Jones,Dez White,DeMarcus Sharp,Ja'Monta Black,Daniel Loos
2023-24,2023-12-30,2589184,1,0,1,Memphis,Austin Peay,Tigers,Governors,4,4,0,0,0,1493,Memphis,NA,NA,NA,Starting Lineup - David Jones,NA,FALSE,FALSE,NA,NA,NA,NA,NA,NA,1,NA,NA,NA,NA,Malcolm Dandridge,Nick Jourdain,David Jones,Jaykwon Walton,Jahvon Quinerly,Dezi Jones,Dez White,DeMarcus Sharp,Ja'Monta Black,Daniel Loos
2023-24,2023-12-30,2589184,1,0,1,Memphis,Austin Peay,Tigers,Governors,4,4,0,0,0,1493,Memphis,NA,NA,NA,Starting Lineup - Jaykwon Walton,NA,FALSE,FALSE,NA,NA,NA,NA,NA,NA,1,NA,NA,NA,NA,Malcolm Dandridge,Nick Jourdain,David Jones,Jaykwon Walton,Jahvon Quinerly,Dezi Jones,Dez White,DeMarcus Sharp,Ja'Monta Black,Daniel Loos
2023-24,2023-12-30,2589184,1,0,1,Memphis,Austin Peay,Tigers,Governors,4,4,0,0,0,1302,Austin Peay,NA,NA,NA,Starting Lineup - Dez White,NA,FALSE,FALSE,NA,NA,NA,NA,NA,NA,1,NA,NA,NA,NA,Malcolm Dandridge,Nick Jourdain,David Jones,Jaykwon Walton,Jahvon Quinerly,Dezi Jones,Dez White,DeMarcus Sharp,Ja'Monta Black,Daniel Loos
2023-24,2023-12-30,2589184,1,0,1,Memphis,Austin Peay,Tigers,Governors,4,4,0,0,0,1302,Austin Peay,NA,NA,NA,Starting Lineup - DeMarcus Sharp,NA,FALSE,FALSE,NA,NA,NA,NA,NA,NA,1,NA,NA,NA,NA,Malcolm Dandridge,Nick Jourdain,David Jones,Jaykwon Walton,Jahvon Quinerly,Dezi Jones,Dez White,DeMarcus Sharp,Ja'Monta Black,Daniel Loos
2023-24,2023-12-30,2589184,1,0,1,Memphis,Austin Peay,Tigers,Governors,4,4,0,0,0,1302,Austin Peay,NA,NA,NA,Starting Lineup - Ja'Monta Black,NA,FALSE,FALSE,NA,NA,NA,NA,NA,NA,1,NA,NA,NA,NA,Malcolm Dandridge,Nick Jourdain,David Jones,Jaykwon Walton,Jahvon Quinerly,Dezi Jones,Dez White,DeMarcus Sharp,Ja'Monta Black,Daniel Loos
2023-24,2023-12-30,2589184,1,0,1,Memphis,Austin Peay,Tigers,Governors,4,4,0,0,0,1493,Memphis,NA,NA,NA,Starting Lineup - Jahvon Quinerly,NA,FALSE,FALSE,NA,NA,NA,NA,NA,NA,1,NA,NA,NA,NA,Malcolm Dandridge,Nick Jourdain,David Jones,Jaykwon Walton,Jahvon Quinerly,Dezi Jones,Dez White,DeMarcus Sharp,Ja'Monta Black,Daniel Loos
2023-24,2023-12-30,2589184,1,0,1,Memphis,Austin Peay,Tigers,Governors,4,4,0,0,0,1302,Austin Peay,NA,NA,NA,Starting Lineup - Daniel Loos,NA,FALSE,FALSE,NA,NA,NA,NA,NA,NA,1,NA,NA,NA,NA,Malcolm Dandridge,Nick Jourdain,David Jones,Jaykwon Walton,Jahvon Quinerly,Dezi Jones,Dez White,DeMarcus Sharp,Ja'Monta Black,Daniel Loos
2023-24,2023-12-30,2589184,2,0,1,Memphis,Austin Peay,Tigers,Governors,4,4,0,0,0,NA,NA,2400,1200,NA,Start of the 1st Half,NA,FALSE,FALSE,NA,NA,NA,NA,NA,NA,0,NA,Memphis,1,NA,Malcolm Dandridge,Nick Jourdain,David Jones,Jaykwon Walton,Jahvon Quinerly,Dezi Jones,Dez White,DeMarcus Sharp,Ja'Monta Black,Daniel Loos
2023-24,2023-12-30,2589184,3,0,1,Memphis,Austin Peay,Tigers,Governors,4,4,2,0,2,1493,Memphis,2398,1198,2,Malcolm Dandridge dunks. David Jones with the assist.,made,FALSE,FALSE,Dunk Shot,25,5.25,1175114,Malcolm Dandridge,David Jones,0,Memphis,Austin Peay,1,NA,Malcolm Dandridge,Nick Jourdain,David Jones,Jaykwon Walton,Jahvon Quinerly,Dezi Jones,Dez White,DeMarcus Sharp,Ja'Monta Black,Daniel Loos
2023-24,2023-12-30,2589184,4,0,1,Memphis,Austin Peay,Tigers,Governors,4,4,2,0,2,1302,Austin Peay,2366,1166,32,Ja'Monta Black with a turnover - Bad Pass,NA,FALSE,FALSE,NA,NA,NA,NA,NA,NA,0,Austin Peay,Memphis,2,NA,Malcolm Dandridge,Nick Jourdain,David Jones,Jaykwon Walton,Jahvon Quinerly,Dezi Jones,Dez White,DeMarcus Sharp,Ja'Monta Black,Daniel Loos
2023-24,2023-12-30,2589184,5,0,1,Memphis,Austin Peay,Tigers,Governors,4,4,4,0,4,1493,Memphis,2357,1157,9,Nick Jourdain makes a layup. David Jones with the assist.,made,FALSE,FALSE,Layup Shot,25,5.25,1251745,Nick Jourdain,David Jones,0,Memphis,Memphis,3,NA,Malcolm Dandridge,Nick Jourdain,David Jones,Jaykwon Walton,Jahvon Quinerly,Dezi Jones,Dez White,DeMarcus Sharp,Ja'Monta Black,Daniel Loos
2023-24,2023-12-30,2589184,6,0,1,Memphis,Austin Peay,Tigers,Governors,4,4,4,0,4,1302,Austin Peay,2353,1153,4,Shooting foul committed by Dezi Jones.,NA,FALSE,FALSE,NA,NA,NA,NA,NA,NA,0,Memphis,Memphis,3,NA,Malcolm Dandridge,Nick Jourdain,David Jones,Jaykwon Walton,Jahvon Quinerly,Dezi Jones,Dez White,DeMarcus Sharp,Ja'Monta Black,Daniel Loos
2023-24,2023-12-30,2589184,7,0,1,Memphis,Austin Peay,Tigers,Governors,4,4,5,0,5,1493,Memphis,2353,1153,0,Nick Jourdain makes free throw 1 of 1.,made,TRUE,FALSE,NA,NA,NA,NA,NA,NA,0,Memphis,Austin Peay,3,NA,Malcolm Dandridge,Nick Jourdain,David Jones,Jaykwon Walton,Jahvon Quinerly,Dezi Jones,Dez White,DeMarcus Sharp,Ja'Monta Black,Daniel Loos
2023-24,2023-12-30,2589184,8,0,1,Memphis,Austin Peay,Tigers,Governors,4,4,5,3,2,1302,Austin Peay,2350,1150,3,Ja'Monta Black makes a 3-point jump shot from 31 feet out. Dez White with the assist.,made,FALSE,TRUE,Jump Shot,25.3,36.15,1175206,Ja'Monta Black,Dez White,0,Austin Peay,Memphis,4,NA,Malcolm Dandridge,Nick Jourdain,David Jones,Jaykwon Walton,Jahvon Quinerly,Dezi Jones,Dez White,DeMarcus Sharp,Ja'Monta Black,Daniel Loos
2023-24,2023-12-30,2589184,9,0,1,Memphis,Austin Peay,Tigers,Governors,4,4,7,3,4,1493,Memphis,2326,1126,24,Malcolm Dandridge makes a jump shot from 7 feet out. Nick Jourdain with the assist.,made,FALSE,FALSE,Jump Shot,29.2,11.25,1175114,Malcolm Dandridge,Nick Jourdain,0,Memphis,Austin Peay,5,NA,Malcolm Dandridge,Nick Jourdain,David Jones,Jaykwon Walton,Jahvon Quinerly,Dezi Jones,Dez White,DeMarcus Sharp,Ja'Monta Black,Daniel Loos
2023-24,2023-12-30,2589184,10,0,1,Memphis,Austin Peay,Tigers,Governors,4,4,7,5,2,1302,Austin Peay,2312,1112,14,Dezi Jones makes a jump shot from 11 feet out.,made,FALSE,FALSE,Jump Shot,14.2,9.05,1325142,Dezi Jones,NA,0,Austin Peay,Memphis,6,NA,Malcolm Dandridge,Nick Jourdain,David Jones,Jaykwon Walton,Jahvon Quinerly,Dezi Jones,Dez White,DeMarcus Sharp,Ja'Monta Black,Daniel Loos
2023-24,2023-12-30,2589184,11,0,1,Memphis,Austin Peay,Tigers,Governors,4,4,7,5,2,1302,Austin Peay,2272,1072,40,Substitution: Jordan Wilmore in for Daniel Loos.,NA,FALSE,FALSE,NA,NA,NA,NA,NA,NA,1,NA,NA,NA,NA,Malcolm Dandridge,Nick Jourdain,David Jones,Jaykwon Walton,Jahvon Quinerly,Dezi Jones,Dez White,DeMarcus Sharp,Ja'Monta Black,Jordan Wilmore
2023-24,2023-12-30,2589184,12,0,1,Memphis,Austin Peay,Tigers,Governors,4,4,7,5,2,1302,Austin Peay,2272,1072,0,Substitution: Isaac Haney in for Dez White.,NA,FALSE,FALSE,NA,NA,NA,NA,NA,NA,1,NA,NA,NA,NA,Malcolm Dandridge,Nick Jourdain,David Jones,Jaykwon Walton,Jahvon Quinerly,Dezi Jones,Isaac Haney,DeMarcus Sharp,Ja'Monta Black,Jordan Wilmore
2023-24,2023-12-30,2589184,13,0,1,Memphis,Austin Peay,Tigers,Governors,4,4,7,5,2,1493,Memphis,2265,1065,7,Jahvon Quinerly misses a 3-point jump shot from 24 feet out.,missed,FALSE,TRUE,Jump Shot,1.3999999999999986,6.150000000000006,1138647,Jahvon Quinerly,NA,0,Memphis,Memphis,7,NA,Malcolm Dandridge,Nick Jourdain,David Jones,Jaykwon Walton,Jahvon Quinerly,Dezi Jones,Isaac Haney,DeMarcus Sharp,Ja'Monta Black,Jordan Wilmore
2023-24,2023-12-30,2589184,14,0,1,Memphis,Austin Peay,Tigers,Governors,4,4,7,5,2,1302,Austin Peay,2265,1065,0,Isaac Haney with a defensive rebound.,NA,FALSE,FALSE,NA,NA,NA,NA,NA,NA,0,Memphis,Austin Peay,7,NA,Malcolm Dandridge,Nick Jourdain,David Jones,Jaykwon Walton,Jahvon Quinerly,Dezi Jones,Isaac Haney,DeMarcus Sharp,Ja'Monta Black,Jordan Wilmore
2023-24,2023-12-30,2589184,15,0,1,Memphis,Austin Peay,Tigers,Governors,4,4,7,5,2,1302,Austin Peay,2259,1059,6,David Jones steals the ball from Isaac Haney.,NA,FALSE,FALSE,NA,NA,NA,NA,NA,NA,0,Austin Peay,Memphis,8,NA,Malcolm Dandridge,Nick Jourdain,David Jones,Jaykwon Walton,Jahvon Quinerly,Dezi Jones,Isaac Haney,DeMarcus Sharp,Ja'Monta Black,Jordan Wilmore
2023-24,2023-12-30,2589184,16,0,1,Memphis,Austin Peay,Tigers,Governors,4,4,7,5,2,1493,Memphis,2252,1052,7,Ja'Monta Black steals the ball from David Jones.,NA,FALSE,FALSE,NA,NA,NA,NA,NA,NA,0,Memphis,Austin Peay,9,NA,Malcolm Dandridge,Nick Jourdain,David Jones,Jaykwon Walton,Jahvon Quinerly,Dezi Jones,Isaac Haney,DeMarcus Sharp,Ja'Monta Black,Jordan Wilmore
2023-24,2023-12-30,2589184,17,0,1,Memphis,Austin Peay,Tigers,Governors,4,4,7,5,2,1302,Austin Peay,2247,1047,5,Ja'Monta Black misses a 3-point jump shot from 24 feet out.,missed,FALSE,TRUE,Jump Shot,35.3,26.45,1175206,Ja'Monta Black,NA,0,Austin Peay,Austin Peay,10,NA,Malcolm Dandridge,Nick Jourdain,David Jones,Jaykwon Walton,Jahvon Quinerly,Dezi Jones,Isaac Haney,DeMarcus Sharp,Ja'Monta Black,Jordan Wilmore
2023-24,2023-12-30,2589184,18,0,1,Memphis,Austin Peay,Tigers,Governors,4,4,7,5,2,1302,Austin Peay,2247,1047,0,DeMarcus Sharp with an offensive rebound.,NA,FALSE,FALSE,NA,NA,NA,NA,NA,NA,0,Austin Peay,Austin Peay,10,NA,Malcolm Dandridge,Nick Jourdain,David Jones,Jaykwon Walton,Jahvon Quinerly,Dezi Jones,Isaac Haney,DeMarcus Sharp,Ja'Monta Black,Jordan Wilmore
2023-24,2023-12-30,2589184,19,0,1,Memphis,Austin Peay,Tigers,Governors,4,4,7,5,2,1302,Austin Peay,2230,1030,17,DeMarcus Sharp misses a jump shot from 17 feet out.,missed,FALSE,FALSE,Jump Shot,25.1,21.95,1232235,DeMarcus Sharp,NA,0,Austin Peay,Austin Peay,10,NA,Malcolm Dandridge,Nick Jourdain,David Jones,Jaykwon Walton,Jahvon Quinerly,Dezi Jones,Isaac Haney,DeMarcus Sharp,Ja'Monta Black,Jordan Wilmore
2023-24,2023-12-30,2589184,20,0,1,Memphis,Austin Peay,Tigers,Governors,4,4,7,5,2,1493,Memphis,2230,1030,0,David Jones with a defensive rebound.,NA,FALSE,FALSE,NA,NA,NA,NA,NA,NA,0,Austin Peay,Memphis,10,NA,Malcolm Dandridge,Nick Jourdain,David Jones,Jaykwon Walton,Jahvon Quinerly,Dezi Jones,Isaac Haney,DeMarcus Sharp,Ja'Monta Black,Jordan Wilmore
2023-24,2023-12-30,2589184,21,0,1,Memphis,Austin Peay,Tigers,Governors,4,4,7,5,2,1493,Memphis,2223,1023,7,DeMarcus Sharp steals the ball from David Jones.,NA,FALSE,FALSE,NA,NA,NA,NA,NA,NA,0,Memphis,Austin Peay,11,NA,Malcolm Dandridge,Nick Jourdain,David Jones,Jaykwon Walton,Jahvon Quinerly,Dezi Jones,Isaac Haney,DeMarcus Sharp,Ja'Monta Black,Jordan Wilmore
2023-24,2023-12-30,2589184,22,0,1,Memphis,Austin Peay,Tigers,Governors,4,4,7,5,2,1302,Austin Peay,2217,1017,6,Ja'Monta Black misses a 3-point jump shot from 24 feet out.,missed,FALSE,TRUE,Jump Shot,14.7,26.45,1175206,Ja'Monta Black,NA,0,Austin Peay,Austin Peay,12,NA,Malcolm Dandridge,Nick Jourdain,David Jones,Jaykwon Walton,Jahvon Quinerly,Dezi Jones,Isaac Haney,DeMarcus Sharp,Ja'Monta Black,Jordan Wilmore
2023-24,2023-12-30,2589184,23,0,1,Memphis,Austin Peay,Tigers,Governors,4,4,7,5,2,1302,Austin Peay,2217,1017,0,Ja'Monta Black with an offensive rebound.,NA,FALSE,FALSE,NA,NA,NA,NA,NA,NA,0,Austin Peay,Austin Peay,12,NA,Malcolm Dandridge,Nick Jourdain,David Jones,Jaykwon Walton,Jahvon Quinerly,Dezi Jones,Isaac Haney,DeMarcus Sharp,Ja'Monta Black,Jordan Wilmore
2023-24,2023-12-30,2589184,24,0,1,Memphis,Austin Peay,Tigers,Governors,4,4,7,8,-1,1302,Austin Peay,2211,1011,6,Isaac Haney makes a 3-point jump shot from 23 feet out. DeMarcus Sharp with the assist.,made,FALSE,TRUE,Jump Shot,43.5,18.75,1324448,Isaac Haney,DeMarcus Sharp,0,Austin Peay,Memphis,12,NA,Malcolm Dandridge,Nick Jourdain,David Jones,Jaykwon Walton,Jahvon Quinerly,Dezi Jones,Isaac Haney,DeMarcus Sharp,Ja'Monta Black,Jordan Wilmore
2023-24,2023-12-30,2589184,25,0,1,Memphis,Austin Peay,Tigers,Governors,4,4,7,8,-1,1493,Memphis,2202,1002,9,David Jones misses a 3-point jump shot from 23 feet out.,missed,FALSE,TRUE,Jump Shot,13.899999999999999,25.950000000000003,1269060,David Jones,NA,0,Memphis,Memphis,13,NA,Malcolm Dandridge,Nick Jourdain,David Jones,Jaykwon Walton,Jahvon Quinerly,Dezi Jones,Isaac Haney,DeMarcus Sharp,Ja'Monta Black,Jordan Wilmore
2023-24,2023-12-30,2589184,26,0,1,Memphis,Austin Peay,Tigers,Governors,4,4,7,8,-1,1302,Austin Peay,2202,1002,0,Jordan Wilmore with a defensive rebound.,NA,FALSE,FALSE,NA,NA,NA,NA,NA,NA,0,Memphis,Austin Peay,13,NA,Malcolm Dandridge,Nick Jourdain,David Jones,Jaykwon Walton,Jahvon Quinerly,Dezi Jones,Isaac Haney,DeMarcus Sharp,Ja'Monta Black,Jordan Wilmore
2023-24,2023-12-30,2589184,27,0,1,Memphis,Austin Peay,Tigers,Governors,4,4,7,8,-1,1302,Austin Peay,2188,988,14,Isaac Haney misses a jump shot from 9 feet out.,missed,FALSE,FALSE,Jump Shot,25.6,13.85,1324448,Isaac Haney,NA,0,Austin Peay,Austin Peay,14,NA,Malcolm Dandridge,Nick Jourdain,David Jones,Jaykwon Walton,Jahvon Quinerly,Dezi Jones,Isaac Haney,DeMarcus Sharp,Ja'Monta Black,Jordan Wilmore
2023-24,2023-12-30,2589184,28,0,1,Memphis,Austin Peay,Tigers,Governors,4,4,7,8,-1,1493,Memphis,2188,988,0,Malcolm Dandridge with a defensive rebound.,NA,FALSE,FALSE,NA,NA,NA,NA,NA,NA,0,Austin Peay,Memphis,14,NA,Malcolm Dandridge,Nick Jourdain,David Jones,Jaykwon Walton,Jahvon Quinerly,Dezi Jones,Isaac Haney,DeMarcus Sharp,Ja'Monta Black,Jordan Wilmore
2023-24,2023-12-30,2589184,29,0,1,Memphis,Austin Peay,Tigers,Governors,4,4,7,8,-1,1493,Memphis,2175,975,13,Malcolm Dandridge misses a jump shot from 6 feet out.,missed,FALSE,FALSE,Jump Shot,23.7,11.25,1175114,Malcolm Dandridge,NA,0,Memphis,Memphis,15,NA,Malcolm Dandridge,Nick Jourdain,David Jones,Jaykwon Walton,Jahvon Quinerly,Dezi Jones,Isaac Haney,DeMarcus Sharp,Ja'Monta Black,Jordan Wilmore
2023-24,2023-12-30,2589184,30,0,1,Memphis,Austin Peay,Tigers,Governors,4,4,7,8,-1,1302,Austin Peay,2175,975,0,Ja'Monta Black with a defensive rebound.,NA,FALSE,FALSE,NA,NA,NA,NA,NA,NA,0,Memphis,Austin Peay,15,NA,Malcolm Dandridge,Nick Jourdain,David Jones,Jaykwon Walton,Jahvon Quinerly,Dezi Jones,Isaac Haney,DeMarcus Sharp,Ja'Monta Black,Jordan Wilmore
2023-24,2023-12-30,2589184,31,0,1,Memphis,Austin Peay,Tigers,Governors,4,4,7,8,-1,1302,Austin Peay,2154,954,21,DeMarcus Sharp misses a jump shot from 15 feet out.,missed,FALSE,FALSE,Jump Shot,10.5,8.05,1232235,DeMarcus Sharp,NA,0,Austin Peay,Memphis,16,NA,Malcolm Dandridge,Nick Jourdain,David Jones,Jaykwon Walton,Jahvon Quinerly,Dezi Jones,Isaac Haney,DeMarcus Sharp,Ja'Monta Black,Jordan Wilmore
2023-24,2023-12-30,2589184,33,0,1,Memphis,Austin Peay,Tigers,Governors,4,4,7,8,-1,NA,NA,2117,917,37,Official TV timeout.,NA,FALSE,FALSE,NA,NA,NA,NA,NA,NA,0,NA,NA,NA,NA,Malcolm Dandridge,Nick Jourdain,David Jones,Jaykwon Walton,Jahvon Quinerly,Dezi Jones,Isaac Haney,DeMarcus Sharp,Ja'Monta Black,Jordan Wilmore
2023-24,2023-12-30,2589184,34,0,1,Memphis,Austin Peay,Tigers,Governors,4,4,7,8,-1,1493,Memphis,2117,917,0,Substitution: Ashton Hardaway in for Malcolm Dandridge.,NA,FALSE,FALSE,NA,NA,NA,NA,NA,NA,1,NA,NA,NA,NA,Ashton Hardaway,Nick Jourdain,David Jones,Jaykwon Walton,Jahvon Quinerly,Dezi Jones,Isaac Haney,DeMarcus Sharp,Ja'Monta Black,Jordan Wilmore
2023-24,2023-12-30,2589184,35,0,1,Memphis,Austin Peay,Tigers,Governors,4,4,7,8,-1,1493,Memphis,2117,917,0,Substitution: Jayden Hardaway in for David Jones.,NA,FALSE,FALSE,NA,NA,NA,NA,NA,NA,1,NA,NA,NA,NA,Ashton Hardaway,Nick Jourdain,Jayden Hardaway,Jaykwon Walton,Jahvon Quinerly,Dezi Jones,Isaac Haney,DeMarcus Sharp,Ja'Monta Black,Jordan Wilmore
2023-24,2023-12-30,2589184,36,0,1,Memphis,Austin Peay,Tigers,Governors,4,4,7,8,-1,1493,Memphis,2117,917,0,Substitution: Caleb Mills in for Nick Jourdain.,NA,FALSE,FALSE,NA,NA,NA,NA,NA,NA,1,NA,NA,NA,NA,Ashton Hardaway,Caleb Mills,Jayden Hardaway,Jaykwon Walton,Jahvon Quinerly,Dezi Jones,Isaac Haney,DeMarcus Sharp,Ja'Monta Black,Jordan Wilmore
2023-24,2023-12-30,2589184,37,0,1,Memphis,Austin Peay,Tigers,Governors,4,4,7,8,-1,1493,Memphis,2117,917,0,Substitution: Nae'Qwan Tomlin in for Jahvon Quinerly.,NA,FALSE,FALSE,NA,NA,NA,NA,NA,NA,1,NA,NA,NA,NA,Ashton Hardaway,Caleb Mills,Jayden Hardaway,Jaykwon Walton,Nae'Qwan Tomlin,Dezi Jones,Isaac Haney,DeMarcus Sharp,Ja'Monta Black,Jordan Wilmore
2023-24,2023-12-30,2589184,38,0,1,Memphis,Austin Peay,Tigers,Governors,4,4,7,8,-1,1493,Memphis,2117,917,0,Substitution: Jayhlon Young in for Jaykwon Walton.,NA,FALSE,FALSE,NA,NA,NA,NA,NA,NA,1,NA,NA,NA,NA,Ashton Hardaway,Caleb Mills,Jayden Hardaway,Jayhlon Young,Nae'Qwan Tomlin,Dezi Jones,Isaac Haney,DeMarcus Sharp,Ja'Monta Black,Jordan Wilmore
2023-24,2023-12-30,2589184,39,0,1,Memphis,Austin Peay,Tigers,Governors,4,4,7,8,-1,1493,Memphis,2092,892,25,Jayhlon Young misses a 3-point jump shot from 23 feet out.,missed,FALSE,TRUE,Jump Shot,2.299999999999997,6.049999999999997,1406909,Jayhlon Young,NA,0,Memphis,Memphis,17,NA,Ashton Hardaway,Caleb Mills,Jayden Hardaway,Jayhlon Young,Nae'Qwan Tomlin,Dezi Jones,Isaac Haney,DeMarcus Sharp,Ja'Monta Black,Jordan Wilmore
2023-24,2023-12-30,2589184,40,0,1,Memphis,Austin Peay,Tigers,Governors,4,4,7,8,-1,1302,Austin Peay,2092,892,0,Isaac Haney with a defensive rebound.,NA,FALSE,FALSE,NA,NA,NA,NA,NA,NA,0,Memphis,Austin Peay,17,NA,Ashton Hardaway,Caleb Mills,Jayden Hardaway,Jayhlon Young,Nae'Qwan Tomlin,Dezi Jones,Isaac Haney,DeMarcus Sharp,Ja'Monta Black,Jordan Wilmore
2023-24,2023-12-30,2589184,41,0,1,Memphis,Austin Peay,Tigers,Governors,4,4,7,8,-1,1302,Austin Peay,2082,882,10,Dezi Jones misses a 3-point jump shot from 24 feet out.,missed,FALSE,TRUE,Jump Shot,14.4,26.25,1325142,Dezi Jones,NA,0,Austin Peay,Austin Peay,18,NA,Ashton Hardaway,Caleb Mills,Jayden Hardaway,Jayhlon Young,Nae'Qwan Tomlin,Dezi Jones,Isaac Haney,DeMarcus Sharp,Ja'Monta Black,Jordan Wilmore
2023-24,2023-12-30,2589184,42,0,1,Memphis,Austin Peay,Tigers,Governors,4,4,7,8,-1,1493,Memphis,2082,882,0,Caleb Mills with a defensive rebound.,NA,FALSE,FALSE,NA,NA,NA,NA,NA,NA,0,Austin Peay,Memphis,18,NA,Ashton Hardaway,Caleb Mills,Jayden Hardaway,Jayhlon Young,Nae'Qwan Tomlin,Dezi Jones,Isaac Haney,DeMarcus Sharp,Ja'Monta Black,Jordan Wilmore
2023-24,2023-12-30,2589184,43,0,1,Memphis,Austin Peay,Tigers,Governors,4,4,10,8,2,1493,Memphis,2075,875,7,Nae'Qwan Tomlin makes a 3-point jump shot from 24 feet out. Jayhlon Young with the assist.,made,FALSE,TRUE,Jump Shot,9.799999999999997,23.650000000000006,1403628,Nae'Qwan Tomlin,Jayhlon Young,0,Memphis,Austin Peay,19,NA,Ashton Hardaway,Caleb Mills,Jayden Hardaway,Jayhlon Young,Nae'Qwan Tomlin,Dezi Jones,Isaac Haney,DeMarcus Sharp,Ja'Monta Black,Jordan Wilmore
2023-24,2023-12-30,2589184,44,0,1,Memphis,Austin Peay,Tigers,Governors,4,4,10,8,2,1302,Austin Peay,2069,869,6,Isaac Haney misses a 3-point jump shot from 23 feet out.,missed,FALSE,TRUE,Jump Shot,43.8,18.75,1324448,Isaac Haney,NA,0,Austin Peay,Austin Peay,20,NA,Ashton Hardaway,Caleb Mills,Jayden Hardaway,Jayhlon Young,Nae'Qwan Tomlin,Dezi Jones,Isaac Haney,DeMarcus Sharp,Ja'Monta Black,Jordan Wilmore
2023-24,2023-12-30,2589184,45,0,1,Memphis,Austin Peay,Tigers,Governors,4,4,10,8,2,1493,Memphis,2069,869,0,Caleb Mills with a defensive rebound.,NA,FALSE,FALSE,NA,NA,NA,NA,NA,NA,0,Austin Peay,Memphis,20,NA,Ashton Hardaway,Caleb Mills,Jayden Hardaway,Jayhlon Young,Nae'Qwan Tomlin,Dezi Jones,Isaac Haney,DeMarcus Sharp,Ja'Monta Black,Jordan Wilmore
2023-24,2023-12-30,2589184,46,0,1,Memphis,Austin Peay,Tigers,Governors,4,4,10,8,2,1493,Memphis,2062,862,7,Nae'Qwan Tomlin misses a 3-point jump shot from 23 feet out.,missed,FALSE,TRUE,Jump Shot,46,15.549999999999997,1403628,Nae'Qwan Tomlin,NA,0,Memphis,Memphis,21,NA,Ashton Hardaway,Caleb Mills,Jayden Hardaway,Jayhlon Young,Nae'Qwan Tomlin,Dezi Jones,Isaac Haney,DeMarcus Sharp,Ja'Monta Black,Jordan Wilmore
2023-24,2023-12-30,2589184,47,0,1,Memphis,Austin Peay,Tigers,Governors,4,4,10,8,2,1302,Austin Peay,2062,862,0,DeMarcus Sharp with a defensive rebound.,NA,FALSE,FALSE,NA,NA,NA,NA,NA,NA,0,Memphis,Austin Peay,21,NA,Ashton Hardaway,Caleb Mills,Jayden Hardaway,Jayhlon Young,Nae'Qwan Tomlin,Dezi Jones,Isaac Haney,DeMarcus Sharp,Ja'Monta Black,Jordan Wilmore
2023-24,2023-12-30,2589184,48,0,1,Memphis,Austin Peay,Tigers,Governors,4,4,10,8,2,1302,Austin Peay,2051,851,11,Ja'Monta Black misses a 3-point jump shot from 24 feet out.,missed,FALSE,TRUE,Jump Shot,19.6,28.25,1175206,Ja'Monta Black,NA,0,Austin Peay,Austin Peay,22,NA,Ashton Hardaway,Caleb Mills,Jayden Hardaway,Jayhlon Young,Nae'Qwan Tomlin,Dezi Jones,Isaac Haney,DeMarcus Sharp,Ja'Monta Black,Jordan Wilmore
2023-24,2023-12-30,2589184,49,0,1,Memphis,Austin Peay,Tigers,Governors,4,4,10,8,2,1493,Memphis,2051,851,0,Nae'Qwan Tomlin with a defensive rebound.,NA,FALSE,FALSE,NA,NA,NA,NA,NA,NA,0,Austin Peay,Memphis,22,NA,Ashton Hardaway,Caleb Mills,Jayden Hardaway,Jayhlon Young,Nae'Qwan Tomlin,Dezi Jones,Isaac Haney,DeMarcus Sharp,Ja'Monta Black,Jordan Wilmore
2023-24,2023-12-30,2589184,50,0,1,Memphis,Austin Peay,Tigers,Governors,4,4,10,8,2,1493,Memphis,2040,840,11,Caleb Mills misses a layup.,missed,FALSE,FALSE,Layup Shot,25,5.25,1175066,Caleb Mills,NA,0,Memphis,Memphis,23,NA,Ashton Hardaway,Caleb Mills,Jayden Hardaway,Jayhlon Young,Nae'Qwan Tomlin,Dezi Jones,Isaac Haney,DeMarcus Sharp,Ja'Monta Black,Jordan Wilmore
2023-24,2023-12-30,2589184,51,0,1,Memphis,Austin Peay,Tigers,Governors,4,4,10,8,2,1493,Memphis,2040,840,0,Nae'Qwan Tomlin with an offensive rebound.,NA,FALSE,FALSE,NA,NA,NA,NA,NA,NA,0,Memphis,Memphis,23,NA,Ashton Hardaway,Caleb Mills,Jayden Hardaway,Jayhlon Young,Nae'Qwan Tomlin,Dezi Jones,Isaac Haney,DeMarcus Sharp,Ja'Monta Black,Jordan Wilmore
2023-24,2023-12-30,2589184,52,0,1,Memphis,Austin Peay,Tigers,Governors,4,4,12,8,4,1493,Memphis,2032,832,8,Nae'Qwan Tomlin makes a layup.,made,FALSE,FALSE,Layup Shot,26,6.25,1403628,Nae'Qwan Tomlin,NA,0,Memphis,Austin Peay,23,NA,Ashton Hardaway,Caleb Mills,Jayden Hardaway,Jayhlon Young,Nae'Qwan Tomlin,Dezi Jones,Isaac Haney,DeMarcus Sharp,Ja'Monta Black,Jordan Wilmore
2023-24,2023-12-30,2589184,53,0,1,Memphis,Austin Peay,Tigers,Governors,4,3,12,8,4,1302,Austin Peay,1978,778,54,Governors take a 30-second timeout.,NA,FALSE,FALSE,NA,NA,NA,NA,NA,NA,0,NA,NA,NA,NA,Ashton Hardaway,Caleb Mills,Jayden Hardaway,Jayhlon Young,Nae'Qwan Tomlin,Dezi Jones,Isaac Haney,DeMarcus Sharp,Ja'Monta Black,Jordan Wilmore
2023-24,2023-12-30,2589184,54,0,1,Memphis,Austin Peay,Tigers,Governors,4,3,12,8,4,1302,Austin Peay,1978,778,0,Substitution: Sai Witt in for Jordan Wilmore.,NA,FALSE,FALSE,NA,NA,NA,NA,NA,NA,1,NA,NA,NA,NA,Ashton Hardaway,Caleb Mills,Jayden Hardaway,Jayhlon Young,Nae'Qwan Tomlin,Dezi Jones,Isaac Haney,DeMarcus Sharp,Ja'Monta Black,Sai Witt
2023-24,2023-12-30,2589184,55,0,1,Memphis,Austin Peay,Tigers,Governors,4,3,12,8,4,1302,Austin Peay,1978,778,0,Substitution: Dez White in for Ja'Monta Black.,NA,FALSE,FALSE,NA,NA,NA,NA,NA,NA,1,NA,NA,NA,NA,Ashton Hardaway,Caleb Mills,Jayden Hardaway,Jayhlon Young,Nae'Qwan Tomlin,Dezi Jones,Isaac Haney,DeMarcus Sharp,Dez White,Sai Witt
2023-24,2023-12-30,2589184,56,0,1,Memphis,Austin Peay,Tigers,Governors,4,3,12,8,4,1302,Austin Peay,1978,778,0,Substitution: JaVar Daniel in for Isaac Haney.,NA,FALSE,FALSE,NA,NA,NA,NA,NA,NA,1,NA,NA,NA,NA,Ashton Hardaway,Caleb Mills,Jayden Hardaway,Jayhlon Young,Nae'Qwan Tomlin,Dezi Jones,JaVar Daniel,DeMarcus Sharp,Dez White,Sai Witt
2023-24,2023-12-30,2589184,57,0,1,Memphis,Austin Peay,Tigers,Governors,4,3,12,8,4,1493,Memphis,1978,778,0,Personal foul committed by Ashton Hardaway.,NA,FALSE,FALSE,NA,NA,NA,NA,NA,NA,0,Austin Peay,Austin Peay,24,NA,Ashton Hardaway,Caleb Mills,Jayden Hardaway,Jayhlon Young,Nae'Qwan Tomlin,Dezi Jones,JaVar Daniel,DeMarcus Sharp,Dez White,Sai Witt
2023-24,2023-12-30,2589184,58,0,1,Memphis,Austin Peay,Tigers,Governors,4,3,12,8,4,1302,Austin Peay,1978,778,0,JaVar Daniel misses a jump shot from 9 feet out.,missed,FALSE,FALSE,Jump Shot,27,14.25,1498747,JaVar Daniel,NA,0,Austin Peay,Austin Peay,24,NA,Ashton Hardaway,Caleb Mills,Jayden Hardaway,Jayhlon Young,Nae'Qwan Tomlin,Dezi Jones,JaVar Daniel,DeMarcus Sharp,Dez White,Sai Witt
2023-24,2023-12-30,2589184,59,0,1,Memphis,Austin Peay,Tigers,Governors,4,3,12,8,4,1493,Memphis,1978,778,0,Jayden Hardaway with a defensive rebound.,NA,FALSE,FALSE,NA,NA,NA,NA,NA,NA,0,Austin Peay,Memphis,24,NA,Ashton Hardaway,Caleb Mills,Jayden Hardaway,Jayhlon Young,Nae'Qwan Tomlin,Dezi Jones,JaVar Daniel,DeMarcus Sharp,Dez White,Sai Witt
2023-24,2023-12-30,2589184,60,0,1,Memphis,Austin Peay,Tigers,Governors,4,3,12,8,4,1493,Memphis,1978,778,0,Dez White steals the ball from Jayden Hardaway.,NA,FALSE,FALSE,NA,NA,NA,NA,NA,NA,0,Memphis,Austin Peay,25,NA,Ashton Hardaway,Caleb Mills,Jayden Hardaway,Jayhlon Young,Nae'Qwan Tomlin,Dezi Jones,JaVar Daniel,DeMarcus Sharp,Dez White,Sai Witt
2023-24,2023-12-30,2589184,61,0,1,Memphis,Austin Peay,Tigers,Governors,4,3,12,8,4,1493,Memphis,1978,778,0,Shooting foul committed by Nae'Qwan Tomlin.,NA,FALSE,FALSE,NA,NA,NA,NA,NA,NA,0,Austin Peay,Austin Peay,26,NA,Ashton Hardaway,Caleb Mills,Jayden Hardaway,Jayhlon Young,Nae'Qwan Tomlin,Dezi Jones,JaVar Daniel,DeMarcus Sharp,Dez White,Sai Witt
2023-24,2023-12-30,2589184,62,0,1,Memphis,Austin Peay,Tigers,Governors,4,3,12,8,4,1302,Austin Peay,1978,778,0,Sai Witt misses free throw 1 of 2.,missed,TRUE,FALSE,NA,NA,NA,NA,NA,NA,0,Austin Peay,Austin Peay,26,NA,Ashton Hardaway,Caleb Mills,Jayden Hardaway,Jayhlon Young,Nae'Qwan Tomlin,Dezi Jones,JaVar Daniel,DeMarcus Sharp,Dez White,Sai Witt
2023-24,2023-12-30,2589184,64,0,1,Memphis,Austin Peay,Tigers,Governors,4,3,12,8,4,1302,Austin Peay,1978,778,0,Sai Witt misses free throw 2 of 2.,missed,TRUE,FALSE,NA,NA,NA,NA,NA,NA,0,Austin Peay,Austin Peay,26,NA,Ashton Hardaway,Caleb Mills,Jayden Hardaway,Jayhlon Young,Nae'Qwan Tomlin,Dezi Jones,JaVar Daniel,DeMarcus Sharp,Dez White,Sai Witt
2023-24,2023-12-30,2589184,65,0,1,Memphis,Austin Peay,Tigers,Governors,4,3,12,8,4,1493,Memphis,1978,778,0,Nae'Qwan Tomlin with a defensive rebound.,NA,FALSE,FALSE,NA,NA,NA,NA,NA,NA,0,Austin Peay,Memphis,26,NA,Ashton Hardaway,Caleb Mills,Jayden Hardaway,Jayhlon Young,Nae'Qwan Tomlin,Dezi Jones,JaVar Daniel,DeMarcus Sharp,Dez White,Sai Witt
2023-24,2023-12-30,2589184,66,0,1,Memphis,Austin Peay,Tigers,Governors,4,3,12,8,4,1493,Memphis,1970,770,8,DeMarcus Sharp blocks a Nae'Qwan Tomlin layup.,missed,FALSE,FALSE,Layup Shot,26,6.25,1403628,Nae'Qwan Tomlin,NA,0,Memphis,Memphis,27,NA,Ashton Hardaway,Caleb Mills,Jayden Hardaway,Jayhlon Young,Nae'Qwan Tomlin,Dezi Jones,JaVar Daniel,DeMarcus Sharp,Dez White,Sai Witt
2023-24,2023-12-30,2589184,67,0,1,Memphis,Austin Peay,Tigers,Governors,4,3,12,8,4,1302,Austin Peay,1970,770,0,Dezi Jones with a defensive rebound.,NA,FALSE,FALSE,NA,NA,NA,NA,NA,NA,0,Memphis,Austin Peay,27,NA,Ashton Hardaway,Caleb Mills,Jayden Hardaway,Jayhlon Young,Nae'Qwan Tomlin,Dezi Jones,JaVar Daniel,DeMarcus Sharp,Dez White,Sai Witt
2023-24,2023-12-30,2589184,68,0,1,Memphis,Austin Peay,Tigers,Governors,4,3,12,8,4,1302,Austin Peay,1963,763,7,Jayhlon Young steals the ball from Dezi Jones.,NA,FALSE,FALSE,NA,NA,NA,NA,NA,NA,0,Austin Peay,Memphis,28,NA,Ashton Hardaway,Caleb Mills,Jayden Hardaway,Jayhlon Young,Nae'Qwan Tomlin,Dezi Jones,JaVar Daniel,DeMarcus Sharp,Dez White,Sai Witt
2023-24,2023-12-30,2589184,69,0,1,Memphis,Austin Peay,Tigers,Governors,4,3,12,8,4,1302,Austin Peay,1959,759,4,Personal foul committed by Sai Witt.,NA,FALSE,FALSE,NA,NA,NA,NA,NA,NA,0,Memphis,Memphis,29,NA,Ashton Hardaway,Caleb Mills,Jayden Hardaway,Jayhlon Young,Nae'Qwan Tomlin,Dezi Jones,JaVar Daniel,DeMarcus Sharp,Dez White,Sai Witt
2023-24,2023-12-30,2589184,70,0,1,Memphis,Austin Peay,Tigers,Governors,4,3,12,8,4,1493,Memphis,1944,744,15,Ashton Hardaway with a turnover - Traveling,NA,FALSE,FALSE,NA,NA,NA,NA,NA,NA,0,Memphis,Austin Peay,29,NA,Ashton Hardaway,Caleb Mills,Jayden Hardaway,Jayhlon Young,Nae'Qwan Tomlin,Dezi Jones,JaVar Daniel,DeMarcus Sharp,Dez White,Sai Witt
2023-24,2023-12-30,2589184,71,0,1,Memphis,Austin Peay,Tigers,Governors,4,3,12,8,4,NA,NA,1912,712,32,Official TV timeout.,NA,FALSE,FALSE,NA,NA,NA,NA,NA,NA,0,NA,NA,NA,NA,Ashton Hardaway,Caleb Mills,Jayden Hardaway,Jayhlon Young,Nae'Qwan Tomlin,Dezi Jones,JaVar Daniel,DeMarcus Sharp,Dez White,Sai Witt
2023-24,2023-12-30,2589184,72,0,1,Memphis,Austin Peay,Tigers,Governors,4,3,12,8,4,1493,Memphis,1912,712,0,Substitution: Jahvon Quinerly in for Jayden Hardaway.,NA,FALSE,FALSE,NA,NA,NA,NA,NA,NA,1,NA,NA,NA,NA,Ashton Hardaway,Caleb Mills,Jahvon Quinerly,Jayhlon Young,Nae'Qwan Tomlin,Dezi Jones,JaVar Daniel,DeMarcus Sharp,Dez White,Sai Witt
2023-24,2023-12-30,2589184,73,0,1,Memphis,Austin Peay,Tigers,Governors,4,3,12,8,4,1302,Austin Peay,1912,712,0,Substitution: Hansel Enmanuel in for JaVar Daniel.,NA,FALSE,FALSE,NA,NA,NA,NA,NA,NA,1,NA,NA,NA,NA,Ashton Hardaway,Caleb Mills,Jahvon Quinerly,Jayhlon Young,Nae'Qwan Tomlin,Dezi Jones,Hansel Enmanuel,DeMarcus Sharp,Dez White,Sai Witt
2023-24,2023-12-30,2589184,74,0,1,Memphis,Austin Peay,Tigers,Governors,4,3,12,8,4,1493,Memphis,1912,712,0,Substitution: David Jones in for Ashton Hardaway.,NA,FALSE,FALSE,NA,NA,NA,NA,NA,NA,1,NA,NA,NA,NA,David Jones,Caleb Mills,Jahvon Quinerly,Jayhlon Young,Nae'Qwan Tomlin,Dezi Jones,Hansel Enmanuel,DeMarcus Sharp,Dez White,Sai Witt
2023-24,2023-12-30,2589184,75,0,1,Memphis,Austin Peay,Tigers,Governors,4,3,12,10,2,1302,Austin Peay,1911,711,1,DeMarcus Sharp makes a layup. Sai Witt with the assist.,made,FALSE,FALSE,Layup Shot,25,5.25,1232235,DeMarcus Sharp,Sai Witt,0,Austin Peay,Memphis,30,NA,David Jones,Caleb Mills,Jahvon Quinerly,Jayhlon Young,Nae'Qwan Tomlin,Dezi Jones,Hansel Enmanuel,DeMarcus Sharp,Dez White,Sai Witt
2023-24,2023-12-30,2589184,76,0,1,Memphis,Austin Peay,Tigers,Governors,4,3,12,10,2,1493,Memphis,1894,694,17,Sai Witt blocks a David Jones jump shot from 10 feet out.,missed,FALSE,FALSE,Jump Shot,25.1,15.650000000000006,1269060,David Jones,NA,0,Memphis,Memphis,31,NA,David Jones,Caleb Mills,Jahvon Quinerly,Jayhlon Young,Nae'Qwan Tomlin,Dezi Jones,Hansel Enmanuel,DeMarcus Sharp,Dez White,Sai Witt
2023-24,2023-12-30,2589184,78,0,1,Memphis,Austin Peay,Tigers,Governors,4,3,12,10,2,1493,Memphis,1867,667,27,Substitution: Malcolm Dandridge in for Jayhlon Young.,NA,FALSE,FALSE,NA,NA,NA,NA,NA,NA,1,NA,NA,NA,NA,David Jones,Caleb Mills,Jahvon Quinerly,Malcolm Dandridge,Nae'Qwan Tomlin,Dezi Jones,Hansel Enmanuel,DeMarcus Sharp,Dez White,Sai Witt
2023-24,2023-12-30,2589184,79,0,1,Memphis,Austin Peay,Tigers,Governors,4,3,12,10,2,1493,Memphis,1867,667,0,Substitution: Nick Jourdain in for Caleb Mills.,NA,FALSE,FALSE,NA,NA,NA,NA,NA,NA,1,NA,NA,NA,NA,David Jones,Nick Jourdain,Jahvon Quinerly,Malcolm Dandridge,Nae'Qwan Tomlin,Dezi Jones,Hansel Enmanuel,DeMarcus Sharp,Dez White,Sai Witt
2023-24,2023-12-30,2589184,80,0,1,Memphis,Austin Peay,Tigers,Governors,4,3,12,10,2,1493,Memphis,1867,667,0,Substitution: Jaykwon Walton in for Nae'Qwan Tomlin.,NA,FALSE,FALSE,NA,NA,NA,NA,NA,NA,1,NA,NA,NA,NA,David Jones,Nick Jourdain,Jahvon Quinerly,Malcolm Dandridge,Jaykwon Walton,Dezi Jones,Hansel Enmanuel,DeMarcus Sharp,Dez White,Sai Witt
2023-24,2023-12-30,2589184,83,0,1,Memphis,Austin Peay,Tigers,Governors,4,3,12,10,2,1493,Memphis,1867,667,0,Malcolm Dandridge misses a layup.,missed,FALSE,FALSE,Layup Shot,25,5.25,1175114,Malcolm Dandridge,NA,0,Memphis,Memphis,31,NA,David Jones,Nick Jourdain,Jahvon Quinerly,Malcolm Dandridge,Jaykwon Walton,Dezi Jones,Hansel Enmanuel,DeMarcus Sharp,Dez White,Sai Witt
2023-24,2023-12-30,2589184,84,0,1,Memphis,Austin Peay,Tigers,Governors,4,3,12,10,2,1493,Memphis,1867,667,0,Malcolm Dandridge with an offensive rebound.,NA,FALSE,FALSE,NA,NA,NA,NA,NA,NA,0,Memphis,Memphis,31,NA,David Jones,Nick Jourdain,Jahvon Quinerly,Malcolm Dandridge,Jaykwon Walton,Dezi Jones,Hansel Enmanuel,DeMarcus Sharp,Dez White,Sai Witt
2023-24,2023-12-30,2589184,85,0,1,Memphis,Austin Peay,Tigers,Governors,4,3,12,10,2,1493,Memphis,1861,661,6,Hansel Enmanuel blocks a Malcolm Dandridge layup.,missed,FALSE,FALSE,Layup Shot,25,5.25,1175114,Malcolm Dandridge,NA,0,Memphis,Memphis,31,NA,David Jones,Nick Jourdain,Jahvon Quinerly,Malcolm Dandridge,Jaykwon Walton,Dezi Jones,Hansel Enmanuel,DeMarcus Sharp,Dez White,Sai Witt
2023-24,2023-12-30,2589184,86,0,1,Memphis,Austin Peay,Tigers,Governors,4,3,12,10,2,1493,Memphis,1861,661,0,David Jones with an offensive rebound.,NA,FALSE,FALSE,NA,NA,NA,NA,NA,NA,0,Memphis,Memphis,31,NA,David Jones,Nick Jourdain,Jahvon Quinerly,Malcolm Dandridge,Jaykwon Walton,Dezi Jones,Hansel Enmanuel,DeMarcus Sharp,Dez White,Sai Witt
2023-24,2023-12-30,2589184,87,0,1,Memphis,Austin Peay,Tigers,Governors,4,3,12,10,2,1493,Memphis,1822,622,39,David Jones misses a layup.,missed,FALSE,FALSE,Layup Shot,25,5.25,1269060,David Jones,NA,0,Memphis,Memphis,31,NA,David Jones,Nick Jourdain,Jahvon Quinerly,Malcolm Dandridge,Jaykwon Walton,Dezi Jones,Hansel Enmanuel,DeMarcus Sharp,Dez White,Sai Witt
2023-24,2023-12-30,2589184,88,0,1,Memphis,Austin Peay,Tigers,Governors,4,3,12,10,2,1493,Memphis,1822,622,0,Jaykwon Walton with an offensive rebound.,NA,FALSE,FALSE,NA,NA,NA,NA,NA,NA,0,Memphis,Memphis,31,NA,David Jones,Nick Jourdain,Jahvon Quinerly,Malcolm Dandridge,Jaykwon Walton,Dezi Jones,Hansel Enmanuel,DeMarcus Sharp,Dez White,Sai Witt
2023-24,2023-12-30,2589184,89,0,1,Memphis,Austin Peay,Tigers,Governors,4,3,12,10,2,1493,Memphis,1802,602,20,Sai Witt steals the ball from Jaykwon Walton.,NA,FALSE,FALSE,NA,NA,NA,NA,NA,NA,0,Memphis,Austin Peay,31,NA,David Jones,Nick Jourdain,Jahvon Quinerly,Malcolm Dandridge,Jaykwon Walton,Dezi Jones,Hansel Enmanuel,DeMarcus Sharp,Dez White,Sai Witt
2023-24,2023-12-30,2589184,90,0,1,Memphis,Austin Peay,Tigers,Governors,4,3,12,10,2,1302,Austin Peay,1797,597,5,Dezi Jones misses a 3-point jump shot from 24 feet out.,missed,FALSE,TRUE,Jump Shot,17.6,27.95,1325142,Dezi Jones,NA,0,Austin Peay,Austin Peay,32,NA,David Jones,Nick Jourdain,Jahvon Quinerly,Malcolm Dandridge,Jaykwon Walton,Dezi Jones,Hansel Enmanuel,DeMarcus Sharp,Dez White,Sai Witt
2023-24,2023-12-30,2589184,91,0,1,Memphis,Austin Peay,Tigers,Governors,4,3,12,10,2,1493,Memphis,1797,597,0,Nick Jourdain with a defensive rebound.,NA,FALSE,FALSE,NA,NA,NA,NA,NA,NA,0,Austin Peay,Memphis,32,NA,David Jones,Nick Jourdain,Jahvon Quinerly,Malcolm Dandridge,Jaykwon Walton,Dezi Jones,Hansel Enmanuel,DeMarcus Sharp,Dez White,Sai Witt
2023-24,2023-12-30,2589184,92,0,1,Memphis,Austin Peay,Tigers,Governors,4,3,12,10,2,1302,Austin Peay,1794,594,3,Personal foul committed by DeMarcus Sharp.,NA,FALSE,FALSE,NA,NA,NA,NA,NA,NA,0,Memphis,Memphis,33,NA,David Jones,Nick Jourdain,Jahvon Quinerly,Malcolm Dandridge,Jaykwon Walton,Dezi Jones,Hansel Enmanuel,DeMarcus Sharp,Dez White,Sai Witt
2023-24,2023-12-30,2589184,93,0,1,Memphis,Austin Peay,Tigers,Governors,4,3,12,10,2,1493,Memphis,1794,594,0,Malcolm Dandridge misses free throw 1 of 2.,missed,TRUE,FALSE,NA,NA,NA,NA,NA,NA,0,Memphis,Memphis,33,NA,David Jones,Nick Jourdain,Jahvon Quinerly,Malcolm Dandridge,Jaykwon Walton,Dezi Jones,Hansel Enmanuel,DeMarcus Sharp,Dez White,Sai Witt
2023-24,2023-12-30,2589184,95,0,1,Memphis,Austin Peay,Tigers,Governors,4,3,12,10,2,1302,Austin Peay,1794,594,0,Substitution: Daniel Loos in for Sai Witt.,NA,FALSE,FALSE,NA,NA,NA,NA,NA,NA,1,NA,NA,NA,NA,David Jones,Nick Jourdain,Jahvon Quinerly,Malcolm Dandridge,Jaykwon Walton,Dezi Jones,Hansel Enmanuel,DeMarcus Sharp,Dez White,Daniel Loos
2023-24,2023-12-30,2589184,96,0,1,Memphis,Austin Peay,Tigers,Governors,4,3,13,10,3,1493,Memphis,1794,594,0,Malcolm Dandridge makes free throw 2 of 2.,made,TRUE,FALSE,NA,NA,NA,NA,NA,NA,0,Memphis,Austin Peay,33,NA,David Jones,Nick Jourdain,Jahvon Quinerly,Malcolm Dandridge,Jaykwon Walton,Dezi Jones,Hansel Enmanuel,DeMarcus Sharp,Dez White,Daniel Loos
2023-24,2023-12-30,2589184,97,0,1,Memphis,Austin Peay,Tigers,Governors,4,3,13,10,3,1302,Austin Peay,1794,594,0,DeMarcus Sharp misses a jump shot from 17 feet out.,missed,FALSE,FALSE,Jump Shot,25.1,22.15,1232235,DeMarcus Sharp,NA,0,Austin Peay,Austin Peay,34,NA,David Jones,Nick Jourdain,Jahvon Quinerly,Malcolm Dandridge,Jaykwon Walton,Dezi Jones,Hansel Enmanuel,DeMarcus Sharp,Dez White,Daniel Loos
2023-24,2023-12-30,2589184,98,0,1,Memphis,Austin Peay,Tigers,Governors,4,3,13,10,3,1302,Austin Peay,1794,594,0,Hansel Enmanuel with an offensive rebound.,NA,FALSE,FALSE,NA,NA,NA,NA,NA,NA,0,Austin Peay,Austin Peay,34,NA,David Jones,Nick Jourdain,Jahvon Quinerly,Malcolm Dandridge,Jaykwon Walton,Dezi Jones,Hansel Enmanuel,DeMarcus Sharp,Dez White,Daniel Loos
2023-24,2023-12-30,2589184,99,0,1,Memphis,Austin Peay,Tigers,Governors,4,3,13,12,1,1302,Austin Peay,1794,594,0,Daniel Loos makes a tip shot from 2 feet out. Hansel Enmanuel with the assist.,made,FALSE,FALSE,Tip Shot,25,7.25,1358126,Daniel Loos,Hansel Enmanuel,0,Austin Peay,Memphis,34,NA,David Jones,Nick Jourdain,Jahvon Quinerly,Malcolm Dandridge,Jaykwon Walton,Dezi Jones,Hansel Enmanuel,DeMarcus Sharp,Dez White,Daniel Loos
2023-24,2023-12-30,2589184,100,0,1,Memphis,Austin Peay,Tigers,Governors,4,3,13,12,1,1302,Austin Peay,1794,594,0,Personal foul committed by DeMarcus Sharp.,NA,FALSE,FALSE,NA,NA,NA,NA,NA,NA,0,Memphis,Memphis,35,NA,David Jones,Nick Jourdain,Jahvon Quinerly,Malcolm Dandridge,Jaykwon Walton,Dezi Jones,Hansel Enmanuel,DeMarcus Sharp,Dez White,Daniel Loos
2023-24,2023-12-30,2589184,101,0,1,Memphis,Austin Peay,Tigers,Governors,4,3,14,12,2,1493,Memphis,1794,594,0,Nick Jourdain makes free throw 1 of 2.,made,TRUE,FALSE,NA,NA,NA,NA,NA,NA,0,Memphis,Memphis,35,NA,David Jones,Nick Jourdain,Jahvon Quinerly,Malcolm Dandridge,Jaykwon Walton,Dezi Jones,Hansel Enmanuel,DeMarcus Sharp,Dez White,Daniel Loos
2023-24,2023-12-30,2589184,102,0,1,Memphis,Austin Peay,Tigers,Governors,4,3,14,12,2,1302,Austin Peay,1794,594,0,Substitution: Ja'Monta Black in for DeMarcus Sharp.,NA,FALSE,FALSE,NA,NA,NA,NA,NA,NA,1,NA,NA,NA,NA,David Jones,Nick Jourdain,Jahvon Quinerly,Malcolm Dandridge,Jaykwon Walton,Dezi Jones,Hansel Enmanuel,Ja'Monta Black,Dez White,Daniel Loos
2023-24,2023-12-30,2589184,103,0,1,Memphis,Austin Peay,Tigers,Governors,4,3,14,12,2,1302,Austin Peay,1794,594,0,Substitution: Isaac Haney in for Dez White.,NA,FALSE,FALSE,NA,NA,NA,NA,NA,NA,1,NA,NA,NA,NA,David Jones,Nick Jourdain,Jahvon Quinerly,Malcolm Dandridge,Jaykwon Walton,Dezi Jones,Hansel Enmanuel,Ja'Monta Black,Isaac Haney,Daniel Loos
2023-24,2023-12-30,2589184,104,0,1,Memphis,Austin Peay,Tigers,Governors,4,3,15,12,3,1493,Memphis,1794,594,0,Nick Jourdain makes free throw 2 of 2.,made,TRUE,FALSE,NA,NA,NA,NA,NA,NA,0,Memphis,Austin Peay,35,NA,David Jones,Nick Jourdain,Jahvon Quinerly,Malcolm Dandridge,Jaykwon Walton,Dezi Jones,Hansel Enmanuel,Ja'Monta Black,Isaac Haney,Daniel Loos
2023-24,2023-12-30,2589184,105,0,1,Memphis,Austin Peay,Tigers,Governors,4,3,15,12,3,1302,Austin Peay,1793,593,1,Dezi Jones misses a jump shot from 10 feet out.,missed,FALSE,FALSE,Jump Shot,23.2,15.35,1325142,Dezi Jones,NA,0,Austin Peay,Austin Peay,36,NA,David Jones,Nick Jourdain,Jahvon Quinerly,Malcolm Dandridge,Jaykwon Walton,Dezi Jones,Hansel Enmanuel,Ja'Monta Black,Isaac Haney,Daniel Loos
2023-24,2023-12-30,2589184,106,0,1,Memphis,Austin Peay,Tigers,Governors,4,3,15,12,3,1493,Memphis,1793,593,0,Jaykwon Walton with a defensive rebound.,NA,FALSE,FALSE,NA,NA,NA,NA,NA,NA,0,Austin Peay,Memphis,36,NA,David Jones,Nick Jourdain,Jahvon Quinerly,Malcolm Dandridge,Jaykwon Walton,Dezi Jones,Hansel Enmanuel,Ja'Monta Black,Isaac Haney,Daniel Loos
2023-24,2023-12-30,2589184,107,0,1,Memphis,Austin Peay,Tigers,Governors,4,3,17,12,5,1493,Memphis,1783,583,10,Malcolm Dandridge makes a layup. Jaykwon Walton with the assist.,made,FALSE,FALSE,Layup Shot,26,6.25,1175114,Malcolm Dandridge,Jaykwon Walton,0,Memphis,Memphis,37,NA,David Jones,Nick Jourdain,Jahvon Quinerly,Malcolm Dandridge,Jaykwon Walton,Dezi Jones,Hansel Enmanuel,Ja'Monta Black,Isaac Haney,Daniel Loos
2023-24,2023-12-30,2589184,108,0,1,Memphis,Austin Peay,Tigers,Governors,4,3,17,12,5,1302,Austin Peay,1776,576,7,Shooting foul committed by Ja'Monta Black.,NA,FALSE,FALSE,NA,NA,NA,NA,NA,NA,0,Memphis,Memphis,37,NA,David Jones,Nick Jourdain,Jahvon Quinerly,Malcolm Dandridge,Jaykwon Walton,Dezi Jones,Hansel Enmanuel,Ja'Monta Black,Isaac Haney,Daniel Loos
2023-24,2023-12-30,2589184,109,0,1,Memphis,Austin Peay,Tigers,Governors,4,3,17,12,5,1493,Memphis,1760,560,16,Malcolm Dandridge misses free throw 1 of 1.,missed,TRUE,FALSE,NA,NA,NA,NA,NA,NA,0,Memphis,Austin Peay,37,NA,David Jones,Nick Jourdain,Jahvon Quinerly,Malcolm Dandridge,Jaykwon Walton,Dezi Jones,Hansel Enmanuel,Ja'Monta Black,Isaac Haney,Daniel Loos
2023-24,2023-12-30,2589184,111,0,1,Memphis,Austin Peay,Tigers,Governors,4,3,17,14,3,1302,Austin Peay,1758,558,2,Hansel Enmanuel dunks. Isaac Haney with the assist.,made,FALSE,FALSE,Dunk Shot,25,5.25,1409704,Hansel Enmanuel,Isaac Haney,0,Austin Peay,Memphis,38,NA,David Jones,Nick Jourdain,Jahvon Quinerly,Malcolm Dandridge,Jaykwon Walton,Dezi Jones,Hansel Enmanuel,Ja'Monta Black,Isaac Haney,Daniel Loos
2023-24,2023-12-30,2589184,112,0,1,Memphis,Austin Peay,Tigers,Governors,4,3,17,14,3,1493,Memphis,1750,550,8,Malcolm Dandridge misses a jump shot from 6 feet out.,missed,FALSE,FALSE,Jump Shot,26.8,11.450000000000003,1175114,Malcolm Dandridge,NA,0,Memphis,Memphis,39,NA,David Jones,Nick Jourdain,Jahvon Quinerly,Malcolm Dandridge,Jaykwon Walton,Dezi Jones,Hansel Enmanuel,Ja'Monta Black,Isaac Haney,Daniel Loos
2023-24,2023-12-30,2589184,113,0,1,Memphis,Austin Peay,Tigers,Governors,4,3,17,14,3,1302,Austin Peay,1750,550,0,Daniel Loos with a defensive rebound.,NA,FALSE,FALSE,NA,NA,NA,NA,NA,NA,0,Memphis,Austin Peay,39,NA,David Jones,Nick Jourdain,Jahvon Quinerly,Malcolm Dandridge,Jaykwon Walton,Dezi Jones,Hansel Enmanuel,Ja'Monta Black,Isaac Haney,Daniel Loos
2023-24,2023-12-30,2589184,114,0,1,Memphis,Austin Peay,Tigers,Governors,4,3,17,16,1,1302,Austin Peay,1742,542,8,Isaac Haney makes a jump shot from 8 feet out.,made,FALSE,FALSE,Jump Shot,24.7,13.35,1324448,Isaac Haney,NA,0,Austin Peay,Memphis,40,NA,David Jones,Nick Jourdain,Jahvon Quinerly,Malcolm Dandridge,Jaykwon Walton,Dezi Jones,Hansel Enmanuel,Ja'Monta Black,Isaac Haney,Daniel Loos
2023-24,2023-12-30,2589184,115,0,1,Memphis,Austin Peay,Tigers,Governors,4,3,19,16,3,1493,Memphis,1734,534,8,Jaykwon Walton makes a jump shot from 10 feet out.,made,FALSE,FALSE,Jump Shot,30.4,13.849999999999994,1175377,Jaykwon Walton,NA,0,Memphis,Memphis,41,NA,David Jones,Nick Jourdain,Jahvon Quinerly,Malcolm Dandridge,Jaykwon Walton,Dezi Jones,Hansel Enmanuel,Ja'Monta Black,Isaac Haney,Daniel Loos
2023-24,2023-12-30,2589184,116,0,1,Memphis,Austin Peay,Tigers,Governors,4,3,19,16,3,1302,Austin Peay,1731,531,3,Shooting foul committed by Hansel Enmanuel.,NA,FALSE,FALSE,NA,NA,NA,NA,NA,NA,0,Memphis,Memphis,41,NA,David Jones,Nick Jourdain,Jahvon Quinerly,Malcolm Dandridge,Jaykwon Walton,Dezi Jones,Hansel Enmanuel,Ja'Monta Black,Isaac Haney,Daniel Loos
2023-24,2023-12-30,2589184,117,0,1,Memphis,Austin Peay,Tigers,Governors,4,3,19,16,3,1493,Memphis,1689,489,42,Substitution: Nae'Qwan Tomlin in for Malcolm Dandridge.,NA,FALSE,FALSE,NA,NA,NA,NA,NA,NA,1,NA,NA,NA,NA,David Jones,Nick Jourdain,Jahvon Quinerly,Nae'Qwan Tomlin,Jaykwon Walton,Dezi Jones,Hansel Enmanuel,Ja'Monta Black,Isaac Haney,Daniel Loos
2023-24,2023-12-30,2589184,118,0,1,Memphis,Austin Peay,Tigers,Governors,4,3,19,16,3,1302,Austin Peay,1689,489,0,Substitution: Jordan Wilmore in for Daniel Loos.,NA,FALSE,FALSE,NA,NA,NA,NA,NA,NA,1,NA,NA,NA,NA,David Jones,Nick Jourdain,Jahvon Quinerly,Nae'Qwan Tomlin,Jaykwon Walton,Dezi Jones,Hansel Enmanuel,Ja'Monta Black,Isaac Haney,Jordan Wilmore
2023-24,2023-12-30,2589184,119,0,1,Memphis,Austin Peay,Tigers,Governors,4,3,20,16,4,1493,Memphis,1689,489,0,Jaykwon Walton makes free throw 1 of 1.,made,TRUE,FALSE,NA,NA,NA,NA,NA,NA,0,Memphis,Austin Peay,41,NA,David Jones,Nick Jourdain,Jahvon Quinerly,Nae'Qwan Tomlin,Jaykwon Walton,Dezi Jones,Hansel Enmanuel,Ja'Monta Black,Isaac Haney,Jordan Wilmore
2023-24,2023-12-30,2589184,120,0,1,Memphis,Austin Peay,Tigers,Governors,4,3,20,16,4,1493,Memphis,1689,489,0,Personal foul committed by Jahvon Quinerly.,NA,FALSE,FALSE,NA,NA,NA,NA,NA,NA,0,Austin Peay,Austin Peay,42,NA,David Jones,Nick Jourdain,Jahvon Quinerly,Nae'Qwan Tomlin,Jaykwon Walton,Dezi Jones,Hansel Enmanuel,Ja'Monta Black,Isaac Haney,Jordan Wilmore
2023-24,2023-12-30,2589184,121,0,1,Memphis,Austin Peay,Tigers,Governors,4,3,20,16,4,NA,NA,1677,477,12,Official TV timeout.,NA,FALSE,FALSE,NA,NA,NA,NA,NA,NA,0,NA,NA,NA,NA,David Jones,Nick Jourdain,Jahvon Quinerly,Nae'Qwan Tomlin,Jaykwon Walton,Dezi Jones,Hansel Enmanuel,Ja'Monta Black,Isaac Haney,Jordan Wilmore
2023-24,2023-12-30,2589184,122,0,1,Memphis,Austin Peay,Tigers,Governors,4,3,20,16,4,1493,Memphis,1677,477,0,Substitution: Carl Cherenfant in for Nick Jourdain.,NA,FALSE,FALSE,NA,NA,NA,NA,NA,NA,1,NA,NA,NA,NA,David Jones,Carl Cherenfant,Jahvon Quinerly,Nae'Qwan Tomlin,Jaykwon Walton,Dezi Jones,Hansel Enmanuel,Ja'Monta Black,Isaac Haney,Jordan Wilmore
2023-24,2023-12-30,2589184,123,0,1,Memphis,Austin Peay,Tigers,Governors,4,3,20,16,4,1302,Austin Peay,1677,477,0,Jahvon Quinerly steals the ball from Jordan Wilmore.,NA,FALSE,FALSE,NA,NA,NA,NA,NA,NA,0,Austin Peay,Memphis,42,NA,David Jones,Carl Cherenfant,Jahvon Quinerly,Nae'Qwan Tomlin,Jaykwon Walton,Dezi Jones,Hansel Enmanuel,Ja'Monta Black,Isaac Haney,Jordan Wilmore
2023-24,2023-12-30,2589184,124,0,1,Memphis,Austin Peay,Tigers,Governors,4,3,20,16,4,1302,Austin Peay,1677,477,0,Personal foul committed by Dezi Jones.,NA,FALSE,FALSE,NA,NA,NA,NA,NA,NA,0,Memphis,Memphis,43,NA,David Jones,Carl Cherenfant,Jahvon Quinerly,Nae'Qwan Tomlin,Jaykwon Walton,Dezi Jones,Hansel Enmanuel,Ja'Monta Black,Isaac Haney,Jordan Wilmore
2023-24,2023-12-30,2589184,125,0,1,Memphis,Austin Peay,Tigers,Governors,4,3,21,16,5,1493,Memphis,1670,470,7,Jahvon Quinerly makes free throw 1st of 1-and-1.,made,TRUE,FALSE,NA,NA,NA,NA,NA,NA,0,Memphis,Memphis,43,NA,David Jones,Carl Cherenfant,Jahvon Quinerly,Nae'Qwan Tomlin,Jaykwon Walton,Dezi Jones,Hansel Enmanuel,Ja'Monta Black,Isaac Haney,Jordan Wilmore
2023-24,2023-12-30,2589184,126,0,1,Memphis,Austin Peay,Tigers,Governors,4,3,22,16,6,1493,Memphis,1670,470,0,Jahvon Quinerly makes free throw 2nd of 1-and-1.,made,TRUE,FALSE,NA,NA,NA,NA,NA,NA,0,Memphis,Austin Peay,43,NA,David Jones,Carl Cherenfant,Jahvon Quinerly,Nae'Qwan Tomlin,Jaykwon Walton,Dezi Jones,Hansel Enmanuel,Ja'Monta Black,Isaac Haney,Jordan Wilmore
2023-24,2023-12-30,2589184,127,0,1,Memphis,Austin Peay,Tigers,Governors,4,3,22,16,6,1302,Austin Peay,1669,469,1,Ja'Monta Black misses a 3-point jump shot from 25 feet out.,missed,FALSE,TRUE,Jump Shot,31.7,29.35,1175206,Ja'Monta Black,NA,0,Austin Peay,Austin Peay,44,NA,David Jones,Carl Cherenfant,Jahvon Quinerly,Nae'Qwan Tomlin,Jaykwon Walton,Dezi Jones,Hansel Enmanuel,Ja'Monta Black,Isaac Haney,Jordan Wilmore
2023-24,2023-12-30,2589184,128,0,1,Memphis,Austin Peay,Tigers,Governors,4,3,22,16,6,1302,Austin Peay,1669,469,0,Isaac Haney with an offensive rebound.,NA,FALSE,FALSE,NA,NA,NA,NA,NA,NA,0,Austin Peay,Austin Peay,44,NA,David Jones,Carl Cherenfant,Jahvon Quinerly,Nae'Qwan Tomlin,Jaykwon Walton,Dezi Jones,Hansel Enmanuel,Ja'Monta Black,Isaac Haney,Jordan Wilmore
2023-24,2023-12-30,2589184,129,0,1,Memphis,Austin Peay,Tigers,Governors,4,3,22,16,6,1302,Austin Peay,1656,456,13,Isaac Haney misses a 3-point jump shot from 24 feet out.,missed,FALSE,TRUE,Jump Shot,20.2,28.25,1324448,Isaac Haney,NA,0,Austin Peay,Austin Peay,44,NA,David Jones,Carl Cherenfant,Jahvon Quinerly,Nae'Qwan Tomlin,Jaykwon Walton,Dezi Jones,Hansel Enmanuel,Ja'Monta Black,Isaac Haney,Jordan Wilmore
2023-24,2023-12-30,2589184,130,0,1,Memphis,Austin Peay,Tigers,Governors,4,3,22,16,6,1493,Memphis,1656,456,0,Carl Cherenfant with a defensive rebound.,NA,FALSE,FALSE,NA,NA,NA,NA,NA,NA,0,Austin Peay,Memphis,44,NA,David Jones,Carl Cherenfant,Jahvon Quinerly,Nae'Qwan Tomlin,Jaykwon Walton,Dezi Jones,Hansel Enmanuel,Ja'Monta Black,Isaac Haney,Jordan Wilmore
2023-24,2023-12-30,2589184,131,0,1,Memphis,Austin Peay,Tigers,Governors,4,3,22,16,6,1302,Austin Peay,1653,453,3,Personal foul committed by Jordan Wilmore.,NA,FALSE,FALSE,NA,NA,NA,NA,NA,NA,0,Memphis,Memphis,45,NA,David Jones,Carl Cherenfant,Jahvon Quinerly,Nae'Qwan Tomlin,Jaykwon Walton,Dezi Jones,Hansel Enmanuel,Ja'Monta Black,Isaac Haney,Jordan Wilmore
2023-24,2023-12-30,2589184,132,0,1,Memphis,Austin Peay,Tigers,Governors,4,3,23,16,7,1493,Memphis,1653,453,0,David Jones makes free throw 1st of 1-and-1.,made,TRUE,FALSE,NA,NA,NA,NA,NA,NA,0,Memphis,Memphis,45,NA,David Jones,Carl Cherenfant,Jahvon Quinerly,Nae'Qwan Tomlin,Jaykwon Walton,Dezi Jones,Hansel Enmanuel,Ja'Monta Black,Isaac Haney,Jordan Wilmore
2023-24,2023-12-30,2589184,133,0,1,Memphis,Austin Peay,Tigers,Governors,4,3,24,16,8,1493,Memphis,1653,453,0,David Jones makes free throw 2nd of 1-and-1.,made,TRUE,FALSE,NA,NA,NA,NA,NA,NA,0,Memphis,Austin Peay,45,NA,David Jones,Carl Cherenfant,Jahvon Quinerly,Nae'Qwan Tomlin,Jaykwon Walton,Dezi Jones,Hansel Enmanuel,Ja'Monta Black,Isaac Haney,Jordan Wilmore
2023-24,2023-12-30,2589184,134,0,1,Memphis,Austin Peay,Tigers,Governors,4,3,24,16,8,1302,Austin Peay,1653,453,0,Substitution: DeMarcus Sharp in for Isaac Haney.,NA,FALSE,FALSE,NA,NA,NA,NA,NA,NA,1,NA,NA,NA,NA,David Jones,Carl Cherenfant,Jahvon Quinerly,Nae'Qwan Tomlin,Jaykwon Walton,Dezi Jones,Hansel Enmanuel,Ja'Monta Black,DeMarcus Sharp,Jordan Wilmore
2023-24,2023-12-30,2589184,135,0,1,Memphis,Austin Peay,Tigers,Governors,4,3,24,16,8,1302,Austin Peay,1653,453,0,Substitution: JaVar Daniel in for Jordan Wilmore.,NA,FALSE,FALSE,NA,NA,NA,NA,NA,NA,1,NA,NA,NA,NA,David Jones,Carl Cherenfant,Jahvon Quinerly,Nae'Qwan Tomlin,Jaykwon Walton,Dezi Jones,Hansel Enmanuel,Ja'Monta Black,DeMarcus Sharp,JaVar Daniel
2023-24,2023-12-30,2589184,136,0,1,Memphis,Austin Peay,Tigers,Governors,4,3,24,19,5,1302,Austin Peay,1653,453,0,Dezi Jones makes a 3-point jump shot from 24 feet out. DeMarcus Sharp with the assist.,made,FALSE,TRUE,Jump Shot,43.6,21.15,1325142,Dezi Jones,DeMarcus Sharp,0,Austin Peay,Memphis,46,NA,David Jones,Carl Cherenfant,Jahvon Quinerly,Nae'Qwan Tomlin,Jaykwon Walton,Dezi Jones,Hansel Enmanuel,Ja'Monta Black,DeMarcus Sharp,JaVar Daniel
2023-24,2023-12-30,2589184,137,0,1,Memphis,Austin Peay,Tigers,Governors,4,3,24,19,5,1493,Memphis,1653,453,0,JaVar Daniel blocks a Jaykwon Walton 3-point jump shot from 24 feet out.,missed,FALSE,TRUE,Jump Shot,45,19.25,1175377,Jaykwon Walton,NA,0,Memphis,Memphis,47,NA,David Jones,Carl Cherenfant,Jahvon Quinerly,Nae'Qwan Tomlin,Jaykwon Walton,Dezi Jones,Hansel Enmanuel,Ja'Monta Black,DeMarcus Sharp,JaVar Daniel
2023-24,2023-12-30,2589184,138,0,1,Memphis,Austin Peay,Tigers,Governors,4,3,24,19,5,1302,Austin Peay,1653,453,0,Hansel Enmanuel with a defensive rebound.,NA,FALSE,FALSE,NA,NA,NA,NA,NA,NA,0,Memphis,Austin Peay,47,NA,David Jones,Carl Cherenfant,Jahvon Quinerly,Nae'Qwan Tomlin,Jaykwon Walton,Dezi Jones,Hansel Enmanuel,Ja'Monta Black,DeMarcus Sharp,JaVar Daniel
2023-24,2023-12-30,2589184,139,0,1,Memphis,Austin Peay,Tigers,Governors,4,3,24,19,5,1302,Austin Peay,1592,392,61,Governors with a turnover: 10 Second Violation,NA,FALSE,FALSE,NA,NA,NA,NA,NA,NA,0,Austin Peay,Memphis,48,NA,David Jones,Carl Cherenfant,Jahvon Quinerly,Nae'Qwan Tomlin,Jaykwon Walton,Dezi Jones,Hansel Enmanuel,Ja'Monta Black,DeMarcus Sharp,JaVar Daniel
2023-24,2023-12-30,2589184,140,0,1,Memphis,Austin Peay,Tigers,Governors,4,3,24,19,5,1493,Memphis,1592,392,0,Substitution: Caleb Mills in for Jahvon Quinerly.,NA,FALSE,FALSE,NA,NA,NA,NA,NA,NA,1,NA,NA,NA,NA,David Jones,Carl Cherenfant,Caleb Mills,Nae'Qwan Tomlin,Jaykwon Walton,Dezi Jones,Hansel Enmanuel,Ja'Monta Black,DeMarcus Sharp,JaVar Daniel
2023-24,2023-12-30,2589184,141,0,1,Memphis,Austin Peay,Tigers,Governors,4,3,24,19,5,1302,Austin Peay,1592,392,0,Substitution: Dez White in for DeMarcus Sharp.,NA,FALSE,FALSE,NA,NA,NA,NA,NA,NA,1,NA,NA,NA,NA,David Jones,Carl Cherenfant,Caleb Mills,Nae'Qwan Tomlin,Jaykwon Walton,Dezi Jones,Hansel Enmanuel,Ja'Monta Black,Dez White,JaVar Daniel
2023-24,2023-12-30,2589184,142,0,1,Memphis,Austin Peay,Tigers,Governors,4,3,24,19,5,1493,Memphis,1592,392,0,Dezi Jones steals the ball from Caleb Mills.,NA,FALSE,FALSE,NA,NA,NA,NA,NA,NA,0,Memphis,Austin Peay,49,NA,David Jones,Carl Cherenfant,Caleb Mills,Nae'Qwan Tomlin,Jaykwon Walton,Dezi Jones,Hansel Enmanuel,Ja'Monta Black,Dez White,JaVar Daniel
2023-24,2023-12-30,2589184,143,0,1,Memphis,Austin Peay,Tigers,Governors,4,3,24,19,5,1493,Memphis,1592,392,0,Personal foul committed by Carl Cherenfant.,NA,FALSE,FALSE,NA,NA,NA,NA,NA,NA,0,Austin Peay,Austin Peay,50,NA,David Jones,Carl Cherenfant,Caleb Mills,Nae'Qwan Tomlin,Jaykwon Walton,Dezi Jones,Hansel Enmanuel,Ja'Monta Black,Dez White,JaVar Daniel
2023-24,2023-12-30,2589184,144,0,1,Memphis,Austin Peay,Tigers,Governors,4,3,24,19,5,1302,Austin Peay,1592,392,0,David Jones blocks a JaVar Daniel layup.,missed,FALSE,FALSE,Layup Shot,26,6.25,1498747,JaVar Daniel,NA,0,Austin Peay,Austin Peay,50,NA,David Jones,Carl Cherenfant,Caleb Mills,Nae'Qwan Tomlin,Jaykwon Walton,Dezi Jones,Hansel Enmanuel,Ja'Monta Black,Dez White,JaVar Daniel
2023-24,2023-12-30,2589184,145,0,1,Memphis,Austin Peay,Tigers,Governors,4,3,24,19,5,1493,Memphis,1592,392,0,Nae'Qwan Tomlin with a defensive rebound.,NA,FALSE,FALSE,NA,NA,NA,NA,NA,NA,0,Austin Peay,Memphis,50,NA,David Jones,Carl Cherenfant,Caleb Mills,Nae'Qwan Tomlin,Jaykwon Walton,Dezi Jones,Hansel Enmanuel,Ja'Monta Black,Dez White,JaVar Daniel
2023-24,2023-12-30,2589184,146,0,1,Memphis,Austin Peay,Tigers,Governors,4,3,26,19,7,1493,Memphis,1585,385,7,Nae'Qwan Tomlin dunks. Carl Cherenfant with the assist.,made,FALSE,FALSE,Dunk Shot,25,5.25,1403628,Nae'Qwan Tomlin,Carl Cherenfant,0,Memphis,Austin Peay,51,NA,David Jones,Carl Cherenfant,Caleb Mills,Nae'Qwan Tomlin,Jaykwon Walton,Dezi Jones,Hansel Enmanuel,Ja'Monta Black,Dez White,JaVar Daniel
2023-24,2023-12-30,2589184,147,0,1,Memphis,Austin Peay,Tigers,Governors,4,3,26,22,4,1302,Austin Peay,1578,378,7,Dez White makes a 3-point jump shot from 24 feet out. Dezi Jones with the assist.,made,FALSE,TRUE,Jump Shot,47.2,13.45,1478383,Dez White,Dezi Jones,0,Austin Peay,Memphis,52,NA,David Jones,Carl Cherenfant,Caleb Mills,Nae'Qwan Tomlin,Jaykwon Walton,Dezi Jones,Hansel Enmanuel,Ja'Monta Black,Dez White,JaVar Daniel
2023-24,2023-12-30,2589184,148,0,1,Memphis,Austin Peay,Tigers,Governors,4,3,28,22,6,1493,Memphis,1536,336,42,David Jones makes a layup.,made,FALSE,FALSE,Layup Shot,26,6.25,1269060,David Jones,NA,0,Memphis,Austin Peay,53,NA,David Jones,Carl Cherenfant,Caleb Mills,Nae'Qwan Tomlin,Jaykwon Walton,Dezi Jones,Hansel Enmanuel,Ja'Monta Black,Dez White,JaVar Daniel
2023-24,2023-12-30,2589184,149,0,1,Memphis,Austin Peay,Tigers,Governors,4,3,28,24,4,1302,Austin Peay,1536,336,0,JaVar Daniel makes a layup. Dez White with the assist.,made,FALSE,FALSE,Layup Shot,26,6.25,1498747,JaVar Daniel,Dez White,0,Austin Peay,Memphis,54,NA,David Jones,Carl Cherenfant,Caleb Mills,Nae'Qwan Tomlin,Jaykwon Walton,Dezi Jones,Hansel Enmanuel,Ja'Monta Black,Dez White,JaVar Daniel
2023-24,2023-12-30,2589184,150,0,1,Memphis,Austin Peay,Tigers,Governors,4,3,28,24,4,1493,Memphis,1531,331,5,Hansel Enmanuel blocks a Jaykwon Walton 3-point jump shot from 23 feet out.,missed,FALSE,TRUE,Jump Shot,38,24.75,1175377,Jaykwon Walton,NA,0,Memphis,Memphis,55,NA,David Jones,Carl Cherenfant,Caleb Mills,Nae'Qwan Tomlin,Jaykwon Walton,Dezi Jones,Hansel Enmanuel,Ja'Monta Black,Dez White,JaVar Daniel
2023-24,2023-12-30,2589184,151,0,1,Memphis,Austin Peay,Tigers,Governors,4,3,28,24,4,1302,Austin Peay,1531,331,0,JaVar Daniel with a defensive rebound.,NA,FALSE,FALSE,NA,NA,NA,NA,NA,NA,0,Memphis,Austin Peay,55,NA,David Jones,Carl Cherenfant,Caleb Mills,Nae'Qwan Tomlin,Jaykwon Walton,Dezi Jones,Hansel Enmanuel,Ja'Monta Black,Dez White,JaVar Daniel
2023-24,2023-12-30,2589184,152,0,1,Memphis,Austin Peay,Tigers,Governors,4,3,28,27,1,1302,Austin Peay,1525,325,6,Dez White makes a 3-point jump shot from 23 feet out. JaVar Daniel with the assist.,made,FALSE,TRUE,Jump Shot,5.199999999999999,16.75,1478383,Dez White,JaVar Daniel,0,Austin Peay,Memphis,56,NA,David Jones,Carl Cherenfant,Caleb Mills,Nae'Qwan Tomlin,Jaykwon Walton,Dezi Jones,Hansel Enmanuel,Ja'Monta Black,Dez White,JaVar Daniel
2023-24,2023-12-30,2589184,153,0,1,Memphis,Austin Peay,Tigers,Governors,4,3,28,27,1,1493,Memphis,1518,318,7,David Jones misses a jump shot from 11 feet out.,missed,FALSE,FALSE,Jump Shot,25.9,16.349999999999994,1269060,David Jones,NA,0,Memphis,Memphis,57,NA,David Jones,Carl Cherenfant,Caleb Mills,Nae'Qwan Tomlin,Jaykwon Walton,Dezi Jones,Hansel Enmanuel,Ja'Monta Black,Dez White,JaVar Daniel
2023-24,2023-12-30,2589184,154,0,1,Memphis,Austin Peay,Tigers,Governors,4,3,28,27,1,1302,Austin Peay,1518,318,0,Dezi Jones with a defensive rebound.,NA,FALSE,FALSE,NA,NA,NA,NA,NA,NA,0,Memphis,Austin Peay,57,NA,David Jones,Carl Cherenfant,Caleb Mills,Nae'Qwan Tomlin,Jaykwon Walton,Dezi Jones,Hansel Enmanuel,Ja'Monta Black,Dez White,JaVar Daniel
2023-24,2023-12-30,2589184,155,0,1,Memphis,Austin Peay,Tigers,Governors,4,3,28,29,-1,1302,Austin Peay,1509,309,9,JaVar Daniel makes a jump shot from 9 feet out. Dezi Jones with the assist.,made,FALSE,FALSE,Jump Shot,26.8,13.65,1498747,JaVar Daniel,Dezi Jones,0,Austin Peay,Memphis,58,NA,David Jones,Carl Cherenfant,Caleb Mills,Nae'Qwan Tomlin,Jaykwon Walton,Dezi Jones,Hansel Enmanuel,Ja'Monta Black,Dez White,JaVar Daniel
2023-24,2023-12-30,2589184,156,0,1,Memphis,Austin Peay,Tigers,Governors,4,3,28,29,-1,1302,Austin Peay,1502,302,7,Personal foul committed by Dez White.,NA,FALSE,FALSE,NA,NA,NA,NA,NA,NA,0,Memphis,Memphis,59,NA,David Jones,Carl Cherenfant,Caleb Mills,Nae'Qwan Tomlin,Jaykwon Walton,Dezi Jones,Hansel Enmanuel,Ja'Monta Black,Dez White,JaVar Daniel
2023-24,2023-12-30,2589184,157,0,1,Memphis,Austin Peay,Tigers,Governors,4,3,28,29,-1,1302,Austin Peay,1496,296,6,Substitution: Isaac Haney in for Ja'Monta Black.,NA,FALSE,FALSE,NA,NA,NA,NA,NA,NA,1,NA,NA,NA,NA,David Jones,Carl Cherenfant,Caleb Mills,Nae'Qwan Tomlin,Jaykwon Walton,Dezi Jones,Hansel Enmanuel,Isaac Haney,Dez White,JaVar Daniel
2023-24,2023-12-30,2589184,158,0,1,Memphis,Austin Peay,Tigers,Governors,4,3,28,29,-1,1493,Memphis,1496,296,0,Substitution: Jayden Hardaway in for Carl Cherenfant.,NA,FALSE,FALSE,NA,NA,NA,NA,NA,NA,1,NA,NA,NA,NA,David Jones,Jayden Hardaway,Caleb Mills,Nae'Qwan Tomlin,Jaykwon Walton,Dezi Jones,Hansel Enmanuel,Isaac Haney,Dez White,JaVar Daniel
2023-24,2023-12-30,2589184,159,0,1,Memphis,Austin Peay,Tigers,Governors,4,3,28,29,-1,1493,Memphis,1496,296,0,Substitution: Ashton Hardaway in for Jaykwon Walton.,NA,FALSE,FALSE,NA,NA,NA,NA,NA,NA,1,NA,NA,NA,NA,David Jones,Jayden Hardaway,Caleb Mills,Nae'Qwan Tomlin,Ashton Hardaway,Dezi Jones,Hansel Enmanuel,Isaac Haney,Dez White,JaVar Daniel
2023-24,2023-12-30,2589184,160,0,1,Memphis,Austin Peay,Tigers,Governors,4,3,29,29,0,1493,Memphis,1496,296,0,Nae'Qwan Tomlin makes free throw 1st of 1-and-1.,made,TRUE,FALSE,NA,NA,NA,NA,NA,NA,0,Memphis,Memphis,59,NA,David Jones,Jayden Hardaway,Caleb Mills,Nae'Qwan Tomlin,Ashton Hardaway,Dezi Jones,Hansel Enmanuel,Isaac Haney,Dez White,JaVar Daniel
2023-24,2023-12-30,2589184,161,0,1,Memphis,Austin Peay,Tigers,Governors,4,3,30,29,1,1493,Memphis,1496,296,0,Nae'Qwan Tomlin makes free throw 2nd of 1-and-1.,made,TRUE,FALSE,NA,NA,NA,NA,NA,NA,0,Memphis,Austin Peay,59,NA,David Jones,Jayden Hardaway,Caleb Mills,Nae'Qwan Tomlin,Ashton Hardaway,Dezi Jones,Hansel Enmanuel,Isaac Haney,Dez White,JaVar Daniel
2023-24,2023-12-30,2589184,162,0,1,Memphis,Austin Peay,Tigers,Governors,4,3,30,29,1,1302,Austin Peay,1496,296,0,Substitution: Ja'Monta Black in for Dez White.,NA,FALSE,FALSE,NA,NA,NA,NA,NA,NA,1,NA,NA,NA,NA,David Jones,Jayden Hardaway,Caleb Mills,Nae'Qwan Tomlin,Ashton Hardaway,Dezi Jones,Hansel Enmanuel,Isaac Haney,Ja'Monta Black,JaVar Daniel
2023-24,2023-12-30,2589184,163,0,1,Memphis,Austin Peay,Tigers,Governors,4,3,30,29,1,1493,Memphis,1492,292,4,Personal foul committed by Ashton Hardaway.,NA,FALSE,FALSE,NA,NA,NA,NA,NA,NA,0,Austin Peay,Austin Peay,60,NA,David Jones,Jayden Hardaway,Caleb Mills,Nae'Qwan Tomlin,Ashton Hardaway,Dezi Jones,Hansel Enmanuel,Isaac Haney,Ja'Monta Black,JaVar Daniel
2023-24,2023-12-30,2589184,164,0,1,Memphis,Austin Peay,Tigers,Governors,4,3,30,29,1,NA,NA,1427,227,65,Official TV timeout.,NA,FALSE,FALSE,NA,NA,NA,NA,NA,NA,0,NA,NA,NA,NA,David Jones,Jayden Hardaway,Caleb Mills,Nae'Qwan Tomlin,Ashton Hardaway,Dezi Jones,Hansel Enmanuel,Isaac Haney,Ja'Monta Black,JaVar Daniel
2023-24,2023-12-30,2589184,165,0,1,Memphis,Austin Peay,Tigers,Governors,4,3,30,29,1,1302,Austin Peay,1427,227,0,JaVar Daniel misses a 3-point jump shot from 23 feet out.,missed,FALSE,TRUE,Jump Shot,8.2,20.65,1498747,JaVar Daniel,NA,0,Austin Peay,Austin Peay,60,NA,David Jones,Jayden Hardaway,Caleb Mills,Nae'Qwan Tomlin,Ashton Hardaway,Dezi Jones,Hansel Enmanuel,Isaac Haney,Ja'Monta Black,JaVar Daniel
2023-24,2023-12-30,2589184,166,0,1,Memphis,Austin Peay,Tigers,Governors,4,3,30,29,1,1493,Memphis,1427,227,0,David Jones with a defensive rebound.,NA,FALSE,FALSE,NA,NA,NA,NA,NA,NA,0,Austin Peay,Memphis,60,NA,David Jones,Jayden Hardaway,Caleb Mills,Nae'Qwan Tomlin,Ashton Hardaway,Dezi Jones,Hansel Enmanuel,Isaac Haney,Ja'Monta Black,JaVar Daniel
2023-24,2023-12-30,2589184,167,0,1,Memphis,Austin Peay,Tigers,Governors,4,3,30,29,1,1302,Austin Peay,1424,224,3,Shooting foul committed by Isaac Haney.,NA,FALSE,FALSE,NA,NA,NA,NA,NA,NA,0,Memphis,Memphis,61,NA,David Jones,Jayden Hardaway,Caleb Mills,Nae'Qwan Tomlin,Ashton Hardaway,Dezi Jones,Hansel Enmanuel,Isaac Haney,Ja'Monta Black,JaVar Daniel
2023-24,2023-12-30,2589184,168,0,1,Memphis,Austin Peay,Tigers,Governors,4,3,31,29,2,1493,Memphis,1403,203,21,David Jones makes free throw 1 of 2.,made,TRUE,FALSE,NA,NA,NA,NA,NA,NA,0,Memphis,Memphis,61,NA,David Jones,Jayden Hardaway,Caleb Mills,Nae'Qwan Tomlin,Ashton Hardaway,Dezi Jones,Hansel Enmanuel,Isaac Haney,Ja'Monta Black,JaVar Daniel
2023-24,2023-12-30,2589184,169,0,1,Memphis,Austin Peay,Tigers,Governors,4,3,32,29,3,1493,Memphis,1403,203,0,David Jones makes free throw 2 of 2.,made,TRUE,FALSE,NA,NA,NA,NA,NA,NA,0,Memphis,Austin Peay,61,NA,David Jones,Jayden Hardaway,Caleb Mills,Nae'Qwan Tomlin,Ashton Hardaway,Dezi Jones,Hansel Enmanuel,Isaac Haney,Ja'Monta Black,JaVar Daniel
2023-24,2023-12-30,2589184,170,0,1,Memphis,Austin Peay,Tigers,Governors,4,3,32,29,3,1302,Austin Peay,1403,203,0,Nae'Qwan Tomlin blocks a Dezi Jones jump shot from 10 feet out.,missed,FALSE,FALSE,Jump Shot,26.4,15.55,1325142,Dezi Jones,NA,0,Austin Peay,Austin Peay,62,NA,David Jones,Jayden Hardaway,Caleb Mills,Nae'Qwan Tomlin,Ashton Hardaway,Dezi Jones,Hansel Enmanuel,Isaac Haney,Ja'Monta Black,JaVar Daniel
2023-24,2023-12-30,2589184,171,0,1,Memphis,Austin Peay,Tigers,Governors,4,3,32,29,3,1493,Memphis,1403,203,0,Nae'Qwan Tomlin with a defensive rebound.,NA,FALSE,FALSE,NA,NA,NA,NA,NA,NA,0,Austin Peay,Memphis,62,NA,David Jones,Jayden Hardaway,Caleb Mills,Nae'Qwan Tomlin,Ashton Hardaway,Dezi Jones,Hansel Enmanuel,Isaac Haney,Ja'Monta Black,JaVar Daniel
2023-24,2023-12-30,2589184,172,0,1,Memphis,Austin Peay,Tigers,Governors,4,3,32,29,3,1493,Memphis,1392,192,11,JaVar Daniel blocks a Caleb Mills jump shot from 9 feet out.,missed,FALSE,FALSE,Jump Shot,22,14.150000000000006,1175066,Caleb Mills,NA,0,Memphis,Memphis,63,NA,David Jones,Jayden Hardaway,Caleb Mills,Nae'Qwan Tomlin,Ashton Hardaway,Dezi Jones,Hansel Enmanuel,Isaac Haney,Ja'Monta Black,JaVar Daniel
2023-24,2023-12-30,2589184,173,0,1,Memphis,Austin Peay,Tigers,Governors,4,3,32,29,3,1302,Austin Peay,1392,192,0,JaVar Daniel with a defensive rebound.,NA,FALSE,FALSE,NA,NA,NA,NA,NA,NA,0,Memphis,Austin Peay,63,NA,David Jones,Jayden Hardaway,Caleb Mills,Nae'Qwan Tomlin,Ashton Hardaway,Dezi Jones,Hansel Enmanuel,Isaac Haney,Ja'Monta Black,JaVar Daniel
2023-24,2023-12-30,2589184,174,0,1,Memphis,Austin Peay,Tigers,Governors,4,3,32,32,0,1302,Austin Peay,1387,187,5,Ja'Monta Black makes a 3-point jump shot from 23 feet out. Dezi Jones with the assist.,made,FALSE,TRUE,Jump Shot,3,10.95,1175206,Ja'Monta Black,Dezi Jones,0,Austin Peay,Memphis,64,NA,David Jones,Jayden Hardaway,Caleb Mills,Nae'Qwan Tomlin,Ashton Hardaway,Dezi Jones,Hansel Enmanuel,Isaac Haney,Ja'Monta Black,JaVar Daniel
2023-24,2023-12-30,2589184,175,0,1,Memphis,Austin Peay,Tigers,Governors,4,3,32,32,0,1493,Memphis,1376,176,11,Ja'Monta Black steals the ball from David Jones.,NA,FALSE,FALSE,NA,NA,NA,NA,NA,NA,0,Memphis,Austin Peay,65,NA,David Jones,Jayden Hardaway,Caleb Mills,Nae'Qwan Tomlin,Ashton Hardaway,Dezi Jones,Hansel Enmanuel,Isaac Haney,Ja'Monta Black,JaVar Daniel
2023-24,2023-12-30,2589184,176,0,1,Memphis,Austin Peay,Tigers,Governors,4,3,32,32,0,1302,Austin Peay,1371,171,5,JaVar Daniel misses a 3-point jump shot from 24 feet out.,missed,FALSE,TRUE,Jump Shot,40.1,23.85,1498747,JaVar Daniel,NA,0,Austin Peay,Austin Peay,66,NA,David Jones,Jayden Hardaway,Caleb Mills,Nae'Qwan Tomlin,Ashton Hardaway,Dezi Jones,Hansel Enmanuel,Isaac Haney,Ja'Monta Black,JaVar Daniel
2023-24,2023-12-30,2589184,177,0,1,Memphis,Austin Peay,Tigers,Governors,4,3,32,32,0,1302,Austin Peay,1371,171,0,Hansel Enmanuel with an offensive rebound.,NA,FALSE,FALSE,NA,NA,NA,NA,NA,NA,0,Austin Peay,Austin Peay,66,NA,David Jones,Jayden Hardaway,Caleb Mills,Nae'Qwan Tomlin,Ashton Hardaway,Dezi Jones,Hansel Enmanuel,Isaac Haney,Ja'Monta Black,JaVar Daniel
2023-24,2023-12-30,2589184,178,0,1,Memphis,Austin Peay,Tigers,Governors,4,3,32,32,0,1302,Austin Peay,1362,162,9,Isaac Haney misses a 3-point jump shot from 23 feet out.,missed,FALSE,TRUE,Jump Shot,4.300000000000001,14.65,1324448,Isaac Haney,NA,0,Austin Peay,Austin Peay,66,NA,David Jones,Jayden Hardaway,Caleb Mills,Nae'Qwan Tomlin,Ashton Hardaway,Dezi Jones,Hansel Enmanuel,Isaac Haney,Ja'Monta Black,JaVar Daniel
2023-24,2023-12-30,2589184,179,0,1,Memphis,Austin Peay,Tigers,Governors,4,3,32,32,0,1493,Memphis,1362,162,0,Ashton Hardaway with a defensive rebound.,NA,FALSE,FALSE,NA,NA,NA,NA,NA,NA,0,Austin Peay,Memphis,66,NA,David Jones,Jayden Hardaway,Caleb Mills,Nae'Qwan Tomlin,Ashton Hardaway,Dezi Jones,Hansel Enmanuel,Isaac Haney,Ja'Monta Black,JaVar Daniel
2023-24,2023-12-30,2589184,180,0,1,Memphis,Austin Peay,Tigers,Governors,4,3,32,32,0,1493,Memphis,1346,146,16,Ashton Hardaway misses a jump shot from 18 feet out.,missed,FALSE,FALSE,Jump Shot,29.7,23.049999999999997,1460096,Ashton Hardaway,NA,0,Memphis,Memphis,67,NA,David Jones,Jayden Hardaway,Caleb Mills,Nae'Qwan Tomlin,Ashton Hardaway,Dezi Jones,Hansel Enmanuel,Isaac Haney,Ja'Monta Black,JaVar Daniel
2023-24,2023-12-30,2589184,181,0,1,Memphis,Austin Peay,Tigers,Governors,4,3,32,32,0,1493,Memphis,1346,146,0,David Jones with an offensive rebound.,NA,FALSE,FALSE,NA,NA,NA,NA,NA,NA,0,Memphis,Memphis,67,NA,David Jones,Jayden Hardaway,Caleb Mills,Nae'Qwan Tomlin,Ashton Hardaway,Dezi Jones,Hansel Enmanuel,Isaac Haney,Ja'Monta Black,JaVar Daniel
2023-24,2023-12-30,2589184,182,0,1,Memphis,Austin Peay,Tigers,Governors,4,3,34,32,2,1493,Memphis,1335,135,11,David Jones makes a layup.,made,FALSE,FALSE,Layup Shot,26,6.25,1269060,David Jones,NA,0,Memphis,Austin Peay,67,NA,David Jones,Jayden Hardaway,Caleb Mills,Nae'Qwan Tomlin,Ashton Hardaway,Dezi Jones,Hansel Enmanuel,Isaac Haney,Ja'Monta Black,JaVar Daniel
2023-24,2023-12-30,2589184,183,0,1,Memphis,Austin Peay,Tigers,Governors,4,3,34,32,2,1493,Memphis,1295,95,40,Personal foul committed by Ashton Hardaway.,NA,FALSE,FALSE,NA,NA,NA,NA,NA,NA,0,Austin Peay,Austin Peay,68,NA,David Jones,Jayden Hardaway,Caleb Mills,Nae'Qwan Tomlin,Ashton Hardaway,Dezi Jones,Hansel Enmanuel,Isaac Haney,Ja'Monta Black,JaVar Daniel
2023-24,2023-12-30,2589184,184,0,1,Memphis,Austin Peay,Tigers,Governors,4,3,34,32,2,1302,Austin Peay,1295,95,0,Substitution: Dez White in for JaVar Daniel.,NA,FALSE,FALSE,NA,NA,NA,NA,NA,NA,1,NA,NA,NA,NA,David Jones,Jayden Hardaway,Caleb Mills,Nae'Qwan Tomlin,Ashton Hardaway,Dezi Jones,Hansel Enmanuel,Isaac Haney,Ja'Monta Black,Dez White
2023-24,2023-12-30,2589184,185,0,1,Memphis,Austin Peay,Tigers,Governors,4,3,34,32,2,1302,Austin Peay,1295,95,0,Substitution: Sai Witt in for Dezi Jones.,NA,FALSE,FALSE,NA,NA,NA,NA,NA,NA,1,NA,NA,NA,NA,David Jones,Jayden Hardaway,Caleb Mills,Nae'Qwan Tomlin,Ashton Hardaway,Sai Witt,Hansel Enmanuel,Isaac Haney,Ja'Monta Black,Dez White
2023-24,2023-12-30,2589184,186,0,1,Memphis,Austin Peay,Tigers,Governors,4,3,34,32,2,1493,Memphis,1295,95,0,Substitution: Malcolm Dandridge in for Ashton Hardaway.,NA,FALSE,FALSE,NA,NA,NA,NA,NA,NA,1,NA,NA,NA,NA,David Jones,Jayden Hardaway,Caleb Mills,Nae'Qwan Tomlin,Malcolm Dandridge,Sai Witt,Hansel Enmanuel,Isaac Haney,Ja'Monta Black,Dez White
2023-24,2023-12-30,2589184,187,0,1,Memphis,Austin Peay,Tigers,Governors,4,3,34,32,2,1493,Memphis,1295,95,0,Substitution: Jahvon Quinerly in for Jayden Hardaway.,NA,FALSE,FALSE,NA,NA,NA,NA,NA,NA,1,NA,NA,NA,NA,David Jones,Jahvon Quinerly,Caleb Mills,Nae'Qwan Tomlin,Malcolm Dandridge,Sai Witt,Hansel Enmanuel,Isaac Haney,Ja'Monta Black,Dez White
2023-24,2023-12-30,2589184,188,0,1,Memphis,Austin Peay,Tigers,Governors,4,3,34,32,2,1493,Memphis,1295,95,0,Substitution: Jaykwon Walton in for David Jones.,NA,FALSE,FALSE,NA,NA,NA,NA,NA,NA,1,NA,NA,NA,NA,Jaykwon Walton,Jahvon Quinerly,Caleb Mills,Nae'Qwan Tomlin,Malcolm Dandridge,Sai Witt,Hansel Enmanuel,Isaac Haney,Ja'Monta Black,Dez White
2023-24,2023-12-30,2589184,189,0,1,Memphis,Austin Peay,Tigers,Governors,4,3,34,32,2,1493,Memphis,1290,90,5,Shooting foul committed by Malcolm Dandridge.,NA,FALSE,FALSE,NA,NA,NA,NA,NA,NA,0,Austin Peay,Austin Peay,68,NA,Jaykwon Walton,Jahvon Quinerly,Caleb Mills,Nae'Qwan Tomlin,Malcolm Dandridge,Sai Witt,Hansel Enmanuel,Isaac Haney,Ja'Monta Black,Dez White
2023-24,2023-12-30,2589184,190,0,1,Memphis,Austin Peay,Tigers,Governors,4,3,34,32,2,1302,Austin Peay,1282,82,8,Isaac Haney misses free throw 1 of 2.,missed,TRUE,FALSE,NA,NA,NA,NA,NA,NA,0,Austin Peay,Austin Peay,68,NA,Jaykwon Walton,Jahvon Quinerly,Caleb Mills,Nae'Qwan Tomlin,Malcolm Dandridge,Sai Witt,Hansel Enmanuel,Isaac Haney,Ja'Monta Black,Dez White
2023-24,2023-12-30,2589184,192,0,1,Memphis,Austin Peay,Tigers,Governors,4,3,34,32,2,1302,Austin Peay,1282,82,0,Isaac Haney misses free throw 2 of 2.,missed,TRUE,FALSE,NA,NA,NA,NA,NA,NA,0,Austin Peay,Austin Peay,68,NA,Jaykwon Walton,Jahvon Quinerly,Caleb Mills,Nae'Qwan Tomlin,Malcolm Dandridge,Sai Witt,Hansel Enmanuel,Isaac Haney,Ja'Monta Black,Dez White
2023-24,2023-12-30,2589184,193,0,1,Memphis,Austin Peay,Tigers,Governors,4,3,34,32,2,1493,Memphis,1282,82,0,Jahvon Quinerly with a defensive rebound.,NA,FALSE,FALSE,NA,NA,NA,NA,NA,NA,0,Austin Peay,Memphis,68,NA,Jaykwon Walton,Jahvon Quinerly,Caleb Mills,Nae'Qwan Tomlin,Malcolm Dandridge,Sai Witt,Hansel Enmanuel,Isaac Haney,Ja'Monta Black,Dez White
2023-24,2023-12-30,2589184,194,0,1,Memphis,Austin Peay,Tigers,Governors,4,3,34,32,2,1493,Memphis,1276,76,6,Jahvon Quinerly misses a jump shot from 12 feet out.,missed,FALSE,FALSE,Jump Shot,31.9,15.349999999999994,1138647,Jahvon Quinerly,NA,0,Memphis,Memphis,69,NA,Jaykwon Walton,Jahvon Quinerly,Caleb Mills,Nae'Qwan Tomlin,Malcolm Dandridge,Sai Witt,Hansel Enmanuel,Isaac Haney,Ja'Monta Black,Dez White
2023-24,2023-12-30,2589184,195,0,1,Memphis,Austin Peay,Tigers,Governors,4,3,34,32,2,1302,Austin Peay,1276,76,0,Hansel Enmanuel with a defensive rebound.,NA,FALSE,FALSE,NA,NA,NA,NA,NA,NA,0,Memphis,Austin Peay,69,NA,Jaykwon Walton,Jahvon Quinerly,Caleb Mills,Nae'Qwan Tomlin,Malcolm Dandridge,Sai Witt,Hansel Enmanuel,Isaac Haney,Ja'Monta Black,Dez White
2023-24,2023-12-30,2589184,196,0,1,Memphis,Austin Peay,Tigers,Governors,4,3,34,34,0,1302,Austin Peay,1270,70,6,Sai Witt makes a layup.,made,FALSE,FALSE,Layup Shot,25,5.25,1325118,Sai Witt,NA,0,Austin Peay,Memphis,70,NA,Jaykwon Walton,Jahvon Quinerly,Caleb Mills,Nae'Qwan Tomlin,Malcolm Dandridge,Sai Witt,Hansel Enmanuel,Isaac Haney,Ja'Monta Black,Dez White
2023-24,2023-12-30,2589184,197,0,1,Memphis,Austin Peay,Tigers,Governors,4,3,37,34,3,1493,Memphis,1263,63,7,Jaykwon Walton makes a 3-point jump shot from 22 feet out. Jahvon Quinerly with the assist.,made,FALSE,TRUE,Jump Shot,6,16.549999999999997,1175377,Jaykwon Walton,Jahvon Quinerly,0,Memphis,Austin Peay,71,NA,Jaykwon Walton,Jahvon Quinerly,Caleb Mills,Nae'Qwan Tomlin,Malcolm Dandridge,Sai Witt,Hansel Enmanuel,Isaac Haney,Ja'Monta Black,Dez White
2023-24,2023-12-30,2589184,198,0,1,Memphis,Austin Peay,Tigers,Governors,4,3,37,34,3,1302,Austin Peay,1211,11,52,Ja'Monta Black misses a 3-point jump shot from 23 feet out.,missed,FALSE,TRUE,Jump Shot,6.5,19.65,1175206,Ja'Monta Black,NA,0,Austin Peay,Memphis,72,NA,Jaykwon Walton,Jahvon Quinerly,Caleb Mills,Nae'Qwan Tomlin,Malcolm Dandridge,Sai Witt,Hansel Enmanuel,Isaac Haney,Ja'Monta Black,Dez White
2023-24,2023-12-30,2589184,200,0,1,Memphis,Austin Peay,Tigers,Governors,4,3,37,34,3,1493,Memphis,1204,4,7,Substitution: Nick Jourdain in for Nae'Qwan Tomlin.,NA,FALSE,FALSE,NA,NA,NA,NA,NA,NA,1,NA,NA,NA,NA,Jaykwon Walton,Jahvon Quinerly,Caleb Mills,Nick Jourdain,Malcolm Dandridge,Sai Witt,Hansel Enmanuel,Isaac Haney,Ja'Monta Black,Dez White
2023-24,2023-12-30,2589184,201,0,1,Memphis,Austin Peay,Tigers,Governors,4,3,37,34,3,NA,NA,1200,0,4,End of the 1st Half,NA,FALSE,FALSE,NA,NA,NA,NA,NA,NA,0,NA,NA,NA,NA,Jaykwon Walton,Jahvon Quinerly,Caleb Mills,Nick Jourdain,Malcolm Dandridge,Sai Witt,Hansel Enmanuel,Isaac Haney,Ja'Monta Black,Dez White
2023-24,2023-12-30,2589184,202,0,2,Memphis,Austin Peay,Tigers,Governors,4,4,37,34,3,NA,NA,1200,1200,0,Start of the 2nd Half,NA,FALSE,FALSE,NA,NA,NA,NA,NA,NA,0,NA,Memphis,73,NA,Jaykwon Walton,Jahvon Quinerly,Caleb Mills,Nick Jourdain,Malcolm Dandridge,Sai Witt,Hansel Enmanuel,Isaac Haney,Ja'Monta Black,Dez White
2023-24,2023-12-30,2589184,203,0,2,Memphis,Austin Peay,Tigers,Governors,4,4,37,34,3,1302,Austin Peay,1197,1197,3,Shooting foul committed by Dez White.,NA,FALSE,FALSE,NA,NA,NA,NA,NA,NA,0,Memphis,Memphis,74,NA,Jaykwon Walton,Jahvon Quinerly,Caleb Mills,Nick Jourdain,Malcolm Dandridge,Sai Witt,Hansel Enmanuel,Isaac Haney,Ja'Monta Black,Dez White
2023-24,2023-12-30,2589184,204,0,2,Memphis,Austin Peay,Tigers,Governors,4,4,38,34,4,1493,Memphis,1197,1197,0,Jaykwon Walton makes free throw 1 of 2.,made,TRUE,FALSE,NA,NA,NA,NA,NA,NA,0,Memphis,Memphis,74,NA,Jaykwon Walton,Jahvon Quinerly,Caleb Mills,Nick Jourdain,Malcolm Dandridge,Sai Witt,Hansel Enmanuel,Isaac Haney,Ja'Monta Black,Dez White
2023-24,2023-12-30,2589184,205,0,2,Memphis,Austin Peay,Tigers,Governors,4,4,39,34,5,1493,Memphis,1197,1197,0,Jaykwon Walton makes free throw 2 of 2.,made,TRUE,FALSE,NA,NA,NA,NA,NA,NA,0,Memphis,Austin Peay,74,NA,Jaykwon Walton,Jahvon Quinerly,Caleb Mills,Nick Jourdain,Malcolm Dandridge,Sai Witt,Hansel Enmanuel,Isaac Haney,Ja'Monta Black,Dez White
2023-24,2023-12-30,2589184,206,0,2,Memphis,Austin Peay,Tigers,Governors,4,4,39,34,5,1302,Austin Peay,1180,1180,17,Dez White misses a 3-point jump shot from 24 feet out.,missed,FALSE,TRUE,Jump Shot,22.9,29.35,1478383,Dez White,NA,0,Austin Peay,Austin Peay,75,NA,Jaykwon Walton,Jahvon Quinerly,Caleb Mills,Nick Jourdain,Malcolm Dandridge,Sai Witt,Hansel Enmanuel,Isaac Haney,Ja'Monta Black,Dez White
2023-24,2023-12-30,2589184,207,0,2,Memphis,Austin Peay,Tigers,Governors,4,4,39,34,5,1302,Austin Peay,1180,1180,0,DeMarcus Sharp with an offensive rebound.,NA,FALSE,FALSE,NA,NA,NA,NA,NA,NA,0,Austin Peay,Austin Peay,75,NA,Jaykwon Walton,Jahvon Quinerly,Caleb Mills,Nick Jourdain,Malcolm Dandridge,Sai Witt,Hansel Enmanuel,Isaac Haney,Ja'Monta Black,Dez White
2023-24,2023-12-30,2589184,208,0,2,Memphis,Austin Peay,Tigers,Governors,4,4,39,36,3,1302,Austin Peay,1180,1180,0,DeMarcus Sharp makes a layup.,made,FALSE,FALSE,Layup Shot,25,5.25,1232235,DeMarcus Sharp,NA,0,Austin Peay,Memphis,75,NA,Jaykwon Walton,Jahvon Quinerly,Caleb Mills,Nick Jourdain,Malcolm Dandridge,Sai Witt,Hansel Enmanuel,Isaac Haney,Ja'Monta Black,Dez White
2023-24,2023-12-30,2589184,209,0,2,Memphis,Austin Peay,Tigers,Governors,4,4,41,36,5,1493,Memphis,1174,1174,6,Malcolm Dandridge makes a layup. Nick Jourdain with the assist.,made,FALSE,FALSE,Layup Shot,25,5.25,1175114,Malcolm Dandridge,Nick Jourdain,0,Memphis,Austin Peay,76,NA,Jaykwon Walton,Jahvon Quinerly,Caleb Mills,Nick Jourdain,Malcolm Dandridge,Sai Witt,Hansel Enmanuel,Isaac Haney,Ja'Monta Black,Dez White
2023-24,2023-12-30,2589184,210,0,2,Memphis,Austin Peay,Tigers,Governors,4,4,41,36,5,1493,Memphis,1166,1166,8,Substitution: Jayden Hardaway in for Jaykwon Walton.,NA,FALSE,FALSE,NA,NA,NA,NA,NA,NA,1,NA,NA,NA,NA,Jayden Hardaway,Jahvon Quinerly,Caleb Mills,Nick Jourdain,Malcolm Dandridge,Sai Witt,Hansel Enmanuel,Isaac Haney,Ja'Monta Black,Dez White
2023-24,2023-12-30,2589184,211,0,2,Memphis,Austin Peay,Tigers,Governors,4,4,41,36,5,1302,Austin Peay,1166,1166,0,Substitution: Jordan Wilmore in for Daniel Loos.,NA,FALSE,FALSE,NA,NA,NA,NA,NA,NA,1,NA,NA,NA,Player leaving not previously in game,Jayden Hardaway,Jahvon Quinerly,Caleb Mills,Nick Jourdain,Malcolm Dandridge,Sai Witt,Hansel Enmanuel,Isaac Haney,Ja'Monta Black,Dez White
2023-24,2023-12-30,2589184,212,0,2,Memphis,Austin Peay,Tigers,Governors,4,4,41,36,5,1302,Austin Peay,1115,1115,51,Dezi Jones misses a layup.,missed,FALSE,FALSE,Layup Shot,26,6.25,1325142,Dezi Jones,NA,0,Austin Peay,Austin Peay,77,NA,Jayden Hardaway,Jahvon Quinerly,Caleb Mills,Nick Jourdain,Malcolm Dandridge,Sai Witt,Hansel Enmanuel,Isaac Haney,Ja'Monta Black,Dez White
2023-24,2023-12-30,2589184,213,0,2,Memphis,Austin Peay,Tigers,Governors,4,4,41,36,5,1302,Austin Peay,1115,1115,0,Dezi Jones with an offensive rebound.,NA,FALSE,FALSE,NA,NA,NA,NA,NA,NA,0,Austin Peay,Austin Peay,77,NA,Jayden Hardaway,Jahvon Quinerly,Caleb Mills,Nick Jourdain,Malcolm Dandridge,Sai Witt,Hansel Enmanuel,Isaac Haney,Ja'Monta Black,Dez White
2023-24,2023-12-30,2589184,214,0,2,Memphis,Austin Peay,Tigers,Governors,4,4,41,36,5,1302,Austin Peay,1109,1109,6,Dezi Jones misses a 3-point jump shot from 23 feet out.,missed,FALSE,TRUE,Jump Shot,5.399999999999999,17.75,1325142,Dezi Jones,NA,0,Austin Peay,Austin Peay,77,NA,Jayden Hardaway,Jahvon Quinerly,Caleb Mills,Nick Jourdain,Malcolm Dandridge,Sai Witt,Hansel Enmanuel,Isaac Haney,Ja'Monta Black,Dez White
2023-24,2023-12-30,2589184,215,0,2,Memphis,Austin Peay,Tigers,Governors,4,4,41,36,5,1302,Austin Peay,1109,1109,0,Dezi Jones with an offensive rebound.,NA,FALSE,FALSE,NA,NA,NA,NA,NA,NA,0,Austin Peay,Austin Peay,77,NA,Jayden Hardaway,Jahvon Quinerly,Caleb Mills,Nick Jourdain,Malcolm Dandridge,Sai Witt,Hansel Enmanuel,Isaac Haney,Ja'Monta Black,Dez White
2023-24,2023-12-30,2589184,216,0,2,Memphis,Austin Peay,Tigers,Governors,4,4,41,39,2,1302,Austin Peay,1098,1098,11,Dezi Jones makes a 3-point jump shot from 23 feet out. Dez White with the assist.,made,FALSE,TRUE,Jump Shot,9.4,21.65,1325142,Dezi Jones,Dez White,0,Austin Peay,Memphis,77,NA,Jayden Hardaway,Jahvon Quinerly,Caleb Mills,Nick Jourdain,Malcolm Dandridge,Sai Witt,Hansel Enmanuel,Isaac Haney,Ja'Monta Black,Dez White
2023-24,2023-12-30,2589184,217,0,2,Memphis,Austin Peay,Tigers,Governors,4,4,41,39,2,1493,Memphis,1087,1087,11,Malcolm Dandridge misses a layup.,missed,FALSE,FALSE,Layup Shot,25,5.25,1175114,Malcolm Dandridge,NA,0,Memphis,Memphis,78,NA,Jayden Hardaway,Jahvon Quinerly,Caleb Mills,Nick Jourdain,Malcolm Dandridge,Sai Witt,Hansel Enmanuel,Isaac Haney,Ja'Monta Black,Dez White
2023-24,2023-12-30,2589184,218,0,2,Memphis,Austin Peay,Tigers,Governors,4,4,41,39,2,1302,Austin Peay,1087,1087,0,DeMarcus Sharp with a defensive rebound.,NA,FALSE,FALSE,NA,NA,NA,NA,NA,NA,0,Memphis,Austin Peay,78,NA,Jayden Hardaway,Jahvon Quinerly,Caleb Mills,Nick Jourdain,Malcolm Dandridge,Sai Witt,Hansel Enmanuel,Isaac Haney,Ja'Monta Black,Dez White
2023-24,2023-12-30,2589184,219,0,2,Memphis,Austin Peay,Tigers,Governors,4,4,41,39,2,1302,Austin Peay,1078,1078,9,DeMarcus Sharp misses a jump shot from 14 feet out.,missed,FALSE,FALSE,Jump Shot,22,19.45,1232235,DeMarcus Sharp,NA,0,Austin Peay,Austin Peay,79,NA,Jayden Hardaway,Jahvon Quinerly,Caleb Mills,Nick Jourdain,Malcolm Dandridge,Sai Witt,Hansel Enmanuel,Isaac Haney,Ja'Monta Black,Dez White
2023-24,2023-12-30,2589184,220,0,2,Memphis,Austin Peay,Tigers,Governors,4,4,41,39,2,1302,Austin Peay,1078,1078,0,Dezi Jones with an offensive rebound.,NA,FALSE,FALSE,NA,NA,NA,NA,NA,NA,0,Austin Peay,Austin Peay,79,NA,Jayden Hardaway,Jahvon Quinerly,Caleb Mills,Nick Jourdain,Malcolm Dandridge,Sai Witt,Hansel Enmanuel,Isaac Haney,Ja'Monta Black,Dez White
2023-24,2023-12-30,2589184,221,0,2,Memphis,Austin Peay,Tigers,Governors,4,4,41,39,2,1302,Austin Peay,1070,1070,8,Dez White misses a 3-point jump shot from 23 feet out.,missed,FALSE,TRUE,Jump Shot,46,15.55,1478383,Dez White,NA,0,Austin Peay,Austin Peay,79,NA,Jayden Hardaway,Jahvon Quinerly,Caleb Mills,Nick Jourdain,Malcolm Dandridge,Sai Witt,Hansel Enmanuel,Isaac Haney,Ja'Monta Black,Dez White
2023-24,2023-12-30,2589184,222,0,2,Memphis,Austin Peay,Tigers,Governors,4,4,41,39,2,1493,Memphis,1070,1070,0,David Jones with a defensive rebound.,NA,FALSE,FALSE,NA,NA,NA,NA,NA,NA,0,Austin Peay,Memphis,79,NA,Jayden Hardaway,Jahvon Quinerly,Caleb Mills,Nick Jourdain,Malcolm Dandridge,Sai Witt,Hansel Enmanuel,Isaac Haney,Ja'Monta Black,Dez White
2023-24,2023-12-30,2589184,223,0,2,Memphis,Austin Peay,Tigers,Governors,4,4,41,39,2,1493,Memphis,1057,1057,13,David Jones misses a 3-point jump shot from 23 feet out.,missed,FALSE,TRUE,Jump Shot,34.4,26.75,1269060,David Jones,NA,0,Memphis,Memphis,80,NA,Jayden Hardaway,Jahvon Quinerly,Caleb Mills,Nick Jourdain,Malcolm Dandridge,Sai Witt,Hansel Enmanuel,Isaac Haney,Ja'Monta Black,Dez White
2023-24,2023-12-30,2589184,224,0,2,Memphis,Austin Peay,Tigers,Governors,4,4,41,39,2,1493,Memphis,1057,1057,0,Malcolm Dandridge with an offensive rebound.,NA,FALSE,FALSE,NA,NA,NA,NA,NA,NA,0,Memphis,Memphis,80,NA,Jayden Hardaway,Jahvon Quinerly,Caleb Mills,Nick Jourdain,Malcolm Dandridge,Sai Witt,Hansel Enmanuel,Isaac Haney,Ja'Monta Black,Dez White
2023-24,2023-12-30,2589184,225,0,2,Memphis,Austin Peay,Tigers,Governors,4,4,41,39,2,1493,Memphis,1048,1048,9,DeMarcus Sharp steals the ball from Malcolm Dandridge.,NA,FALSE,FALSE,NA,NA,NA,NA,NA,NA,0,Memphis,Austin Peay,80,NA,Jayden Hardaway,Jahvon Quinerly,Caleb Mills,Nick Jourdain,Malcolm Dandridge,Sai Witt,Hansel Enmanuel,Isaac Haney,Ja'Monta Black,Dez White
2023-24,2023-12-30,2589184,226,0,2,Memphis,Austin Peay,Tigers,Governors,4,4,41,39,2,1302,Austin Peay,1043,1043,5,David Jones steals the ball from Jordan Wilmore.,NA,FALSE,FALSE,NA,NA,NA,NA,NA,NA,0,Austin Peay,Memphis,81,NA,Jayden Hardaway,Jahvon Quinerly,Caleb Mills,Nick Jourdain,Malcolm Dandridge,Sai Witt,Hansel Enmanuel,Isaac Haney,Ja'Monta Black,Dez White
2023-24,2023-12-30,2589184,227,0,2,Memphis,Austin Peay,Tigers,Governors,4,4,43,39,4,1493,Memphis,1038,1038,5,Nick Jourdain makes a layup. David Jones with the assist.,made,FALSE,FALSE,Layup Shot,25,5.25,1251745,Nick Jourdain,David Jones,0,Memphis,Austin Peay,82,NA,Jayden Hardaway,Jahvon Quinerly,Caleb Mills,Nick Jourdain,Malcolm Dandridge,Sai Witt,Hansel Enmanuel,Isaac Haney,Ja'Monta Black,Dez White
2023-24,2023-12-30,2589184,228,0,2,Memphis,Austin Peay,Tigers,Governors,4,4,43,39,4,1302,Austin Peay,1031,1031,7,DeMarcus Sharp misses a layup.,missed,FALSE,FALSE,Layup Shot,26,6.25,1232235,DeMarcus Sharp,NA,0,Austin Peay,Austin Peay,83,NA,Jayden Hardaway,Jahvon Quinerly,Caleb Mills,Nick Jourdain,Malcolm Dandridge,Sai Witt,Hansel Enmanuel,Isaac Haney,Ja'Monta Black,Dez White
2023-24,2023-12-30,2589184,229,0,2,Memphis,Austin Peay,Tigers,Governors,4,4,43,39,4,1493,Memphis,1031,1031,0,Jayden Hardaway with a defensive rebound.,NA,FALSE,FALSE,NA,NA,NA,NA,NA,NA,0,Austin Peay,Memphis,83,NA,Jayden Hardaway,Jahvon Quinerly,Caleb Mills,Nick Jourdain,Malcolm Dandridge,Sai Witt,Hansel Enmanuel,Isaac Haney,Ja'Monta Black,Dez White
2023-24,2023-12-30,2589184,230,0,2,Memphis,Austin Peay,Tigers,Governors,4,4,43,39,4,1493,Memphis,1026,1026,5,David Jones misses a layup.,missed,FALSE,FALSE,Layup Shot,25,5.25,1269060,David Jones,NA,0,Memphis,Memphis,84,NA,Jayden Hardaway,Jahvon Quinerly,Caleb Mills,Nick Jourdain,Malcolm Dandridge,Sai Witt,Hansel Enmanuel,Isaac Haney,Ja'Monta Black,Dez White
2023-24,2023-12-30,2589184,231,0,2,Memphis,Austin Peay,Tigers,Governors,4,4,43,39,4,1302,Austin Peay,1026,1026,0,Ja'Monta Black with a defensive rebound.,NA,FALSE,FALSE,NA,NA,NA,NA,NA,NA,0,Memphis,Austin Peay,84,NA,Jayden Hardaway,Jahvon Quinerly,Caleb Mills,Nick Jourdain,Malcolm Dandridge,Sai Witt,Hansel Enmanuel,Isaac Haney,Ja'Monta Black,Dez White
2023-24,2023-12-30,2589184,232,0,2,Memphis,Austin Peay,Tigers,Governors,4,4,43,41,2,1302,Austin Peay,1019,1019,7,Dezi Jones makes a jump shot from 10 feet out.,made,FALSE,FALSE,Jump Shot,25.8,15.55,1325142,Dezi Jones,NA,0,Austin Peay,Memphis,85,NA,Jayden Hardaway,Jahvon Quinerly,Caleb Mills,Nick Jourdain,Malcolm Dandridge,Sai Witt,Hansel Enmanuel,Isaac Haney,Ja'Monta Black,Dez White
2023-24,2023-12-30,2589184,233,0,2,Memphis,Austin Peay,Tigers,Governors,4,4,43,41,2,1493,Memphis,1009,1009,10,Jayden Hardaway misses a 3-point jump shot from 23 feet out.,missed,FALSE,TRUE,Jump Shot,45.8,13.950000000000003,1132588,Jayden Hardaway,NA,0,Memphis,Memphis,86,NA,Jayden Hardaway,Jahvon Quinerly,Caleb Mills,Nick Jourdain,Malcolm Dandridge,Sai Witt,Hansel Enmanuel,Isaac Haney,Ja'Monta Black,Dez White
2023-24,2023-12-30,2589184,234,0,2,Memphis,Austin Peay,Tigers,Governors,4,4,43,41,2,1302,Austin Peay,1009,1009,0,DeMarcus Sharp with a defensive rebound.,NA,FALSE,FALSE,NA,NA,NA,NA,NA,NA,0,Memphis,Austin Peay,86,NA,Jayden Hardaway,Jahvon Quinerly,Caleb Mills,Nick Jourdain,Malcolm Dandridge,Sai Witt,Hansel Enmanuel,Isaac Haney,Ja'Monta Black,Dez White
2023-24,2023-12-30,2589184,235,0,2,Memphis,Austin Peay,Tigers,Governors,4,4,43,41,2,1302,Austin Peay,999,999,10,Dez White misses a 3-point jump shot from 23 feet out.,missed,FALSE,TRUE,Jump Shot,14,25.05,1478383,Dez White,NA,0,Austin Peay,Memphis,87,NA,Jayden Hardaway,Jahvon Quinerly,Caleb Mills,Nick Jourdain,Malcolm Dandridge,Sai Witt,Hansel Enmanuel,Isaac Haney,Ja'Monta Black,Dez White
2023-24,2023-12-30,2589184,237,0,2,Memphis,Austin Peay,Tigers,Governors,4,4,43,41,2,NA,NA,958,958,41,Official TV timeout.,NA,FALSE,FALSE,NA,NA,NA,NA,NA,NA,0,NA,NA,NA,NA,Jayden Hardaway,Jahvon Quinerly,Caleb Mills,Nick Jourdain,Malcolm Dandridge,Sai Witt,Hansel Enmanuel,Isaac Haney,Ja'Monta Black,Dez White
2023-24,2023-12-30,2589184,238,0,2,Memphis,Austin Peay,Tigers,Governors,4,4,43,41,2,1493,Memphis,958,958,0,Substitution: Nae'Qwan Tomlin in for Malcolm Dandridge.,NA,FALSE,FALSE,NA,NA,NA,NA,NA,NA,1,NA,NA,NA,NA,Jayden Hardaway,Jahvon Quinerly,Caleb Mills,Nick Jourdain,Nae'Qwan Tomlin,Sai Witt,Hansel Enmanuel,Isaac Haney,Ja'Monta Black,Dez White
2023-24,2023-12-30,2589184,239,0,2,Memphis,Austin Peay,Tigers,Governors,4,4,43,41,2,1493,Memphis,958,958,0,Substitution: Jaykwon Walton in for Jayden Hardaway.,NA,FALSE,FALSE,NA,NA,NA,NA,NA,NA,1,NA,NA,NA,NA,Jaykwon Walton,Jahvon Quinerly,Caleb Mills,Nick Jourdain,Nae'Qwan Tomlin,Sai Witt,Hansel Enmanuel,Isaac Haney,Ja'Monta Black,Dez White
2023-24,2023-12-30,2589184,240,0,2,Memphis,Austin Peay,Tigers,Governors,4,4,43,41,2,1493,Memphis,958,958,0,Substitution: Jayhlon Young in for Nick Jourdain.,NA,FALSE,FALSE,NA,NA,NA,NA,NA,NA,1,NA,NA,NA,NA,Jaykwon Walton,Jahvon Quinerly,Caleb Mills,Jayhlon Young,Nae'Qwan Tomlin,Sai Witt,Hansel Enmanuel,Isaac Haney,Ja'Monta Black,Dez White
2023-24,2023-12-30,2589184,241,0,2,Memphis,Austin Peay,Tigers,Governors,4,4,43,41,2,1302,Austin Peay,958,958,0,Substitution: Isaac Haney in for Ja'Monta Black.,NA,FALSE,FALSE,NA,NA,NA,NA,NA,NA,1,NA,NA,NA,Sub already in game,Jaykwon Walton,Jahvon Quinerly,Caleb Mills,Jayhlon Young,Nae'Qwan Tomlin,Sai Witt,Hansel Enmanuel,Isaac Haney,Ja'Monta Black,Dez White
2023-24,2023-12-30,2589184,242,0,2,Memphis,Austin Peay,Tigers,Governors,4,4,43,41,2,1302,Austin Peay,958,958,0,Substitution: Sai Witt in for Jordan Wilmore.,NA,FALSE,FALSE,NA,NA,NA,NA,NA,NA,1,NA,NA,NA,Sub already in game,Jaykwon Walton,Jahvon Quinerly,Caleb Mills,Jayhlon Young,Nae'Qwan Tomlin,Sai Witt,Hansel Enmanuel,Isaac Haney,Ja'Monta Black,Dez White
2023-24,2023-12-30,2589184,243,0,2,Memphis,Austin Peay,Tigers,Governors,4,4,43,41,2,1493,Memphis,958,958,0,Jahvon Quinerly misses a 3-point jump shot from 25 feet out.,missed,FALSE,TRUE,Jump Shot,28.7,30.15,1138647,Jahvon Quinerly,NA,0,Memphis,Memphis,88,NA,Jaykwon Walton,Jahvon Quinerly,Caleb Mills,Jayhlon Young,Nae'Qwan Tomlin,Sai Witt,Hansel Enmanuel,Isaac Haney,Ja'Monta Black,Dez White
2023-24,2023-12-30,2589184,244,0,2,Memphis,Austin Peay,Tigers,Governors,4,4,43,41,2,1302,Austin Peay,958,958,0,Isaac Haney with a defensive rebound.,NA,FALSE,FALSE,NA,NA,NA,NA,NA,NA,0,Memphis,Austin Peay,88,NA,Jaykwon Walton,Jahvon Quinerly,Caleb Mills,Jayhlon Young,Nae'Qwan Tomlin,Sai Witt,Hansel Enmanuel,Isaac Haney,Ja'Monta Black,Dez White
2023-24,2023-12-30,2589184,245,0,2,Memphis,Austin Peay,Tigers,Governors,4,4,43,41,2,1302,Austin Peay,951,951,7,David Jones steals the ball from Isaac Haney.,NA,FALSE,FALSE,NA,NA,NA,NA,NA,NA,0,Austin Peay,Memphis,89,NA,Jaykwon Walton,Jahvon Quinerly,Caleb Mills,Jayhlon Young,Nae'Qwan Tomlin,Sai Witt,Hansel Enmanuel,Isaac Haney,Ja'Monta Black,Dez White
2023-24,2023-12-30,2589184,246,0,2,Memphis,Austin Peay,Tigers,Governors,4,4,43,41,2,1493,Memphis,942,942,9,Dezi Jones steals the ball from Jaykwon Walton.,NA,FALSE,FALSE,NA,NA,NA,NA,NA,NA,0,Memphis,Austin Peay,90,NA,Jaykwon Walton,Jahvon Quinerly,Caleb Mills,Jayhlon Young,Nae'Qwan Tomlin,Sai Witt,Hansel Enmanuel,Isaac Haney,Ja'Monta Black,Dez White
2023-24,2023-12-30,2589184,247,0,2,Memphis,Austin Peay,Tigers,Governors,4,4,43,41,2,1302,Austin Peay,931,931,11,Jayhlon Young blocks a Dez White layup.,missed,FALSE,FALSE,Layup Shot,25,5.25,1478383,Dez White,NA,0,Austin Peay,Austin Peay,91,NA,Jaykwon Walton,Jahvon Quinerly,Caleb Mills,Jayhlon Young,Nae'Qwan Tomlin,Sai Witt,Hansel Enmanuel,Isaac Haney,Ja'Monta Black,Dez White
2023-24,2023-12-30,2589184,248,0,2,Memphis,Austin Peay,Tigers,Governors,4,4,43,41,2,1302,Austin Peay,931,931,0,Dezi Jones with an offensive rebound.,NA,FALSE,FALSE,NA,NA,NA,NA,NA,NA,0,Austin Peay,Austin Peay,91,NA,Jaykwon Walton,Jahvon Quinerly,Caleb Mills,Jayhlon Young,Nae'Qwan Tomlin,Sai Witt,Hansel Enmanuel,Isaac Haney,Ja'Monta Black,Dez White
2023-24,2023-12-30,2589184,249,0,2,Memphis,Austin Peay,Tigers,Governors,4,4,43,44,-1,1302,Austin Peay,907,907,24,Isaac Haney makes a 3-point jump shot from 23 feet out. Dezi Jones with the assist.,made,FALSE,TRUE,Jump Shot,4.300000000000001,14.55,1324448,Isaac Haney,Dezi Jones,0,Austin Peay,Memphis,91,NA,Jaykwon Walton,Jahvon Quinerly,Caleb Mills,Jayhlon Young,Nae'Qwan Tomlin,Sai Witt,Hansel Enmanuel,Isaac Haney,Ja'Monta Black,Dez White
2023-24,2023-12-30,2589184,250,0,2,Memphis,Austin Peay,Tigers,Governors,4,4,43,44,-1,1493,Memphis,900,900,7,Sai Witt steals the ball from Jahvon Quinerly.,NA,FALSE,FALSE,NA,NA,NA,NA,NA,NA,0,Memphis,Austin Peay,92,NA,Jaykwon Walton,Jahvon Quinerly,Caleb Mills,Jayhlon Young,Nae'Qwan Tomlin,Sai Witt,Hansel Enmanuel,Isaac Haney,Ja'Monta Black,Dez White
2023-24,2023-12-30,2589184,251,0,2,Memphis,Austin Peay,Tigers,Governors,4,4,43,44,-1,1302,Austin Peay,893,893,7,Dez White misses a 3-point jump shot from 25 feet out.,missed,FALSE,TRUE,Jump Shot,39.2,26.05,1478383,Dez White,NA,0,Austin Peay,Austin Peay,93,NA,Jaykwon Walton,Jahvon Quinerly,Caleb Mills,Jayhlon Young,Nae'Qwan Tomlin,Sai Witt,Hansel Enmanuel,Isaac Haney,Ja'Monta Black,Dez White
2023-24,2023-12-30,2589184,252,0,2,Memphis,Austin Peay,Tigers,Governors,4,4,43,44,-1,1493,Memphis,893,893,0,Jayhlon Young with a defensive rebound.,NA,FALSE,FALSE,NA,NA,NA,NA,NA,NA,0,Austin Peay,Memphis,93,NA,Jaykwon Walton,Jahvon Quinerly,Caleb Mills,Jayhlon Young,Nae'Qwan Tomlin,Sai Witt,Hansel Enmanuel,Isaac Haney,Ja'Monta Black,Dez White
2023-24,2023-12-30,2589184,253,0,2,Memphis,Austin Peay,Tigers,Governors,4,4,45,44,1,1493,Memphis,883,883,10,David Jones dunks. Jahvon Quinerly with the assist.,made,FALSE,FALSE,Dunk Shot,25,5.25,1269060,David Jones,Jahvon Quinerly,0,Memphis,Austin Peay,94,NA,Jaykwon Walton,Jahvon Quinerly,Caleb Mills,Jayhlon Young,Nae'Qwan Tomlin,Sai Witt,Hansel Enmanuel,Isaac Haney,Ja'Monta Black,Dez White
2023-24,2023-12-30,2589184,254,0,2,Memphis,Austin Peay,Tigers,Governors,4,4,45,46,-1,1302,Austin Peay,876,876,7,Sai Witt makes a layup. DeMarcus Sharp with the assist.,made,FALSE,FALSE,Layup Shot,25,5.25,1325118,Sai Witt,DeMarcus Sharp,0,Austin Peay,Memphis,95,NA,Jaykwon Walton,Jahvon Quinerly,Caleb Mills,Jayhlon Young,Nae'Qwan Tomlin,Sai Witt,Hansel Enmanuel,Isaac Haney,Ja'Monta Black,Dez White
2023-24,2023-12-30,2589184,255,0,2,Memphis,Austin Peay,Tigers,Governors,4,4,45,46,-1,1302,Austin Peay,867,867,9,Personal foul committed by Sai Witt.,NA,FALSE,FALSE,NA,NA,NA,NA,NA,NA,0,Memphis,Memphis,96,NA,Jaykwon Walton,Jahvon Quinerly,Caleb Mills,Jayhlon Young,Nae'Qwan Tomlin,Sai Witt,Hansel Enmanuel,Isaac Haney,Ja'Monta Black,Dez White
2023-24,2023-12-30,2589184,256,0,2,Memphis,Austin Peay,Tigers,Governors,4,4,48,46,2,1493,Memphis,864,864,3,Jahvon Quinerly makes a 3-point jump shot from 23 feet out.,made,FALSE,TRUE,Jump Shot,32.9,26.75,1138647,Jahvon Quinerly,NA,0,Memphis,Austin Peay,96,NA,Jaykwon Walton,Jahvon Quinerly,Caleb Mills,Jayhlon Young,Nae'Qwan Tomlin,Sai Witt,Hansel Enmanuel,Isaac Haney,Ja'Monta Black,Dez White
2023-24,2023-12-30,2589184,257,0,2,Memphis,Austin Peay,Tigers,Governors,4,4,48,46,2,1302,Austin Peay,857,857,7,DeMarcus Sharp misses a jump shot from 14 feet out.,missed,FALSE,FALSE,Jump Shot,29.5,18.75,1232235,DeMarcus Sharp,NA,0,Austin Peay,Austin Peay,97,NA,Jaykwon Walton,Jahvon Quinerly,Caleb Mills,Jayhlon Young,Nae'Qwan Tomlin,Sai Witt,Hansel Enmanuel,Isaac Haney,Ja'Monta Black,Dez White
2023-24,2023-12-30,2589184,258,0,2,Memphis,Austin Peay,Tigers,Governors,4,4,48,46,2,1302,Austin Peay,857,857,0,Dez White with an offensive rebound.,NA,FALSE,FALSE,NA,NA,NA,NA,NA,NA,0,Austin Peay,Austin Peay,97,NA,Jaykwon Walton,Jahvon Quinerly,Caleb Mills,Jayhlon Young,Nae'Qwan Tomlin,Sai Witt,Hansel Enmanuel,Isaac Haney,Ja'Monta Black,Dez White
2023-24,2023-12-30,2589184,259,0,2,Memphis,Austin Peay,Tigers,Governors,4,4,48,48,0,1302,Austin Peay,853,853,4,Dez White makes a layup.,made,FALSE,FALSE,Layup Shot,26,6.25,1478383,Dez White,NA,0,Austin Peay,Memphis,97,NA,Jaykwon Walton,Jahvon Quinerly,Caleb Mills,Jayhlon Young,Nae'Qwan Tomlin,Sai Witt,Hansel Enmanuel,Isaac Haney,Ja'Monta Black,Dez White
2023-24,2023-12-30,2589184,260,0,2,Memphis,Austin Peay,Tigers,Governors,4,4,48,48,0,1302,Austin Peay,847,847,6,Shooting foul committed by Dez White.,NA,FALSE,FALSE,NA,NA,NA,NA,NA,NA,0,Memphis,Memphis,98,NA,Jaykwon Walton,Jahvon Quinerly,Caleb Mills,Jayhlon Young,Nae'Qwan Tomlin,Sai Witt,Hansel Enmanuel,Isaac Haney,Ja'Monta Black,Dez White
2023-24,2023-12-30,2589184,261,0,2,Memphis,Austin Peay,Tigers,Governors,4,4,49,48,1,1493,Memphis,847,847,0,Jayhlon Young makes free throw 1 of 2.,made,TRUE,FALSE,NA,NA,NA,NA,NA,NA,0,Memphis,Memphis,98,NA,Jaykwon Walton,Jahvon Quinerly,Caleb Mills,Jayhlon Young,Nae'Qwan Tomlin,Sai Witt,Hansel Enmanuel,Isaac Haney,Ja'Monta Black,Dez White
2023-24,2023-12-30,2589184,262,0,2,Memphis,Austin Peay,Tigers,Governors,4,4,50,48,2,1493,Memphis,847,847,0,Jayhlon Young makes free throw 2 of 2.,made,TRUE,FALSE,NA,NA,NA,NA,NA,NA,0,Memphis,Austin Peay,98,NA,Jaykwon Walton,Jahvon Quinerly,Caleb Mills,Jayhlon Young,Nae'Qwan Tomlin,Sai Witt,Hansel Enmanuel,Isaac Haney,Ja'Monta Black,Dez White
2023-24,2023-12-30,2589184,263,0,2,Memphis,Austin Peay,Tigers,Governors,4,4,50,48,2,1302,Austin Peay,793,793,54,Nae'Qwan Tomlin blocks a Isaac Haney jump shot from 11 feet out.,missed,FALSE,FALSE,Jump Shot,25.1,16.05,1324448,Isaac Haney,NA,0,Austin Peay,Austin Peay,99,NA,Jaykwon Walton,Jahvon Quinerly,Caleb Mills,Jayhlon Young,Nae'Qwan Tomlin,Sai Witt,Hansel Enmanuel,Isaac Haney,Ja'Monta Black,Dez White
2023-24,2023-12-30,2589184,265,0,2,Memphis,Austin Peay,Tigers,Governors,4,4,50,48,2,1493,Memphis,793,793,0,Personal foul committed by Nae'Qwan Tomlin.,NA,FALSE,FALSE,NA,NA,NA,NA,NA,NA,0,Austin Peay,Austin Peay,99,NA,Jaykwon Walton,Jahvon Quinerly,Caleb Mills,Jayhlon Young,Nae'Qwan Tomlin,Sai Witt,Hansel Enmanuel,Isaac Haney,Ja'Monta Black,Dez White
2023-24,2023-12-30,2589184,266,0,2,Memphis,Austin Peay,Tigers,Governors,4,4,50,48,2,1302,Austin Peay,793,793,0,Substitution: Hansel Enmanuel in for Isaac Haney.,NA,FALSE,FALSE,NA,NA,NA,NA,NA,NA,1,NA,NA,NA,Sub already in game,Jaykwon Walton,Jahvon Quinerly,Caleb Mills,Jayhlon Young,Nae'Qwan Tomlin,Sai Witt,Hansel Enmanuel,Isaac Haney,Ja'Monta Black,Dez White
2023-24,2023-12-30,2589184,267,0,2,Memphis,Austin Peay,Tigers,Governors,4,4,50,48,2,1302,Austin Peay,793,793,0,Dez White misses a 3-point jump shot from 24 feet out.,missed,FALSE,TRUE,Jump Shot,7.600000000000001,21.35,1478383,Dez White,NA,0,Austin Peay,Austin Peay,99,NA,Jaykwon Walton,Jahvon Quinerly,Caleb Mills,Jayhlon Young,Nae'Qwan Tomlin,Sai Witt,Hansel Enmanuel,Isaac Haney,Ja'Monta Black,Dez White
2023-24,2023-12-30,2589184,268,0,2,Memphis,Austin Peay,Tigers,Governors,4,4,50,48,2,1302,Austin Peay,793,793,0,Sai Witt with an offensive rebound.,NA,FALSE,FALSE,NA,NA,NA,NA,NA,NA,0,Austin Peay,Austin Peay,99,NA,Jaykwon Walton,Jahvon Quinerly,Caleb Mills,Jayhlon Young,Nae'Qwan Tomlin,Sai Witt,Hansel Enmanuel,Isaac Haney,Ja'Monta Black,Dez White
2023-24,2023-12-30,2589184,269,0,2,Memphis,Austin Peay,Tigers,Governors,4,4,50,48,2,1302,Austin Peay,793,793,0,Nae'Qwan Tomlin blocks a Sai Witt layup.,missed,FALSE,FALSE,Layup Shot,26,6.25,1325118,Sai Witt,NA,0,Austin Peay,Austin Peay,99,NA,Jaykwon Walton,Jahvon Quinerly,Caleb Mills,Jayhlon Young,Nae'Qwan Tomlin,Sai Witt,Hansel Enmanuel,Isaac Haney,Ja'Monta Black,Dez White
2023-24,2023-12-30,2589184,270,0,2,Memphis,Austin Peay,Tigers,Governors,4,4,50,48,2,1493,Memphis,793,793,0,Jaykwon Walton with a defensive rebound.,NA,FALSE,FALSE,NA,NA,NA,NA,NA,NA,0,Austin Peay,Memphis,99,NA,Jaykwon Walton,Jahvon Quinerly,Caleb Mills,Jayhlon Young,Nae'Qwan Tomlin,Sai Witt,Hansel Enmanuel,Isaac Haney,Ja'Monta Black,Dez White
2023-24,2023-12-30,2589184,271,0,2,Memphis,Austin Peay,Tigers,Governors,4,4,50,48,2,1302,Austin Peay,793,793,0,Substitution: Ja'Monta Black in for Sai Witt.,NA,FALSE,FALSE,NA,NA,NA,NA,NA,NA,1,NA,NA,NA,Sub already in game,Jaykwon Walton,Jahvon Quinerly,Caleb Mills,Jayhlon Young,Nae'Qwan Tomlin,Sai Witt,Hansel Enmanuel,Isaac Haney,Ja'Monta Black,Dez White
2023-24,2023-12-30,2589184,272,0,2,Memphis,Austin Peay,Tigers,Governors,4,4,50,48,2,1302,Austin Peay,793,793,0,Substitution: JaVar Daniel in for Dez White.,NA,FALSE,FALSE,NA,NA,NA,NA,NA,NA,1,NA,NA,NA,NA,Jaykwon Walton,Jahvon Quinerly,Caleb Mills,Jayhlon Young,Nae'Qwan Tomlin,Sai Witt,Hansel Enmanuel,Isaac Haney,Ja'Monta Black,JaVar Daniel
2023-24,2023-12-30,2589184,273,0,2,Memphis,Austin Peay,Tigers,Governors,4,4,50,48,2,1302,Austin Peay,793,793,0,Shooting foul committed by DeMarcus Sharp.,NA,FALSE,FALSE,NA,NA,NA,NA,NA,NA,0,Memphis,Memphis,100,NA,Jaykwon Walton,Jahvon Quinerly,Caleb Mills,Jayhlon Young,Nae'Qwan Tomlin,Sai Witt,Hansel Enmanuel,Isaac Haney,Ja'Monta Black,JaVar Daniel
2023-24,2023-12-30,2589184,274,0,2,Memphis,Austin Peay,Tigers,Governors,4,4,51,48,3,1493,Memphis,793,793,0,Jahvon Quinerly makes free throw 1 of 2.,made,TRUE,FALSE,NA,NA,NA,NA,NA,NA,0,Memphis,Memphis,100,NA,Jaykwon Walton,Jahvon Quinerly,Caleb Mills,Jayhlon Young,Nae'Qwan Tomlin,Sai Witt,Hansel Enmanuel,Isaac Haney,Ja'Monta Black,JaVar Daniel
2023-24,2023-12-30,2589184,275,0,2,Memphis,Austin Peay,Tigers,Governors,4,4,52,48,4,1493,Memphis,793,793,0,Jahvon Quinerly makes free throw 2 of 2.,made,TRUE,FALSE,NA,NA,NA,NA,NA,NA,0,Memphis,Austin Peay,100,NA,Jaykwon Walton,Jahvon Quinerly,Caleb Mills,Jayhlon Young,Nae'Qwan Tomlin,Sai Witt,Hansel Enmanuel,Isaac Haney,Ja'Monta Black,JaVar Daniel
2023-24,2023-12-30,2589184,276,0,2,Memphis,Austin Peay,Tigers,Governors,4,4,52,48,4,1493,Memphis,793,793,0,Shooting foul committed by Nae'Qwan Tomlin.,NA,FALSE,FALSE,NA,NA,NA,NA,NA,NA,0,Austin Peay,Austin Peay,101,NA,Jaykwon Walton,Jahvon Quinerly,Caleb Mills,Jayhlon Young,Nae'Qwan Tomlin,Sai Witt,Hansel Enmanuel,Isaac Haney,Ja'Monta Black,JaVar Daniel
2023-24,2023-12-30,2589184,277,0,2,Memphis,Austin Peay,Tigers,Governors,4,4,52,49,3,1302,Austin Peay,749,749,44,Hansel Enmanuel makes free throw 1 of 2.,made,TRUE,FALSE,NA,NA,NA,NA,NA,NA,0,Austin Peay,Austin Peay,101,NA,Jaykwon Walton,Jahvon Quinerly,Caleb Mills,Jayhlon Young,Nae'Qwan Tomlin,Sai Witt,Hansel Enmanuel,Isaac Haney,Ja'Monta Black,JaVar Daniel
2023-24,2023-12-30,2589184,278,0,2,Memphis,Austin Peay,Tigers,Governors,4,4,52,49,3,1302,Austin Peay,749,749,0,Hansel Enmanuel misses free throw 2 of 2.,missed,TRUE,FALSE,NA,NA,NA,NA,NA,NA,0,Austin Peay,Austin Peay,101,NA,Jaykwon Walton,Jahvon Quinerly,Caleb Mills,Jayhlon Young,Nae'Qwan Tomlin,Sai Witt,Hansel Enmanuel,Isaac Haney,Ja'Monta Black,JaVar Daniel
2023-24,2023-12-30,2589184,279,0,2,Memphis,Austin Peay,Tigers,Governors,4,4,52,49,3,1493,Memphis,749,749,0,Nae'Qwan Tomlin with a defensive rebound.,NA,FALSE,FALSE,NA,NA,NA,NA,NA,NA,0,Austin Peay,Memphis,101,NA,Jaykwon Walton,Jahvon Quinerly,Caleb Mills,Jayhlon Young,Nae'Qwan Tomlin,Sai Witt,Hansel Enmanuel,Isaac Haney,Ja'Monta Black,JaVar Daniel
2023-24,2023-12-30,2589184,280,0,2,Memphis,Austin Peay,Tigers,Governors,4,4,52,49,3,1493,Memphis,749,749,0,Jaykwon Walton misses a jump shot from 14 feet out.,missed,FALSE,FALSE,Jump Shot,30,18.25,1175377,Jaykwon Walton,NA,0,Memphis,Memphis,102,NA,Jaykwon Walton,Jahvon Quinerly,Caleb Mills,Jayhlon Young,Nae'Qwan Tomlin,Sai Witt,Hansel Enmanuel,Isaac Haney,Ja'Monta Black,JaVar Daniel
2023-24,2023-12-30,2589184,281,0,2,Memphis,Austin Peay,Tigers,Governors,4,4,52,49,3,1493,Memphis,749,749,0,Nae'Qwan Tomlin with an offensive rebound.,NA,FALSE,FALSE,NA,NA,NA,NA,NA,NA,0,Memphis,Memphis,102,NA,Jaykwon Walton,Jahvon Quinerly,Caleb Mills,Jayhlon Young,Nae'Qwan Tomlin,Sai Witt,Hansel Enmanuel,Isaac Haney,Ja'Monta Black,JaVar Daniel
2023-24,2023-12-30,2589184,282,0,2,Memphis,Austin Peay,Tigers,Governors,4,4,52,49,3,1493,Memphis,746,746,3,Nae'Qwan Tomlin misses a layup.,missed,FALSE,FALSE,Layup Shot,25,5.25,1403628,Nae'Qwan Tomlin,NA,0,Memphis,Memphis,102,NA,Jaykwon Walton,Jahvon Quinerly,Caleb Mills,Jayhlon Young,Nae'Qwan Tomlin,Sai Witt,Hansel Enmanuel,Isaac Haney,Ja'Monta Black,JaVar Daniel
2023-24,2023-12-30,2589184,283,0,2,Memphis,Austin Peay,Tigers,Governors,4,4,52,49,3,1302,Austin Peay,746,746,0,Dezi Jones with a defensive rebound.,NA,FALSE,FALSE,NA,NA,NA,NA,NA,NA,0,Memphis,Austin Peay,102,NA,Jaykwon Walton,Jahvon Quinerly,Caleb Mills,Jayhlon Young,Nae'Qwan Tomlin,Sai Witt,Hansel Enmanuel,Isaac Haney,Ja'Monta Black,JaVar Daniel
2023-24,2023-12-30,2589184,284,0,2,Memphis,Austin Peay,Tigers,Governors,4,4,52,49,3,1302,Austin Peay,739,739,7,Jayhlon Young steals the ball from Dezi Jones.,NA,FALSE,FALSE,NA,NA,NA,NA,NA,NA,0,Austin Peay,Memphis,103,NA,Jaykwon Walton,Jahvon Quinerly,Caleb Mills,Jayhlon Young,Nae'Qwan Tomlin,Sai Witt,Hansel Enmanuel,Isaac Haney,Ja'Monta Black,JaVar Daniel
2023-24,2023-12-30,2589184,285,0,2,Memphis,Austin Peay,Tigers,Governors,4,4,52,49,3,1302,Austin Peay,733,733,6,Shooting foul committed by Hansel Enmanuel.,NA,FALSE,FALSE,NA,NA,NA,NA,NA,NA,0,Memphis,Memphis,104,NA,Jaykwon Walton,Jahvon Quinerly,Caleb Mills,Jayhlon Young,Nae'Qwan Tomlin,Sai Witt,Hansel Enmanuel,Isaac Haney,Ja'Monta Black,JaVar Daniel
2023-24,2023-12-30,2589184,286,0,2,Memphis,Austin Peay,Tigers,Governors,4,4,52,49,3,NA,NA,719,719,14,Official TV timeout.,NA,FALSE,FALSE,NA,NA,NA,NA,NA,NA,0,NA,NA,NA,NA,Jaykwon Walton,Jahvon Quinerly,Caleb Mills,Jayhlon Young,Nae'Qwan Tomlin,Sai Witt,Hansel Enmanuel,Isaac Haney,Ja'Monta Black,JaVar Daniel
2023-24,2023-12-30,2589184,287,0,2,Memphis,Austin Peay,Tigers,Governors,4,4,53,49,4,1493,Memphis,719,719,0,David Jones makes free throw 1 of 2.,made,TRUE,FALSE,NA,NA,NA,NA,NA,NA,0,Memphis,Memphis,104,NA,Jaykwon Walton,Jahvon Quinerly,Caleb Mills,Jayhlon Young,Nae'Qwan Tomlin,Sai Witt,Hansel Enmanuel,Isaac Haney,Ja'Monta Black,JaVar Daniel
2023-24,2023-12-30,2589184,288,0,2,Memphis,Austin Peay,Tigers,Governors,4,4,54,49,5,1493,Memphis,719,719,0,David Jones makes free throw 2 of 2.,made,TRUE,FALSE,NA,NA,NA,NA,NA,NA,0,Memphis,Austin Peay,104,NA,Jaykwon Walton,Jahvon Quinerly,Caleb Mills,Jayhlon Young,Nae'Qwan Tomlin,Sai Witt,Hansel Enmanuel,Isaac Haney,Ja'Monta Black,JaVar Daniel
2023-24,2023-12-30,2589184,289,0,2,Memphis,Austin Peay,Tigers,Governors,4,4,54,49,5,1302,Austin Peay,718,718,1,JaVar Daniel misses a hook shot from 5 feet out.,missed,FALSE,FALSE,Hook Shot,25.8,9.95,1498747,JaVar Daniel,NA,0,Austin Peay,Austin Peay,105,NA,Jaykwon Walton,Jahvon Quinerly,Caleb Mills,Jayhlon Young,Nae'Qwan Tomlin,Sai Witt,Hansel Enmanuel,Isaac Haney,Ja'Monta Black,JaVar Daniel
2023-24,2023-12-30,2589184,290,0,2,Memphis,Austin Peay,Tigers,Governors,4,4,54,49,5,1493,Memphis,718,718,0,Nae'Qwan Tomlin with a defensive rebound.,NA,FALSE,FALSE,NA,NA,NA,NA,NA,NA,0,Austin Peay,Memphis,105,NA,Jaykwon Walton,Jahvon Quinerly,Caleb Mills,Jayhlon Young,Nae'Qwan Tomlin,Sai Witt,Hansel Enmanuel,Isaac Haney,Ja'Monta Black,JaVar Daniel
2023-24,2023-12-30,2589184,291,0,2,Memphis,Austin Peay,Tigers,Governors,4,4,56,49,7,1493,Memphis,710,710,8,Jahvon Quinerly makes a layup.,made,FALSE,FALSE,Layup Shot,26,6.25,1138647,Jahvon Quinerly,NA,0,Memphis,Austin Peay,106,NA,Jaykwon Walton,Jahvon Quinerly,Caleb Mills,Jayhlon Young,Nae'Qwan Tomlin,Sai Witt,Hansel Enmanuel,Isaac Haney,Ja'Monta Black,JaVar Daniel
2023-24,2023-12-30,2589184,292,0,2,Memphis,Austin Peay,Tigers,Governors,4,4,56,51,5,1302,Austin Peay,703,703,7,DeMarcus Sharp makes a jump shot from 11 feet out.,made,FALSE,FALSE,Jump Shot,17.3,12.45,1232235,DeMarcus Sharp,NA,0,Austin Peay,Memphis,107,NA,Jaykwon Walton,Jahvon Quinerly,Caleb Mills,Jayhlon Young,Nae'Qwan Tomlin,Sai Witt,Hansel Enmanuel,Isaac Haney,Ja'Monta Black,JaVar Daniel
2023-24,2023-12-30,2589184,293,0,2,Memphis,Austin Peay,Tigers,Governors,4,4,56,51,5,1493,Memphis,632,632,71,Jayhlon Young misses a jump shot from 14 feet out.,missed,FALSE,FALSE,Jump Shot,32.2,17.049999999999997,1406909,Jayhlon Young,NA,0,Memphis,Memphis,108,NA,Jaykwon Walton,Jahvon Quinerly,Caleb Mills,Jayhlon Young,Nae'Qwan Tomlin,Sai Witt,Hansel Enmanuel,Isaac Haney,Ja'Monta Black,JaVar Daniel
2023-24,2023-12-30,2589184,294,0,2,Memphis,Austin Peay,Tigers,Governors,4,4,56,51,5,1493,Memphis,632,632,0,Nae'Qwan Tomlin with an offensive rebound.,NA,FALSE,FALSE,NA,NA,NA,NA,NA,NA,0,Memphis,Memphis,108,NA,Jaykwon Walton,Jahvon Quinerly,Caleb Mills,Jayhlon Young,Nae'Qwan Tomlin,Sai Witt,Hansel Enmanuel,Isaac Haney,Ja'Monta Black,JaVar Daniel
2023-24,2023-12-30,2589184,295,0,2,Memphis,Austin Peay,Tigers,Governors,4,4,56,51,5,1493,Memphis,626,626,6,Nae'Qwan Tomlin misses a dunk.,missed,FALSE,FALSE,Dunk Shot,26,6.25,1403628,Nae'Qwan Tomlin,NA,0,Memphis,Memphis,108,NA,Jaykwon Walton,Jahvon Quinerly,Caleb Mills,Jayhlon Young,Nae'Qwan Tomlin,Sai Witt,Hansel Enmanuel,Isaac Haney,Ja'Monta Black,JaVar Daniel
2023-24,2023-12-30,2589184,296,0,2,Memphis,Austin Peay,Tigers,Governors,4,4,56,51,5,1493,Memphis,626,626,0,Nae'Qwan Tomlin with an offensive rebound.,NA,FALSE,FALSE,NA,NA,NA,NA,NA,NA,0,Memphis,Memphis,108,NA,Jaykwon Walton,Jahvon Quinerly,Caleb Mills,Jayhlon Young,Nae'Qwan Tomlin,Sai Witt,Hansel Enmanuel,Isaac Haney,Ja'Monta Black,JaVar Daniel
2023-24,2023-12-30,2589184,297,0,2,Memphis,Austin Peay,Tigers,Governors,4,4,56,51,5,1493,Memphis,615,615,11,JaVar Daniel blocks a Nae'Qwan Tomlin layup.,missed,FALSE,FALSE,Layup Shot,26,6.25,1403628,Nae'Qwan Tomlin,NA,0,Memphis,Memphis,108,NA,Jaykwon Walton,Jahvon Quinerly,Caleb Mills,Jayhlon Young,Nae'Qwan Tomlin,Sai Witt,Hansel Enmanuel,Isaac Haney,Ja'Monta Black,JaVar Daniel
2023-24,2023-12-30,2589184,298,0,2,Memphis,Austin Peay,Tigers,Governors,4,4,56,51,5,1493,Memphis,615,615,0,Nae'Qwan Tomlin with an offensive rebound.,NA,FALSE,FALSE,NA,NA,NA,NA,NA,NA,0,Memphis,Memphis,108,NA,Jaykwon Walton,Jahvon Quinerly,Caleb Mills,Jayhlon Young,Nae'Qwan Tomlin,Sai Witt,Hansel Enmanuel,Isaac Haney,Ja'Monta Black,JaVar Daniel
2023-24,2023-12-30,2589184,299,0,2,Memphis,Austin Peay,Tigers,Governors,4,4,58,51,7,1493,Memphis,611,611,4,Nae'Qwan Tomlin makes a layup.,made,FALSE,FALSE,Layup Shot,26,6.25,1403628,Nae'Qwan Tomlin,NA,0,Memphis,Austin Peay,108,NA,Jaykwon Walton,Jahvon Quinerly,Caleb Mills,Jayhlon Young,Nae'Qwan Tomlin,Sai Witt,Hansel Enmanuel,Isaac Haney,Ja'Monta Black,JaVar Daniel
2023-24,2023-12-30,2589184,300,0,2,Memphis,Austin Peay,Tigers,Governors,4,4,58,51,7,1302,Austin Peay,606,606,5,Ja'Monta Black misses a 3-point jump shot from 23 feet out.,missed,FALSE,TRUE,Jump Shot,8.2,20.85,1175206,Ja'Monta Black,NA,0,Austin Peay,Austin Peay,109,NA,Jaykwon Walton,Jahvon Quinerly,Caleb Mills,Jayhlon Young,Nae'Qwan Tomlin,Sai Witt,Hansel Enmanuel,Isaac Haney,Ja'Monta Black,JaVar Daniel
2023-24,2023-12-30,2589184,301,0,2,Memphis,Austin Peay,Tigers,Governors,4,4,58,51,7,1302,Austin Peay,606,606,0,Dezi Jones with an offensive rebound.,NA,FALSE,FALSE,NA,NA,NA,NA,NA,NA,0,Austin Peay,Austin Peay,109,NA,Jaykwon Walton,Jahvon Quinerly,Caleb Mills,Jayhlon Young,Nae'Qwan Tomlin,Sai Witt,Hansel Enmanuel,Isaac Haney,Ja'Monta Black,JaVar Daniel
2023-24,2023-12-30,2589184,302,0,2,Memphis,Austin Peay,Tigers,Governors,4,4,58,51,7,1302,Austin Peay,599,599,7,DeMarcus Sharp misses a jump shot from 8 feet out.,missed,FALSE,FALSE,Jump Shot,21.9,13.15,1232235,DeMarcus Sharp,NA,0,Austin Peay,Austin Peay,109,NA,Jaykwon Walton,Jahvon Quinerly,Caleb Mills,Jayhlon Young,Nae'Qwan Tomlin,Sai Witt,Hansel Enmanuel,Isaac Haney,Ja'Monta Black,JaVar Daniel
2023-24,2023-12-30,2589184,303,0,2,Memphis,Austin Peay,Tigers,Governors,4,4,58,51,7,1493,Memphis,599,599,0,Nae'Qwan Tomlin with a defensive rebound.,NA,FALSE,FALSE,NA,NA,NA,NA,NA,NA,0,Austin Peay,Memphis,109,NA,Jaykwon Walton,Jahvon Quinerly,Caleb Mills,Jayhlon Young,Nae'Qwan Tomlin,Sai Witt,Hansel Enmanuel,Isaac Haney,Ja'Monta Black,JaVar Daniel
2023-24,2023-12-30,2589184,304,0,2,Memphis,Austin Peay,Tigers,Governors,4,4,61,51,10,1493,Memphis,593,593,6,Jayhlon Young makes a 3-point jump shot from 23 feet out. Jahvon Quinerly with the assist.,made,FALSE,TRUE,Jump Shot,12.5,25.049999999999997,1406909,Jayhlon Young,Jahvon Quinerly,0,Memphis,Austin Peay,110,NA,Jaykwon Walton,Jahvon Quinerly,Caleb Mills,Jayhlon Young,Nae'Qwan Tomlin,Sai Witt,Hansel Enmanuel,Isaac Haney,Ja'Monta Black,JaVar Daniel
2023-24,2023-12-30,2589184,305,0,2,Memphis,Austin Peay,Tigers,Governors,4,3,61,51,10,1302,Austin Peay,590,590,3,Governors take a 30-second timeout.,NA,FALSE,FALSE,NA,NA,NA,NA,NA,NA,0,NA,NA,NA,NA,Jaykwon Walton,Jahvon Quinerly,Caleb Mills,Jayhlon Young,Nae'Qwan Tomlin,Sai Witt,Hansel Enmanuel,Isaac Haney,Ja'Monta Black,JaVar Daniel
2023-24,2023-12-30,2589184,306,0,2,Memphis,Austin Peay,Tigers,Governors,4,3,61,51,10,NA,NA,590,590,0,Official TV timeout.,NA,FALSE,FALSE,NA,NA,NA,NA,NA,NA,0,NA,NA,NA,NA,Jaykwon Walton,Jahvon Quinerly,Caleb Mills,Jayhlon Young,Nae'Qwan Tomlin,Sai Witt,Hansel Enmanuel,Isaac Haney,Ja'Monta Black,JaVar Daniel
2023-24,2023-12-30,2589184,307,0,2,Memphis,Austin Peay,Tigers,Governors,4,3,61,51,10,1302,Austin Peay,590,590,0,Substitution: Isaac Haney in for JaVar Daniel.,NA,FALSE,FALSE,NA,NA,NA,NA,NA,NA,1,NA,NA,NA,Sub already in game,Jaykwon Walton,Jahvon Quinerly,Caleb Mills,Jayhlon Young,Nae'Qwan Tomlin,Sai Witt,Hansel Enmanuel,Isaac Haney,Ja'Monta Black,JaVar Daniel
2023-24,2023-12-30,2589184,308,0,2,Memphis,Austin Peay,Tigers,Governors,4,3,61,51,10,1302,Austin Peay,590,590,0,Substitution: Dez White in for Hansel Enmanuel.,NA,FALSE,FALSE,NA,NA,NA,NA,NA,NA,1,NA,NA,NA,NA,Jaykwon Walton,Jahvon Quinerly,Caleb Mills,Jayhlon Young,Nae'Qwan Tomlin,Sai Witt,Dez White,Isaac Haney,Ja'Monta Black,JaVar Daniel
2023-24,2023-12-30,2589184,309,0,2,Memphis,Austin Peay,Tigers,Governors,4,3,61,51,10,1302,Austin Peay,590,590,0,Substitution: Jordan Wilmore in for Dezi Jones.,NA,FALSE,FALSE,NA,NA,NA,NA,NA,NA,1,NA,NA,NA,Player leaving not previously in game,Jaykwon Walton,Jahvon Quinerly,Caleb Mills,Jayhlon Young,Nae'Qwan Tomlin,Sai Witt,Dez White,Isaac Haney,Ja'Monta Black,JaVar Daniel
2023-24,2023-12-30,2589184,310,0,2,Memphis,Austin Peay,Tigers,Governors,4,3,61,51,10,1493,Memphis,590,590,0,Substitution: Jayden Hardaway in for David Jones.,NA,FALSE,FALSE,NA,NA,NA,NA,NA,NA,1,NA,NA,NA,Player leaving not previously in game,Jaykwon Walton,Jahvon Quinerly,Caleb Mills,Jayhlon Young,Nae'Qwan Tomlin,Sai Witt,Dez White,Isaac Haney,Ja'Monta Black,JaVar Daniel
2023-24,2023-12-30,2589184,311,0,2,Memphis,Austin Peay,Tigers,Governors,4,3,61,51,10,1493,Memphis,590,590,0,Substitution: Nick Jourdain in for Jaykwon Walton.,NA,FALSE,FALSE,NA,NA,NA,NA,NA,NA,1,NA,NA,NA,NA,Nick Jourdain,Jahvon Quinerly,Caleb Mills,Jayhlon Young,Nae'Qwan Tomlin,Sai Witt,Dez White,Isaac Haney,Ja'Monta Black,JaVar Daniel
2023-24,2023-12-30,2589184,312,0,2,Memphis,Austin Peay,Tigers,Governors,4,3,61,51,10,1302,Austin Peay,590,590,0,Ja'Monta Black with a turnover - Out of Bounds,NA,FALSE,FALSE,NA,NA,NA,NA,NA,NA,0,Austin Peay,Memphis,111,NA,Nick Jourdain,Jahvon Quinerly,Caleb Mills,Jayhlon Young,Nae'Qwan Tomlin,Sai Witt,Dez White,Isaac Haney,Ja'Monta Black,JaVar Daniel
2023-24,2023-12-30,2589184,313,0,2,Memphis,Austin Peay,Tigers,Governors,4,3,63,51,12,1493,Memphis,589,589,1,Nick Jourdain dunks. Jayden Hardaway with the assist.,made,FALSE,FALSE,Dunk Shot,25,5.25,1251745,Nick Jourdain,Jayden Hardaway,0,Memphis,Austin Peay,112,NA,Nick Jourdain,Jahvon Quinerly,Caleb Mills,Jayhlon Young,Nae'Qwan Tomlin,Sai Witt,Dez White,Isaac Haney,Ja'Monta Black,JaVar Daniel
2023-24,2023-12-30,2589184,314,0,2,Memphis,Austin Peay,Tigers,Governors,4,3,63,51,12,1302,Austin Peay,530,530,59,DeMarcus Sharp misses a jump shot from 9 feet out.,missed,FALSE,FALSE,Jump Shot,18.3,11.25,1232235,DeMarcus Sharp,NA,0,Austin Peay,Memphis,113,NA,Nick Jourdain,Jahvon Quinerly,Caleb Mills,Jayhlon Young,Nae'Qwan Tomlin,Sai Witt,Dez White,Isaac Haney,Ja'Monta Black,JaVar Daniel
2023-24,2023-12-30,2589184,316,0,2,Memphis,Austin Peay,Tigers,Governors,4,3,63,51,12,1302,Austin Peay,522,522,8,Shooting foul committed by Jordan Wilmore.,NA,FALSE,FALSE,NA,NA,NA,NA,NA,NA,0,Memphis,Memphis,114,NA,Nick Jourdain,Jahvon Quinerly,Caleb Mills,Jayhlon Young,Nae'Qwan Tomlin,Sai Witt,Dez White,Isaac Haney,Ja'Monta Black,JaVar Daniel
2023-24,2023-12-30,2589184,317,0,2,Memphis,Austin Peay,Tigers,Governors,4,3,63,51,12,1493,Memphis,522,522,0,Nae'Qwan Tomlin misses free throw 1 of 2.,missed,TRUE,FALSE,NA,NA,NA,NA,NA,NA,0,Memphis,Memphis,114,NA,Nick Jourdain,Jahvon Quinerly,Caleb Mills,Jayhlon Young,Nae'Qwan Tomlin,Sai Witt,Dez White,Isaac Haney,Ja'Monta Black,JaVar Daniel
2023-24,2023-12-30,2589184,319,0,2,Memphis,Austin Peay,Tigers,Governors,4,3,63,51,12,1493,Memphis,522,522,0,Substitution: Jaykwon Walton in for Jayhlon Young.,NA,FALSE,FALSE,NA,NA,NA,NA,NA,NA,1,NA,NA,NA,NA,Nick Jourdain,Jahvon Quinerly,Caleb Mills,Jaykwon Walton,Nae'Qwan Tomlin,Sai Witt,Dez White,Isaac Haney,Ja'Monta Black,JaVar Daniel
2023-24,2023-12-30,2589184,320,0,2,Memphis,Austin Peay,Tigers,Governors,4,3,63,51,12,1302,Austin Peay,522,522,0,Substitution: Dezi Jones in for Ja'Monta Black.,NA,FALSE,FALSE,NA,NA,NA,NA,NA,NA,1,NA,NA,NA,NA,Nick Jourdain,Jahvon Quinerly,Caleb Mills,Jaykwon Walton,Nae'Qwan Tomlin,Sai Witt,Dez White,Isaac Haney,Dezi Jones,JaVar Daniel
2023-24,2023-12-30,2589184,321,0,2,Memphis,Austin Peay,Tigers,Governors,4,3,64,51,13,1493,Memphis,522,522,0,Nae'Qwan Tomlin makes free throw 2 of 2.,made,TRUE,FALSE,NA,NA,NA,NA,NA,NA,0,Memphis,Austin Peay,114,NA,Nick Jourdain,Jahvon Quinerly,Caleb Mills,Jaykwon Walton,Nae'Qwan Tomlin,Sai Witt,Dez White,Isaac Haney,Dezi Jones,JaVar Daniel
2023-24,2023-12-30,2589184,322,0,2,Memphis,Austin Peay,Tigers,Governors,4,3,64,51,13,1493,Memphis,522,522,0,Personal foul committed by Jahvon Quinerly.,NA,FALSE,FALSE,NA,NA,NA,NA,NA,NA,0,Austin Peay,Austin Peay,115,NA,Nick Jourdain,Jahvon Quinerly,Caleb Mills,Jaykwon Walton,Nae'Qwan Tomlin,Sai Witt,Dez White,Isaac Haney,Dezi Jones,JaVar Daniel
2023-24,2023-12-30,2589184,323,0,2,Memphis,Austin Peay,Tigers,Governors,4,3,64,51,13,1493,Memphis,522,522,0,Substitution: David Jones in for Jahvon Quinerly.,NA,FALSE,FALSE,NA,NA,NA,NA,NA,NA,1,NA,NA,NA,NA,Nick Jourdain,David Jones,Caleb Mills,Jaykwon Walton,Nae'Qwan Tomlin,Sai Witt,Dez White,Isaac Haney,Dezi Jones,JaVar Daniel
2023-24,2023-12-30,2589184,324,0,2,Memphis,Austin Peay,Tigers,Governors,4,3,64,53,11,1302,Austin Peay,521,521,1,Jordan Wilmore makes a layup. Dezi Jones with the assist.,made,FALSE,FALSE,Layup Shot,25,5.25,1231177,Jordan Wilmore,Dezi Jones,0,Austin Peay,Memphis,115,NA,Nick Jourdain,David Jones,Caleb Mills,Jaykwon Walton,Nae'Qwan Tomlin,Sai Witt,Dez White,Isaac Haney,Dezi Jones,JaVar Daniel
2023-24,2023-12-30,2589184,325,0,2,Memphis,Austin Peay,Tigers,Governors,4,3,64,53,11,1493,Memphis,516,516,5,Nae'Qwan Tomlin misses a 3-point jump shot from 24 feet out.,missed,FALSE,TRUE,Jump Shot,43.6,19.75,1403628,Nae'Qwan Tomlin,NA,0,Memphis,Memphis,116,NA,Nick Jourdain,David Jones,Caleb Mills,Jaykwon Walton,Nae'Qwan Tomlin,Sai Witt,Dez White,Isaac Haney,Dezi Jones,JaVar Daniel
2023-24,2023-12-30,2589184,326,0,2,Memphis,Austin Peay,Tigers,Governors,4,3,64,53,11,1493,Memphis,516,516,0,Nick Jourdain with an offensive rebound.,NA,FALSE,FALSE,NA,NA,NA,NA,NA,NA,0,Memphis,Memphis,116,NA,Nick Jourdain,David Jones,Caleb Mills,Jaykwon Walton,Nae'Qwan Tomlin,Sai Witt,Dez White,Isaac Haney,Dezi Jones,JaVar Daniel
2023-24,2023-12-30,2589184,327,0,2,Memphis,Austin Peay,Tigers,Governors,4,3,64,53,11,1493,Memphis,508,508,8,DeMarcus Sharp steals the ball from David Jones.,NA,FALSE,FALSE,NA,NA,NA,NA,NA,NA,0,Memphis,Austin Peay,116,NA,Nick Jourdain,David Jones,Caleb Mills,Jaykwon Walton,Nae'Qwan Tomlin,Sai Witt,Dez White,Isaac Haney,Dezi Jones,JaVar Daniel
2023-24,2023-12-30,2589184,328,0,2,Memphis,Austin Peay,Tigers,Governors,4,3,64,53,11,1302,Austin Peay,501,501,7,Isaac Haney misses a 3-point jump shot from 23 feet out.,missed,FALSE,TRUE,Jump Shot,14,25.25,1324448,Isaac Haney,NA,0,Austin Peay,Austin Peay,117,NA,Nick Jourdain,David Jones,Caleb Mills,Jaykwon Walton,Nae'Qwan Tomlin,Sai Witt,Dez White,Isaac Haney,Dezi Jones,JaVar Daniel
2023-24,2023-12-30,2589184,329,0,2,Memphis,Austin Peay,Tigers,Governors,4,3,64,53,11,1493,Memphis,501,501,0,Nae'Qwan Tomlin with a defensive rebound.,NA,FALSE,FALSE,NA,NA,NA,NA,NA,NA,0,Austin Peay,Memphis,117,NA,Nick Jourdain,David Jones,Caleb Mills,Jaykwon Walton,Nae'Qwan Tomlin,Sai Witt,Dez White,Isaac Haney,Dezi Jones,JaVar Daniel
2023-24,2023-12-30,2589184,330,0,2,Memphis,Austin Peay,Tigers,Governors,4,3,64,53,11,NA,NA,478,478,23,Official TV timeout.,NA,FALSE,FALSE,NA,NA,NA,NA,NA,NA,0,NA,NA,NA,NA,Nick Jourdain,David Jones,Caleb Mills,Jaykwon Walton,Nae'Qwan Tomlin,Sai Witt,Dez White,Isaac Haney,Dezi Jones,JaVar Daniel
2023-24,2023-12-30,2589184,331,0,2,Memphis,Austin Peay,Tigers,Governors,4,3,66,53,13,1493,Memphis,476,476,2,David Jones makes a jump shot from 13 feet out.,made,FALSE,FALSE,Jump Shot,27.6,17.75,1269060,David Jones,NA,0,Memphis,Austin Peay,118,NA,Nick Jourdain,David Jones,Caleb Mills,Jaykwon Walton,Nae'Qwan Tomlin,Sai Witt,Dez White,Isaac Haney,Dezi Jones,JaVar Daniel
2023-24,2023-12-30,2589184,332,0,2,Memphis,Austin Peay,Tigers,Governors,4,3,66,53,13,1302,Austin Peay,471,471,5,Isaac Haney with a turnover - Lost Ball,NA,FALSE,FALSE,NA,NA,NA,NA,NA,NA,0,Austin Peay,Memphis,119,NA,Nick Jourdain,David Jones,Caleb Mills,Jaykwon Walton,Nae'Qwan Tomlin,Sai Witt,Dez White,Isaac Haney,Dezi Jones,JaVar Daniel
2023-24,2023-12-30,2589184,333,0,2,Memphis,Austin Peay,Tigers,Governors,4,3,68,53,15,1493,Memphis,469,469,2,David Jones makes a layup.,made,FALSE,FALSE,Layup Shot,26,6.25,1269060,David Jones,NA,0,Memphis,Memphis,120,NA,Nick Jourdain,David Jones,Caleb Mills,Jaykwon Walton,Nae'Qwan Tomlin,Sai Witt,Dez White,Isaac Haney,Dezi Jones,JaVar Daniel
2023-24,2023-12-30,2589184,334,0,2,Memphis,Austin Peay,Tigers,Governors,4,3,68,53,15,1302,Austin Peay,464,464,5,Shooting foul committed by Dezi Jones.,NA,FALSE,FALSE,NA,NA,NA,NA,NA,NA,0,Memphis,Memphis,120,NA,Nick Jourdain,David Jones,Caleb Mills,Jaykwon Walton,Nae'Qwan Tomlin,Sai Witt,Dez White,Isaac Haney,Dezi Jones,JaVar Daniel
2023-24,2023-12-30,2589184,335,0,2,Memphis,Austin Peay,Tigers,Governors,4,3,68,53,15,1302,Austin Peay,464,464,0,Substitution: Ja'Monta Black in for Isaac Haney.,NA,FALSE,FALSE,NA,NA,NA,NA,NA,NA,1,NA,NA,NA,NA,Nick Jourdain,David Jones,Caleb Mills,Jaykwon Walton,Nae'Qwan Tomlin,Sai Witt,Dez White,Ja'Monta Black,Dezi Jones,JaVar Daniel
2023-24,2023-12-30,2589184,336,0,2,Memphis,Austin Peay,Tigers,Governors,4,3,68,53,15,1493,Memphis,464,464,0,Substitution: Malcolm Dandridge in for Nae'Qwan Tomlin.,NA,FALSE,FALSE,NA,NA,NA,NA,NA,NA,1,NA,NA,NA,NA,Nick Jourdain,David Jones,Caleb Mills,Jaykwon Walton,Malcolm Dandridge,Sai Witt,Dez White,Ja'Monta Black,Dezi Jones,JaVar Daniel
2023-24,2023-12-30,2589184,337,0,2,Memphis,Austin Peay,Tigers,Governors,4,3,69,53,16,1493,Memphis,464,464,0,David Jones makes free throw 1 of 1.,made,TRUE,FALSE,NA,NA,NA,NA,NA,NA,0,Memphis,Austin Peay,120,NA,Nick Jourdain,David Jones,Caleb Mills,Jaykwon Walton,Malcolm Dandridge,Sai Witt,Dez White,Ja'Monta Black,Dezi Jones,JaVar Daniel
2023-24,2023-12-30,2589184,338,0,2,Memphis,Austin Peay,Tigers,Governors,4,3,69,53,16,1302,Austin Peay,463,463,1,Dez White misses a 3-point jump shot from 24 feet out.,missed,FALSE,TRUE,Jump Shot,8.399999999999999,22.85,1478383,Dez White,NA,0,Austin Peay,Austin Peay,121,NA,Nick Jourdain,David Jones,Caleb Mills,Jaykwon Walton,Malcolm Dandridge,Sai Witt,Dez White,Ja'Monta Black,Dezi Jones,JaVar Daniel
2023-24,2023-12-30,2589184,339,0,2,Memphis,Austin Peay,Tigers,Governors,4,3,69,53,16,1302,Austin Peay,463,463,0,Jordan Wilmore with an offensive rebound.,NA,FALSE,FALSE,NA,NA,NA,NA,NA,NA,0,Austin Peay,Austin Peay,121,NA,Nick Jourdain,David Jones,Caleb Mills,Jaykwon Walton,Malcolm Dandridge,Sai Witt,Dez White,Ja'Monta Black,Dezi Jones,JaVar Daniel
2023-24,2023-12-30,2589184,340,0,2,Memphis,Austin Peay,Tigers,Governors,4,3,69,53,16,1302,Austin Peay,451,451,12,Jordan Wilmore misses a hook shot from 5 feet out.,missed,FALSE,FALSE,Hook Shot,23.4,9.95,1231177,Jordan Wilmore,NA,0,Austin Peay,Austin Peay,121,NA,Nick Jourdain,David Jones,Caleb Mills,Jaykwon Walton,Malcolm Dandridge,Sai Witt,Dez White,Ja'Monta Black,Dezi Jones,JaVar Daniel
2023-24,2023-12-30,2589184,341,0,2,Memphis,Austin Peay,Tigers,Governors,4,3,69,53,16,1493,Memphis,451,451,0,Jaykwon Walton with a defensive rebound.,NA,FALSE,FALSE,NA,NA,NA,NA,NA,NA,0,Austin Peay,Memphis,121,NA,Nick Jourdain,David Jones,Caleb Mills,Jaykwon Walton,Malcolm Dandridge,Sai Witt,Dez White,Ja'Monta Black,Dezi Jones,JaVar Daniel
2023-24,2023-12-30,2589184,342,0,2,Memphis,Austin Peay,Tigers,Governors,4,3,69,53,16,1493,Memphis,444,444,7,DeMarcus Sharp steals the ball from Jaykwon Walton.,NA,FALSE,FALSE,NA,NA,NA,NA,NA,NA,0,Memphis,Austin Peay,122,NA,Nick Jourdain,David Jones,Caleb Mills,Jaykwon Walton,Malcolm Dandridge,Sai Witt,Dez White,Ja'Monta Black,Dezi Jones,JaVar Daniel
2023-24,2023-12-30,2589184,343,0,2,Memphis,Austin Peay,Tigers,Governors,4,3,69,56,13,1302,Austin Peay,437,437,7,Dezi Jones makes a 3-point jump shot from 22 feet out. DeMarcus Sharp with the assist.,made,FALSE,TRUE,Jump Shot,45.5,14.15,1325142,Dezi Jones,DeMarcus Sharp,0,Austin Peay,Memphis,123,NA,Nick Jourdain,David Jones,Caleb Mills,Jaykwon Walton,Malcolm Dandridge,Sai Witt,Dez White,Ja'Monta Black,Dezi Jones,JaVar Daniel
2023-24,2023-12-30,2589184,344,0,2,Memphis,Austin Peay,Tigers,Governors,4,3,69,56,13,1302,Austin Peay,428,428,9,Shooting foul committed by Jordan Wilmore.,NA,FALSE,FALSE,NA,NA,NA,NA,NA,NA,0,Memphis,Memphis,124,NA,Nick Jourdain,David Jones,Caleb Mills,Jaykwon Walton,Malcolm Dandridge,Sai Witt,Dez White,Ja'Monta Black,Dezi Jones,JaVar Daniel
2023-24,2023-12-30,2589184,345,0,2,Memphis,Austin Peay,Tigers,Governors,4,3,69,56,13,1493,Memphis,389,389,39,Nick Jourdain misses free throw 1 of 2.,missed,TRUE,FALSE,NA,NA,NA,NA,NA,NA,0,Memphis,Memphis,124,NA,Nick Jourdain,David Jones,Caleb Mills,Jaykwon Walton,Malcolm Dandridge,Sai Witt,Dez White,Ja'Monta Black,Dezi Jones,JaVar Daniel
2023-24,2023-12-30,2589184,347,0,2,Memphis,Austin Peay,Tigers,Governors,4,3,69,56,13,1493,Memphis,389,389,0,Substitution: Jahvon Quinerly in for Jayden Hardaway.,NA,FALSE,FALSE,NA,NA,NA,NA,NA,NA,1,NA,NA,NA,Player leaving not previously in game,Nick Jourdain,David Jones,Caleb Mills,Jaykwon Walton,Malcolm Dandridge,Sai Witt,Dez White,Ja'Monta Black,Dezi Jones,JaVar Daniel
2023-24,2023-12-30,2589184,348,0,2,Memphis,Austin Peay,Tigers,Governors,4,3,70,56,14,1493,Memphis,389,389,0,Nick Jourdain makes free throw 2 of 2.,made,TRUE,FALSE,NA,NA,NA,NA,NA,NA,0,Memphis,Austin Peay,124,NA,Nick Jourdain,David Jones,Caleb Mills,Jaykwon Walton,Malcolm Dandridge,Sai Witt,Dez White,Ja'Monta Black,Dezi Jones,JaVar Daniel
2023-24,2023-12-30,2589184,349,0,2,Memphis,Austin Peay,Tigers,Governors,4,3,70,56,14,1302,Austin Peay,388,388,1,Dezi Jones misses a layup.,missed,FALSE,FALSE,Layup Shot,26,6.25,1325142,Dezi Jones,NA,0,Austin Peay,Austin Peay,125,NA,Nick Jourdain,David Jones,Caleb Mills,Jaykwon Walton,Malcolm Dandridge,Sai Witt,Dez White,Ja'Monta Black,Dezi Jones,JaVar Daniel
2023-24,2023-12-30,2589184,350,0,2,Memphis,Austin Peay,Tigers,Governors,4,3,70,56,14,1493,Memphis,388,388,0,Jahvon Quinerly with a defensive rebound.,NA,FALSE,FALSE,NA,NA,NA,NA,NA,NA,0,Austin Peay,Memphis,125,NA,Nick Jourdain,David Jones,Caleb Mills,Jaykwon Walton,Malcolm Dandridge,Sai Witt,Dez White,Ja'Monta Black,Dezi Jones,JaVar Daniel
2023-24,2023-12-30,2589184,351,0,2,Memphis,Austin Peay,Tigers,Governors,4,3,72,56,16,1493,Memphis,374,374,14,Nick Jourdain makes a layup. Jahvon Quinerly with the assist.,made,FALSE,FALSE,Layup Shot,25,5.25,1251745,Nick Jourdain,Jahvon Quinerly,0,Memphis,Austin Peay,126,NA,Nick Jourdain,David Jones,Caleb Mills,Jaykwon Walton,Malcolm Dandridge,Sai Witt,Dez White,Ja'Monta Black,Dezi Jones,JaVar Daniel
2023-24,2023-12-30,2589184,352,0,2,Memphis,Austin Peay,Tigers,Governors,4,3,72,56,16,1302,Austin Peay,367,367,7,Ja'Monta Black misses a 3-point jump shot from 23 feet out.,missed,FALSE,TRUE,Jump Shot,32.6,27.25,1175206,Ja'Monta Black,NA,0,Austin Peay,Austin Peay,127,NA,Nick Jourdain,David Jones,Caleb Mills,Jaykwon Walton,Malcolm Dandridge,Sai Witt,Dez White,Ja'Monta Black,Dezi Jones,JaVar Daniel
2023-24,2023-12-30,2589184,353,0,2,Memphis,Austin Peay,Tigers,Governors,4,3,72,56,16,1493,Memphis,367,367,0,Nick Jourdain with a defensive rebound.,NA,FALSE,FALSE,NA,NA,NA,NA,NA,NA,0,Austin Peay,Memphis,127,NA,Nick Jourdain,David Jones,Caleb Mills,Jaykwon Walton,Malcolm Dandridge,Sai Witt,Dez White,Ja'Monta Black,Dezi Jones,JaVar Daniel
2023-24,2023-12-30,2589184,354,0,2,Memphis,Austin Peay,Tigers,Governors,4,3,72,56,16,1493,Memphis,355,355,12,David Jones misses a 3-point jump shot from 24 feet out.,missed,FALSE,TRUE,Jump Shot,24.9,28.75,1269060,David Jones,NA,0,Memphis,Memphis,128,NA,Nick Jourdain,David Jones,Caleb Mills,Jaykwon Walton,Malcolm Dandridge,Sai Witt,Dez White,Ja'Monta Black,Dezi Jones,JaVar Daniel
2023-24,2023-12-30,2589184,355,0,2,Memphis,Austin Peay,Tigers,Governors,4,3,72,56,16,1302,Austin Peay,355,355,0,Jordan Wilmore with a defensive rebound.,NA,FALSE,FALSE,NA,NA,NA,NA,NA,NA,0,Memphis,Austin Peay,128,NA,Nick Jourdain,David Jones,Caleb Mills,Jaykwon Walton,Malcolm Dandridge,Sai Witt,Dez White,Ja'Monta Black,Dezi Jones,JaVar Daniel
2023-24,2023-12-30,2589184,356,0,2,Memphis,Austin Peay,Tigers,Governors,4,3,72,59,13,1302,Austin Peay,328,328,27,Dez White makes a 3-point jump shot from 23 feet out. DeMarcus Sharp with the assist.,made,FALSE,TRUE,Jump Shot,4,15.05,1478383,Dez White,DeMarcus Sharp,0,Austin Peay,Memphis,129,NA,Nick Jourdain,David Jones,Caleb Mills,Jaykwon Walton,Malcolm Dandridge,Sai Witt,Dez White,Ja'Monta Black,Dezi Jones,JaVar Daniel
2023-24,2023-12-30,2589184,357,0,2,Memphis,Austin Peay,Tigers,Governors,4,3,74,59,15,1493,Memphis,297,297,31,Jahvon Quinerly makes a jump shot from 8 feet out.,made,FALSE,FALSE,Jump Shot,25.1,12.950000000000003,1138647,Jahvon Quinerly,NA,0,Memphis,Austin Peay,130,NA,Nick Jourdain,David Jones,Caleb Mills,Jaykwon Walton,Malcolm Dandridge,Sai Witt,Dez White,Ja'Monta Black,Dezi Jones,JaVar Daniel
2023-24,2023-12-30,2589184,358,0,2,Memphis,Austin Peay,Tigers,Governors,4,2,74,59,15,1302,Austin Peay,292,292,5,Governors take a 30-second timeout.,NA,FALSE,FALSE,NA,NA,NA,NA,NA,NA,0,NA,NA,NA,NA,Nick Jourdain,David Jones,Caleb Mills,Jaykwon Walton,Malcolm Dandridge,Sai Witt,Dez White,Ja'Monta Black,Dezi Jones,JaVar Daniel
2023-24,2023-12-30,2589184,359,0,2,Memphis,Austin Peay,Tigers,Governors,4,2,74,59,15,NA,NA,292,292,0,Official TV timeout.,NA,FALSE,FALSE,NA,NA,NA,NA,NA,NA,0,NA,NA,NA,NA,Nick Jourdain,David Jones,Caleb Mills,Jaykwon Walton,Malcolm Dandridge,Sai Witt,Dez White,Ja'Monta Black,Dezi Jones,JaVar Daniel
2023-24,2023-12-30,2589184,360,0,2,Memphis,Austin Peay,Tigers,Governors,4,2,74,59,15,1302,Austin Peay,262,262,30,Substitution: Hansel Enmanuel in for Jordan Wilmore.,NA,FALSE,FALSE,NA,NA,NA,NA,NA,NA,1,NA,NA,NA,Player leaving not previously in game,Nick Jourdain,David Jones,Caleb Mills,Jaykwon Walton,Malcolm Dandridge,Sai Witt,Dez White,Ja'Monta Black,Dezi Jones,JaVar Daniel
2023-24,2023-12-30,2589184,361,0,2,Memphis,Austin Peay,Tigers,Governors,4,2,74,59,15,1302,Austin Peay,262,262,0,Substitution: Daniel Loos in for Ja'Monta Black.,NA,FALSE,FALSE,NA,NA,NA,NA,NA,NA,1,NA,NA,NA,NA,Nick Jourdain,David Jones,Caleb Mills,Jaykwon Walton,Malcolm Dandridge,Sai Witt,Dez White,Daniel Loos,Dezi Jones,JaVar Daniel
2023-24,2023-12-30,2589184,362,0,2,Memphis,Austin Peay,Tigers,Governors,4,2,74,59,15,1302,Austin Peay,261,261,1,Dezi Jones misses a 3-point jump shot from 26 feet out.,missed,FALSE,TRUE,Jump Shot,34.3,29.15,1325142,Dezi Jones,NA,0,Austin Peay,Austin Peay,131,NA,Nick Jourdain,David Jones,Caleb Mills,Jaykwon Walton,Malcolm Dandridge,Sai Witt,Dez White,Daniel Loos,Dezi Jones,JaVar Daniel
2023-24,2023-12-30,2589184,363,0,2,Memphis,Austin Peay,Tigers,Governors,4,2,74,59,15,1302,Austin Peay,261,261,0,Hansel Enmanuel with an offensive rebound.,NA,FALSE,FALSE,NA,NA,NA,NA,NA,NA,0,Austin Peay,Austin Peay,131,NA,Nick Jourdain,David Jones,Caleb Mills,Jaykwon Walton,Malcolm Dandridge,Sai Witt,Dez White,Daniel Loos,Dezi Jones,JaVar Daniel
2023-24,2023-12-30,2589184,364,0,2,Memphis,Austin Peay,Tigers,Governors,4,2,74,59,15,1302,Austin Peay,250,250,11,Malcolm Dandridge blocks a Daniel Loos layup.,missed,FALSE,FALSE,Layup Shot,25,5.25,1358126,Daniel Loos,NA,0,Austin Peay,Austin Peay,131,NA,Nick Jourdain,David Jones,Caleb Mills,Jaykwon Walton,Malcolm Dandridge,Sai Witt,Dez White,Daniel Loos,Dezi Jones,JaVar Daniel
2023-24,2023-12-30,2589184,365,0,2,Memphis,Austin Peay,Tigers,Governors,4,2,74,59,15,1302,Austin Peay,250,250,0,Daniel Loos with an offensive rebound.,NA,FALSE,FALSE,NA,NA,NA,NA,NA,NA,0,Austin Peay,Austin Peay,131,NA,Nick Jourdain,David Jones,Caleb Mills,Jaykwon Walton,Malcolm Dandridge,Sai Witt,Dez White,Daniel Loos,Dezi Jones,JaVar Daniel
2023-24,2023-12-30,2589184,366,0,2,Memphis,Austin Peay,Tigers,Governors,4,2,74,61,13,1302,Austin Peay,240,240,10,Daniel Loos makes a layup.,made,FALSE,FALSE,Layup Shot,26,6.25,1358126,Daniel Loos,NA,0,Austin Peay,Memphis,131,NA,Nick Jourdain,David Jones,Caleb Mills,Jaykwon Walton,Malcolm Dandridge,Sai Witt,Dez White,Daniel Loos,Dezi Jones,JaVar Daniel
2023-24,2023-12-30,2589184,367,0,2,Memphis,Austin Peay,Tigers,Governors,4,2,74,61,13,1493,Memphis,234,234,6,Nick Jourdain misses a 3-point jump shot from 23 feet out.,missed,FALSE,TRUE,Jump Shot,3.299999999999997,12.650000000000006,1251745,Nick Jourdain,NA,0,Memphis,Memphis,132,NA,Nick Jourdain,David Jones,Caleb Mills,Jaykwon Walton,Malcolm Dandridge,Sai Witt,Dez White,Daniel Loos,Dezi Jones,JaVar Daniel
2023-24,2023-12-30,2589184,368,0,2,Memphis,Austin Peay,Tigers,Governors,4,2,74,61,13,1302,Austin Peay,234,234,0,Dezi Jones with a defensive rebound.,NA,FALSE,FALSE,NA,NA,NA,NA,NA,NA,0,Memphis,Austin Peay,132,NA,Nick Jourdain,David Jones,Caleb Mills,Jaykwon Walton,Malcolm Dandridge,Sai Witt,Dez White,Daniel Loos,Dezi Jones,JaVar Daniel
2023-24,2023-12-30,2589184,369,0,2,Memphis,Austin Peay,Tigers,Governors,4,2,74,63,11,1302,Austin Peay,223,223,11,Dezi Jones makes a layup.,made,FALSE,FALSE,Layup Shot,25,5.25,1325142,Dezi Jones,NA,0,Austin Peay,Memphis,133,NA,Nick Jourdain,David Jones,Caleb Mills,Jaykwon Walton,Malcolm Dandridge,Sai Witt,Dez White,Daniel Loos,Dezi Jones,JaVar Daniel
2023-24,2023-12-30,2589184,370,0,2,Memphis,Austin Peay,Tigers,Governors,4,2,74,63,11,1493,Memphis,218,218,5,Jaykwon Walton misses a 3-point jump shot from 23 feet out.,missed,FALSE,TRUE,Jump Shot,42.9,20.150000000000006,1175377,Jaykwon Walton,NA,0,Memphis,Memphis,134,NA,Nick Jourdain,David Jones,Caleb Mills,Jaykwon Walton,Malcolm Dandridge,Sai Witt,Dez White,Daniel Loos,Dezi Jones,JaVar Daniel
2023-24,2023-12-30,2589184,372,0,2,Memphis,Austin Peay,Tigers,Governors,4,2,74,63,11,1493,Memphis,194,194,24,Substitution: Carl Cherenfant in for Malcolm Dandridge.,NA,FALSE,FALSE,NA,NA,NA,NA,NA,NA,1,NA,NA,NA,NA,Nick Jourdain,David Jones,Caleb Mills,Jaykwon Walton,Carl Cherenfant,Sai Witt,Dez White,Daniel Loos,Dezi Jones,JaVar Daniel
2023-24,2023-12-30,2589184,373,0,2,Memphis,Austin Peay,Tigers,Governors,4,2,74,63,11,1493,Memphis,194,194,0,Substitution: Ashton Hardaway in for Nick Jourdain.,NA,FALSE,FALSE,NA,NA,NA,NA,NA,NA,1,NA,NA,NA,NA,Ashton Hardaway,David Jones,Caleb Mills,Jaykwon Walton,Carl Cherenfant,Sai Witt,Dez White,Daniel Loos,Dezi Jones,JaVar Daniel
2023-24,2023-12-30,2589184,374,0,2,Memphis,Austin Peay,Tigers,Governors,4,2,74,63,11,1493,Memphis,194,194,0,Substitution: Jayhlon Young in for Jahvon Quinerly.,NA,FALSE,FALSE,NA,NA,NA,NA,NA,NA,1,NA,NA,NA,Player leaving not previously in game,Ashton Hardaway,David Jones,Caleb Mills,Jaykwon Walton,Carl Cherenfant,Sai Witt,Dez White,Daniel Loos,Dezi Jones,JaVar Daniel
2023-24,2023-12-30,2589184,375,0,2,Memphis,Austin Peay,Tigers,Governors,4,2,74,63,11,1302,Austin Peay,166,166,28,Substitution: Sai Witt in for Dez White.,NA,FALSE,FALSE,NA,NA,NA,NA,NA,NA,1,NA,NA,NA,Sub already in game,Ashton Hardaway,David Jones,Caleb Mills,Jaykwon Walton,Carl Cherenfant,Sai Witt,Dez White,Daniel Loos,Dezi Jones,JaVar Daniel
2023-24,2023-12-30,2589184,376,0,2,Memphis,Austin Peay,Tigers,Governors,4,2,74,63,11,1493,Memphis,166,166,0,David Jones misses a 3-point jump shot from 23 feet out.,missed,FALSE,TRUE,Jump Shot,14.399999999999999,25.549999999999997,1269060,David Jones,NA,0,Memphis,Memphis,134,NA,Ashton Hardaway,David Jones,Caleb Mills,Jaykwon Walton,Carl Cherenfant,Sai Witt,Dez White,Daniel Loos,Dezi Jones,JaVar Daniel
2023-24,2023-12-30,2589184,377,0,2,Memphis,Austin Peay,Tigers,Governors,4,2,74,63,11,1302,Austin Peay,166,166,0,Sai Witt with a defensive rebound.,NA,FALSE,FALSE,NA,NA,NA,NA,NA,NA,0,Memphis,Austin Peay,134,NA,Ashton Hardaway,David Jones,Caleb Mills,Jaykwon Walton,Carl Cherenfant,Sai Witt,Dez White,Daniel Loos,Dezi Jones,JaVar Daniel
2023-24,2023-12-30,2589184,378,0,2,Memphis,Austin Peay,Tigers,Governors,4,2,74,66,8,1302,Austin Peay,163,163,3,Dezi Jones makes a 3-point jump shot from 22 feet out. DeMarcus Sharp with the assist.,made,FALSE,TRUE,Jump Shot,20.3,26.95,1325142,Dezi Jones,DeMarcus Sharp,0,Austin Peay,Memphis,135,NA,Ashton Hardaway,David Jones,Caleb Mills,Jaykwon Walton,Carl Cherenfant,Sai Witt,Dez White,Daniel Loos,Dezi Jones,JaVar Daniel
2023-24,2023-12-30,2589184,379,0,2,Memphis,Austin Peay,Tigers,Governors,3,2,74,66,8,1493,Memphis,153,153,10,Tigers take a 30-second timeout.,NA,FALSE,FALSE,NA,NA,NA,NA,NA,NA,0,NA,NA,NA,NA,Ashton Hardaway,David Jones,Caleb Mills,Jaykwon Walton,Carl Cherenfant,Sai Witt,Dez White,Daniel Loos,Dezi Jones,JaVar Daniel
2023-24,2023-12-30,2589184,380,0,2,Memphis,Austin Peay,Tigers,Governors,3,2,74,66,8,1493,Memphis,153,153,0,Substitution: Jahvon Quinerly in for Carl Cherenfant.,NA,FALSE,FALSE,NA,NA,NA,NA,NA,NA,1,NA,NA,NA,NA,Ashton Hardaway,David Jones,Caleb Mills,Jaykwon Walton,Jahvon Quinerly,Sai Witt,Dez White,Daniel Loos,Dezi Jones,JaVar Daniel
2023-24,2023-12-30,2589184,381,0,2,Memphis,Austin Peay,Tigers,Governors,3,2,74,66,8,1493,Memphis,153,153,0,Substitution: Nae'Qwan Tomlin in for Jaykwon Walton.,NA,FALSE,FALSE,NA,NA,NA,NA,NA,NA,1,NA,NA,NA,NA,Ashton Hardaway,David Jones,Caleb Mills,Nae'Qwan Tomlin,Jahvon Quinerly,Sai Witt,Dez White,Daniel Loos,Dezi Jones,JaVar Daniel
2023-24,2023-12-30,2589184,382,0,2,Memphis,Austin Peay,Tigers,Governors,3,2,76,66,10,1493,Memphis,151,151,2,Jayhlon Young makes a layup.,made,FALSE,FALSE,Layup Shot,26,6.25,1406909,Jayhlon Young,NA,0,Memphis,Austin Peay,136,NA,Ashton Hardaway,David Jones,Caleb Mills,Nae'Qwan Tomlin,Jahvon Quinerly,Sai Witt,Dez White,Daniel Loos,Dezi Jones,JaVar Daniel
2023-24,2023-12-30,2589184,383,0,2,Memphis,Austin Peay,Tigers,Governors,3,2,76,66,10,1493,Memphis,146,146,5,Shooting foul committed by Ashton Hardaway.,NA,FALSE,FALSE,NA,NA,NA,NA,NA,NA,0,Austin Peay,Austin Peay,137,NA,Ashton Hardaway,David Jones,Caleb Mills,Nae'Qwan Tomlin,Jahvon Quinerly,Sai Witt,Dez White,Daniel Loos,Dezi Jones,JaVar Daniel
2023-24,2023-12-30,2589184,384,0,2,Memphis,Austin Peay,Tigers,Governors,3,2,76,67,9,1302,Austin Peay,146,146,0,Sai Witt makes free throw 1 of 2.,made,TRUE,FALSE,NA,NA,NA,NA,NA,NA,0,Austin Peay,Austin Peay,137,NA,Ashton Hardaway,David Jones,Caleb Mills,Nae'Qwan Tomlin,Jahvon Quinerly,Sai Witt,Dez White,Daniel Loos,Dezi Jones,JaVar Daniel
2023-24,2023-12-30,2589184,385,0,2,Memphis,Austin Peay,Tigers,Governors,3,2,76,68,8,1302,Austin Peay,118,118,28,Sai Witt makes free throw 2 of 2.,made,TRUE,FALSE,NA,NA,NA,NA,NA,NA,0,Austin Peay,Memphis,137,NA,Ashton Hardaway,David Jones,Caleb Mills,Nae'Qwan Tomlin,Jahvon Quinerly,Sai Witt,Dez White,Daniel Loos,Dezi Jones,JaVar Daniel
2023-24,2023-12-30,2589184,386,0,2,Memphis,Austin Peay,Tigers,Governors,3,2,76,68,8,1493,Memphis,118,118,0,David Jones misses a jump shot from 13 feet out.,missed,FALSE,FALSE,Jump Shot,17,15.25,1269060,David Jones,NA,0,Memphis,Austin Peay,138,NA,Ashton Hardaway,David Jones,Caleb Mills,Nae'Qwan Tomlin,Jahvon Quinerly,Sai Witt,Dez White,Daniel Loos,Dezi Jones,JaVar Daniel
2023-24,2023-12-30,2589184,388,0,2,Memphis,Austin Peay,Tigers,Governors,3,2,76,68,8,1493,Memphis,98,98,20,Substitution: Nick Jourdain in for Ashton Hardaway.,NA,FALSE,FALSE,NA,NA,NA,NA,NA,NA,1,NA,NA,NA,NA,Nick Jourdain,David Jones,Caleb Mills,Nae'Qwan Tomlin,Jahvon Quinerly,Sai Witt,Dez White,Daniel Loos,Dezi Jones,JaVar Daniel
2023-24,2023-12-30,2589184,389,0,2,Memphis,Austin Peay,Tigers,Governors,3,2,76,68,8,1493,Memphis,97,97,1,Shooting foul committed by Jayhlon Young.,NA,FALSE,FALSE,NA,NA,NA,NA,NA,NA,0,Austin Peay,Austin Peay,139,NA,Nick Jourdain,David Jones,Caleb Mills,Nae'Qwan Tomlin,Jahvon Quinerly,Sai Witt,Dez White,Daniel Loos,Dezi Jones,JaVar Daniel
2023-24,2023-12-30,2589184,390,0,2,Memphis,Austin Peay,Tigers,Governors,3,2,76,69,7,1302,Austin Peay,84,84,13,Dezi Jones makes free throw 1 of 2.,made,TRUE,FALSE,NA,NA,NA,NA,NA,NA,0,Austin Peay,Austin Peay,139,NA,Nick Jourdain,David Jones,Caleb Mills,Nae'Qwan Tomlin,Jahvon Quinerly,Sai Witt,Dez White,Daniel Loos,Dezi Jones,JaVar Daniel
2023-24,2023-12-30,2589184,391,0,2,Memphis,Austin Peay,Tigers,Governors,3,2,76,69,7,1493,Memphis,84,84,0,Substitution: Jayden Hardaway in for Nick Jourdain.,NA,FALSE,FALSE,NA,NA,NA,NA,NA,NA,1,NA,NA,NA,NA,Jayden Hardaway,David Jones,Caleb Mills,Nae'Qwan Tomlin,Jahvon Quinerly,Sai Witt,Dez White,Daniel Loos,Dezi Jones,JaVar Daniel
2023-24,2023-12-30,2589184,392,0,2,Memphis,Austin Peay,Tigers,Governors,3,2,76,70,6,1302,Austin Peay,84,84,0,Dezi Jones makes free throw 2 of 2.,made,TRUE,FALSE,NA,NA,NA,NA,NA,NA,0,Austin Peay,Memphis,139,NA,Jayden Hardaway,David Jones,Caleb Mills,Nae'Qwan Tomlin,Jahvon Quinerly,Sai Witt,Dez White,Daniel Loos,Dezi Jones,JaVar Daniel
2023-24,2023-12-30,2589184,393,0,2,Memphis,Austin Peay,Tigers,Governors,2,2,76,70,6,1493,Memphis,70,70,14,Tigers take a full timeout.,NA,FALSE,FALSE,NA,NA,NA,NA,NA,NA,0,NA,NA,NA,NA,Jayden Hardaway,David Jones,Caleb Mills,Nae'Qwan Tomlin,Jahvon Quinerly,Sai Witt,Dez White,Daniel Loos,Dezi Jones,JaVar Daniel
2023-24,2023-12-30,2589184,394,0,2,Memphis,Austin Peay,Tigers,Governors,2,2,76,70,6,1493,Memphis,70,70,0,Jahvon Quinerly misses a layup.,missed,FALSE,FALSE,Layup Shot,25,5.25,1138647,Jahvon Quinerly,NA,0,Memphis,Memphis,140,NA,Jayden Hardaway,David Jones,Caleb Mills,Nae'Qwan Tomlin,Jahvon Quinerly,Sai Witt,Dez White,Daniel Loos,Dezi Jones,JaVar Daniel
2023-24,2023-12-30,2589184,395,0,2,Memphis,Austin Peay,Tigers,Governors,2,2,76,70,6,1493,Memphis,70,70,0,Jahvon Quinerly with an offensive rebound.,NA,FALSE,FALSE,NA,NA,NA,NA,NA,NA,0,Memphis,Memphis,140,NA,Jayden Hardaway,David Jones,Caleb Mills,Nae'Qwan Tomlin,Jahvon Quinerly,Sai Witt,Dez White,Daniel Loos,Dezi Jones,JaVar Daniel
2023-24,2023-12-30,2589184,396,0,2,Memphis,Austin Peay,Tigers,Governors,2,2,78,70,8,1493,Memphis,70,70,0,Jahvon Quinerly makes a layup.,made,FALSE,FALSE,Layup Shot,26,6.25,1138647,Jahvon Quinerly,NA,0,Memphis,Memphis,140,NA,Jayden Hardaway,David Jones,Caleb Mills,Nae'Qwan Tomlin,Jahvon Quinerly,Sai Witt,Dez White,Daniel Loos,Dezi Jones,JaVar Daniel
2023-24,2023-12-30,2589184,397,0,2,Memphis,Austin Peay,Tigers,Governors,2,2,78,70,8,1302,Austin Peay,70,70,0,Shooting foul committed by Daniel Loos.,NA,FALSE,FALSE,NA,NA,NA,NA,NA,NA,0,Memphis,Memphis,140,NA,Jayden Hardaway,David Jones,Caleb Mills,Nae'Qwan Tomlin,Jahvon Quinerly,Sai Witt,Dez White,Daniel Loos,Dezi Jones,JaVar Daniel
2023-24,2023-12-30,2589184,398,0,2,Memphis,Austin Peay,Tigers,Governors,2,2,78,70,8,1302,Austin Peay,70,70,0,Substitution: Isaac Haney in for Daniel Loos.,NA,FALSE,FALSE,NA,NA,NA,NA,NA,NA,1,NA,NA,NA,NA,Jayden Hardaway,David Jones,Caleb Mills,Nae'Qwan Tomlin,Jahvon Quinerly,Sai Witt,Dez White,Isaac Haney,Dezi Jones,JaVar Daniel
2023-24,2023-12-30,2589184,399,0,2,Memphis,Austin Peay,Tigers,Governors,2,2,78,70,8,1302,Austin Peay,70,70,0,Substitution: Dez White in for Hansel Enmanuel.,NA,FALSE,FALSE,NA,NA,NA,NA,NA,NA,1,NA,NA,NA,Sub already in game,Jayden Hardaway,David Jones,Caleb Mills,Nae'Qwan Tomlin,Jahvon Quinerly,Sai Witt,Dez White,Isaac Haney,Dezi Jones,JaVar Daniel
2023-24,2023-12-30,2589184,400,0,2,Memphis,Austin Peay,Tigers,Governors,2,2,79,70,9,1493,Memphis,70,70,0,Jahvon Quinerly makes free throw 1 of 1.,made,TRUE,FALSE,NA,NA,NA,NA,NA,NA,0,Memphis,Austin Peay,140,NA,Jayden Hardaway,David Jones,Caleb Mills,Nae'Qwan Tomlin,Jahvon Quinerly,Sai Witt,Dez White,Isaac Haney,Dezi Jones,JaVar Daniel
2023-24,2023-12-30,2589184,401,0,2,Memphis,Austin Peay,Tigers,Governors,2,2,79,70,9,1302,Austin Peay,69,69,1,Dezi Jones misses a 3-point jump shot from 24 feet out.,missed,FALSE,TRUE,Jump Shot,23.7,29.45,1325142,Dezi Jones,NA,0,Austin Peay,Austin Peay,141,NA,Jayden Hardaway,David Jones,Caleb Mills,Nae'Qwan Tomlin,Jahvon Quinerly,Sai Witt,Dez White,Isaac Haney,Dezi Jones,JaVar Daniel
2023-24,2023-12-30,2589184,402,0,2,Memphis,Austin Peay,Tigers,Governors,2,2,79,70,9,1493,Memphis,69,69,0,Jayhlon Young with a defensive rebound.,NA,FALSE,FALSE,NA,NA,NA,NA,NA,NA,0,Austin Peay,Memphis,141,NA,Jayden Hardaway,David Jones,Caleb Mills,Nae'Qwan Tomlin,Jahvon Quinerly,Sai Witt,Dez White,Isaac Haney,Dezi Jones,JaVar Daniel
2023-24,2023-12-30,2589184,403,0,2,Memphis,Austin Peay,Tigers,Governors,2,2,79,70,9,1302,Austin Peay,62,62,7,Personal foul committed by Isaac Haney.,NA,FALSE,FALSE,NA,NA,NA,NA,NA,NA,0,Memphis,Memphis,142,NA,Jayden Hardaway,David Jones,Caleb Mills,Nae'Qwan Tomlin,Jahvon Quinerly,Sai Witt,Dez White,Isaac Haney,Dezi Jones,JaVar Daniel
2023-24,2023-12-30,2589184,404,0,2,Memphis,Austin Peay,Tigers,Governors,2,2,80,70,10,1493,Memphis,62,62,0,David Jones makes free throw 1 of 2.,made,TRUE,FALSE,NA,NA,NA,NA,NA,NA,0,Memphis,Memphis,142,NA,Jayden Hardaway,David Jones,Caleb Mills,Nae'Qwan Tomlin,Jahvon Quinerly,Sai Witt,Dez White,Isaac Haney,Dezi Jones,JaVar Daniel
2023-24,2023-12-30,2589184,405,0,2,Memphis,Austin Peay,Tigers,Governors,2,2,80,70,10,1302,Austin Peay,59,59,3,Substitution: Jalen Ware in for Sai Witt.,NA,FALSE,FALSE,NA,NA,NA,NA,NA,NA,1,NA,NA,NA,NA,Jayden Hardaway,David Jones,Caleb Mills,Nae'Qwan Tomlin,Jahvon Quinerly,Jalen Ware,Dez White,Isaac Haney,Dezi Jones,JaVar Daniel
2023-24,2023-12-30,2589184,406,0,2,Memphis,Austin Peay,Tigers,Governors,2,2,81,70,11,1493,Memphis,59,59,0,David Jones makes free throw 2 of 2.,made,TRUE,FALSE,NA,NA,NA,NA,NA,NA,0,Memphis,Austin Peay,142,NA,Jayden Hardaway,David Jones,Caleb Mills,Nae'Qwan Tomlin,Jahvon Quinerly,Jalen Ware,Dez White,Isaac Haney,Dezi Jones,JaVar Daniel
2023-24,2023-12-30,2589184,407,0,2,Memphis,Austin Peay,Tigers,Governors,2,2,81,70,11,1302,Austin Peay,38,38,21,Dezi Jones misses a jump shot from 14 feet out.,missed,FALSE,FALSE,Jump Shot,26.6,19.25,1325142,Dezi Jones,NA,0,Austin Peay,Austin Peay,143,NA,Jayden Hardaway,David Jones,Caleb Mills,Nae'Qwan Tomlin,Jahvon Quinerly,Jalen Ware,Dez White,Isaac Haney,Dezi Jones,JaVar Daniel
2023-24,2023-12-30,2589184,408,0,2,Memphis,Austin Peay,Tigers,Governors,2,2,81,70,11,1302,Austin Peay,38,38,0,DeMarcus Sharp with an offensive rebound.,NA,FALSE,FALSE,NA,NA,NA,NA,NA,NA,0,Austin Peay,Austin Peay,143,NA,Jayden Hardaway,David Jones,Caleb Mills,Nae'Qwan Tomlin,Jahvon Quinerly,Jalen Ware,Dez White,Isaac Haney,Dezi Jones,JaVar Daniel
2023-24,2023-12-30,2589184,409,0,2,Memphis,Austin Peay,Tigers,Governors,2,2,81,70,11,1302,Austin Peay,28,28,10,DeMarcus Sharp misses a layup.,missed,FALSE,FALSE,Layup Shot,26,6.25,1232235,DeMarcus Sharp,NA,0,Austin Peay,Austin Peay,143,NA,Jayden Hardaway,David Jones,Caleb Mills,Nae'Qwan Tomlin,Jahvon Quinerly,Jalen Ware,Dez White,Isaac Haney,Dezi Jones,JaVar Daniel
2023-24,2023-12-30,2589184,410,0,2,Memphis,Austin Peay,Tigers,Governors,2,2,81,70,11,1493,Memphis,28,28,0,Jayden Hardaway with a defensive rebound.,NA,FALSE,FALSE,NA,NA,NA,NA,NA,NA,0,Austin Peay,Memphis,143,NA,Jayden Hardaway,David Jones,Caleb Mills,Nae'Qwan Tomlin,Jahvon Quinerly,Jalen Ware,Dez White,Isaac Haney,Dezi Jones,JaVar Daniel
2023-24,2023-12-30,2589184,411,0,2,Memphis,Austin Peay,Tigers,Governors,2,2,81,70,11,1493,Memphis,21,21,7,Jalen Ware steals the ball from Jayden Hardaway.,NA,FALSE,FALSE,NA,NA,NA,NA,NA,NA,0,Memphis,Austin Peay,144,NA,Jayden Hardaway,David Jones,Caleb Mills,Nae'Qwan Tomlin,Jahvon Quinerly,Jalen Ware,Dez White,Isaac Haney,Dezi Jones,JaVar Daniel
2023-24,2023-12-30,2589184,412,0,2,Memphis,Austin Peay,Tigers,Governors,2,1,81,70,11,1302,Austin Peay,3,3,18,Governors take a full timeout.,NA,FALSE,FALSE,NA,NA,NA,NA,NA,NA,0,NA,NA,NA,NA,Jayden Hardaway,David Jones,Caleb Mills,Nae'Qwan Tomlin,Jahvon Quinerly,Jalen Ware,Dez White,Isaac Haney,Dezi Jones,JaVar Daniel
2023-24,2023-12-30,2589184,413,0,2,Memphis,Austin Peay,Tigers,Governors,2,1,81,70,11,1302,Austin Peay,3,3,0,Substitution: JaVar Daniel in for Dez White.,NA,FALSE,FALSE,NA,NA,NA,NA,NA,NA,1,NA,NA,NA,Sub already in game,Jayden Hardaway,David Jones,Caleb Mills,Nae'Qwan Tomlin,Jahvon Quinerly,Jalen Ware,Dez White,Isaac Haney,Dezi Jones,JaVar Daniel
2023-24,2023-12-30,2589184,414,0,2,Memphis,Austin Peay,Tigers,Governors,2,1,81,70,11,1302,Austin Peay,3,3,0,Dezi Jones misses a 3-point jump shot from 23 feet out.,missed,FALSE,TRUE,Jump Shot,33.6,26.75,1325142,Dezi Jones,NA,0,Austin Peay,Austin Peay,145,NA,Jayden Hardaway,David Jones,Caleb Mills,Nae'Qwan Tomlin,Jahvon Quinerly,Jalen Ware,Dez White,Isaac Haney,Dezi Jones,JaVar Daniel
2023-24,2023-12-30,2589184,415,0,2,Memphis,Austin Peay,Tigers,Governors,2,1,81,70,11,1493,Memphis,3,3,0,Nae'Qwan Tomlin with a defensive rebound.,NA,FALSE,FALSE,NA,NA,NA,NA,NA,NA,0,Austin Peay,Memphis,145,NA,Jayden Hardaway,David Jones,Caleb Mills,Nae'Qwan Tomlin,Jahvon Quinerly,Jalen Ware,Dez White,Isaac Haney,Dezi Jones,JaVar Daniel
2023-24,2023-12-30,2589184,416,0,2,Memphis,Austin Peay,Tigers,Governors,2,1,81,70,11,NA,NA,0,0,3,End of the 2nd Half,NA,FALSE,FALSE,NA,NA,NA,NA,NA,NA,0,NA,NA,NA,NA,Jayden Hardaway,David Jones,Caleb Mills,Nae'Qwan Tomlin,Jahvon Quinerly,Jalen Ware,Dez White,Isaac Haney,Dezi Jones,JaVar Daniel
2023-24,2023-12-30,2589184,417,0,2,Memphis,Austin Peay,Tigers,Governors,2,1,81,70,11,NA,NA,0,0,0,End of the Game,NA,FALSE,FALSE,NA,NA,NA,NA,NA,NA,0,Memphis,Memphis,NA,NA,Jayden Hardaway,David Jones,Caleb Mills,Nae'Qwan Tomlin,Jahvon Quinerly,Jalen Ware,Dez White,Isaac Haney,Dezi Jones,JaVar Daniel
